#!ascii label  , from subject sub-v2s4x29599_ses-1 vox2ras=TkReg
926
44414  28.987  -12.064  47.058 0.0000000000
47190  42.689  -10.006  57.701 0.0000000000
59287  49.239  3.850  29.736 0.0000000000
55274  40.627  -1.207  40.393 0.0000000000
52535  42.103  -3.206  50.355 0.0000000000
65618  56.832  11.126  15.759 0.0000000000
56297  49.612  0.256  33.292 0.0000000000
54425  44.216  -1.284  33.995 0.0000000000
41459  24.056  -14.278  45.988 0.0000000000
49064  36.179  -8.056  52.716 0.0000000000
108823  39.377  -7.342  52.338 0.0000000000
46433  31.652  -10.638  45.561 0.0000000000
62124  53.609  7.326  23.253 0.0000000000
48152  31.729  -8.632  52.442 0.0000000000
45383  26.598  -11.085  50.827 0.0000000000
62086  53.852  6.537  27.208 0.0000000000
42388  25.547  -14.498  51.081 0.0000000000
105096  21.980  -16.222  52.877 0.0000000000
57206  44.210  2.340  39.108 0.0000000000
53469  41.580  -2.486  44.821 0.0000000000
49122  39.238  -6.900  45.009 0.0000000000
48200  40.053  -7.972  48.247 0.0000000000
55307  50.197  -0.547  35.793 0.0000000000
106904  47.034  -1.131  33.816 0.0000000000
55310  47.431  -0.233  35.870 0.0000000000
57245  52.946  0.950  34.336 0.0000000000
124198  28.027  -15.038  45.218 0.0000000000
40529  25.702  -16.194  42.931 0.0000000000
42442  27.699  -14.308  47.284 0.0000000000
47304  31.251  -9.018  48.270 0.0000000000
48221  32.823  -8.429  47.803 0.0000000000
45419  30.277  -11.140  46.024 0.0000000000
41480  30.619  -15.333  45.492 0.0000000000
60218  48.914  4.991  27.214 0.0000000000
60184  51.734  4.579  31.417 0.0000000000
61144  51.442  5.562  28.374 0.0000000000
61159  51.423  6.318  26.644 0.0000000000
45356  27.389  -11.839  52.534 0.0000000000
44364  25.899  -12.231  51.073 0.0000000000
44345  26.408  -12.560  53.205 0.0000000000
106439  22.691  -13.320  54.744 0.0000000000
99912  22.933  -14.624  53.364 0.0000000000
99903  21.416  -15.548  53.783 0.0000000000
39458  21.645  -17.122  56.353 0.0000000000
40383  20.557  -16.271  57.335 0.0000000000
54334  43.581  -1.544  47.146 0.0000000000
53444  41.910  -2.991  47.462 0.0000000000
51658  39.259  -4.230  45.546 0.0000000000
111739  40.085  -4.809  47.037 0.0000000000
48229  35.747  -8.880  46.509 0.0000000000
48175  39.238  -7.720  50.425 0.0000000000
46429  36.469  -10.080  46.234 0.0000000000
47339  37.647  -9.662  45.496 0.0000000000
124068  42.284  -0.098  39.733 0.0000000000
56269  41.685  0.609  36.737 0.0000000000
55294  39.126  -0.413  38.484 0.0000000000
109151  59.761  13.161  12.140 0.0000000000
66400  56.238  11.500  13.767 0.0000000000
58267  49.431  2.988  31.708 0.0000000000
56314  46.684  0.794  31.930 0.0000000000
58258  52.348  2.707  32.756 0.0000000000
111438  40.440  -11.094  55.518 0.0000000000
45345  42.361  -11.558  53.730 0.0000000000
48165  37.381  -7.968  52.120 0.0000000000
48231  33.966  -8.589  46.796 0.0000000000
45428  32.684  -11.378  44.529 0.0000000000
63037  55.651  8.074  23.952 0.0000000000
111115  55.453  8.847  21.956 0.0000000000
64736  55.338  9.409  19.650 0.0000000000
124219  54.952  9.701  17.924 0.0000000000
47290  29.526  -9.461  49.635 0.0000000000
45391  27.583  -11.011  49.252 0.0000000000
46382  28.852  -9.848  51.066 0.0000000000
48166  33.187  -8.247  51.951 0.0000000000
62100  53.398  6.884  25.453 0.0000000000
43382  26.071  -12.639  48.769 0.0000000000
111800  24.624  -14.907  48.584 0.0000000000
41415  24.037  -15.821  50.310 0.0000000000
43346  24.318  -13.514  53.503 0.0000000000
42390  23.709  -15.212  52.228 0.0000000000
100003  17.386  -16.476  61.734 0.0000000000
57216  46.682  2.110  38.286 0.0000000000
55259  42.616  -0.947  42.269 0.0000000000
54359  43.547  -1.756  44.561 0.0000000000
54366  40.752  -2.117  43.208 0.0000000000
53472  38.477  -2.943  44.081 0.0000000000
50782  38.478  -5.624  43.762 0.0000000000
48255  37.457  -8.599  42.757 0.0000000000
46379  44.022  -9.500  51.567 0.0000000000
49908  42.478  -6.424  51.870 0.0000000000
50747  40.434  -5.394  49.515 0.0000000000
48226  39.857  -7.696  46.521 0.0000000000
47348  37.513  -9.048  44.418 0.0000000000
111183  44.764  0.835  36.556 0.0000000000
55343  41.649  -0.561  34.671 0.0000000000
114502  49.760  -0.118  36.488 0.0000000000
55309  48.472  -0.430  35.689 0.0000000000
56246  48.484  0.546  37.109 0.0000000000
56260  51.470  0.284  36.143 0.0000000000
116095  29.157  -14.343  47.645 0.0000000000
106362  27.441  -14.505  46.209 0.0000000000
42429  28.513  -13.776  47.748 0.0000000000
46409  30.006  -9.858  47.908 0.0000000000
127612  30.348  -10.100  47.260 0.0000000000
44413  29.662  -12.343  46.746 0.0000000000
42439  29.889  -14.356  47.240 0.0000000000
60210  49.463  4.517  28.275 0.0000000000
60194  49.947  4.229  30.108 0.0000000000
61124  51.722  5.265  30.006 0.0000000000
60200  50.459  4.676  29.624 0.0000000000
60217  50.105  4.925  27.814 0.0000000000
42341  21.810  -13.839  54.780 0.0000000000
109081  21.840  -14.566  54.136 0.0000000000
41374  21.504  -15.472  54.720 0.0000000000
40409  21.894  -16.212  55.216 0.0000000000
41358  21.447  -15.717  55.800 0.0000000000
40395  21.332  -16.266  56.598 0.0000000000
53437  42.330  -2.255  48.838 0.0000000000
53427  41.822  -2.758  49.122 0.0000000000
125224  41.021  -3.840  47.347 0.0000000000
51634  40.995  -3.903  48.581 0.0000000000
47200  44.313  -9.392  57.594 0.0000000000
46445  34.489  -9.990  44.771 0.0000000000
47329  36.215  -9.990  46.638 0.0000000000
45426  34.649  -10.514  44.290 0.0000000000
45425  35.249  -10.139  44.349 0.0000000000
55273  41.419  -0.791  40.425 0.0000000000
56239  40.276  0.386  38.818 0.0000000000
65595  57.515  10.882  17.620 0.0000000000
66381  59.047  11.814  16.740 0.0000000000
66390  58.639  11.936  15.720 0.0000000000
66398  58.184  12.280  14.802 0.0000000000
65626  56.323  11.506  14.802 0.0000000000
57261  50.011  1.494  32.415 0.0000000000
57268  48.211  1.861  31.906 0.0000000000
57263  48.206  1.025  32.200 0.0000000000
54434  45.483  -1.562  33.664 0.0000000000
55360  45.930  -1.036  32.605 0.0000000000
54447  44.419  -0.958  32.635 0.0000000000
56295  51.424  0.439  33.860 0.0000000000
57259  51.262  1.658  32.815 0.0000000000
59250  50.989  3.109  32.124 0.0000000000
40507  24.476  -15.348  43.647 0.0000000000
40488  22.805  -14.836  46.006 0.0000000000
47228  38.030  -9.029  54.217 0.0000000000
47226  39.140  -9.965  54.135 0.0000000000
48146  37.139  -7.777  52.840 0.0000000000
122209  31.506  -10.043  46.158 0.0000000000
48220  33.709  -8.249  47.590 0.0000000000
46432  32.347  -9.785  45.872 0.0000000000
46431  33.173  -9.794  45.407 0.0000000000
44427  31.865  -11.589  44.964 0.0000000000
43421  31.551  -13.454  45.821 0.0000000000
51683  37.884  -4.188  41.749 0.0000000000
113375  55.013  7.704  24.079 0.0000000000
63907  55.736  8.584  22.999 0.0000000000
63043  54.855  8.080  22.266 0.0000000000
63047  54.819  8.258  20.736 0.0000000000
63915  54.975  8.635  19.347 0.0000000000
114122  55.062  9.303  18.713 0.0000000000
48184  30.684  -8.880  50.600 0.0000000000
47278  29.526  -9.456  50.591 0.0000000000
114865  30.368  -9.008  51.733 0.0000000000
48167  32.265  -8.268  51.851 0.0000000000
48183  31.362  -8.530  50.662 0.0000000000
63026  55.298  7.250  25.426 0.0000000000
62093  53.658  6.678  26.303 0.0000000000
61166  51.730  6.870  25.759 0.0000000000
46398  27.412  -10.735  50.175 0.0000000000
44404  27.167  -11.675  48.856 0.0000000000
44381  26.174  -12.104  49.434 0.0000000000
42387  26.312  -13.961  50.688 0.0000000000
42407  25.764  -13.425  49.630 0.0000000000
42408  25.830  -14.471  50.077 0.0000000000
114347  24.599  -15.634  49.402 0.0000000000
41414  24.963  -15.254  50.423 0.0000000000
43332  24.374  -13.074  54.145 0.0000000000
106004  22.252  -15.154  53.152 0.0000000000
126435  23.499  -14.723  52.840 0.0000000000
42373  22.956  -15.272  52.749 0.0000000000
41401  23.246  -15.918  52.090 0.0000000000
56207  43.377  0.529  41.389 0.0000000000
54353  43.136  -2.289  45.715 0.0000000000
54352  43.704  -1.838  45.407 0.0000000000
127454  42.400  -2.274  44.697 0.0000000000
54365  42.416  -1.664  43.524 0.0000000000
53477  41.049  -2.154  44.108 0.0000000000
53479  39.209  -2.369  43.612 0.0000000000
53471  39.381  -2.787  44.502 0.0000000000
50766  38.928  -5.569  45.765 0.0000000000
51665  38.303  -4.635  45.047 0.0000000000
49956  39.173  -6.139  44.321 0.0000000000
49125  38.412  -7.384  43.423 0.0000000000
109700  38.417  -8.116  43.947 0.0000000000
46365  40.773  -10.314  52.559 0.0000000000
116119  43.727  -10.724  52.634 0.0000000000
47251  41.432  -9.210  51.736 0.0000000000
49093  39.796  -7.373  49.719 0.0000000000
49075  41.821  -6.924  51.900 0.0000000000
49917  40.733  -6.288  50.677 0.0000000000
50736  41.760  -5.492  51.081 0.0000000000
49920  40.419  -6.116  49.899 0.0000000000
49931  39.377  -6.508  47.761 0.0000000000
48215  39.988  -7.887  47.392 0.0000000000
46462  35.564  -10.465  42.890 0.0000000000
46454  36.508  -9.568  43.732 0.0000000000
57217  45.751  2.437  38.276 0.0000000000
56249  45.868  1.156  37.291 0.0000000000
56251  44.071  1.647  37.152 0.0000000000
55313  41.136  0.104  36.200 0.0000000000
56283  41.964  0.389  35.941 0.0000000000
107336  59.622  13.158  10.995 0.0000000000
55349  49.980  -0.380  34.178 0.0000000000
56298  48.694  -0.179  33.232 0.0000000000
55322  48.410  -0.778  34.636 0.0000000000
55338  46.895  -0.986  34.584 0.0000000000
55339  45.624  -1.072  34.777 0.0000000000
57238  52.833  0.794  35.820 0.0000000000
55319  51.298  0.056  35.221 0.0000000000
40505  27.704  -14.659  43.393 0.0000000000
41471  26.307  -14.078  45.386 0.0000000000
112036  25.331  -13.817  46.294 0.0000000000
48181  32.976  -7.835  50.259 0.0000000000
48194  33.209  -7.848  49.345 0.0000000000
47303  32.025  -8.728  48.040 0.0000000000
46420  30.972  -9.930  46.801 0.0000000000
46434  30.817  -10.587  45.997 0.0000000000
43411  30.835  -13.144  46.174 0.0000000000
43412  30.564  -14.163  46.725 0.0000000000
41469  29.152  -15.458  45.863 0.0000000000
62125  52.831  7.030  22.749 0.0000000000
47254  31.149  -9.105  52.978 0.0000000000
61123  52.703  5.678  30.120 0.0000000000
107124  53.008  5.896  29.133 0.0000000000
61143  52.428  5.861  28.209 0.0000000000
61152  52.334  6.125  27.214 0.0000000000
61153  51.543  5.862  27.527 0.0000000000
107663  49.944  5.467  26.876 0.0000000000
45371  26.784  -11.061  51.808 0.0000000000
45372  26.076  -11.646  51.419 0.0000000000
44353  26.332  -11.835  52.040 0.0000000000
43362  26.617  -12.968  51.895 0.0000000000
43363  26.013  -13.753  51.732 0.0000000000
107725  23.500  -13.538  53.941 0.0000000000
99913  22.878  -13.563  54.310 0.0000000000
107741  21.809  -15.091  53.526 0.0000000000
106013  21.730  -15.692  53.147 0.0000000000
99897  21.442  -16.234  54.050 0.0000000000
54335  42.937  -1.895  47.510 0.0000000000
53454  41.987  -3.122  46.526 0.0000000000
53461  41.053  -3.365  45.187 0.0000000000
52572  41.340  -3.622  46.005 0.0000000000
51652  40.005  -4.707  46.158 0.0000000000
49940  38.912  -6.069  46.342 0.0000000000
47302  36.697  -9.287  48.369 0.0000000000
49084  39.445  -7.248  51.523 0.0000000000
47301  37.260  -9.864  48.298 0.0000000000
47300  38.345  -9.740  48.138 0.0000000000
47313  38.710  -9.814  47.175 0.0000000000
47326  39.691  -9.146  46.941 0.0000000000
46428  36.867  -10.213  46.007 0.0000000000
44434  35.046  -10.803  43.576 0.0000000000
56225  43.200  0.792  39.582 0.0000000000
112473  42.593  1.371  37.995 0.0000000000
56237  42.181  0.950  38.720 0.0000000000
56255  40.595  0.477  37.897 0.0000000000
67189  59.624  12.854  13.809 0.0000000000
67190  58.675  12.899  13.210 0.0000000000
59265  49.022  3.276  31.157 0.0000000000
59278  47.995  3.051  29.950 0.0000000000
58276  48.253  2.974  30.914 0.0000000000
123885  47.203  -0.044  32.525 0.0000000000
56315  45.882  0.373  31.668 0.0000000000
58249  54.096  2.840  34.096 0.0000000000
59244  53.744  3.426  33.603 0.0000000000
59261  53.054  4.212  32.049 0.0000000000
59263  51.404  3.853  31.796 0.0000000000
59264  50.489  3.791  31.715 0.0000000000
46304  42.024  -10.440  57.134 0.0000000000
46317  43.292  -10.741  55.377 0.0000000000
45333  41.663  -11.634  54.355 0.0000000000
46349  40.594  -10.830  53.332 0.0000000000
49062  38.696  -7.580  52.701 0.0000000000
48193  34.147  -7.677  49.165 0.0000000000
48192  35.754  -8.380  49.774 0.0000000000
47286  36.424  -9.024  49.449 0.0000000000
48230  34.931  -8.552  46.617 0.0000000000
46446  33.585  -10.228  44.847 0.0000000000
45436  33.338  -11.649  44.173 0.0000000000
64728  56.810  9.860  21.752 0.0000000000
121459  54.943  8.384  21.488 0.0000000000
64729  55.922  9.506  21.434 0.0000000000
65579  56.731  10.595  20.070 0.0000000000
65585  56.510  10.525  19.150 0.0000000000
65590  56.550  10.598  18.092 0.0000000000
65596  56.400  10.631  17.118 0.0000000000
65609  55.364  10.260  15.795 0.0000000000
46410  29.212  -10.385  48.139 0.0000000000
44415  28.419  -11.683  47.647 0.0000000000
46396  28.930  -9.971  49.083 0.0000000000
46397  28.201  -10.447  49.512 0.0000000000
46383  28.192  -10.326  51.478 0.0000000000
47255  30.284  -9.144  52.492 0.0000000000
46367  28.262  -10.612  52.284 0.0000000000
45355  28.302  -11.405  52.951 0.0000000000
118650  41.739  -10.195  58.833 0.0000000000
105959  40.918  -10.383  57.357 0.0000000000
46321  38.562  -10.341  55.337 0.0000000000
49032  36.845  -7.978  54.125 0.0000000000
107790  35.723  -7.771  53.851 0.0000000000
109477  34.208  -8.477  51.988 0.0000000000
48182  32.152  -8.184  50.404 0.0000000000
47289  30.237  -9.100  49.316 0.0000000000
121952  56.007  7.270  25.190 0.0000000000
63032  54.590  7.390  24.696 0.0000000000
62115  53.771  7.328  24.165 0.0000000000
62094  52.782  6.659  26.002 0.0000000000
111338  52.518  7.017  25.173 0.0000000000
62116  52.980  7.245  23.694 0.0000000000
43393  27.589  -12.841  47.645 0.0000000000
43394  26.764  -12.828  47.906 0.0000000000
41442  25.511  -13.353  47.609 0.0000000000
44382  25.690  -12.324  50.200 0.0000000000
42420  25.396  -13.341  48.740 0.0000000000
41444  23.840  -14.512  47.859 0.0000000000
41445  23.930  -15.719  48.438 0.0000000000
40458  23.189  -16.576  48.933 0.0000000000
43345  25.162  -13.167  53.451 0.0000000000
43355  24.980  -13.837  52.782 0.0000000000
42372  24.258  -14.525  52.484 0.0000000000
42389  24.511  -14.913  51.595 0.0000000000
41406  23.985  -15.656  51.339 0.0000000000
39437  19.103  -16.886  58.469 0.0000000000
57225  48.122  1.259  37.636 0.0000000000
57202  44.545  1.790  40.164 0.0000000000
56217  43.341  0.608  40.386 0.0000000000
55272  42.200  -0.382  40.437 0.0000000000
54375  41.316  -1.256  41.122 0.0000000000
113557  43.271  -0.764  42.884 0.0000000000
54371  42.032  -1.615  42.601 0.0000000000
54376  40.608  -1.662  41.299 0.0000000000
53485  39.512  -1.960  42.252 0.0000000000
125996  38.046  -2.988  42.591 0.0000000000
51678  37.714  -4.703  42.669 0.0000000000
52580  38.551  -3.564  45.015 0.0000000000
50774  37.992  -4.665  44.298 0.0000000000
49970  37.729  -6.064  42.937 0.0000000000
49975  37.831  -6.890  42.253 0.0000000000
106957  37.334  -8.776  41.654 0.0000000000
52515  42.365  -3.720  51.918 0.0000000000
47225  44.183  -10.208  54.719 0.0000000000
117372  44.866  -9.677  54.090 0.0000000000
48124  44.799  -9.037  53.472 0.0000000000
48143  41.676  -8.043  51.872 0.0000000000
49074  43.738  -7.947  51.470 0.0000000000
49046  43.761  -7.053  53.254 0.0000000000
49901  42.662  -6.251  52.370 0.0000000000
51612  42.178  -5.063  51.204 0.0000000000
52525  41.783  -3.983  50.301 0.0000000000
51635  40.494  -4.594  48.891 0.0000000000
49939  39.154  -6.149  47.091 0.0000000000
49116  39.517  -7.424  45.742 0.0000000000
48228  39.787  -8.847  46.194 0.0000000000
122365  39.499  -8.760  45.453 0.0000000000
112178  38.962  -8.392  44.711 0.0000000000
48247  37.798  -8.625  43.693 0.0000000000
56248  46.721  0.952  37.263 0.0000000000
55312  45.620  0.274  36.261 0.0000000000
56280  44.110  -0.169  35.256 0.0000000000
56267  43.246  0.997  36.138 0.0000000000
56281  43.290  0.466  35.420 0.0000000000
55341  43.436  -0.768  34.035 0.0000000000
65620  55.525  10.062  15.006 0.0000000000
56245  50.122  0.631  36.938 0.0000000000
117403  49.301  0.497  37.002 0.0000000000
43403  29.294  -13.316  47.404 0.0000000000
44402  28.367  -12.614  47.492 0.0000000000
45411  29.049  -11.189  47.350 0.0000000000
46422  29.753  -10.588  47.298 0.0000000000
60202  48.932  4.031  28.819 0.0000000000
59288  48.456  3.535  29.374 0.0000000000
60201  49.729  4.333  29.220 0.0000000000
121797  21.484  -14.650  54.640 0.0000000000
53413  42.254  -2.499  50.933 0.0000000000
53426  42.261  -2.501  49.804 0.0000000000
52536  41.779  -3.256  49.669 0.0000000000
52549  41.403  -3.296  48.863 0.0000000000
119064  44.057  -9.543  59.243 0.0000000000
47201  43.388  -9.511  57.016 0.0000000000
45427  33.904  -10.755  44.291 0.0000000000
112419  40.088  -0.704  39.836 0.0000000000
65607  57.223  10.913  16.644 0.0000000000
65606  58.254  11.354  17.168 0.0000000000
66382  57.883  11.496  16.236 0.0000000000
66391  57.443  11.791  15.304 0.0000000000
56305  49.553  0.954  32.689 0.0000000000
57262  49.018  1.590  32.273 0.0000000000
56306  48.868  0.637  32.713 0.0000000000
54446  45.349  -1.355  33.006 0.0000000000
54435  44.723  -1.392  33.505 0.0000000000
54436  43.665  -0.967  33.285 0.0000000000
56296  50.740  0.062  33.551 0.0000000000
57255  51.094  0.779  33.080 0.0000000000
56304  50.315  0.774  32.897 0.0000000000
40487  23.590  -14.882  44.784 0.0000000000
49049  37.199  -7.837  53.489 0.0000000000
48127  37.585  -8.163  53.846 0.0000000000
106639  35.801  -8.463  51.945 0.0000000000
47332  32.543  -9.177  46.552 0.0000000000
44428  31.187  -12.313  45.530 0.0000000000
113824  37.647  -4.998  42.008 0.0000000000
63039  54.340  7.549  23.724 0.0000000000
63038  54.984  7.892  23.281 0.0000000000
63044  54.184  7.545  22.685 0.0000000000
63922  54.824  8.341  18.561 0.0000000000
48169  30.838  -8.771  51.285 0.0000000000
47266  30.223  -9.153  51.002 0.0000000000
48153  30.940  -8.753  52.117 0.0000000000
48168  31.510  -8.478  51.600 0.0000000000
62080  54.049  6.326  28.124 0.0000000000
62085  54.646  6.486  27.444 0.0000000000
62092  54.487  6.760  26.670 0.0000000000
46390  27.371  -10.593  51.136 0.0000000000
45392  26.770  -11.365  49.802 0.0000000000
44335  24.292  -12.777  55.047 0.0000000000
99904  22.364  -15.822  52.711 0.0000000000
106746  22.713  -16.334  52.440 0.0000000000
53468  42.465  -2.572  45.318 0.0000000000
107069  43.125  -2.299  44.916 0.0000000000
54361  41.917  -1.891  44.213 0.0000000000
53470  40.449  -2.646  44.677 0.0000000000
49955  39.156  -6.078  45.048 0.0000000000
49123  38.954  -7.353  44.293 0.0000000000
47252  40.691  -9.470  52.349 0.0000000000
122746  41.324  -10.126  51.982 0.0000000000
48144  40.755  -8.244  52.337 0.0000000000
49099  39.900  -7.971  48.950 0.0000000000
49092  40.152  -6.694  50.280 0.0000000000
49098  40.079  -7.283  48.881 0.0000000000
115803  40.043  -6.646  49.469 0.0000000000
49105  39.908  -7.200  48.056 0.0000000000
123346  44.879  2.612  38.377 0.0000000000
57228  45.337  2.049  37.724 0.0000000000
56234  44.256  2.273  37.944 0.0000000000
55320  50.654  -0.678  35.059 0.0000000000
55336  49.127  -0.590  34.314 0.0000000000
55321  49.470  -0.679  35.139 0.0000000000
55323  47.625  -0.778  35.095 0.0000000000
55324  46.774  -0.653  35.330 0.0000000000
113730  46.258  -0.943  34.854 0.0000000000
57237  53.425  1.387  35.628 0.0000000000
56279  50.821  -0.070  35.685 0.0000000000
55335  51.115  -0.353  34.380 0.0000000000
41458  26.621  -13.659  46.662 0.0000000000
48206  31.805  -8.596  48.893 0.0000000000
46421  30.271  -10.642  46.603 0.0000000000
44421  30.376  -12.064  46.192 0.0000000000
43402  30.133  -13.110  46.707 0.0000000000
42440  29.248  -15.040  47.222 0.0000000000
60183  52.562  4.881  31.594 0.0000000000
60191  52.108  5.298  30.917 0.0000000000
61133  51.094  5.201  29.204 0.0000000000
61132  52.069  5.586  29.176 0.0000000000
44354  26.535  -12.576  52.392 0.0000000000
43344  25.961  -13.103  52.726 0.0000000000
105699  21.498  -16.107  53.356 0.0000000000
40408  22.018  -17.099  55.571 0.0000000000
39445  20.631  -17.090  57.644 0.0000000000
39446  20.000  -16.866  58.016 0.0000000000
53443  42.349  -2.332  47.937 0.0000000000
54327  42.851  -1.723  48.388 0.0000000000
53453  42.476  -2.532  47.031 0.0000000000
111747  41.399  -3.535  46.966 0.0000000000
51646  40.591  -4.202  47.799 0.0000000000
52573  40.758  -4.146  46.654 0.0000000000
50762  39.377  -5.350  46.539 0.0000000000
48217  36.305  -9.101  47.286 0.0000000000
47285  37.164  -9.376  49.141 0.0000000000
46419  36.837  -10.331  46.807 0.0000000000
47314  37.479  -10.192  47.462 0.0000000000
47328  37.749  -10.188  46.509 0.0000000000
56226  42.578  0.451  39.397 0.0000000000
56227  41.904  0.200  39.282 0.0000000000
56240  39.567  0.068  39.016 0.0000000000
56256  39.809  0.088  38.186 0.0000000000
66399  57.028  12.071  14.290 0.0000000000
66407  57.816  12.562  13.805 0.0000000000
66408  56.982  11.946  13.269 0.0000000000
66415  57.611  12.457  12.784 0.0000000000
58262  48.724  2.587  31.747 0.0000000000
56313  47.420  1.529  31.778 0.0000000000
123910  46.666  1.526  31.393 0.0000000000
57270  46.052  1.162  31.251 0.0000000000
56299  47.757  -0.587  33.283 0.0000000000
55359  46.775  -0.905  32.918 0.0000000000
110964  45.200  -0.901  32.398 0.0000000000
55369  45.563  -0.376  31.994 0.0000000000
126390  45.245  0.127  31.461 0.0000000000
57244  53.399  1.523  34.787 0.0000000000
58245  53.727  2.237  34.461 0.0000000000
57252  53.204  1.681  33.982 0.0000000000
58251  52.815  2.175  33.362 0.0000000000
58257  53.056  3.027  33.104 0.0000000000
59248  53.416  3.901  32.893 0.0000000000
109472  52.676  3.478  32.421 0.0000000000
59262  52.282  3.923  31.792 0.0000000000
59249  51.932  3.193  32.134 0.0000000000
58266  50.146  2.979  31.904 0.0000000000
113560  49.727  3.569  31.417 0.0000000000
46319  41.307  -11.315  55.834 0.0000000000
45332  41.944  -11.650  55.146 0.0000000000
45321  41.005  -11.498  54.993 0.0000000000
49048  37.980  -7.720  53.175 0.0000000000
46350  39.792  -10.524  53.944 0.0000000000
48125  39.024  -8.333  53.298 0.0000000000
47240  40.180  -9.859  53.088 0.0000000000
49063  37.995  -7.641  52.471 0.0000000000
48204  33.462  -7.996  48.450 0.0000000000
48203  34.446  -7.846  48.225 0.0000000000
48219  34.697  -8.142  47.367 0.0000000000
47287  36.101  -8.189  48.643 0.0000000000
109564  35.537  -7.824  47.957 0.0000000000
48218  35.749  -8.159  47.133 0.0000000000
46447  32.602  -10.574  44.999 0.0000000000
109068  33.189  -10.895  44.460 0.0000000000
42452  31.019  -14.439  46.233 0.0000000000
63030  56.375  7.867  24.679 0.0000000000
63906  56.823  8.971  23.141 0.0000000000
63910  56.291  9.238  22.303 0.0000000000
62133  53.784  7.258  21.700 0.0000000000
127510  54.296  7.672  22.011 0.0000000000
63912  55.090  8.833  20.204 0.0000000000
111849  55.279  8.912  21.062 0.0000000000
64734  55.625  9.523  20.520 0.0000000000
64733  56.454  10.243  20.857 0.0000000000
64735  56.037  10.012  19.884 0.0000000000
64740  55.565  10.198  18.467 0.0000000000
64746  55.493  10.332  17.572 0.0000000000
47306  29.686  -9.602  48.736 0.0000000000
46388  28.838  -9.866  50.057 0.0000000000
46389  28.145  -10.285  50.564 0.0000000000
47256  29.576  -9.718  52.736 0.0000000000
46368  27.572  -10.975  52.291 0.0000000000
99994  41.500  -10.306  57.807 0.0000000000
107738  37.945  -9.663  55.045 0.0000000000
48149  34.597  -8.561  52.606 0.0000000000
49051  35.662  -7.965  53.273 0.0000000000
115335  32.705  -8.017  51.126 0.0000000000
48197  30.827  -8.806  49.918 0.0000000000
58286  47.225  2.708  29.595 0.0000000000
62099  54.376  7.007  25.695 0.0000000000
62106  53.872  7.140  24.942 0.0000000000
125404  52.269  6.460  26.509 0.0000000000
62101  51.672  7.073  24.747 0.0000000000
62108  52.278  7.197  24.204 0.0000000000
45404  27.995  -11.255  48.458 0.0000000000
44403  27.696  -12.034  47.992 0.0000000000
43381  26.888  -12.339  48.411 0.0000000000
42419  25.877  -12.934  48.224 0.0000000000
43374  26.123  -13.069  50.368 0.0000000000
42421  25.434  -13.934  49.199 0.0000000000
41426  24.722  -13.919  48.456 0.0000000000
41428  23.653  -16.365  49.542 0.0000000000
40451  23.638  -16.594  50.243 0.0000000000
108187  22.918  -14.023  53.946 0.0000000000
40384  19.515  -16.159  57.790 0.0000000000
104928  17.296  -17.093  60.479 0.0000000000
100039  17.953  -17.457  59.506 0.0000000000
57205  46.144  2.911  38.840 0.0000000000
56216  43.922  1.166  40.820 0.0000000000
56224  43.807  1.311  39.852 0.0000000000
55258  43.101  -0.079  42.106 0.0000000000
126880  42.859  0.110  41.490 0.0000000000
55264  42.436  -0.435  41.437 0.0000000000
106790  41.873  -0.830  41.027 0.0000000000
55265  41.978  -1.213  41.705 0.0000000000
55253  43.262  -1.367  43.671 0.0000000000
111651  41.584  -1.900  43.406 0.0000000000
126792  41.269  -1.941  42.651 0.0000000000
54372  41.309  -1.676  41.931 0.0000000000
54373  40.467  -1.931  42.270 0.0000000000
53480  38.460  -2.528  43.127 0.0000000000
52585  38.019  -3.374  43.372 0.0000000000
51677  37.924  -3.834  42.618 0.0000000000
52579  40.534  -4.107  45.633 0.0000000000
53462  39.774  -3.342  45.160 0.0000000000
50783  37.760  -5.147  43.318 0.0000000000
49969  38.307  -6.898  42.899 0.0000000000
48246  37.975  -8.040  43.146 0.0000000000
48254  37.755  -8.153  42.183 0.0000000000
46479  37.049  -9.661  41.161 0.0000000000
45331  42.883  -11.487  54.912 0.0000000000
46333  43.854  -11.117  54.355 0.0000000000
122223  43.264  -10.292  51.908 0.0000000000
46347  44.775  -10.424  52.825 0.0000000000
47239  45.160  -9.990  53.311 0.0000000000
47250  44.795  -9.552  52.648 0.0000000000
115763  39.971  -6.983  52.084 0.0000000000
49076  40.679  -6.911  52.008 0.0000000000
127500  42.693  -6.974  51.816 0.0000000000
113675  42.769  -7.792  51.579 0.0000000000
49059  43.235  -7.068  51.862 0.0000000000
49058  44.049  -7.487  52.035 0.0000000000
49900  43.304  -6.910  52.495 0.0000000000
50741  41.124  -5.580  50.348 0.0000000000
50735  42.268  -5.656  51.702 0.0000000000
51617  41.788  -4.883  50.656 0.0000000000
50746  41.109  -4.714  49.870 0.0000000000
50753  39.839  -5.458  48.735 0.0000000000
49111  39.371  -7.055  47.228 0.0000000000
49926  39.513  -5.803  47.922 0.0000000000
121549  39.113  -6.813  46.454 0.0000000000
47327  39.008  -9.570  46.039 0.0000000000
47338  38.627  -9.153  45.036 0.0000000000
47347  38.317  -8.720  44.366 0.0000000000
47354  37.039  -9.099  43.275 0.0000000000
57226  47.193  1.386  37.789 0.0000000000
56247  47.617  0.737  37.219 0.0000000000
127198  45.517  0.791  36.857 0.0000000000
55326  44.876  0.035  35.779 0.0000000000
56253  42.201  1.064  37.315 0.0000000000
56252  43.121  1.343  37.072 0.0000000000
56268  42.492  0.859  36.490 0.0000000000
55328  42.409  0.038  35.158 0.0000000000
56282  42.675  0.610  35.798 0.0000000000
55327  43.317  -0.191  34.716 0.0000000000
55342  42.516  -0.502  34.306 0.0000000000
107386  60.556  13.755  10.941 0.0000000000
67221  60.079  13.243  10.021 0.0000000000
67220  60.899  13.920  10.148 0.0000000000
65619  55.822  10.826  15.297 0.0000000000
55308  49.386  -0.458  35.999 0.0000000000
56262  48.924  -0.120  36.583 0.0000000000
56263  48.009  0.220  36.476 0.0000000000
56261  50.542  0.181  36.320 0.0000000000
41457  28.309  -15.167  46.895 0.0000000000
42441  28.513  -14.587  47.618 0.0000000000
42430  27.747  -13.727  47.565 0.0000000000
47305  30.472  -9.285  48.493 0.0000000000
47319  30.759  -9.567  47.693 0.0000000000
45410  29.704  -11.449  46.654 0.0000000000
60193  50.637  4.557  30.438 0.0000000000
60192  51.332  4.877  30.681 0.0000000000
124491  51.076  4.878  29.980 0.0000000000
61145  50.741  5.212  28.375 0.0000000000
60209  50.291  4.775  28.742 0.0000000000
45348  27.644  -12.094  53.267 0.0000000000
44344  26.942  -12.390  52.809 0.0000000000
44332  27.037  -12.402  53.514 0.0000000000
113613  21.734  -16.426  55.962 0.0000000000
41359  20.778  -15.522  56.432 0.0000000000
116223  42.524  -1.727  50.386 0.0000000000
53438  41.792  -2.809  48.380 0.0000000000
52561  41.320  -3.518  47.914 0.0000000000
47340  35.186  -9.490  45.378 0.0000000000
120881  35.726  -9.356  45.962 0.0000000000
46430  35.990  -9.592  45.735 0.0000000000
46444  35.327  -9.783  44.899 0.0000000000
46443  36.130  -9.595  45.334 0.0000000000
45434  34.556  -11.135  43.809 0.0000000000
55284  41.634  -0.339  39.812 0.0000000000
56228  40.937  0.133  39.366 0.0000000000
55285  40.809  -0.556  39.841 0.0000000000
56229  39.978  0.056  39.586 0.0000000000
65594  58.497  11.290  18.037 0.0000000000
66406  58.916  12.684  14.277 0.0000000000
58261  49.687  2.287  32.026 0.0000000000
124063  47.515  0.694  32.208 0.0000000000
55353  46.130  -1.392  33.342 0.0000000000
57246  52.035  0.984  34.176 0.0000000000
57253  52.494  1.481  33.721 0.0000000000
58252  52.014  1.981  33.117 0.0000000000
58259  51.505  2.487  32.552 0.0000000000
58260  50.644  2.111  32.246 0.0000000000
40509  22.562  -17.331  45.959 0.0000000000
40489  22.575  -16.359  46.946 0.0000000000
46335  39.190  -10.647  54.775 0.0000000000
46334  40.057  -11.146  54.723 0.0000000000
47227  38.583  -9.867  54.564 0.0000000000
48126  38.341  -8.216  53.573 0.0000000000
48147  36.646  -8.285  52.047 0.0000000000
47317  32.257  -8.871  47.198 0.0000000000
47331  33.331  -9.180  46.158 0.0000000000
44438  32.612  -12.113  44.524 0.0000000000
43420  32.102  -12.685  45.233 0.0000000000
52587  38.047  -3.192  41.882 0.0000000000
63051  54.384  7.585  20.414 0.0000000000
63927  54.791  8.626  17.673 0.0000000000
47277  30.167  -9.138  50.168 0.0000000000
47267  29.649  -9.431  51.673 0.0000000000
117193  31.990  -8.244  51.137 0.0000000000
62098  55.199  6.988  26.287 0.0000000000
121945  50.789  6.647  25.821 0.0000000000
126538  26.514  -13.321  51.170 0.0000000000
41427  25.286  -14.804  49.296 0.0000000000
56206  44.026  1.138  41.798 0.0000000000
56194  43.740  0.479  42.179 0.0000000000
54343  43.670  -1.685  46.279 0.0000000000
54360  42.877  -1.979  44.224 0.0000000000
53478  40.114  -2.331  43.893 0.0000000000
51659  38.788  -4.799  45.467 0.0000000000
51660  38.347  -4.223  45.344 0.0000000000
50772  38.969  -5.407  44.963 0.0000000000
50773  38.730  -5.303  44.430 0.0000000000
49963  38.689  -6.567  43.544 0.0000000000
45354  42.107  -11.103  52.806 0.0000000000
45353  43.109  -11.269  53.174 0.0000000000
46363  41.957  -10.531  51.957 0.0000000000
46381  42.663  -10.161  51.495 0.0000000000
47264  42.839  -9.520  51.073 0.0000000000
48189  39.316  -8.389  49.379 0.0000000000
49083  40.271  -6.783  51.280 0.0000000000
49910  41.092  -6.459  51.421 0.0000000000
49909  41.798  -6.066  51.536 0.0000000000
49916  41.286  -5.971  51.017 0.0000000000
109910  39.968  -5.973  49.247 0.0000000000
49925  39.728  -6.388  48.599 0.0000000000
113924  36.784  -9.325  44.756 0.0000000000
46461  36.297  -9.827  42.536 0.0000000000
57227  46.282  1.628  37.763 0.0000000000
56250  45.031  1.518  37.162 0.0000000000
121756  43.862  1.225  36.520 0.0000000000
122679  59.033  12.972  12.434 0.0000000000
55350  49.192  -0.332  33.784 0.0000000000
55351  48.535  -0.660  33.844 0.0000000000
55352  47.872  -0.864  34.003 0.0000000000
55337  47.572  -0.921  34.418 0.0000000000
54423  46.097  -1.449  34.193 0.0000000000
54424  45.029  -1.418  34.283 0.0000000000
56277  53.013  0.706  35.008 0.0000000000
56259  52.321  0.445  36.243 0.0000000000
56278  52.195  0.449  35.429 0.0000000000
56291  52.423  0.682  34.739 0.0000000000
56292  51.712  0.453  34.681 0.0000000000
40506  26.200  -14.685  43.612 0.0000000000
41470  27.123  -14.448  44.593 0.0000000000
41472  24.950  -14.405  44.844 0.0000000000
125350  34.277  -7.687  50.596 0.0000000000
48205  32.603  -8.289  48.673 0.0000000000
47318  31.520  -9.281  47.454 0.0000000000
47333  31.844  -9.500  46.664 0.0000000000
45418  30.923  -11.379  45.588 0.0000000000
42453  30.162  -15.107  46.512 0.0000000000
124554  53.454  7.218  22.427 0.0000000000
47253  32.067  -9.141  53.244 0.0000000000
120389  53.501  5.700  30.566 0.0000000000
61142  53.306  6.060  28.423 0.0000000000
61151  53.171  6.204  27.672 0.0000000000
115523  50.802  5.901  27.040 0.0000000000
61154  50.767  5.502  27.686 0.0000000000
61160  50.361  6.146  26.290 0.0000000000
115730  26.039  -12.009  51.767 0.0000000000
105766  23.440  -13.189  54.502 0.0000000000
99910  22.306  -14.513  53.776 0.0000000000
54344  43.021  -2.059  46.626 0.0000000000
53459  42.538  -2.664  46.134 0.0000000000
53460  41.884  -2.991  45.650 0.0000000000
109019  39.248  -4.962  45.866 0.0000000000
49947  39.033  -6.451  45.759 0.0000000000
48177  37.685  -8.571  50.692 0.0000000000
48176  38.628  -7.918  51.116 0.0000000000
48191  37.825  -9.063  49.708 0.0000000000
48190  38.563  -8.492  50.118 0.0000000000
126170  38.590  -9.005  49.392 0.0000000000
47315  36.689  -10.092  47.539 0.0000000000
48202  39.011  -9.169  48.738 0.0000000000
47299  39.439  -9.280  47.901 0.0000000000
48216  39.940  -8.571  47.623 0.0000000000
46442  36.651  -9.574  45.331 0.0000000000
46455  35.928  -9.801  44.327 0.0000000000
110118  43.494  1.817  38.929 0.0000000000
56235  43.367  1.762  37.974 0.0000000000
56236  42.874  1.252  38.852 0.0000000000
116666  41.900  1.112  38.032 0.0000000000
56238  41.269  0.734  38.547 0.0000000000
56254  41.420  0.766  37.587 0.0000000000
56270  40.880  0.318  37.022 0.0000000000
67202  59.781  12.981  13.044 0.0000000000
66416  57.149  11.600  12.332 0.0000000000
59277  48.741  3.417  30.304 0.0000000000
58268  47.811  2.365  31.401 0.0000000000
58269  47.061  2.047  31.023 0.0000000000
107726  48.077  0.171  32.636 0.0000000000
56307  46.361  -0.250  32.249 0.0000000000
58250  53.415  2.653  33.825 0.0000000000
60185  50.931  4.370  31.222 0.0000000000
59276  50.160  4.119  30.958 0.0000000000
112900  49.457  3.770  30.627 0.0000000000
47202  42.763  -10.174  56.470 0.0000000000
46318  42.222  -11.117  55.961 0.0000000000
121118  42.466  -11.697  54.483 0.0000000000
125011  40.277  -11.037  54.033 0.0000000000
45334  40.795  -11.316  54.147 0.0000000000
45346  41.427  -11.295  53.445 0.0000000000
48145  39.836  -8.578  52.775 0.0000000000
49077  38.680  -7.474  52.035 0.0000000000
125791  35.467  -8.472  51.375 0.0000000000
120476  35.527  -8.395  50.669 0.0000000000
127016  36.208  -8.604  51.211 0.0000000000
106783  35.196  -7.739  48.938 0.0000000000
48178  36.805  -8.689  50.708 0.0000000000
48164  37.914  -7.913  51.673 0.0000000000
47275  36.958  -9.061  50.006 0.0000000000
126934  36.276  -8.205  47.792 0.0000000000
47330  35.066  -8.966  45.907 0.0000000000
109854  34.267  -8.941  46.184 0.0000000000
47341  34.146  -9.483  45.480 0.0000000000
54380  39.908  -1.783  40.611 0.0000000000
64732  57.325  10.397  21.334 0.0000000000
65578  57.371  10.786  20.655 0.0000000000
65584  57.498  10.947  19.768 0.0000000000
65589  57.716  11.010  18.707 0.0000000000
126830  55.605  9.970  19.196 0.0000000000
65608  56.125  10.698  16.198 0.0000000000
45403  28.613  -11.013  48.008 0.0000000000
46411  28.480  -10.615  48.666 0.0000000000
125731  28.042  -10.795  48.935 0.0000000000
46366  28.907  -10.030  52.039 0.0000000000
46384  27.578  -10.680  51.811 0.0000000000
103392  43.071  -9.937  59.685 0.0000000000
100014  42.613  -10.371  59.025 0.0000000000
124536  42.078  -10.137  58.090 0.0000000000
46305  41.439  -10.819  56.776 0.0000000000
100015  40.826  -10.751  56.365 0.0000000000
120669  40.072  -10.453  56.033 0.0000000000
46320  39.331  -10.764  55.464 0.0000000000
49050  36.419  -7.827  53.519 0.0000000000
48148  35.374  -8.374  52.582 0.0000000000
107605  35.039  -8.582  51.923 0.0000000000
48180  33.720  -7.771  51.074 0.0000000000
48196  31.569  -8.483  49.739 0.0000000000
47288  30.977  -8.779  49.079 0.0000000000
63031  55.492  7.565  24.658 0.0000000000
62087  53.016  6.407  26.811 0.0000000000
62107  53.159  7.173  24.634 0.0000000000
42431  26.761  -13.270  47.436 0.0000000000
41443  24.346  -13.865  47.251 0.0000000000
45384  25.936  -11.784  50.511 0.0000000000
43373  25.656  -12.682  49.561 0.0000000000
42406  25.530  -12.908  49.002 0.0000000000
41460  23.409  -14.413  46.912 0.0000000000
40470  22.934  -15.084  47.365 0.0000000000
40471  23.070  -16.345  48.013 0.0000000000
40472  22.520  -17.247  48.712 0.0000000000
42371  25.111  -14.336  51.956 0.0000000000
42358  23.756  -14.102  53.314 0.0000000000
40440  23.678  -16.206  51.131 0.0000000000
39430  18.605  -17.361  58.979 0.0000000000
126941  48.905  1.198  37.339 0.0000000000
56218  42.789  0.132  40.013 0.0000000000
56208  42.802  0.115  40.883 0.0000000000
121922  42.739  -1.275  42.979 0.0000000000
54377  39.837  -1.915  41.526 0.0000000000
123157  39.177  -2.201  41.633 0.0000000000
54367  39.872  -2.123  43.014 0.0000000000
53486  38.659  -2.420  42.198 0.0000000000
120363  37.903  -4.134  45.044 0.0000000000
108538  37.944  -3.790  44.326 0.0000000000
51671  37.871  -4.311  43.494 0.0000000000
50788  37.573  -5.496  42.497 0.0000000000
49976  37.445  -6.183  42.023 0.0000000000
48267  37.603  -7.630  41.566 0.0000000000
49129  38.044  -7.492  42.601 0.0000000000
48268  37.538  -8.459  41.176 0.0000000000
52524  42.263  -3.496  51.003 0.0000000000
47213  43.633  -9.698  55.856 0.0000000000
47224  44.262  -9.140  55.226 0.0000000000
46348  44.145  -11.185  53.446 0.0000000000
46332  44.705  -10.531  53.728 0.0000000000
110273  44.710  -8.007  54.112 0.0000000000
48163  42.314  -8.946  51.211 0.0000000000
47274  43.315  -9.326  51.059 0.0000000000
48162  43.289  -8.816  51.089 0.0000000000
48161  43.903  -8.623  51.299 0.0000000000
48141  44.501  -8.547  52.375 0.0000000000
49045  44.314  -7.919  53.251 0.0000000000
49031  44.422  -7.217  54.115 0.0000000000
50731  42.397  -5.336  52.514 0.0000000000
124785  42.263  -4.395  51.798 0.0000000000
51611  42.279  -4.429  51.122 0.0000000000
111329  41.206  -3.928  49.386 0.0000000000
110581  39.891  -4.972  47.995 0.0000000000
126084  39.611  -5.431  47.305 0.0000000000
48227  40.012  -8.401  46.743 0.0000000000
48236  39.976  -8.204  45.909 0.0000000000
49117  39.502  -7.886  45.159 0.0000000000
115676  36.889  -9.274  42.178 0.0000000000
56264  47.105  0.429  36.573 0.0000000000
56265  46.224  0.567  36.744 0.0000000000
55311  46.501  -0.031  36.048 0.0000000000
55325  45.801  -0.431  35.438 0.0000000000
113213  44.923  -0.773  35.063 0.0000000000
55340  44.170  -0.947  34.593 0.0000000000
56266  44.043  0.665  35.894 0.0000000000
65627  55.718  10.697  14.246 0.0000000000
45344  43.240  -11.578  54.049 0.0000000000
46361  43.925  -10.013  52.092 0.0000000000
46362  42.772  -10.706  52.307 0.0000000000
46364  41.297  -10.782  52.570 0.0000000000
46380  43.385  -9.719  51.319 0.0000000000
47241  39.398  -9.420  53.456 0.0000000000
47242  38.715  -9.176  53.832 0.0000000000
47265  42.046  -9.839  51.403 0.0000000000
47273  43.734  -9.177  51.188 0.0000000000
47276  36.204  -8.865  50.320 0.0000000000
47284  38.027  -9.458  48.926 0.0000000000
47316  33.043  -8.634  46.954 0.0000000000
48128  35.036  -8.274  53.129 0.0000000000
48142  44.172  -8.228  51.593 0.0000000000
48160  44.336  -9.041  51.676 0.0000000000
48179  34.751  -7.959  51.145 0.0000000000
48195  32.375  -8.190  49.544 0.0000000000
48201  39.732  -8.600  48.479 0.0000000000
49047  38.680  -7.771  53.148 0.0000000000
49060  40.935  -7.407  52.122 0.0000000000
49061  39.266  -7.707  52.829 0.0000000000
54368  39.102  -2.091  42.855 0.0000000000
57260  50.701  1.317  32.623 0.0000000000
105994  43.599  -10.021  58.489 0.0000000000
106387  40.086  -7.442  52.435 0.0000000000
108112  42.266  -4.915  51.743 0.0000000000
112062  34.802  -7.757  50.067 0.0000000000
113188  44.451  -9.660  52.186 0.0000000000
114063  33.846  -7.634  50.080 0.0000000000
114155  37.115  -8.390  51.418 0.0000000000
117054  39.764  -7.084  50.683 0.0000000000
