#!ascii label  , from subject sub-v2s4x29599_ses-1 vox2ras=TkReg
863
45470  36.941  -11.028  40.538 0.0000000000
59364  52.191  3.767  21.400 0.0000000000
52670  41.480  -3.406  31.500 0.0000000000
116632  24.212  -17.117  50.881 0.0000000000
45435  34.076  -11.452  43.927 0.0000000000
56329  44.897  0.756  30.107 0.0000000000
40544  29.291  -17.245  42.577 0.0000000000
39535  26.739  -19.237  48.061 0.0000000000
108287  32.770  -16.092  44.729 0.0000000000
110593  56.973  3.873  20.581 0.0000000000
50795  37.548  -5.654  41.673 0.0000000000
50826  39.098  -5.325  38.461 0.0000000000
47392  40.294  -9.569  39.993 0.0000000000
62152  54.445  6.873  18.726 0.0000000000
62186  56.176  5.663  14.903 0.0000000000
60233  49.040  5.557  24.472 0.0000000000
57323  52.283  1.867  25.817 0.0000000000
56380  47.500  1.026  26.462 0.0000000000
52692  45.599  -3.528  29.274 0.0000000000
103334  39.317  -15.198  44.797 0.0000000000
119996  24.802  -19.791  54.827 0.0000000000
38555  22.102  -19.047  56.284 0.0000000000
110796  18.616  -18.007  59.301 0.0000000000
44445  35.403  -12.284  42.520 0.0000000000
40540  35.601  -16.630  44.791 0.0000000000
54414  40.033  -1.150  35.187 0.0000000000
109421  40.806  -6.731  35.229 0.0000000000
107773  57.287  11.041  11.777 0.0000000000
59362  54.256  2.328  20.679 0.0000000000
58342  54.275  2.234  23.542 0.0000000000
48268  37.538  -8.459  41.176 0.0000000000
48296  37.215  -8.249  39.438 0.0000000000
125231  38.886  -10.611  39.952 0.0000000000
61194  52.133  5.842  21.544 0.0000000000
62139  54.011  7.197  20.867 0.0000000000
61193  53.118  5.594  20.335 0.0000000000
61215  54.774  5.023  18.563 0.0000000000
36766  17.078  -20.435  60.577 0.0000000000
59322  48.076  3.399  25.704 0.0000000000
59295  47.356  3.351  28.085 0.0000000000
55384  42.970  -1.014  29.955 0.0000000000
54496  44.693  -1.611  28.365 0.0000000000
52681  43.169  -4.003  30.063 0.0000000000
50901  42.360  -6.709  31.759 0.0000000000
39536  25.246  -18.326  48.697 0.0000000000
39498  27.291  -18.486  51.379 0.0000000000
99881  25.695  -18.422  52.213 0.0000000000
119922  25.740  -19.595  54.463 0.0000000000
99879  24.946  -19.042  53.498 0.0000000000
39470  22.476  -17.982  55.088 0.0000000000
38549  20.651  -18.575  58.007 0.0000000000
44435  34.598  -12.013  43.127 0.0000000000
42483  35.719  -14.807  42.958 0.0000000000
42476  34.478  -14.384  44.181 0.0000000000
40504  32.647  -18.379  46.864 0.0000000000
40483  34.102  -16.929  47.549 0.0000000000
49156  39.935  -7.249  37.999 0.0000000000
51715  40.282  -5.044  36.705 0.0000000000
58278  46.750  2.246  30.168 0.0000000000
55361  44.655  -0.334  31.752 0.0000000000
54449  42.428  -1.036  32.571 0.0000000000
39559  30.767  -19.684  45.580 0.0000000000
40457  29.706  -18.437  49.208 0.0000000000
122429  27.048  -20.223  44.791 0.0000000000
39561  22.884  -18.837  45.240 0.0000000000
40490  22.309  -17.297  47.827 0.0000000000
116794  33.250  -13.767  45.081 0.0000000000
42460  31.619  -14.671  45.802 0.0000000000
40543  30.863  -16.690  44.202 0.0000000000
53489  38.625  -2.710  41.346 0.0000000000
53502  38.965  -2.418  39.525 0.0000000000
50802  38.148  -5.905  39.663 0.0000000000
49148  38.517  -7.891  38.425 0.0000000000
64766  55.333  9.486  15.507 0.0000000000
62162  54.806  6.471  17.224 0.0000000000
113902  57.130  4.771  17.887 0.0000000000
114338  50.397  4.309  23.118 0.0000000000
110512  51.610  2.241  23.844 0.0000000000
58339  50.060  2.528  24.216 0.0000000000
57315  49.846  0.791  25.275 0.0000000000
55419  49.265  -0.584  27.251 0.0000000000
56350  45.956  0.738  27.955 0.0000000000
54501  46.923  -0.973  27.525 0.0000000000
104223  38.396  -14.071  41.860 0.0000000000
99444  40.489  -12.839  41.855 0.0000000000
62109  51.232  6.812  23.648 0.0000000000
40436  23.509  -16.561  51.842 0.0000000000
99888  23.327  -17.705  53.525 0.0000000000
124521  22.947  -19.174  55.372 0.0000000000
36783  22.367  -21.456  56.623 0.0000000000
37665  20.331  -20.666  57.639 0.0000000000
37650  18.745  -19.651  59.198 0.0000000000
38536  16.999  -18.155  60.736 0.0000000000
40347  16.185  -16.746  65.696 0.0000000000
45451  35.975  -11.624  41.474 0.0000000000
120095  37.260  -15.002  41.785 0.0000000000
117876  37.153  -16.367  44.173 0.0000000000
41477  34.450  -16.594  44.874 0.0000000000
53547  40.865  -2.296  32.837 0.0000000000
53522  38.781  -2.676  36.642 0.0000000000
51749  40.407  -3.879  34.701 0.0000000000
51763  41.380  -4.768  33.674 0.0000000000
44451  41.806  -12.014  42.830 0.0000000000
64805  58.400  9.750  10.317 0.0000000000
63122  56.719  7.827  13.870 0.0000000000
63974  58.472  8.040  12.342 0.0000000000
59363  53.434  2.409  21.151 0.0000000000
59355  54.509  1.784  21.668 0.0000000000
58349  53.426  2.020  22.082 0.0000000000
46499  37.453  -10.316  40.312 0.0000000000
47394  38.250  -9.792  39.837 0.0000000000
45468  38.573  -11.245  40.402 0.0000000000
60272  52.101  4.781  21.316 0.0000000000
60284  52.593  5.184  20.843 0.0000000000
60271  52.606  4.124  20.781 0.0000000000
60282  53.783  3.838  19.508 0.0000000000
37636  15.957  -19.462  61.433 0.0000000000
59302  47.812  3.891  27.541 0.0000000000
59294  48.108  3.731  28.437 0.0000000000
53573  42.193  -2.278  30.217 0.0000000000
53590  42.739  -2.509  29.763 0.0000000000
52682  42.414  -3.225  30.216 0.0000000000
51795  43.364  -5.000  30.687 0.0000000000
51785  41.853  -4.321  31.375 0.0000000000
38603  23.237  -18.021  49.254 0.0000000000
39514  25.759  -18.053  50.828 0.0000000000
39499  25.342  -18.000  51.553 0.0000000000
121993  25.484  -18.686  52.967 0.0000000000
39500  24.452  -17.175  51.570 0.0000000000
115428  34.286  -12.216  43.794 0.0000000000
43429  34.882  -12.876  43.751 0.0000000000
43430  34.415  -12.995  44.239 0.0000000000
40467  32.293  -17.111  49.043 0.0000000000
55286  39.228  -0.628  39.437 0.0000000000
50011  40.692  -7.007  37.456 0.0000000000
54448  43.419  -0.738  32.482 0.0000000000
54436  43.665  -0.967  33.285 0.0000000000
39575  30.141  -20.278  43.856 0.0000000000
39560  29.506  -20.474  45.459 0.0000000000
39586  28.785  -18.950  42.625 0.0000000000
40530  24.306  -16.898  43.248 0.0000000000
40508  23.223  -16.691  44.457 0.0000000000
39562  22.262  -19.008  46.786 0.0000000000
43420  32.102  -12.685  45.233 0.0000000000
121856  29.745  -15.552  43.710 0.0000000000
41495  30.499  -16.073  44.465 0.0000000000
40526  30.131  -16.656  43.267 0.0000000000
39574  31.168  -19.225  44.351 0.0000000000
111406  38.017  -4.207  40.865 0.0000000000
50803  37.806  -5.721  40.677 0.0000000000
47393  39.470  -9.426  39.541 0.0000000000
49149  37.600  -7.779  38.695 0.0000000000
47406  40.106  -8.785  39.399 0.0000000000
48293  40.789  -8.094  39.528 0.0000000000
47391  41.124  -9.206  40.455 0.0000000000
63058  54.389  7.282  19.551 0.0000000000
63071  54.788  7.503  16.945 0.0000000000
63065  54.591  7.413  17.988 0.0000000000
60293  55.452  4.125  18.982 0.0000000000
61214  55.892  4.729  18.565 0.0000000000
60292  56.715  4.162  19.447 0.0000000000
60241  49.671  4.585  23.638 0.0000000000
59332  49.789  3.456  23.928 0.0000000000
60242  48.993  4.347  24.353 0.0000000000
116861  47.733  1.907  26.155 0.0000000000
57326  49.112  1.603  24.861 0.0000000000
56379  48.297  0.369  25.841 0.0000000000
55427  48.784  -0.238  26.390 0.0000000000
56365  47.791  -0.054  26.422 0.0000000000
57279  46.093  1.799  29.847 0.0000000000
57289  45.961  1.772  29.007 0.0000000000
57300  45.548  1.111  28.703 0.0000000000
53600  45.292  -2.301  28.480 0.0000000000
54495  45.619  -1.549  28.117 0.0000000000
53599  46.222  -2.202  28.492 0.0000000000
54493  47.418  -1.572  28.132 0.0000000000
102416  38.679  -14.453  42.432 0.0000000000
120128  40.026  -14.433  43.836 0.0000000000
61160  50.361  6.146  26.290 0.0000000000
61173  49.655  6.000  23.884 0.0000000000
117237  50.346  6.261  23.493 0.0000000000
39534  27.827  -19.238  48.186 0.0000000000
39512  28.586  -18.430  50.161 0.0000000000
117631  25.343  -19.432  54.930 0.0000000000
117740  25.517  -18.633  55.791 0.0000000000
119921  24.937  -19.215  55.588 0.0000000000
118435  24.262  -19.499  55.221 0.0000000000
106746  22.713  -16.334  52.440 0.0000000000
99889  23.431  -17.129  52.653 0.0000000000
105921  22.685  -16.809  52.979 0.0000000000
39457  21.999  -18.067  55.888 0.0000000000
112470  22.243  -20.182  56.056 0.0000000000
37671  22.843  -21.036  55.912 0.0000000000
36785  20.735  -21.114  57.373 0.0000000000
37664  20.974  -20.338  57.182 0.0000000000
38550  19.838  -18.149  58.474 0.0000000000
123324  19.928  -18.930  58.462 0.0000000000
113050  18.404  -18.799  59.549 0.0000000000
38535  17.625  -18.792  60.146 0.0000000000
120832  18.020  -18.140  59.737 0.0000000000
46462  35.564  -10.465  42.890 0.0000000000
46461  36.297  -9.827  42.536 0.0000000000
111798  36.035  -12.219  41.932 0.0000000000
43448  36.876  -13.224  41.960 0.0000000000
44452  36.230  -12.997  42.352 0.0000000000
41501  35.581  -15.568  43.605 0.0000000000
41509  36.431  -15.638  42.683 0.0000000000
40539  36.336  -16.485  44.542 0.0000000000
41493  32.773  -15.235  44.959 0.0000000000
41492  33.471  -15.139  44.661 0.0000000000
41479  33.237  -15.672  44.785 0.0000000000
40482  34.484  -16.596  47.890 0.0000000000
58328  52.008  1.855  24.689 0.0000000000
58327  53.006  2.271  25.212 0.0000000000
58317  53.026  2.168  26.177 0.0000000000
55344  40.836  -0.770  34.931 0.0000000000
54426  41.655  -0.920  33.878 0.0000000000
54427  40.392  -1.408  34.453 0.0000000000
51707  38.877  -4.305  38.560 0.0000000000
53517  38.735  -2.725  37.976 0.0000000000
51717  39.086  -3.958  37.704 0.0000000000
50868  40.607  -5.513  36.160 0.0000000000
121575  40.322  -4.692  36.029 0.0000000000
51737  40.730  -4.895  35.353 0.0000000000
51748  40.988  -4.665  34.421 0.0000000000
50878  41.521  -5.775  34.040 0.0000000000
50877  41.149  -7.015  33.545 0.0000000000
99453  41.221  -12.608  42.422 0.0000000000
64806  57.780  10.095  11.013 0.0000000000
63094  55.552  7.351  15.482 0.0000000000
63954  56.038  8.420  14.487 0.0000000000
63107  56.371  7.303  14.450 0.0000000000
62214  58.605  6.680  13.732 0.0000000000
62212  60.104  5.835  13.258 0.0000000000
40527  28.698  -15.746  42.801 0.0000000000
40545  28.033  -17.083  42.370 0.0000000000
60270  55.509  3.100  20.216 0.0000000000
59353  56.719  3.493  22.492 0.0000000000
59354  55.499  2.536  22.167 0.0000000000
123245  37.354  -6.787  41.465 0.0000000000
49982  37.002  -7.178  40.598 0.0000000000
48282  37.604  -8.667  40.334 0.0000000000
46513  38.851  -10.035  39.636 0.0000000000
121725  39.496  -10.183  39.936 0.0000000000
62133  53.784  7.258  21.700 0.0000000000
62134  52.851  6.733  21.743 0.0000000000
112538  53.362  6.618  20.738 0.0000000000
62145  54.109  6.445  19.287 0.0000000000
61229  54.334  5.950  18.534 0.0000000000
60294  54.290  4.422  18.955 0.0000000000
60281  54.928  3.537  19.441 0.0000000000
36764  17.812  -20.735  59.963 0.0000000000
60227  48.811  5.471  26.242 0.0000000000
59321  48.461  3.989  25.027 0.0000000000
60228  48.139  4.694  26.127 0.0000000000
59311  47.821  3.828  26.654 0.0000000000
58319  47.320  2.254  26.861 0.0000000000
56330  44.105  0.149  30.132 0.0000000000
56339  44.294  -0.014  29.295 0.0000000000
54485  43.373  -1.333  29.266 0.0000000000
53602  43.768  -2.573  28.926 0.0000000000
52693  44.766  -3.691  29.317 0.0000000000
51794  44.361  -5.030  30.299 0.0000000000
50909  43.872  -6.680  30.982 0.0000000000
102642  39.126  -15.130  45.660 0.0000000000
38610  25.738  -18.905  47.965 0.0000000000
107150  26.936  -18.597  49.836 0.0000000000
39513  26.639  -18.422  50.710 0.0000000000
107026  26.311  -18.466  51.637 0.0000000000
39491  26.554  -18.678  52.651 0.0000000000
102236  25.677  -19.319  53.831 0.0000000000
99878  25.040  -19.550  54.218 0.0000000000
99887  22.277  -16.770  53.672 0.0000000000
40408  22.018  -17.099  55.571 0.0000000000
39444  21.626  -17.924  56.838 0.0000000000
38556  21.408  -18.664  57.257 0.0000000000
38557  20.990  -17.800  57.515 0.0000000000
39445  20.631  -17.090  57.644 0.0000000000
39446  20.000  -16.866  58.016 0.0000000000
126418  34.950  -11.459  42.674 0.0000000000
43442  35.990  -13.286  42.815 0.0000000000
44446  35.311  -12.762  43.196 0.0000000000
42475  35.125  -14.569  43.685 0.0000000000
41502  34.686  -15.191  44.035 0.0000000000
40524  32.642  -17.209  44.688 0.0000000000
40502  33.980  -17.532  44.934 0.0000000000
40484  33.668  -17.339  47.253 0.0000000000
56376  51.322  0.663  26.500 0.0000000000
121116  39.601  -0.483  36.831 0.0000000000
50840  39.767  -6.425  37.553 0.0000000000
51716  39.623  -4.628  37.276 0.0000000000
125038  40.042  -6.642  37.190 0.0000000000
50024  40.270  -6.737  36.895 0.0000000000
65634  56.500  11.192  12.904 0.0000000000
37602  15.147  -19.140  66.170 0.0000000000
58269  47.061  2.047  31.023 0.0000000000
57270  46.052  1.162  31.251 0.0000000000
56316  44.679  0.257  30.910 0.0000000000
55371  43.288  -0.541  31.114 0.0000000000
123529  42.321  -1.338  31.027 0.0000000000
54460  41.483  -2.435  31.475 0.0000000000
122282  31.716  -18.640  48.123 0.0000000000
40469  30.740  -17.962  49.313 0.0000000000
38621  30.346  -19.622  47.068 0.0000000000
39547  29.149  -19.854  47.033 0.0000000000
39549  27.104  -20.088  47.125 0.0000000000
38662  26.298  -18.713  42.753 0.0000000000
38637  25.593  -19.582  44.220 0.0000000000
38623  25.914  -19.872  47.143 0.0000000000
38624  24.774  -19.014  47.075 0.0000000000
38626  22.534  -18.720  47.996 0.0000000000
39525  22.898  -17.681  49.344 0.0000000000
43431  33.762  -13.209  44.595 0.0000000000
43432  32.882  -12.962  44.827 0.0000000000
42459  32.455  -13.842  45.487 0.0000000000
126696  32.097  -15.529  44.902 0.0000000000
41494  31.400  -15.445  45.033 0.0000000000
40542  31.619  -16.190  44.513 0.0000000000
40525  32.600  -18.344  45.201 0.0000000000
39558  31.883  -18.997  45.812 0.0000000000
53494  39.292  -2.326  40.975 0.0000000000
54388  39.443  -1.730  39.799 0.0000000000
53495  38.656  -2.855  40.417 0.0000000000
51699  38.541  -4.144  39.440 0.0000000000
111028  38.684  -5.109  39.232 0.0000000000
49981  37.388  -6.650  40.044 0.0000000000
49989  37.721  -7.017  38.999 0.0000000000
122550  39.211  -6.332  38.079 0.0000000000
49157  39.030  -7.452  38.029 0.0000000000
49147  40.818  -7.339  39.070 0.0000000000
64758  55.053  9.566  16.200 0.0000000000
63080  55.198  7.451  16.101 0.0000000000
62172  55.186  6.523  16.388 0.0000000000
61228  55.112  5.404  18.119 0.0000000000
62150  55.359  5.593  17.556 0.0000000000
110048  51.303  4.236  22.331 0.0000000000
58350  52.468  2.607  22.476 0.0000000000
58345  51.243  2.880  23.241 0.0000000000
58346  50.635  2.723  23.757 0.0000000000
57324  51.374  1.570  25.095 0.0000000000
58330  48.734  2.744  24.968 0.0000000000
57325  49.932  1.461  24.833 0.0000000000
115446  50.715  0.842  25.788 0.0000000000
56377  50.290  0.277  26.083 0.0000000000
55418  50.136  -0.315  27.581 0.0000000000
58297  46.948  2.786  28.671 0.0000000000
58307  46.416  2.011  27.883 0.0000000000
111953  46.868  0.876  27.052 0.0000000000
56351  45.286  0.271  28.229 0.0000000000
55423  45.879  -0.176  27.577 0.0000000000
56366  47.044  0.190  26.805 0.0000000000
55409  47.862  -0.982  27.703 0.0000000000
122472  37.573  -12.157  41.197 0.0000000000
105064  39.258  -12.410  41.363 0.0000000000
105387  39.026  -13.211  41.690 0.0000000000
102468  40.850  -13.523  43.476 0.0000000000
62118  51.411  6.516  22.726 0.0000000000
60260  51.234  5.053  22.230 0.0000000000
39516  23.506  -16.951  50.205 0.0000000000
40440  23.678  -16.206  51.131 0.0000000000
39501  23.876  -16.544  51.090 0.0000000000
105806  24.182  -17.320  52.279 0.0000000000
102918  24.214  -18.746  53.789 0.0000000000
104424  24.168  -19.211  54.444 0.0000000000
39477  22.873  -17.764  54.358 0.0000000000
104695  23.301  -18.735  54.729 0.0000000000
39456  24.062  -19.620  54.958 0.0000000000
105974  24.004  -20.414  55.492 0.0000000000
36794  23.404  -21.282  55.856 0.0000000000
36780  19.676  -20.708  58.083 0.0000000000
37656  20.281  -19.707  57.934 0.0000000000
37657  19.464  -19.698  58.608 0.0000000000
36773  18.340  -20.469  59.352 0.0000000000
37643  17.465  -19.758  60.238 0.0000000000
37635  16.759  -19.330  60.720 0.0000000000
38519  15.769  -18.613  62.453 0.0000000000
104202  17.375  -17.210  61.167 0.0000000000
38512  16.699  -17.458  64.379 0.0000000000
38507  15.671  -18.296  65.618 0.0000000000
46479  37.049  -9.661  41.161 0.0000000000
47364  36.502  -10.039  41.652 0.0000000000
45457  36.407  -11.325  40.949 0.0000000000
103962  37.811  -13.049  41.700 0.0000000000
119868  37.484  -14.211  41.729 0.0000000000
117547  38.102  -15.119  41.931 0.0000000000
42482  36.231  -14.854  42.359 0.0000000000
117789  37.359  -15.712  42.152 0.0000000000
118420  38.585  -15.605  44.879 0.0000000000
42466  33.810  -14.232  44.669 0.0000000000
111855  34.076  -14.916  44.337 0.0000000000
40541  34.882  -16.641  44.910 0.0000000000
40522  34.432  -17.111  45.247 0.0000000000
40521  34.885  -17.027  45.646 0.0000000000
40520  35.492  -16.714  45.611 0.0000000000
58343  53.239  2.188  23.176 0.0000000000
54437  42.557  -0.807  33.483 0.0000000000
54450  41.447  -1.901  32.254 0.0000000000
53558  41.114  -2.839  32.157 0.0000000000
55295  38.508  -1.021  38.617 0.0000000000
54401  38.355  -1.576  37.732 0.0000000000
109062  38.878  -1.528  36.156 0.0000000000
51727  39.748  -4.163  36.350 0.0000000000
52623  39.273  -3.136  35.844 0.0000000000
121936  39.679  -2.414  34.529 0.0000000000
52634  40.061  -2.987  34.161 0.0000000000
52644  40.913  -3.366  32.905 0.0000000000
52661  41.546  -4.141  31.977 0.0000000000
51775  41.857  -6.058  32.033 0.0000000000
45467  39.373  -11.648  41.035 0.0000000000
45466  40.215  -11.267  41.255 0.0000000000
46478  40.706  -10.553  41.255 0.0000000000
45449  42.313  -11.418  43.150 0.0000000000
46477  41.277  -10.186  41.563 0.0000000000
65672  58.691  10.921  8.764 0.0000000000
64784  56.138  9.819  13.471 0.0000000000
63976  56.748  9.149  12.756 0.0000000000
63105  57.986  6.857  13.927 0.0000000000
63132  57.987  7.833  13.140 0.0000000000
63984  57.922  8.818  11.841 0.0000000000
63983  58.593  8.446  11.422 0.0000000000
63992  59.336  8.256  10.332 0.0000000000
59356  52.602  2.806  21.647 0.0000000000
45469  37.622  -11.135  40.273 0.0000000000
115625  52.721  3.186  20.953 0.0000000000
37623  15.231  -19.421  62.068 0.0000000000
52683  41.743  -2.814  30.761 0.0000000000
112679  41.899  -3.620  30.864 0.0000000000
51796  42.451  -4.257  30.749 0.0000000000
106153  23.944  -17.418  49.983 0.0000000000
39515  24.922  -17.400  50.861 0.0000000000
44436  33.888  -12.375  44.171 0.0000000000
41441  31.679  -16.387  49.491 0.0000000000
55275  39.938  -1.273  39.947 0.0000000000
39585  30.216  -18.432  43.248 0.0000000000
51684  38.021  -4.958  41.218 0.0000000000
48294  39.157  -8.537  39.177 0.0000000000
63050  54.739  8.075  19.877 0.0000000000
63057  54.711  7.769  19.011 0.0000000000
60280  56.064  3.551  19.864 0.0000000000
60279  57.671  4.143  20.194 0.0000000000
126280  19.016  -21.671  58.958 0.0000000000
57317  48.066  1.226  25.770 0.0000000000
57290  45.478  1.272  29.548 0.0000000000
56338  44.878  0.620  29.146 0.0000000000
52705  44.993  -3.065  28.790 0.0000000000
53587  45.918  -2.891  28.880 0.0000000000
117436  39.346  -14.891  43.956 0.0000000000
60226  49.298  5.899  25.718 0.0000000000
61167  49.919  6.295  25.167 0.0000000000
39522  28.524  -18.707  49.224 0.0000000000
107125  27.309  -18.995  49.089 0.0000000000
111826  21.585  -19.666  56.769 0.0000000000
39429  19.192  -17.734  58.803 0.0000000000
38543  19.241  -18.681  59.018 0.0000000000
45444  35.436  -11.522  42.029 0.0000000000
120435  35.779  -16.270  44.155 0.0000000000
41500  36.383  -16.303  43.601 0.0000000000
119763  36.984  -16.254  45.234 0.0000000000
40519  36.216  -16.491  45.408 0.0000000000
55330  40.550  -0.496  35.695 0.0000000000
52607  38.885  -3.386  38.206 0.0000000000
51706  39.242  -4.696  37.999 0.0000000000
50867  40.842  -6.133  35.668 0.0000000000
50879  41.247  -5.674  34.822 0.0000000000
50866  40.939  -6.802  34.519 0.0000000000
65659  57.561  10.954  11.142 0.0000000000
66428  57.871  11.754  10.651 0.0000000000
63093  55.911  6.732  14.871 0.0000000000
62201  56.662  6.261  14.338 0.0000000000
41482  28.625  -15.339  44.023 0.0000000000
40505  27.704  -14.659  43.393 0.0000000000
124198  28.027  -15.038  45.218 0.0000000000
59361  55.373  2.579  21.019 0.0000000000
58341  54.882  2.169  22.795 0.0000000000
48267  37.603  -7.630  41.566 0.0000000000
49141  36.899  -8.032  40.246 0.0000000000
46498  38.247  -10.573  39.930 0.0000000000
46497  39.432  -10.886  40.528 0.0000000000
62126  52.027  6.616  22.283 0.0000000000
62140  53.631  6.035  19.805 0.0000000000
116689  54.036  5.508  19.063 0.0000000000
61216  53.568  4.991  19.569 0.0000000000
59368  54.535  2.950  20.038 0.0000000000
60218  48.914  4.991  27.214 0.0000000000
60219  48.115  4.482  27.089 0.0000000000
59303  47.411  3.210  27.191 0.0000000000
58306  46.879  2.617  27.764 0.0000000000
55397  43.643  -0.538  29.569 0.0000000000
52695  43.302  -3.092  29.459 0.0000000000
53589  43.258  -2.187  29.267 0.0000000000
53588  44.147  -3.166  28.972 0.0000000000
52694  43.926  -3.826  29.541 0.0000000000
51803  44.574  -4.338  29.825 0.0000000000
51804  43.847  -4.489  30.002 0.0000000000
50910  43.246  -6.104  31.243 0.0000000000
50900  43.265  -7.237  31.465 0.0000000000
107663  49.944  5.467  26.876 0.0000000000
106382  26.350  -18.840  48.982 0.0000000000
107146  25.882  -18.202  49.803 0.0000000000
119994  26.446  -19.051  53.550 0.0000000000
104951  24.911  -17.975  52.258 0.0000000000
39458  21.645  -17.122  56.353 0.0000000000
45434  34.556  -11.135  43.809 0.0000000000
44434  35.046  -10.803  43.576 0.0000000000
43444  34.836  -13.711  44.008 0.0000000000
40503  33.414  -18.007  46.150 0.0000000000
55301  40.091  0.001  37.311 0.0000000000
55302  39.343  -0.435  37.576 0.0000000000
50012  39.902  -6.961  37.285 0.0000000000
114493  40.751  -7.199  36.781 0.0000000000
37599  13.880  -19.610  67.272 0.0000000000
57269  46.333  1.755  30.715 0.0000000000
55370  43.931  -0.189  31.019 0.0000000000
54458  42.785  -0.863  31.635 0.0000000000
54459  41.973  -1.558  31.621 0.0000000000
38635  31.322  -19.318  46.808 0.0000000000
38608  31.276  -19.121  47.870 0.0000000000
38648  28.360  -20.845  43.905 0.0000000000
38636  28.005  -20.753  45.929 0.0000000000
40546  26.763  -17.231  42.618 0.0000000000
121839  25.999  -17.512  42.871 0.0000000000
38651  24.097  -18.682  43.792 0.0000000000
38622  26.465  -20.097  45.947 0.0000000000
38638  24.803  -19.284  45.678 0.0000000000
38639  23.332  -19.077  46.362 0.0000000000
39563  22.238  -17.748  47.007 0.0000000000
39550  22.458  -18.388  47.845 0.0000000000
38613  22.565  -18.278  48.784 0.0000000000
38604  22.330  -17.999  49.039 0.0000000000
44437  33.283  -12.479  44.386 0.0000000000
44438  32.612  -12.113  44.524 0.0000000000
42468  32.233  -14.906  45.323 0.0000000000
39572  31.621  -17.317  44.524 0.0000000000
39546  31.935  -18.842  47.372 0.0000000000
123157  39.177  -2.201  41.633 0.0000000000
51692  38.299  -4.834  40.209 0.0000000000
52595  38.289  -3.768  40.245 0.0000000000
49990  36.986  -7.569  39.496 0.0000000000
50000  38.505  -7.247  38.227 0.0000000000
63048  54.444  7.768  21.363 0.0000000000
64757  55.389  10.328  16.656 0.0000000000
107505  54.923  9.579  17.075 0.0000000000
61227  56.188  5.134  18.076 0.0000000000
61241  56.437  5.145  17.364 0.0000000000
59345  51.096  3.692  22.801 0.0000000000
58338  51.021  2.034  24.363 0.0000000000
57334  50.455  1.810  24.667 0.0000000000
57316  48.762  0.932  25.320 0.0000000000
114003  50.651  1.257  25.228 0.0000000000
55426  49.772  -0.234  26.579 0.0000000000
59289  47.653  3.214  29.003 0.0000000000
58286  47.225  2.708  29.595 0.0000000000
57299  46.058  1.585  28.297 0.0000000000
58298  46.386  2.241  28.442 0.0000000000
57308  46.446  1.231  27.646 0.0000000000
55410  44.152  -0.868  28.688 0.0000000000
56352  44.690  -0.126  28.585 0.0000000000
54503  45.127  -0.743  27.993 0.0000000000
54502  46.052  -0.927  27.575 0.0000000000
55422  46.604  -0.336  27.265 0.0000000000
55421  47.372  -0.424  27.091 0.0000000000
99441  39.193  -13.853  42.362 0.0000000000
99442  40.538  -14.211  44.526 0.0000000000
104144  40.001  -13.757  43.103 0.0000000000
62117  52.100  6.979  23.202 0.0000000000
60250  50.142  5.260  23.139 0.0000000000
61179  50.794  5.845  22.734 0.0000000000
60249  50.782  4.680  22.697 0.0000000000
39532  30.376  -18.947  48.392 0.0000000000
119993  25.906  -18.950  55.086 0.0000000000
40459  22.886  -17.170  49.536 0.0000000000
127214  23.532  -18.470  54.165 0.0000000000
36779  20.294  -21.455  57.867 0.0000000000
37655  21.026  -19.315  57.499 0.0000000000
36772  18.908  -20.833  58.742 0.0000000000
37651  18.069  -19.665  59.747 0.0000000000
38526  16.358  -18.556  61.294 0.0000000000
38527  15.756  -18.811  61.751 0.0000000000
111090  16.250  -18.276  61.952 0.0000000000
100002  17.421  -16.455  62.003 0.0000000000
107086  17.601  -16.505  64.086 0.0000000000
39409  16.564  -17.272  65.429 0.0000000000
38509  16.410  -17.785  65.117 0.0000000000
39410  15.850  -17.692  65.899 0.0000000000
40341  15.482  -17.174  66.078 0.0000000000
106957  37.334  -8.776  41.654 0.0000000000
123299  35.994  -10.836  41.677 0.0000000000
44457  36.716  -12.107  41.385 0.0000000000
43453  36.988  -13.925  41.854 0.0000000000
43450  36.009  -14.186  42.683 0.0000000000
119339  37.298  -16.329  43.031 0.0000000000
99421  37.996  -16.112  43.863 0.0000000000
102209  37.787  -15.934  45.039 0.0000000000
41491  34.243  -15.764  44.561 0.0000000000
40501  34.199  -17.312  46.215 0.0000000000
40481  34.992  -16.605  47.385 0.0000000000
40500  34.600  -16.973  46.681 0.0000000000
40499  35.363  -16.644  46.595 0.0000000000
58344  52.141  2.457  23.227 0.0000000000
58337  52.613  2.259  24.083 0.0000000000
55342  42.516  -0.502  34.306 0.0000000000
54439  40.798  -1.661  33.673 0.0000000000
54438  41.589  -1.434  33.086 0.0000000000
54389  38.760  -1.575  39.174 0.0000000000
125595  38.626  -2.112  39.033 0.0000000000
110930  38.460  -2.333  37.395 0.0000000000
54407  38.453  -1.867  36.707 0.0000000000
53521  38.741  -2.176  35.857 0.0000000000
50839  40.141  -5.763  37.241 0.0000000000
52622  40.037  -3.972  35.530 0.0000000000
53530  39.735  -3.139  34.934 0.0000000000
53531  39.219  -2.347  35.108 0.0000000000
52633  40.697  -3.755  33.771 0.0000000000
125012  41.111  -4.029  33.272 0.0000000000
52643  41.427  -4.357  32.743 0.0000000000
51776  41.757  -5.012  32.042 0.0000000000
50890  41.686  -5.705  32.992 0.0000000000
50889  41.653  -7.066  32.502 0.0000000000
117699  39.800  -12.882  41.628 0.0000000000
105711  40.041  -12.254  41.452 0.0000000000
118897  41.363  -11.836  42.244 0.0000000000
102767  40.785  -12.061  41.776 0.0000000000
99463  41.128  -11.101  41.827 0.0000000000
46468  41.761  -10.466  42.183 0.0000000000
47363  41.865  -9.689  41.892 0.0000000000
65665  58.359  10.604  9.530 0.0000000000
66434  58.492  11.475  9.314 0.0000000000
64816  58.753  9.753  9.575 0.0000000000
64774  55.852  9.496  14.285 0.0000000000
63967  56.384  8.764  13.632 0.0000000000
65644  56.488  10.234  12.760 0.0000000000
63119  58.789  7.284  13.189 0.0000000000
63120  58.234  7.291  13.593 0.0000000000
63975  57.508  8.469  12.496 0.0000000000
109389  54.096  1.903  22.579 0.0000000000
47395  37.660  -9.187  40.561 0.0000000000
61195  51.669  5.225  21.784 0.0000000000
60283  53.059  4.495  20.146 0.0000000000
59369  53.314  3.188  20.246 0.0000000000
36758  16.367  -20.348  61.147 0.0000000000
60211  48.556  4.256  27.870 0.0000000000
54470  42.448  -1.533  30.400 0.0000000000
54486  42.768  -1.775  29.783 0.0000000000
51784  42.397  -5.345  31.460 0.0000000000
39524  24.531  -17.905  49.365 0.0000000000
108323  25.064  -17.745  50.191 0.0000000000
113613  21.734  -16.426  55.962 0.0000000000
115293  34.326  -13.709  44.413 0.0000000000
40485  32.987  -17.470  48.088 0.0000000000
56240  39.567  0.068  39.016 0.0000000000
49998  41.205  -6.962  38.682 0.0000000000
55362  43.720  -0.517  31.819 0.0000000000
54447  44.419  -0.958  32.635 0.0000000000
40529  25.702  -16.194  42.931 0.0000000000
40507  24.476  -15.348  43.647 0.0000000000
43421  31.551  -13.454  45.821 0.0000000000
41481  29.657  -15.689  44.894 0.0000000000
41480  30.619  -15.333  45.492 0.0000000000
39584  30.855  -17.700  44.115 0.0000000000
52589  38.168  -3.458  41.070 0.0000000000
51683  37.884  -4.188  41.749 0.0000000000
48295  38.307  -8.374  39.225 0.0000000000
121052  39.728  -7.838  38.835 0.0000000000
48280  40.800  -8.856  39.856 0.0000000000
48266  41.663  -8.897  40.855 0.0000000000
63051  54.384  7.585  20.414 0.0000000000
63927  54.791  8.626  17.673 0.0000000000
61213  56.883  4.597  18.627 0.0000000000
122770  57.642  4.580  18.455 0.0000000000
60291  57.648  4.388  19.237 0.0000000000
59346  50.430  3.555  23.368 0.0000000000
59333  49.228  3.193  24.474 0.0000000000
58331  48.280  2.096  25.542 0.0000000000
56378  49.309  0.142  25.769 0.0000000000
55420  48.308  -0.533  27.135 0.0000000000
58287  46.486  2.313  29.255 0.0000000000
54494  46.531  -1.582  28.006 0.0000000000
53598  47.016  -2.131  28.427 0.0000000000
118065  39.258  -14.316  43.188 0.0000000000
121945  50.789  6.647  25.821 0.0000000000
61172  50.704  6.710  24.673 0.0000000000
39533  29.078  -19.157  48.216 0.0000000000
102654  24.697  -19.381  56.168 0.0000000000
119429  23.713  -19.978  55.549 0.0000000000
41401  23.246  -15.918  52.090 0.0000000000
38561  22.986  -20.210  55.572 0.0000000000
37663  21.865  -20.679  56.475 0.0000000000
36784  21.410  -21.241  56.991 0.0000000000
40348  15.395  -16.392  65.829 0.0000000000
43449  36.619  -14.167  42.062 0.0000000000
42467  33.019  -14.500  45.110 0.0000000000
41478  33.900  -16.068  44.742 0.0000000000
40466  34.010  -16.482  48.427 0.0000000000
55329  41.443  -0.231  35.444 0.0000000000
55343  41.649  -0.561  34.671 0.0000000000
111064  41.054  -1.032  34.304 0.0000000000
52600  38.735  -3.565  38.878 0.0000000000
114603  38.726  -2.683  38.712 0.0000000000
52617  39.013  -3.073  37.474 0.0000000000
124572  41.420  -5.198  34.260 0.0000000000
120582  41.269  -13.103  43.082 0.0000000000
99462  41.766  -12.669  43.246 0.0000000000
44444  42.299  -12.169  43.527 0.0000000000
65658  57.905  10.749  10.375 0.0000000000
63946  55.358  8.129  15.707 0.0000000000
64775  55.610  9.238  14.902 0.0000000000
63108  55.799  7.778  15.053 0.0000000000
62213  59.228  6.285  13.484 0.0000000000
62225  59.579  6.747  12.860 0.0000000000
63131  59.187  7.392  12.442 0.0000000000
40528  27.205  -15.552  42.577 0.0000000000
125561  29.914  -15.469  45.665 0.0000000000
60269  56.250  3.351  20.897 0.0000000000
60259  57.040  3.845  21.677 0.0000000000
59360  56.170  3.244  21.845 0.0000000000
59344  55.806  2.829  23.178 0.0000000000
49976  37.445  -6.183  42.023 0.0000000000
110893  37.372  -6.407  41.121 0.0000000000
48281  38.205  -8.870  39.911 0.0000000000
47407  38.795  -9.199  39.524 0.0000000000
46496  40.136  -10.369  40.658 0.0000000000
127092  52.727  6.060  20.990 0.0000000000
111981  53.993  6.850  20.100 0.0000000000
36763  18.536  -21.553  59.431 0.0000000000
60234  48.576  5.144  25.220 0.0000000000
58318  47.648  2.866  26.308 0.0000000000
123669  44.522  0.426  29.688 0.0000000000
54497  43.874  -1.842  28.741 0.0000000000
53601  44.411  -2.434  28.636 0.0000000000
51793  45.231  -4.789  30.196 0.0000000000
50914  45.016  -5.595  30.564 0.0000000000
50915  44.105  -5.835  30.725 0.0000000000
50908  44.693  -6.496  30.893 0.0000000000
99429  39.485  -14.590  46.233 0.0000000000
121271  27.105  -18.523  52.063 0.0000000000
118434  26.290  -19.218  54.344 0.0000000000
99893  22.277  -16.941  54.720 0.0000000000
40382  21.188  -17.035  57.109 0.0000000000
39435  20.328  -17.629  58.066 0.0000000000
39436  19.694  -17.431  58.395 0.0000000000
43443  35.497  -13.722  43.390 0.0000000000
41490  35.071  -15.993  44.339 0.0000000000
127033  33.919  -17.133  47.402 0.0000000000
41456  33.240  -16.763  48.595 0.0000000000
41455  33.656  -16.709  48.354 0.0000000000
109131  52.034  1.328  26.438 0.0000000000
55314  40.321  -0.233  36.503 0.0000000000
123806  39.583  -0.893  36.058 0.0000000000
124928  39.602  -5.472  37.846 0.0000000000
50857  40.455  -5.920  36.700 0.0000000000
50856  40.468  -6.719  36.326 0.0000000000
65643  56.963  10.684  12.252 0.0000000000
62170  56.956  4.888  15.447 0.0000000000
62185  57.322  5.385  14.632 0.0000000000
37605  15.029  -18.975  65.230 0.0000000000
58277  47.496  2.610  30.546 0.0000000000
57280  45.679  1.289  30.415 0.0000000000
112090  45.401  0.672  30.971 0.0000000000
55383  43.403  -0.467  30.384 0.0000000000
55372  42.794  -0.901  30.713 0.0000000000
53564  41.869  -1.966  30.829 0.0000000000
40468  31.599  -17.442  49.220 0.0000000000
115399  31.346  -18.380  48.632 0.0000000000
38609  29.751  -19.403  47.760 0.0000000000
39548  28.224  -19.713  47.319 0.0000000000
39587  27.362  -18.398  42.260 0.0000000000
38661  27.444  -19.544  42.804 0.0000000000
38649  26.615  -19.852  43.473 0.0000000000
39576  25.272  -17.926  43.185 0.0000000000
38650  25.327  -19.215  43.204 0.0000000000
38611  24.661  -18.640  47.898 0.0000000000
38625  23.246  -18.904  47.286 0.0000000000
38612  23.633  -18.378  48.452 0.0000000000
39573  31.664  -18.334  44.731 0.0000000000
40486  32.150  -18.034  48.298 0.0000000000
54380  39.908  -1.783  40.611 0.0000000000
53501  39.306  -2.264  40.265 0.0000000000
120668  38.654  -3.258  39.533 0.0000000000
50827  38.624  -6.139  38.792 0.0000000000
49999  39.315  -7.050  37.699 0.0000000000
109955  55.194  8.892  15.828 0.0000000000
63936  54.962  8.542  16.488 0.0000000000
62187  55.551  6.522  15.571 0.0000000000
62171  55.935  5.557  15.869 0.0000000000
62151  54.577  6.288  17.964 0.0000000000
62161  55.631  5.638  16.820 0.0000000000
59357  51.814  3.453  22.126 0.0000000000
58351  51.739  2.986  22.750 0.0000000000
58329  49.570  2.209  24.586 0.0000000000
57314  51.439  1.241  25.809 0.0000000000
56364  50.681  0.130  27.019 0.0000000000
57307  46.915  1.704  27.275 0.0000000000
56367  46.471  0.374  27.334 0.0000000000
55408  48.803  -1.017  27.875 0.0000000000
44467  37.089  -11.574  40.733 0.0000000000
44466  37.956  -11.738  40.782 0.0000000000
44456  38.405  -12.411  41.325 0.0000000000
118168  39.916  -13.369  42.082 0.0000000000
102211  40.666  -13.249  42.595 0.0000000000
61185  51.495  5.853  22.190 0.0000000000
59365  51.675  4.410  21.828 0.0000000000
39521  29.318  -18.325  49.905 0.0000000000
39523  27.809  -18.634  49.785 0.0000000000
39517  23.778  -16.465  50.646 0.0000000000
99882  24.326  -18.134  52.964 0.0000000000
99874  23.405  -20.761  55.613 0.0000000000
99873  23.421  -20.974  55.625 0.0000000000
99869  23.455  -21.372  55.850 0.0000000000
36771  19.716  -21.766  58.597 0.0000000000
37614  15.233  -19.115  63.073 0.0000000000
39430  18.605  -17.361  58.979 0.0000000000
38544  17.486  -17.783  60.188 0.0000000000
39420  17.090  -17.489  61.786 0.0000000000
100001  17.277  -16.438  62.901 0.0000000000
38518  16.528  -17.758  62.710 0.0000000000
38513  16.035  -18.228  63.561 0.0000000000
116489  16.010  -18.145  64.475 0.0000000000
38510  15.672  -18.376  64.987 0.0000000000
38503  15.394  -18.435  66.228 0.0000000000
46480  36.631  -10.598  40.941 0.0000000000
120108  38.670  -14.969  43.093 0.0000000000
102227  38.676  -15.465  43.950 0.0000000000
119580  36.745  -15.155  42.061 0.0000000000
120094  38.095  -15.869  42.804 0.0000000000
40523  33.767  -16.564  44.769 0.0000000000
40498  36.122  -16.385  46.243 0.0000000000
58336  53.589  2.309  24.311 0.0000000000
57313  52.820  1.767  26.858 0.0000000000
55341  43.436  -0.768  34.035 0.0000000000
54394  38.371  -1.827  38.584 0.0000000000
54400  38.710  -0.869  37.886 0.0000000000
54406  38.837  -1.025  36.925 0.0000000000
54415  39.260  -1.650  35.450 0.0000000000
52616  39.284  -3.583  36.869 0.0000000000
54428  39.673  -1.815  34.713 0.0000000000
53540  40.046  -2.102  34.058 0.0000000000
52645  40.388  -2.696  33.455 0.0000000000
52662  41.303  -3.599  32.258 0.0000000000
44465  38.709  -11.878  41.027 0.0000000000
45450  41.801  -11.260  42.485 0.0000000000
47377  40.816  -9.876  40.880 0.0000000000
47376  41.479  -9.483  41.182 0.0000000000
65635  56.108  10.740  13.392 0.0000000000
64790  57.032  9.829  12.170 0.0000000000
63106  57.132  6.959  14.013 0.0000000000
63121  57.519  7.500  13.646 0.0000000000
63966  57.046  8.181  13.165 0.0000000000
107030  57.317  9.150  12.148 0.0000000000
65651  57.351  10.351  11.657 0.0000000000
64796  58.179  9.252  11.142 0.0000000000
63993  58.795  8.818  10.689 0.0000000000
63143  59.156  7.734  11.671 0.0000000000
63982  59.124  8.137  10.990 0.0000000000
64804  59.038  9.060  9.962 0.0000000000
38627  22.380  -18.404  48.507 0.0000000000
39412  17.187  -16.945  64.819 0.0000000000
39551  21.956  -18.059  48.521 0.0000000000
53510  38.394  -2.217  38.062 0.0000000000
63955  55.541  8.668  15.256 0.0000000000
64797  57.551  9.565  11.628 0.0000000000
110187  16.730  -17.267  63.543 0.0000000000
120322  16.147  -17.785  65.512 0.0000000000
121281  58.118  11.365  9.908 0.0000000000
