#!ascii label  , from subject sub-v2s4x29599_ses-1 vox2ras=TkReg
1456
104022  17.228  -66.573  -17.488 0.6999999881
103209  17.490  -67.204  -17.006 0.8000000119
116877  17.719  -67.634  -15.216 0.8000000119
97580  16.774  -68.600  -14.682 0.6999999881
102689  15.854  -66.453  -17.865 0.6000000238
118501  16.556  -66.714  -17.665 0.6000000238
102827  17.358  -67.897  -16.115 0.6000000238
118500  15.087  -66.125  -18.189 0.6000000238
104402  18.098  -67.344  -14.399 0.8000000119
126027  17.538  -68.127  -14.236 0.6999999881
104689  17.728  -67.903  -13.423 0.6999999881
103864  17.018  -68.184  -12.600 0.6999999881
122544  15.678  -65.734  -17.854 0.6000000238
119228  18.036  -67.027  -16.341 0.6999999881
97579  16.968  -68.553  -13.516 0.6999999881
3640  13.085  -66.104  -20.241 0.6000000238
3644  13.115  -65.929  -20.654 0.6000000238
3320  13.716  -66.583  -20.473 0.6000000238
3331  15.259  -67.336  -22.036 0.6000000238
3327  14.421  -67.082  -21.299 0.6000000238
103454  18.877  -66.583  -12.588 0.8000000119
124098  18.416  -66.712  -11.718 0.8000000119
3285  17.483  -66.918  -11.229 0.6999999881
3611  15.802  -66.731  -10.951 0.6999999881
3621  18.475  -67.046  -13.509 0.8000000119
3291  17.863  -67.345  -12.433 0.6999999881
3286  16.402  -67.277  -11.323 0.6999999881
97597  18.302  -66.717  -15.390 0.6999999881
123337  16.980  -67.590  -11.913 0.6999999881
119622  17.780  -66.311  -17.015 0.6999999881
97602  14.275  -65.589  -18.781 0.6999999881
97600  12.893  -65.515  -20.183 0.6000000238
104520  13.235  -65.484  -19.563 0.6000000238
3332  14.683  -67.004  -21.726 0.6000000238
3323  13.722  -66.682  -20.985 0.6000000238
3330  15.973  -67.404  -22.293 0.6000000238
115787  18.909  -69.396  -22.054 0.6999999881
2682  17.692  -69.212  -21.982 0.6000000238
2654  20.223  -69.646  -19.601 0.5000000000
2670  19.343  -69.463  -20.824 0.6000000238
2315  20.782  -70.297  -19.160 0.5000000000
97813  19.455  -66.212  -11.601 0.8999999762
110171  18.573  -66.463  -10.576 0.8000000119
104204  17.703  -66.405  -9.900 0.6999999881
3620  19.168  -66.010  -13.563 0.6999999881
3610  16.730  -66.607  -10.574 0.6999999881
103471  18.189  -65.898  -16.162 0.8000000119
3625  18.624  -66.413  -14.509 0.8000000119
104651  17.261  -65.670  -17.488 0.8000000119
104983  14.521  -63.993  -18.870 0.6999999881
106107  13.964  -64.706  -19.148 0.8000000119
97603  13.270  -64.850  -19.787 0.8000000119
117226  13.792  -65.084  -21.024 0.6999999881
3962  13.916  -65.742  -21.175 0.6999999881
3648  15.402  -66.692  -22.044 0.6000000238
2986  17.624  -68.823  -22.878 0.6999999881
2680  19.648  -69.319  -22.096 0.6999999881
105429  18.766  -66.100  -9.340 0.8000000119
3606  17.076  -66.159  -9.801 0.6999999881
3937  18.884  -65.570  -14.487 0.8000000119
105498  19.801  -65.802  -12.607 0.8000000119
126955  18.512  -65.925  -15.254 0.6999999881
97609  15.068  -63.951  -18.388 0.6999999881
103103  16.157  -64.461  -17.870 0.6000000238
97610  15.422  -64.506  -18.116 0.8000000119
97606  14.013  -64.196  -19.436 0.8000000119
4299  13.963  -64.115  -21.100 0.8000000119
3970  14.696  -65.012  -21.386 0.6999999881
3647  16.415  -66.835  -22.390 0.8000000119
3649  14.607  -66.234  -21.525 0.6999999881
3658  17.198  -66.963  -22.904 0.8000000119
2996  19.165  -68.793  -23.668 0.6999999881
2997  17.841  -68.326  -23.434 0.6999999881
3342  16.681  -67.600  -22.897 0.6999999881
2690  19.837  -69.154  -23.159 0.6999999881
2691  19.011  -69.233  -22.915 0.6999999881
9153  14.188  -56.979  -14.278 0.6000000238
114685  15.061  -56.626  -14.214 0.6000000238
9166  15.846  -56.610  -16.543 0.6000000238
9789  16.152  -55.824  -17.535 0.6999999881
97815  19.800  -65.906  -10.348 0.8999999762
97814  17.895  -65.858  -9.001 0.6999999881
3938  17.990  -64.853  -16.215 0.6000000238
104673  15.915  -63.809  -18.009 0.6000000238
97599  16.618  -64.057  -17.592 0.6000000238
102933  14.116  -63.515  -19.150 0.6999999881
4748  13.210  -63.016  -21.409 0.6999999881
118879  13.855  -63.253  -19.913 0.6999999881
5227  15.964  -62.602  -7.529 0.6999999881
5228  14.972  -62.461  -7.298 0.6999999881
4755  12.994  -63.591  -22.241 0.8000000119
105568  13.902  -64.068  -20.172 0.8000000119
5219  15.529  -61.885  -7.543 0.6000000238
5814  14.430  -61.514  -7.605 0.6000000238
121907  13.487  -61.549  -7.805 0.6999999881
4298  14.235  -64.250  -21.354 0.6999999881
108649  13.573  -60.820  -7.881 0.5000000000
5815  12.726  -61.096  -8.020 0.6999999881
116103  16.235  -65.842  -21.992 0.8000000119
3969  15.369  -65.496  -21.717 0.8000000119
111264  14.427  -60.604  -8.218 0.5000000000
7170  13.058  -59.249  -8.118 0.5000000000
127164  18.565  -68.344  -23.711 0.6999999881
113312  13.142  -58.480  -8.184 0.5000000000
8444  13.199  -56.932  -8.400 0.6000000238
7806  12.581  -57.496  -8.399 0.5000000000
7818  12.035  -57.451  -9.320 0.6000000238
8459  12.296  -57.272  -10.414 0.6999999881
8475  12.645  -57.148  -11.708 0.6999999881
9109  13.626  -56.273  -10.016 0.5000000000
9122  13.101  -56.744  -10.813 0.6000000238
9135  13.348  -56.591  -12.100 0.6000000238
9145  14.515  -56.209  -13.464 0.6000000238
9092  13.749  -56.434  -8.888 0.6000000238
9134  14.106  -56.110  -12.465 0.6000000238
9739  14.578  -55.852  -10.648 0.5000000000
9121  13.900  -56.249  -11.329 0.5000000000
9144  15.489  -55.989  -13.645 0.6000000238
9165  16.335  -56.395  -15.832 0.6000000238
9778  16.666  -56.110  -16.480 0.6999999881
10405  17.075  -54.305  -18.462 0.6000000238
11079  15.425  -53.857  -19.138 0.6999999881
9120  14.594  -55.910  -11.793 0.6000000238
9157  16.281  -56.304  -15.166 0.6000000238
9777  17.288  -55.757  -16.274 0.6999999881
119319  19.770  -65.486  -9.225 0.8999999762
122878  18.290  -65.110  -15.324 0.6000000238
3928  20.141  -65.097  -13.179 0.6999999881
104266  18.335  -65.016  -8.756 0.8000000119
4229  16.757  -65.220  -9.625 0.6999999881
103441  17.482  -64.055  -8.685 0.6999999881
4659  18.286  -64.216  -8.948 0.8000000119
103580  14.295  -62.950  -18.692 0.6999999881
112995  16.998  -62.762  -7.921 0.8000000119
4666  16.589  -63.228  -7.904 0.6000000238
5813  16.416  -62.184  -7.993 0.6999999881
123536  15.920  -61.468  -8.832 0.6000000238
4304  16.109  -64.599  -22.004 0.8000000119
4766  15.432  -63.529  -22.577 0.8000000119
124128  16.862  -65.186  -22.135 0.8000000119
6532  15.209  -60.125  -9.255 0.5000000000
3646  17.995  -66.222  -22.478 0.8000000119
7169  14.551  -59.172  -8.940 0.5000000000
7816  15.192  -58.521  -9.318 0.5000000000
8443  14.177  -57.050  -8.374 0.6000000238
7817  13.867  -57.884  -8.235 0.6000000238
9078  14.595  -56.445  -8.420 0.6000000238
126660  14.167  -55.955  -9.482 0.6000000238
11779  17.175  -52.830  -19.328 0.5000000000
11077  17.501  -53.526  -18.792 0.5000000000
11078  16.506  -53.548  -19.223 0.6000000238
9748  15.922  -55.781  -12.740 0.6000000238
9151  16.559  -55.933  -14.520 0.6999999881
9769  17.730  -55.540  -15.647 0.6999999881
10380  17.048  -55.527  -17.093 0.6999999881
108423  16.243  -55.519  -12.146 0.6000000238
10379  17.858  -55.353  -16.639 0.6000000238
113147  16.714  -55.625  -12.713 0.6999999881
9763  17.455  -55.685  -14.738 0.6000000238
113039  18.325  -54.987  -15.837 0.5000000000
120036  20.383  -65.253  -12.770 0.6999999881
117728  20.825  -65.288  -11.726 0.6999999881
102273  20.682  -65.116  -9.977 0.6999999881
117815  20.071  -64.815  -8.826 0.8000000119
97816  19.201  -64.100  -9.183 0.6999999881
124130  17.935  -62.974  -8.836 0.6999999881
4660  17.544  -63.305  -8.498 0.6999999881
12479  16.989  -51.098  -19.350 0.5000000000
8430  15.710  -57.188  -8.108 0.5000000000
8431  14.942  -56.917  -8.191 0.6000000238
12480  16.375  -51.626  -19.052 0.5000000000
9077  15.365  -56.503  -7.880 0.5000000000
9076  16.168  -56.905  -7.651 0.5000000000
9707  14.971  -56.000  -8.307 0.6000000238
108605  15.524  -55.427  -10.571 0.6000000238
115542  18.356  -54.919  -17.324 0.5000000000
9059  16.251  -56.309  -7.530 0.5000000000
9716  15.191  -55.599  -8.737 0.6000000238
10319  16.372  -55.061  -10.426 0.6000000238
123524  21.182  -64.418  -12.074 0.6999999881
102483  21.156  -64.418  -10.949 0.6999999881
102234  20.592  -64.410  -9.781 0.6999999881
9746  17.879  -55.090  -12.927 0.5000000000
9695  17.189  -56.121  -7.243 0.5000000000
9762  18.236  -55.276  -14.923 0.5000000000
10305  16.691  -55.002  -8.703 0.5000000000
10328  16.982  -54.886  -11.228 0.5000000000
9737  16.868  -55.273  -12.022 0.5000000000
9756  17.955  -55.363  -13.917 0.5000000000
10347  18.632  -54.789  -13.355 0.5000000000
10346  19.401  -54.429  -13.746 0.5000000000
10317  18.065  -54.087  -10.564 0.5000000000
10336  18.481  -54.615  -12.416 0.5000000000
10356  18.783  -54.859  -14.297 0.5000000000
10310  17.217  -54.590  -9.253 0.5000000000
125202  17.628  -54.517  -11.145 0.5000000000
10337  17.672  -54.934  -11.976 0.5000000000
9705  16.575  -55.486  -7.905 0.5000000000
10318  17.224  -54.594  -10.277 0.5000000000
10999  19.039  -54.064  -11.921 0.5000000000
12442  18.546  -51.658  -15.122 0.6000000238
12443  17.476  -52.304  -14.901 0.6000000238
13206  18.524  -50.998  -15.884 0.5000000000
13180  18.636  -50.917  -14.382 0.6999999881
12433  16.828  -52.111  -14.091 0.6000000238
108984  16.219  -52.451  -14.610 0.6000000238
13182  15.146  -51.251  -13.504 0.6999999881
13913  17.168  -49.179  -14.129 0.6000000238
13898  16.657  -50.265  -13.305 0.6999999881
12420  16.145  -51.367  -13.368 0.6999999881
12435  14.815  -51.803  -14.143 0.6999999881
13915  14.748  -50.041  -13.636 0.8000000119
14674  16.895  -48.033  -14.668 0.5000000000
13912  18.710  -49.904  -14.561 0.5000000000
126932  15.591  -50.479  -13.091 0.8000000119
13914  15.758  -49.460  -13.515 0.6000000238
14678  12.629  -47.987  -14.768 0.6999999881
14673  18.058  -48.835  -14.842 0.5000000000
14676  14.137  -48.051  -14.620 0.6999999881
14677  13.355  -48.401  -14.749 0.6999999881
110253  14.956  -48.830  -14.295 0.6999999881
14675  15.957  -48.434  -14.508 0.6999999881
14660  12.172  -47.819  -14.609 0.6999999881
15356  13.269  -47.489  -14.760 0.6999999881
116793  16.027  -47.414  -14.848 0.6000000238
113046  15.105  -47.515  -14.777 0.8000000119
15298  16.593  -47.336  -9.977 0.6999999881
15299  15.995  -47.557  -10.242 0.8000000119
123101  16.429  -46.165  -16.866 0.4000000060
15336  12.237  -47.382  -13.535 0.6999999881
16064  16.093  -46.431  -16.385 0.5000000000
15357  12.721  -47.286  -14.577 0.6999999881
16049  15.660  -46.696  -15.536 0.6000000238
20455  10.739  -40.321  -6.758 0.5000000000
19474  10.755  -40.760  -7.611 0.5000000000
109832  10.480  -41.792  -8.892 0.5000000000
17261  14.772  -44.378  -8.649 0.5000000000
17259  16.514  -44.603  -9.061 0.6000000238
17260  15.668  -44.477  -8.662 0.6000000238
17262  14.071  -44.276  -9.022 0.6000000238
17289  11.484  -44.031  -10.537 0.6000000238
16636  16.099  -45.385  -8.694 0.6999999881
16637  15.204  -45.213  -8.498 0.6999999881
15972  16.312  -46.414  -8.953 0.6999999881
15973  15.494  -46.700  -8.640 0.6999999881
16010  12.919  -46.871  -13.213 0.6999999881
16009  13.718  -46.678  -13.013 0.6999999881
16008  14.598  -46.566  -12.766 0.8000000119
16720  15.398  -46.157  -18.018 0.5000000000
16035  12.855  -46.871  -14.417 0.6999999881
16079  15.121  -47.031  -18.617 0.6000000238
16052  13.456  -46.582  -14.816 0.8000000119
16050  14.782  -46.714  -15.867 0.6999999881
16051  13.882  -46.382  -15.883 0.8000000119
15355  14.076  -47.004  -14.885 0.8000000119
111738  10.454  -39.766  -5.935 0.5000000000
21391  10.892  -39.503  -7.134 0.6000000238
21400  11.002  -39.188  -8.227 0.5000000000
20463  10.832  -40.009  -8.174 0.6000000238
19483  10.861  -41.034  -8.504 0.6000000238
18585  10.015  -42.604  -9.599 0.6000000238
19492  10.776  -41.616  -9.324 0.6000000238
18584  10.777  -42.139  -10.063 0.5000000000
17864  15.272  -43.655  -8.666 0.5000000000
17865  14.545  -43.476  -8.751 0.5000000000
17879  16.961  -43.830  -9.348 0.6000000238
17866  13.927  -43.312  -9.307 0.6000000238
17274  13.613  -44.107  -10.063 0.6999999881
18602  11.335  -42.801  -10.491 0.6000000238
115278  17.381  -45.336  -9.935 0.6000000238
16652  16.850  -45.595  -9.304 0.6999999881
16638  14.274  -45.172  -8.620 0.6999999881
17263  13.371  -45.055  -9.341 0.8000000119
17288  12.474  -43.985  -10.644 0.6999999881
16660  17.342  -45.972  -10.433 0.6999999881
15289  17.073  -46.812  -10.093 0.6999999881
15997  17.088  -46.470  -10.884 0.6999999881
15991  16.546  -47.089  -10.575 0.8000000119
16020  15.032  -46.076  -13.130 0.8000000119
124179  15.684  -46.680  -11.789 0.8000000119
16089  14.888  -47.106  -19.280 0.5000000000
17342  13.176  -44.944  -18.163 0.6000000238
16022  13.333  -46.382  -13.863 0.8000000119
16021  14.215  -46.021  -13.635 0.8000000119
15367  14.833  -47.384  -18.330 0.6000000238
16091  13.565  -46.799  -18.651 0.6999999881
16701  13.466  -45.890  -15.126 0.8000000119
16066  14.302  -46.873  -17.444 0.6999999881
16067  13.468  -46.196  -16.924 0.6999999881
22290  10.783  -39.015  -6.293 0.4000000060
20462  11.130  -39.719  -8.697 0.4000000060
19482  11.145  -40.701  -8.755 0.5000000000
19491  11.176  -41.532  -9.466 0.5000000000
17863  16.148  -43.719  -8.955 0.5000000000
18568  14.333  -42.556  -8.484 0.6000000238
18569  13.252  -42.519  -9.009 0.6000000238
18583  11.711  -42.338  -9.987 0.6000000238
17272  17.615  -44.495  -10.147 0.6000000238
17880  13.226  -43.250  -10.278 0.6999999881
17894  11.959  -43.406  -10.695 0.6999999881
112389  17.637  -45.153  -10.660 0.6000000238
16006  16.036  -46.153  -12.083 0.8000000119
17325  13.530  -44.845  -15.994 0.6999999881
16706  13.396  -45.497  -15.710 0.6999999881
16695  13.667  -45.838  -14.449 0.8000000119
16694  14.242  -45.383  -14.278 0.8000000119
16714  13.063  -45.690  -17.612 0.6999999881
22289  11.167  -38.353  -6.550 0.4000000060
23221  11.082  -37.620  -5.703 0.4000000060
23206  9.826  -37.658  -5.478 0.4000000060
22311  11.186  -38.693  -8.007 0.5000000000
22302  11.095  -38.837  -7.458 0.4000000060
20461  11.724  -40.240  -8.730 0.5000000000
19473  12.890  -40.914  -8.063 0.5000000000
18570  12.199  -42.053  -9.154 0.5000000000
21390  13.679  -40.290  -7.748 0.5000000000
113829  12.637  -42.648  -9.957 0.6999999881
16679  17.119  -45.087  -11.984 0.6000000238
16681  15.685  -45.797  -12.875 0.8000000119
17334  13.898  -44.183  -16.400 0.6000000238
114546  14.095  -43.964  -15.344 0.6000000238
17319  15.281  -44.290  -13.812 0.6999999881
16692  15.941  -45.027  -13.222 0.6999999881
16700  13.782  -45.148  -15.113 0.6999999881
113775  9.488  -35.287  -5.189 0.3000000119
23233  11.856  -37.573  -7.521 0.4000000060
23220  11.604  -37.624  -6.880 0.3000000119
24066  11.596  -36.899  -6.223 0.4000000060
120916  11.184  -36.764  -5.481 0.4000000060
113914  10.878  -36.096  -5.228 0.4000000060
24901  9.786  -36.005  -5.363 0.5000000000
22310  11.619  -38.671  -8.205 0.4000000060
24887  10.389  -35.254  -5.170 0.3000000119
124052  11.679  -39.738  -8.707 0.4000000060
20453  13.846  -41.104  -7.713 0.5000000000
20454  12.565  -39.966  -8.251 0.4000000060
19479  14.664  -41.562  -7.975 0.6000000238
21398  12.110  -39.205  -8.374 0.4000000060
121784  14.402  -40.805  -7.744 0.4000000060
16680  16.415  -45.519  -12.475 0.6999999881
17321  14.503  -44.598  -14.454 0.6999999881
24055  9.210  -36.834  -5.371 0.4000000060
26429  10.981  -33.391  -5.590 0.3000000119
22300  12.106  -38.001  -7.898 0.3000000119
21397  13.138  -39.364  -8.052 0.4000000060
20460  14.680  -40.130  -7.935 0.4000000060
21396  14.134  -39.348  -7.992 0.4000000060
24911  11.977  -36.260  -6.600 0.3000000119
113192  11.574  -36.179  -5.690 0.3000000119
24900  11.420  -35.369  -5.325 0.4000000060
25678  10.969  -34.326  -5.291 0.3000000119
24076  11.921  -36.923  -7.170 0.3000000119
22309  12.570  -38.587  -8.122 0.3000000119
22308  13.555  -38.559  -8.101 0.3000000119
22307  14.504  -38.464  -8.251 0.3000000119
25693  11.935  -34.708  -5.963 0.3000000119
26428  11.753  -33.750  -6.036 0.3000000119
24899  12.008  -35.579  -6.172 0.3000000119
23231  13.499  -37.263  -7.701 0.3000000119
23243  13.978  -37.773  -7.993 0.3000000119
25679  9.725  -34.503  -5.219 0.3000000119
124155  12.321  -35.755  -6.965 0.3000000119
25692  12.361  -35.075  -6.836 0.3000000119
23230  14.393  -36.950  -7.619 0.3000000119
6521  12.821  -60.144  -7.875 0.6000000238
7807  12.175  -58.480  -8.777 0.6999999881
7819  11.772  -58.253  -10.278 0.6999999881
19481  11.824  -41.120  -8.799 0.4000000060
19480  13.615  -41.767  -8.059 0.6000000238
104166  16.745  -67.874  -16.745 0.6999999881
104923  16.173  -68.039  -11.963 0.6999999881
105355  15.132  -65.226  -18.124 0.8000000119
2683  16.955  -68.671  -22.156 0.6000000238
2998  17.008  -68.258  -23.104 0.6999999881
97598  17.723  -65.138  -16.957 0.6000000238
119174  17.495  -64.827  -9.016 0.6999999881
110566  15.209  -64.212  -21.826 0.8000000119
3341  17.462  -67.690  -23.313 0.6999999881
3657  18.096  -67.036  -23.272 0.8000000119
10395  16.694  -55.074  -18.021 0.6999999881
108691  15.763  -53.031  -19.364 0.6000000238
9143  16.439  -55.781  -13.570 0.6999999881
7182  15.913  -59.641  -9.750 0.5000000000
9728  14.870  -55.608  -9.585 0.6000000238
16034  13.324  -46.424  -14.451 0.8000000119
1651  26.843  -72.704  -19.999 0.4000000060
1655  28.397  -72.100  -20.160 0.4000000060
1668  25.218  -72.104  -21.512 0.3000000119
1389  26.094  -73.006  -20.157 0.4000000060
1656  27.680  -72.444  -19.931 0.4000000060
2336  26.237  -70.075  -22.729 0.4000000060
1992  26.827  -70.676  -22.491 0.5000000000
1983  27.416  -71.219  -22.012 0.5000000000
2002  25.978  -70.408  -22.441 0.3000000119
1993  26.099  -70.794  -22.365 0.4000000060
1666  27.137  -71.895  -21.271 0.4000000060
1994  25.379  -70.919  -22.241 0.3000000119
1667  26.130  -71.972  -21.376 0.3000000119
1657  26.520  -72.401  -20.695 0.3000000119
1679  23.859  -71.888  -22.060 0.3000000119
2328  25.473  -70.472  -22.262 0.4000000060
2676  25.197  -69.913  -21.547 0.4000000060
123147  26.504  -69.793  -22.837 0.5000000000
2665  24.400  -69.641  -20.608 0.3000000119
1995  24.487  -71.163  -22.100 0.3000000119
1985  23.088  -71.110  -21.396 0.4000000060
2330  23.854  -70.884  -21.626 0.3000000119
2314  21.733  -70.283  -19.771 0.4000000060
1986  22.334  -71.335  -21.194 0.4000000060
109446  21.284  -70.939  -19.775 0.4000000060
110687  24.977  -69.123  -20.337 0.4000000060
121964  24.047  -68.051  -20.440 0.4000000060
2976  24.082  -68.808  -19.917 0.4000000060
2984  23.470  -68.342  -20.762 0.4000000060
3338  23.070  -67.441  -22.761 0.5000000000
2666  23.720  -69.453  -20.234 0.4000000060
124012  22.214  -68.552  -21.809 0.4000000060
2313  22.471  -70.504  -20.364 0.4000000060
2652  22.446  -69.760  -19.898 0.5000000000
2653  21.365  -69.557  -19.861 0.4000000060
2656  18.533  -69.682  -20.272 0.6000000238
2301  19.833  -70.081  -19.068 0.4000000060
3346  23.110  -66.633  -23.229 0.6000000238
3347  22.518  -67.496  -24.083 0.6000000238
2993  22.023  -68.426  -23.093 0.6000000238
3002  21.911  -68.204  -24.081 0.6000000238
2994  21.199  -68.619  -23.676 0.6000000238
3004  20.295  -67.853  -24.369 0.6999999881
2678  21.373  -68.820  -22.296 0.5000000000
2689  20.594  -68.997  -23.227 0.6000000238
3339  19.252  -68.003  -24.190 0.6999999881
115766  21.374  -65.537  -23.369 0.6999999881
3976  19.962  -65.991  -23.089 0.6999999881
3655  21.864  -66.018  -23.800 0.6000000238
108332  20.308  -66.505  -23.886 0.6999999881
3968  17.642  -65.213  -22.322 0.6999999881
112731  17.110  -64.240  -22.238 0.6999999881
109025  13.480  -63.471  -22.960 0.6999999881
3664  19.821  -67.192  -24.188 0.6999999881
3645  18.979  -66.255  -22.931 0.6999999881
107679  18.981  -67.169  -23.754 0.6999999881
4302  20.042  -64.497  -22.436 0.5000000000
4303  19.071  -64.439  -22.465 0.6000000238
3966  19.567  -65.326  -22.609 0.6999999881
112732  18.119  -64.355  -22.406 0.6000000238
4765  16.254  -63.504  -22.356 0.6999999881
127478  15.659  -62.921  -23.119 0.6999999881
126332  19.586  -66.612  -23.623 0.6999999881
4773  15.020  -63.143  -23.403 0.6999999881
5330  13.110  -62.885  -22.874 0.6000000238
4764  17.707  -63.499  -22.358 0.6000000238
5327  17.248  -62.832  -22.272 0.6000000238
5328  15.387  -62.901  -23.250 0.6000000238
5317  15.928  -62.620  -22.309 0.6000000238
4722  16.277  -63.453  -17.777 0.5000000000
97570  15.995  -68.725  -12.716 0.6000000238
111405  16.204  -68.949  -13.576 0.6000000238
5319  14.005  -62.738  -22.336 0.6000000238
5312  13.552  -62.663  -20.898 0.6000000238
5307  14.444  -62.331  -19.059 0.5000000000
119566  14.885  -62.896  -18.375 0.5000000000
3287  15.457  -67.475  -11.551 0.6000000238
104172  15.136  -68.354  -12.175 0.6000000238
5318  14.973  -62.664  -22.435 0.6000000238
5892  13.666  -62.031  -20.269 0.5000000000
119314  13.899  -62.753  -19.385 0.5000000000
3919  14.409  -65.857  -11.006 0.6000000238
3916  15.337  -65.919  -10.776 0.6000000238
3612  14.884  -66.683  -11.265 0.6000000238
104043  14.376  -67.337  -11.983 0.6000000238
3607  16.225  -66.086  -10.319 0.6000000238
103889  20.548  -64.811  -12.730 0.6000000238
5913  14.591  -62.212  -21.320 0.6000000238
4237  13.935  -65.233  -10.703 0.6000000238
4676  14.814  -63.866  -8.714 0.6000000238
3917  14.909  -64.862  -10.355 0.6000000238
4675  15.900  -63.677  -8.322 0.6000000238
4230  15.857  -64.392  -9.532 0.6000000238
4667  15.427  -63.162  -7.474 0.5000000000
104670  16.757  -64.183  -8.685 0.6000000238
3920  13.431  -65.841  -11.314 0.6999999881
4238  13.021  -65.001  -10.724 0.6000000238
4231  13.853  -64.583  -9.892 0.6000000238
4668  14.306  -63.158  -7.726 0.6000000238
5229  13.887  -62.269  -7.667 0.6000000238
5843  11.126  -61.521  -11.281 0.6000000238
4677  13.635  -63.759  -9.134 0.6000000238
4669  13.241  -62.889  -8.516 0.5000000000
4678  12.593  -63.596  -9.788 0.6000000238
5829  11.482  -61.534  -10.261 0.6000000238
6542  11.020  -60.749  -11.663 0.6000000238
124505  12.424  -64.421  -10.449 0.6000000238
5230  12.813  -62.020  -8.152 0.6000000238
5238  12.297  -62.578  -9.202 0.6000000238
5816  11.969  -61.563  -8.958 0.5000000000
6523  11.567  -60.719  -9.647 0.6000000238
6541  11.169  -60.722  -10.687 0.5000000000
7196  10.879  -59.943  -11.080 0.5000000000
7171  12.172  -59.572  -8.551 0.6000000238
7172  11.659  -59.986  -9.232 0.6000000238
7184  11.309  -59.954  -10.168 0.6000000238
7834  11.431  -58.610  -11.455 0.6000000238
7848  11.679  -58.203  -12.374 0.6999999881
8492  12.006  -57.821  -13.134 0.6999999881
8509  12.675  -57.748  -14.452 0.6999999881
8517  12.969  -58.212  -15.415 0.6999999881
7820  11.264  -59.189  -10.685 0.6000000238
7833  11.997  -57.810  -11.455 0.6999999881
8499  13.086  -57.014  -13.945 0.6999999881
8500  12.444  -57.416  -13.597 0.6999999881
8508  13.565  -57.705  -14.814 0.6999999881
8516  13.880  -58.134  -15.815 0.6000000238
115532  13.573  -56.467  -13.245 0.6000000238
5288  16.738  -63.063  -17.449 0.5000000000
4265  18.154  -64.219  -16.725 0.5000000000
5279  18.331  -63.037  -16.641 0.5000000000
4713  17.993  -63.638  -17.035 0.5000000000
4257  18.363  -64.517  -15.059 0.6000000238
5271  18.877  -62.689  -15.853 0.6000000238
5272  18.481  -63.056  -15.663 0.6000000238
4706  18.323  -63.785  -15.237 0.6000000238
4249  18.710  -64.373  -14.260 0.6000000238
4697  20.472  -64.152  -12.629 0.6000000238
120473  18.334  -62.563  -14.676 0.5000000000
108974  17.991  -63.054  -14.282 0.6000000238
97817  20.798  -63.758  -11.703 0.6000000238
5263  18.347  -62.138  -13.416 0.6000000238
5252  18.785  -62.501  -11.656 0.5000000000
112104  19.751  -63.087  -11.045 0.6000000238
4683  20.471  -63.626  -10.354 0.6000000238
5253  18.395  -61.802  -12.157 0.5000000000
122729  19.786  -63.134  -10.171 0.6000000238
5237  17.220  -62.349  -9.016 0.5000000000
5244  17.373  -61.744  -10.384 0.5000000000
5226  19.119  -63.305  -9.719 0.6000000238
5236  18.226  -62.486  -9.775 0.6000000238
2669  20.385  -69.338  -20.921 0.6000000238
2995  20.183  -68.648  -23.976 0.6999999881
4258  18.321  -64.257  -15.973 0.5000000000
6522  12.086  -60.498  -8.549 0.6000000238
8491  12.265  -57.545  -12.438 0.6999999881
4256  19.007  -64.916  -14.188 0.6000000238
4674  20.009  -63.357  -9.837 0.6000000238
1658  25.660  -72.571  -20.801 0.3000000119
1677  25.658  -71.424  -21.947 0.3000000119
1984  26.534  -71.332  -21.905 0.4000000060
1996  23.503  -71.584  -22.053 0.3000000119
2321  24.017  -70.124  -20.780 0.4000000060
2322  23.275  -70.112  -20.504 0.4000000060
2991  23.620  -67.683  -21.567 0.4000000060
2677  22.859  -68.675  -20.888 0.3000000119
2992  22.780  -68.116  -22.107 0.5000000000
3001  22.521  -68.040  -23.465 0.6000000238
2667  23.012  -69.280  -20.105 0.5000000000
2668  21.186  -69.196  -21.136 0.5000000000
3663  20.799  -67.141  -24.412 0.6000000238
125085  13.604  -58.040  -16.578 0.6000000238
125714  18.417  -61.937  -14.069 0.5000000000
4698  19.096  -63.907  -13.327 0.6000000238
4690  19.395  -63.338  -12.283 0.6000000238
4691  18.313  -62.928  -13.070 0.6000000238
5863  18.472  -61.322  -13.164 0.5000000000
5243  18.288  -61.916  -10.938 0.5000000000
108079  22.518  -73.191  -4.647 0.4000000060
118466  22.648  -71.479  -4.726 0.5000000000
127594  20.774  -71.200  -1.498 0.5000000000
104419  19.969  -71.528  -1.166 0.5000000000
102804  18.590  -73.673  -1.380 0.5000000000
102233  21.502  -70.771  -3.051 0.5000000000
117736  21.320  -71.273  -2.070 0.5000000000
807  24.291  -75.004  -4.733 0.4000000060
812  23.592  -74.781  -5.278 0.5000000000
1948  28.038  -71.463  -17.050 0.3000000119
124750  27.052  -72.471  -17.752 0.3000000119
1644  27.238  -72.607  -18.402 0.3000000119
1307  21.499  -72.654  -2.119 0.4000000060
1302  20.403  -73.476  -1.314 0.5000000000
122546  19.890  -75.136  -1.535 0.5000000000
1030  22.287  -74.818  -3.059 0.4000000060
1306  22.179  -73.617  -3.293 0.4000000060
107468  24.352  -75.171  -3.858 0.3000000119
1042  25.582  -74.590  -5.534 0.4000000060
806  24.931  -74.984  -4.294 0.3000000119
120877  25.423  -74.740  -4.762 0.4000000060
1043  24.908  -74.824  -5.189 0.5000000000
1035  26.090  -74.458  -4.941 0.3000000119
1947  29.024  -71.189  -17.268 0.3000000119
1633  27.860  -71.585  -16.059 0.3000000119
1953  28.373  -71.547  -17.944 0.3000000119
1643  27.980  -72.089  -18.556 0.3000000119
127001  27.691  -72.490  -19.123 0.3000000119
801  22.763  -75.493  -2.926 0.3000000119
802  21.434  -75.519  -2.464 0.4000000060
800  23.848  -75.463  -3.015 0.3000000119
121388  26.136  -74.356  -4.197 0.3000000119
110710  26.998  -73.778  -6.138 0.4000000060
1050  26.338  -74.198  -6.001 0.4000000060
1317  26.760  -73.899  -5.450 0.4000000060
1304  26.976  -73.162  -4.226 0.3000000119
2282  30.527  -70.356  -16.680 0.4000000060
1941  29.970  -70.627  -16.107 0.4000000060
1938  29.468  -71.018  -15.515 0.4000000060
1934  29.689  -70.955  -14.676 0.4000000060
112594  29.191  -71.359  -14.021 0.5000000000
1946  29.860  -70.870  -17.803 0.3000000119
1952  29.220  -71.285  -18.278 0.3000000119
1649  28.279  -72.156  -19.398 0.3000000119
1665  28.023  -72.064  -20.838 0.3000000119
1581  28.463  -72.478  -5.767 0.3000000119
1587  27.961  -72.993  -6.077 0.3000000119
1326  28.234  -73.212  -7.467 0.4000000060
109996  27.956  -73.418  -8.131 0.4000000060
1569  27.190  -72.206  -3.800 0.3000000119
1582  27.809  -72.826  -5.381 0.3000000119
1576  27.559  -72.592  -4.609 0.3000000119
1310  27.226  -73.353  -5.013 0.3000000119
121444  29.863  -71.086  -11.084 0.5000000000
1605  28.983  -72.146  -10.344 0.5000000000
2627  33.432  -69.118  -16.510 0.3000000119
2628  32.611  -69.478  -16.139 0.3000000119
2633  32.640  -69.407  -16.930 0.3000000119
2280  31.939  -69.839  -15.874 0.3000000119
2278  30.697  -70.282  -15.860 0.4000000060
2270  30.721  -70.437  -13.047 0.5000000000
1924  30.004  -70.884  -12.667 0.5000000000
108619  32.065  -69.716  -16.517 0.3000000119
109608  30.966  -70.273  -14.970 0.4000000060
1933  30.324  -70.571  -14.540 0.4000000060
1928  30.008  -70.814  -13.732 0.5000000000
1951  30.045  -71.054  -18.799 0.3000000119
127410  29.365  -71.437  -19.049 0.3000000119
1648  29.022  -71.744  -19.741 0.3000000119
1971  28.857  -71.753  -20.667 0.3000000119
1982  28.618  -71.528  -21.424 0.4000000060
1580  29.183  -72.179  -6.135 0.3000000119
1591  29.759  -72.492  -7.766 0.4000000060
1565  27.200  -71.650  -3.029 0.3000000119
1575  28.327  -72.114  -4.908 0.3000000119
1574  28.940  -71.938  -5.416 0.3000000119
1592  28.587  -73.130  -8.322 0.4000000060
1598  28.700  -73.041  -9.134 0.4000000060
1602  28.469  -72.723  -9.939 0.5000000000
1915  31.245  -71.198  -9.946 0.4000000060
1912  29.866  -72.009  -9.920 0.5000000000
2944  35.082  -67.736  -14.801 0.3000000119
2261  30.436  -70.731  -11.204 0.5000000000
1916  30.372  -71.292  -10.413 0.5000000000
108098  33.713  -69.047  -14.957 0.3000000119
2259  31.967  -69.915  -11.319 0.4000000060
2260  31.169  -70.341  -11.331 0.5000000000
2632  33.453  -69.017  -17.434 0.3000000119
2622  32.484  -69.590  -15.366 0.4000000060
2272  32.389  -69.664  -14.485 0.4000000060
108291  32.329  -69.587  -12.156 0.5000000000
2266  30.604  -70.533  -12.072 0.5000000000
2286  31.881  -69.783  -17.201 0.3000000119
2276  31.798  -69.962  -15.113 0.4000000060
2273  31.609  -70.082  -14.301 0.5000000000
109770  30.857  -70.396  -14.008 0.5000000000
113787  30.720  -70.642  -19.036 0.3000000119
2299  31.196  -70.452  -19.684 0.4000000060
2312  30.710  -70.820  -20.427 0.3000000119
1969  30.171  -71.199  -20.235 0.4000000060
1980  30.160  -71.137  -20.934 0.4000000060
2660  15.674  -68.990  -19.575 0.5000000000
113590  27.924  -71.587  -21.515 0.3000000119
109715  27.929  -71.199  -2.764 0.3000000119
1884  28.464  -71.550  -4.256 0.3000000119
116219  31.109  -72.039  -8.070 0.3000000119
1879  28.035  -71.447  -3.562 0.3000000119
1904  31.577  -71.687  -8.499 0.3000000119
1911  30.746  -71.837  -9.528 0.5000000000
2254  32.279  -70.450  -9.788 0.4000000060
2250  31.896  -70.987  -9.537 0.3000000119
111055  35.477  -66.802  -14.811 0.3000000119
2599  32.583  -69.910  -10.380 0.5000000000
2949  34.405  -68.411  -14.946 0.3000000119
2603  32.717  -69.446  -11.320 0.4000000060
2617  33.165  -69.264  -14.252 0.4000000060
2612  33.312  -69.136  -13.448 0.4000000060
2609  32.829  -69.384  -12.836 0.4000000060
116660  33.057  -69.217  -12.054 0.4000000060
111595  32.557  -69.384  -17.811 0.3000000119
2638  32.489  -69.401  -18.741 0.3000000119
2268  32.069  -69.869  -13.781 0.4000000060
2264  32.153  -69.793  -13.039 0.5000000000
2311  31.379  -70.345  -20.604 0.3000000119
2318  31.536  -70.025  -21.298 0.4000000060
2319  30.799  -70.576  -21.333 0.4000000060
115659  15.550  -68.896  -19.169 0.5000000000
2320  29.981  -70.887  -21.735 0.4000000060
2324  30.467  -70.273  -22.205 0.5000000000
2659  16.032  -69.061  -20.005 0.5000000000
1871  28.968  -70.936  -2.845 0.3000000119
102708  13.528  -67.495  -12.631 0.5000000000
114207  33.296  -69.543  -9.568 0.3000000119
2593  32.737  -70.200  -9.547 0.3000000119
103330  14.243  -68.110  -12.505 0.5000000000
106862  12.681  -67.714  -13.212 0.6000000238
108029  35.264  -66.410  -14.810 0.3000000119
97731  35.723  -66.630  -14.028 0.3000000119
97705  35.153  -66.862  -15.431 0.3000000119
2939  35.095  -67.785  -13.852 0.3000000119
2597  33.885  -68.671  -11.055 0.4000000060
2598  33.278  -69.237  -10.631 0.4000000060
97551  15.804  -69.294  -13.921 0.5000000000
105236  11.531  -65.676  -14.640 0.5000000000
2940  34.415  -68.314  -13.461 0.3000000119
2607  34.136  -68.453  -12.636 0.3000000119
2602  33.697  -68.736  -11.923 0.3000000119
2931  34.605  -68.132  -11.736 0.3000000119
119060  16.395  -68.542  -15.845 0.5000000000
2644  33.018  -69.284  -19.264 0.3000000119
2645  32.447  -69.439  -19.619 0.3000000119
97561  16.130  -67.895  -17.147 0.5000000000
2651  32.354  -69.450  -20.411 0.3000000119
2962  15.381  -68.610  -18.093 0.5000000000
2662  32.105  -69.429  -21.155 0.4000000060
2967  15.570  -68.167  -19.015 0.6000000238
127627  31.463  -69.074  -22.533 0.4000000060
2675  30.920  -69.469  -22.579 0.5000000000
2972  15.398  -67.946  -19.941 0.5000000000
2331  30.029  -69.648  -23.020 0.4000000060
2325  29.621  -70.412  -22.500 0.3000000119
1990  29.148  -71.072  -21.997 0.4000000060
2970  16.175  -68.546  -20.759 0.6000000238
97636  27.010  -68.620  -21.976 0.3000000119
97635  27.122  -68.942  -23.485 0.4000000060
2337  27.569  -69.153  -24.080 0.4000000060
2326  28.724  -70.510  -22.723 0.3000000119
2673  16.749  -68.799  -21.039 0.6000000238
121501  16.449  -69.221  -20.337 0.5000000000
97648  26.433  -67.207  -20.630 0.3000000119
97634  26.633  -68.147  -20.657 0.5000000000
125253  26.656  -68.532  -20.987 0.4000000060
2664  25.785  -69.285  -21.043 0.4000000060
2658  16.970  -69.465  -20.460 0.6000000238
97649  26.101  -65.892  -21.599 0.3000000119
97641  25.916  -67.178  -20.437 0.5000000000
104813  26.189  -68.284  -20.402 0.4000000060
2975  25.507  -68.573  -20.236 0.4000000060
97643  25.571  -66.337  -21.118 0.4000000060
3329  25.346  -67.354  -20.525 0.5000000000
2983  24.421  -67.377  -20.944 0.4000000060
106251  13.341  -66.623  -12.117 0.6000000238
97588  12.793  -66.956  -12.777 0.6000000238
97706  34.725  -66.113  -14.594 0.3000000119
104436  35.422  -65.975  -14.155 0.3000000119
97676  35.748  -66.116  -13.682 0.3000000119
3295  35.589  -67.182  -13.482 0.3000000119
3923  12.739  -65.985  -11.889 0.6000000238
3615  12.403  -66.311  -12.519 0.6000000238
97689  34.484  -66.665  -15.544 0.3000000119
3290  35.833  -66.977  -12.643 0.3000000119
108326  35.382  -67.387  -12.015 0.3000000119
3930  11.778  -65.896  -13.073 0.6000000238
111955  34.154  -67.519  -17.300 0.3000000119
2935  35.082  -67.810  -12.833 0.3000000119
3931  11.535  -65.199  -13.433 0.6000000238
2650  32.952  -69.004  -20.105 0.3000000119
4692  11.103  -63.905  -12.385 0.6000000238
4259  11.093  -63.869  -14.033 0.6000000238
121692  10.695  -63.203  -13.881 0.6000000238
97619  10.425  -62.506  -14.213 0.5000000000
121606  29.868  -68.362  -23.923 0.4000000060
119385  28.085  -69.540  -23.393 0.4000000060
3345  25.393  -65.766  -21.986 0.4000000060
3336  24.905  -66.490  -21.498 0.5000000000
104690  32.808  -66.292  -14.263 0.3000000119
104727  33.989  -65.960  -14.076 0.3000000119
118721  34.975  -65.720  -13.924 0.3000000119
118917  35.499  -65.667  -13.296 0.3000000119
97754  36.079  -66.293  -12.496 0.3000000119
97760  36.155  -65.871  -12.032 0.3000000119
105276  36.263  -65.870  -11.325 0.3000000119
3613  14.073  -66.494  -11.506 0.5000000000
97685  34.718  -67.180  -16.373 0.3000000119
3921  12.659  -65.437  -11.486 0.5000000000
3924  12.064  -65.513  -12.160 0.6000000238
97675  33.031  -66.793  -15.920 0.3000000119
2930  35.434  -67.360  -11.167 0.3000000119
115927  32.424  -67.114  -16.677 0.3000000119
4244  11.617  -64.663  -12.227 0.6000000238
2999  31.319  -67.669  -23.663 0.3000000119
2989  31.871  -68.111  -23.191 0.3000000119
105514  10.277  -62.820  -13.279 0.6000000238
97621  10.392  -61.405  -14.086 0.6000000238
4239  12.070  -64.778  -11.292 0.6000000238
4233  11.816  -63.933  -10.720 0.5000000000
4684  11.139  -63.355  -11.143 0.6000000238
4693  10.467  -63.191  -12.399 0.6000000238
105502  10.208  -62.379  -12.525 0.6000000238
97620  10.078  -62.106  -13.638 0.6000000238
122812  10.817  -60.647  -14.438 0.6000000238
97622  10.359  -61.558  -13.113 0.6000000238
6566  11.129  -60.205  -15.249 0.5000000000
5245  11.839  -63.039  -10.341 0.5000000000
5247  10.634  -62.221  -11.721 0.5000000000
97616  10.773  -60.670  -13.548 0.6000000238
7879  11.681  -58.532  -16.180 0.5000000000
8525  13.229  -57.634  -17.376 0.6000000238
110778  12.340  -57.823  -17.084 0.6000000238
8535  11.646  -57.311  -17.393 0.5000000000
115990  12.291  -57.332  -17.757 0.6000000238
9181  11.142  -56.801  -17.360 0.6000000238
5246  11.315  -62.395  -10.989 0.5000000000
7209  10.808  -59.839  -12.970 0.5000000000
7214  11.126  -59.035  -14.059 0.5000000000
7215  11.017  -59.848  -14.095 0.6000000238
111418  11.381  -58.506  -13.400 0.6000000238
7862  11.538  -58.670  -14.494 0.5000000000
7869  11.567  -58.823  -15.436 0.5000000000
7868  12.200  -58.391  -14.999 0.6000000238
8507  14.396  -57.715  -15.128 0.6000000238
8526  12.997  -58.215  -16.415 0.6000000238
9180  11.819  -56.645  -17.820 0.5000000000
14615  10.934  -48.964  -11.258 0.5000000000
5239  11.746  -62.244  -9.923 0.5000000000
6553  10.884  -60.722  -12.587 0.5000000000
13127  12.161  -51.468  -9.152 0.5000000000
13861  11.615  -49.653  -10.563 0.6000000238
14614  11.984  -48.787  -11.066 0.6000000238
13850  11.230  -50.388  -10.012 0.5000000000
14625  10.558  -48.433  -12.061 0.5000000000
14635  10.267  -48.381  -12.949 0.5000000000
10398  12.176  -54.424  -17.009 0.5000000000
113659  12.195  -55.035  -17.473 0.5000000000
15313  14.727  -47.548  -11.371 0.6000000238
14611  15.371  -47.833  -9.798 0.6999999881
15301  14.264  -47.904  -10.614 0.6000000238
14612  14.848  -48.448  -9.791 0.6999999881
13114  14.401  -50.094  -8.933 0.6000000238
116273  13.378  -50.942  -8.643 0.6000000238
14613  13.984  -48.611  -10.235 0.6000000238
13847  14.280  -50.137  -9.301 0.6000000238
15326  14.186  -47.111  -12.165 0.6000000238
15302  13.247  -47.761  -10.732 0.6000000238
13859  13.796  -49.665  -10.042 0.6000000238
13848  13.492  -50.394  -9.543 0.5000000000
13116  12.839  -51.613  -8.353 0.6000000238
15327  13.221  -47.026  -12.222 0.6000000238
116231  12.999  -48.624  -10.588 0.6000000238
13849  12.489  -50.519  -9.770 0.5000000000
111423  13.240  -51.072  -9.022 0.6000000238
15315  12.807  -47.385  -11.507 0.6000000238
13860  12.758  -49.700  -10.349 0.6000000238
15316  12.147  -47.780  -11.949 0.6000000238
14624  11.863  -48.224  -11.616 0.6000000238
15317  11.393  -48.076  -12.140 0.6000000238
15330  11.014  -48.060  -12.728 0.5000000000
14645  10.349  -48.582  -13.852 0.5000000000
14662  10.501  -48.874  -14.659 0.5000000000
13919  10.589  -49.390  -15.109 0.5000000000
13196  11.515  -50.709  -15.010 0.5000000000
13835  14.810  -49.758  -8.895 0.6000000238
13836  14.238  -49.747  -8.635 0.6999999881
15328  12.529  -47.349  -12.520 0.5000000000
15337  11.515  -47.978  -13.478 0.6000000238
124936  11.638  -48.208  -14.725 0.6000000238
14644  11.126  -48.331  -14.278 0.5000000000
14679  11.967  -48.597  -15.036 0.6000000238
13918  11.444  -49.609  -15.264 0.5000000000
13194  13.285  -50.589  -14.796 0.6000000238
13195  12.244  -50.564  -15.041 0.6000000238
17318  16.234  -44.163  -13.310 0.4000000060
15974  14.677  -46.897  -8.372 0.6999999881
15975  12.960  -46.520  -8.072 0.5000000000
15959  12.952  -47.187  -7.436 0.5000000000
109604  16.625  -44.845  -12.797 0.5000000000
115693  13.803  -47.220  -8.082 0.6000000238
14558  12.790  -47.841  -7.030 0.5000000000
116533  14.611  -43.497  -14.508 0.5000000000
15282  15.995  -47.282  -9.035 0.6000000238
109646  14.652  -47.662  -8.498 0.8000000119
15291  15.941  -47.512  -9.552 0.6999999881
14590  14.660  -49.156  -8.690 0.8000000119
14571  13.020  -48.681  -7.519 0.6999999881
106502  12.705  -48.716  -14.953 0.6000000238
13916  13.321  -49.382  -14.744 0.6000000238
15976  12.068  -46.038  -8.238 0.5000000000
17310  17.654  -44.295  -11.753 0.5000000000
112653  14.829  -45.991  -8.416 0.6999999881
15960  12.263  -46.535  -7.405 0.5000000000
17930  14.611  -42.532  -14.505 0.4000000060
17925  15.386  -43.106  -13.763 0.4000000060
17931  14.363  -42.749  -15.079 0.4000000060
17942  14.499  -43.247  -15.730 0.5000000000
17957  13.699  -44.415  -17.599 0.4000000060
16640  12.698  -45.765  -8.808 0.5000000000
123239  11.542  -46.092  -7.566 0.5000000000
17920  17.465  -43.437  -12.242 0.3000000119
17286  17.937  -44.360  -10.913 0.3000000119
16639  13.783  -46.056  -8.318 0.6000000238
17956  14.447  -43.853  -16.837 0.4000000060
17347  13.314  -45.226  -19.227 0.4000000060
17976  14.370  -44.608  -18.531 0.4000000060
16653  12.318  -45.183  -9.655 0.5000000000
16641  11.583  -45.593  -9.022 0.5000000000
18634  16.738  -41.568  -12.893 0.3000000119
17909  17.945  -43.520  -11.289 0.3000000119
17892  17.827  -43.559  -10.315 0.3000000119
17878  17.479  -43.223  -9.583 0.4000000060
17333  15.772  -44.170  -17.304 0.3000000119
17341  15.301  -45.120  -17.971 0.4000000060
16719  16.123  -45.736  -17.386 0.4000000060
114675  17.692  -42.617  -10.025 0.4000000060
17275  12.926  -44.523  -10.250 0.6000000238
16661  10.952  -45.074  -9.676 0.4000000060
18582  16.761  -42.910  -9.064 0.4000000060
19524  16.990  -40.833  -12.422 0.3000000119
18622  17.240  -41.756  -12.032 0.3000000119
17276  11.913  -44.570  -10.215 0.5000000000
112310  15.791  -42.960  -8.699 0.4000000060
114143  15.005  -42.973  -8.535 0.4000000060
18566  16.309  -42.186  -8.496 0.4000000060
18567  15.334  -42.301  -8.325 0.4000000060
21405  15.897  -38.782  -9.006 0.3000000119
21395  15.140  -39.268  -8.432 0.3000000119
110058  15.419  -40.145  -8.355 0.3000000119
23222  10.493  -38.443  -5.644 0.4000000060
2925  35.657  -67.309  -10.100 0.3000000119
2685  31.108  -68.828  -23.028 0.4000000060
19478  15.769  -41.495  -8.243 0.3000000119
114750  14.008  -50.034  -14.414 0.6000000238
23207  8.596  -37.598  -5.740 0.4000000060
20459  15.221  -40.802  -8.047 0.3000000119
2334  27.299  -69.601  -23.626 0.3000000119
104019  26.846  -69.420  -23.127 0.4000000060
5844  10.717  -61.531  -12.150 0.5000000000
808  23.569  -75.094  -3.906 0.4000000060
1312  22.080  -71.681  -3.301 0.5000000000
118568  19.188  -72.795  -0.949 0.5000000000
811  24.162  -74.743  -6.029 0.5000000000
1942  29.263  -71.052  -16.346 0.4000000060
124368  22.904  -75.122  -3.544 0.4000000060
1051  25.637  -74.430  -6.446 0.4000000060
2288  29.810  -70.717  -16.934 0.4000000060
1939  28.704  -71.341  -15.741 0.4000000060
1935  28.952  -71.396  -14.899 0.4000000060
1305  26.431  -73.773  -3.851 0.3000000119
1316  27.396  -73.413  -5.802 0.3000000119
1321  27.651  -73.387  -6.628 0.4000000060
1322  26.906  -73.790  -6.752 0.4000000060
2287  31.098  -70.213  -17.348 0.3000000119
2292  30.710  -70.497  -18.198 0.4000000060
1586  28.553  -72.746  -6.679 0.4000000060
2265  31.476  -70.078  -12.353 0.5000000000
110648  15.242  -69.235  -18.601 0.5000000000
2300  30.460  -70.958  -19.640 0.4000000060
1883  29.153  -71.361  -4.705 0.3000000119
1596  30.381  -72.351  -8.313 0.4000000060
1597  29.451  -72.741  -8.566 0.4000000060
1600  30.203  -72.407  -9.114 0.5000000000
2255  31.708  -70.460  -10.393 0.5000000000
2945  34.584  -68.230  -14.215 0.3000000119
2961  33.372  -68.883  -18.388 0.3000000119
107682  31.703  -69.968  -18.190 0.3000000119
2290  31.874  -69.982  -19.189 0.3000000119
2971  15.716  -68.280  -20.366 0.6000000238
1909  32.017  -71.232  -8.864 0.3000000119
1905  31.013  -72.142  -8.799 0.4000000060
123497  33.310  -69.068  -11.398 0.3000000119
97571  15.820  -67.836  -17.697 0.5000000000
2323  31.147  -70.068  -21.904 0.4000000060
2588  34.078  -68.824  -8.982 0.3000000119
2926  34.721  -68.127  -10.603 0.3000000119
103420  28.952  -68.532  -23.250 0.4000000060
111117  29.435  -68.974  -23.801 0.4000000060
2332  29.103  -69.702  -23.305 0.4000000060
105052  26.550  -67.504  -20.834 0.3000000119
103318  35.223  -65.393  -12.678 0.3000000119
4240  11.360  -64.053  -11.531 0.6000000238
2692  29.265  -68.851  -23.697 0.3000000119
103173  35.312  -65.301  -11.782 0.3000000119
97767  35.933  -65.170  -10.641 0.3000000119
104010  32.015  -67.189  -17.270 0.3000000119
7221  11.346  -59.412  -15.014 0.5000000000
7878  12.336  -58.511  -15.878 0.6000000238
14604  15.214  -48.346  -9.144 0.6999999881
15271  13.381  -47.934  -7.719 0.6999999881
15283  15.347  -47.518  -8.767 0.6999999881
18623  17.081  -42.508  -12.620 0.3000000119
108766  17.610  -42.644  -11.689 0.3000000119
105872  14.696  -66.622  -18.922 0.5000000000
97589  15.384  -66.928  -18.348 0.5000000000
3965  20.572  -65.249  -22.799 0.6000000238
7197  10.759  -59.885  -12.002 0.4000000060
7208  11.044  -59.021  -12.418 0.5000000000
9179  12.670  -56.859  -18.088 0.5000000000
8515  14.725  -57.718  -15.830 0.5000000000
9167  14.847  -57.094  -16.833 0.5000000000
9168  14.044  -57.245  -17.412 0.5000000000
9807  12.628  -55.321  -18.056 0.5000000000
9791  13.802  -56.001  -18.417 0.5000000000
8506  15.136  -57.235  -14.988 0.5000000000
10397  12.614  -54.493  -17.695 0.4000000060
9176  15.192  -56.277  -17.587 0.5000000000
9177  14.342  -56.579  -17.833 0.5000000000
9806  13.413  -55.269  -18.444 0.5000000000
117293  12.683  -53.843  -17.185 0.5000000000
9790  15.194  -55.416  -18.359 0.6000000238
9805  14.199  -55.262  -18.662 0.5000000000
11081  13.580  -53.683  -18.273 0.5000000000
12446  12.912  -51.604  -14.859 0.5000000000
10408  14.746  -54.572  -18.851 0.6000000238
11757  13.174  -52.823  -16.150 0.5000000000
12461  12.885  -52.445  -15.115 0.5000000000
11080  14.445  -53.760  -18.813 0.6000000238
11783  13.597  -53.027  -17.820 0.6000000238
11769  12.849  -53.320  -16.567 0.5000000000
10396  15.970  -55.146  -18.376 0.6000000238
11781  14.937  -52.956  -19.049 0.6000000238
11782  14.138  -52.967  -18.386 0.6000000238
12460  13.381  -52.388  -15.518 0.6000000238
12482  14.617  -52.199  -18.257 0.6000000238
11767  13.902  -52.545  -17.627 0.6000000238
11768  13.432  -52.953  -17.090 0.6000000238
13104  13.150  -50.848  -8.146 0.5000000000
13821  12.252  -50.001  -7.436 0.5000000000
13115  13.729  -50.334  -8.580 0.5000000000
13193  14.313  -51.010  -14.138 0.6000000238
12470  14.366  -51.998  -17.054 0.6000000238
12445  13.869  -51.863  -14.736 0.6000000238
12459  14.146  -52.128  -15.779 0.6000000238
12458  15.235  -51.739  -15.966 0.6000000238
18565  17.010  -41.956  -8.998 0.3000000119
3337  23.954  -66.805  -22.231 0.4000000060
3654  22.685  -65.880  -23.508 0.5000000000
123996  17.870  -69.458  -21.063 0.5000000000
2672  17.321  -69.163  -21.181 0.5000000000
3974  22.151  -65.329  -23.485 0.4000000060
2988  15.652  -67.798  -22.053 0.4000000060
4311  20.895  -64.384  -22.575 0.4000000060
105899  15.234  -67.309  -18.931 0.4000000060
3322  14.421  -67.139  -20.687 0.4000000060
3319  14.776  -67.058  -19.785 0.4000000060
2980  15.090  -67.591  -20.930 0.4000000060
2979  15.638  -67.989  -21.287 0.4000000060
5324  21.036  -63.257  -21.966 0.4000000060
5325  20.066  -63.168  -21.817 0.4000000060
4763  18.605  -63.598  -22.338 0.4000000060
103675  15.958  -67.165  -17.866 0.4000000060
4761  20.489  -63.798  -22.261 0.4000000060
4762  19.561  -63.718  -22.245 0.4000000060
5923  17.703  -62.243  -21.967 0.4000000060
12481  15.588  -52.088  -18.839 0.5000000000
11780  16.426  -52.581  -19.365 0.5000000000
12469  15.331  -51.398  -17.547 0.5000000000
13232  15.991  -51.293  -18.305 0.5000000000
13220  16.307  -50.870  -17.622 0.5000000000
126447  15.779  -52.290  -15.074 0.5000000000
13207  17.233  -50.910  -16.755 0.5000000000
14572  12.494  -48.949  -7.022 0.4000000060
15260  12.252  -47.130  -6.778 0.4000000060
13208  16.138  -51.212  -16.586 0.5000000000
12444  15.060  -52.232  -14.751 0.5000000000
4772  21.156  -63.800  -22.478 0.4000000060
5326  18.151  -62.839  -22.192 0.4000000060
104998  18.954  -72.224  -1.757 0.4000000060
118486  19.380  -71.472  -2.853 0.4000000060
814  20.758  -75.613  -5.699 0.4000000060
1874  19.813  -71.122  -2.083 0.4000000060
103514  20.280  -70.748  -3.192 0.4000000060
111637  20.290  -74.359  -6.247 0.4000000060
103153  19.449  -71.424  -4.276 0.4000000060
124120  20.893  -72.904  -8.004 0.4000000060
97541  19.956  -72.256  -7.111 0.4000000060
1318  19.508  -73.182  -5.933 0.4000000060
97538  22.269  -70.418  -4.336 0.5000000000
119673  21.204  -70.323  -3.660 0.5000000000
117735  21.806  -69.914  -5.171 0.4000000060
102534  20.634  -70.173  -4.619 0.4000000060
104684  23.384  -70.570  -5.765 0.5000000000
124577  22.930  -69.879  -5.733 0.5000000000
105271  21.214  -69.735  -6.215 0.4000000060
97539  20.064  -70.601  -5.560 0.4000000060
119681  23.944  -69.671  -6.982 0.4000000060
105466  22.818  -69.359  -6.800 0.4000000060
1329  24.003  -71.957  -9.465 0.4000000060
1337  23.498  -71.805  -9.660 0.4000000060
103290  22.261  -71.077  -9.399 0.4000000060
102231  20.384  -70.943  -6.809 0.4000000060
1331  22.202  -72.759  -8.961 0.4000000060
1332  20.936  -71.637  -8.255 0.4000000060
1588  24.858  -69.799  -8.719 0.5000000000
123017  24.412  -68.693  -9.175 0.4000000060
2242  23.189  -68.972  -8.365 0.4000000060
1593  24.314  -71.726  -8.981 0.5000000000
1906  24.279  -70.949  -9.594 0.4000000060
104679  23.599  -70.362  -9.740 0.4000000060
102707  21.760  -70.107  -7.932 0.4000000060
817  23.613  -74.677  -7.737 0.3000000119
822  23.583  -75.154  -7.962 0.3000000119
821  24.291  -74.750  -7.615 0.4000000060
122022  25.630  -74.173  -8.246 0.4000000060
816  24.259  -74.682  -7.005 0.4000000060
1347  25.751  -74.022  -10.498 0.3000000119
1070  25.325  -74.286  -9.774 0.4000000060
1066  25.105  -74.406  -8.900 0.4000000060
1346  26.381  -73.515  -10.223 0.4000000060
1343  25.814  -74.008  -9.103 0.4000000060
1341  27.407  -73.347  -9.477 0.4000000060
1335  28.049  -73.380  -8.864 0.3000000119
1053  23.243  -74.468  -7.947 0.3000000119
121196  26.105  -74.020  -7.664 0.3000000119
1052  24.897  -74.534  -7.035 0.4000000060
1345  26.908  -73.154  -10.843 0.4000000060
1065  26.335  -73.812  -8.404 0.3000000119
109043  26.935  -73.252  -10.051 0.4000000060
1607  27.633  -72.945  -10.283 0.4000000060
1340  28.067  -73.150  -9.568 0.4000000060
1323  23.840  -73.037  -8.016 0.4000000060
1351  25.828  -74.044  -11.440 0.4000000060
1336  27.235  -73.560  -8.471 0.3000000119
1615  27.770  -72.523  -11.921 0.4000000060
1349  27.167  -72.971  -11.814 0.4000000060
1926  28.807  -71.703  -11.871 0.4000000060
1610  28.224  -72.145  -11.512 0.4000000060
1044  23.614  -74.719  -6.768 0.4000000060
1059  26.249  -74.105  -6.912 0.3000000119
1614  28.320  -72.188  -12.499 0.4000000060
1930  28.709  -71.816  -13.352 0.4000000060
1929  29.372  -71.310  -13.105 0.4000000060
1919  29.937  -70.967  -11.781 0.4000000060
1606  28.214  -72.325  -10.721 0.4000000060
97540  23.141  -72.733  -6.192 0.4000000060
110436  24.914  -74.668  -6.134 0.3000000119
103958  24.255  -71.143  -7.462 0.4000000060
120505  23.264  -74.093  -7.058 0.4000000060
5912  15.520  -62.032  -21.464 0.4000000060
1611  27.600  -72.601  -11.163 0.4000000060
825  24.086  -75.016  -8.258 0.3000000119
1031  21.262  -74.323  -2.253 0.4000000060
1037  22.845  -74.525  -4.254 0.4000000060
1045  22.981  -74.245  -5.757 0.4000000060
1060  25.573  -74.306  -7.353 0.3000000119
1061  24.837  -74.511  -8.011 0.4000000060
1067  24.483  -74.730  -8.722 0.4000000060
1298  19.840  -72.691  -0.900 0.5000000000
1311  26.617  -73.877  -4.616 0.3000000119
1327  27.479  -73.537  -7.466 0.4000000060
1328  26.723  -73.778  -7.572 0.3000000119
1330  23.608  -73.015  -9.081 0.4000000060
1342  26.554  -73.579  -9.377 0.4000000060
1350  26.484  -73.498  -11.657 0.4000000060
1395  24.814  -72.881  -21.046 0.3000000119
1568  27.877  -71.944  -4.256 0.3000000119
1570  26.626  -72.960  -3.483 0.3000000119
1601  29.314  -72.582  -9.504 0.4000000060
1618  28.051  -72.416  -13.516 0.4000000060
1638  27.533  -72.015  -17.659 0.3000000119
1650  27.121  -72.851  -19.262 0.4000000060
1669  24.329  -72.338  -21.704 0.3000000119
1678  24.757  -71.572  -22.001 0.3000000119
1898  24.362  -69.576  -9.638 0.4000000060
1910  31.485  -71.617  -9.187 0.5000000000
1917  29.471  -71.538  -10.711 0.5000000000
1920  29.337  -71.334  -11.452 0.4000000060
1921  28.743  -71.724  -11.059 0.4000000060
1925  29.385  -71.288  -12.243 0.5000000000
1937  30.169  -70.575  -15.282 0.4000000060
1943  28.554  -71.288  -16.497 0.4000000060
1957  29.791  -71.335  -19.650 0.4000000060
1958  28.719  -71.724  -18.817 0.3000000119
1970  29.592  -71.458  -20.416 0.4000000060
1972  21.940  -70.926  -20.210 0.4000000060
1981  29.407  -71.323  -21.210 0.4000000060
1991  28.300  -71.157  -22.111 0.3000000119
2000  26.956  -70.111  -23.085 0.3000000119
2001  26.453  -70.217  -22.752 0.5000000000
2225  28.211  -70.851  -2.114 0.3000000119
2235  22.142  -69.342  -7.277 0.4000000060
2244  23.817  -69.196  -9.529 0.4000000060
2249  32.420  -70.689  -9.168 0.3000000119
2256  30.986  -70.779  -10.657 0.5000000000
2269  31.490  -70.119  -13.429 0.5000000000
2277  31.349  -70.090  -15.657 0.4000000060
2281  31.363  -70.059  -16.448 0.3000000119
2291  31.237  -70.303  -18.856 0.3000000119
2298  31.900  -69.981  -20.035 0.3000000119
2310  31.885  -69.892  -20.711 0.3000000119
2327  27.675  -70.465  -22.846 0.3000000119
2329  24.616  -70.480  -21.716 0.4000000060
2333  28.134  -69.683  -23.598 0.4000000060
2335  26.794  -69.736  -23.251 0.5000000000
2608  33.472  -68.975  -12.687 0.4000000060
2611  33.816  -68.729  -13.250 0.3000000119
2613  32.640  -69.506  -13.638 0.4000000060
2616  33.932  -68.793  -14.069 0.3000000119
2621  33.256  -69.246  -15.636 0.3000000119
2657  17.637  -69.700  -20.441 0.5000000000
2663  31.660  -69.429  -21.924 0.4000000060
2671  18.398  -69.452  -21.497 0.6000000238
2674  31.917  -68.914  -22.312 0.4000000060
2679  20.481  -69.165  -22.226 0.6999999881
2681  18.298  -69.206  -22.525 0.6999999881
2684  31.610  -68.596  -22.838 0.3000000119
2686  30.421  -68.752  -23.417 0.4000000060
2687  28.505  -68.993  -24.090 0.4000000060
2688  27.078  -69.375  -23.755 0.4000000060
2977  23.422  -68.893  -20.177 0.3000000119
2978  16.232  -68.291  -21.706 0.4000000060
2985  18.358  -68.886  -23.305 0.6999999881
2987  16.336  -68.037  -22.544 0.6000000238
2990  31.118  -68.238  -23.472 0.4000000060
3000  30.540  -67.956  -23.782 0.4000000060
3003  21.024  -68.208  -24.272 0.6000000238
3281  36.177  -66.370  -10.772 0.3000000119
3284  36.069  -66.530  -11.791 0.3000000119
3299  35.449  -67.219  -14.336 0.3000000119
3303  35.174  -67.317  -15.495 0.3000000119
3306  34.963  -67.353  -16.277 0.3000000119
3325  25.556  -68.102  -20.072 0.4000000060
3326  15.049  -67.461  -21.665 0.6000000238
3340  18.330  -67.752  -23.698 0.6999999881
3348  21.513  -67.672  -24.407 0.6000000238
3619  19.816  -65.432  -13.191 0.8000000119
3642  14.018  -66.610  -21.292 0.6000000238
3643  13.422  -66.270  -20.972 0.6000000238
3656  21.131  -66.324  -24.025 0.6999999881
3661  22.470  -66.586  -23.982 0.5000000000
3662  21.781  -66.876  -24.363 0.6000000238
3925  11.662  -65.169  -12.812 0.6000000238
3929  19.508  -65.249  -13.682 0.6999999881
3961  13.373  -65.104  -20.617 0.6000000238
3963  13.342  -65.732  -20.970 0.6999999881
3967  18.578  -65.308  -22.492 0.6999999881
3975  20.680  -65.937  -23.421 0.6999999881
4232  13.051  -64.357  -9.975 0.6000000238
4248  19.741  -64.598  -13.403 0.6000000238
4250  11.367  -64.448  -13.199 0.6000000238
4255  19.897  -64.940  -13.410 0.6000000238
4266  17.488  -64.229  -17.233 0.5000000000
4305  12.230  -62.916  -22.172 0.6999999881
4306  12.295  -62.885  -22.345 0.6999999881
4665  18.354  -63.523  -9.142 0.6999999881
4685  10.579  -62.884  -11.707 0.5000000000
4699  18.102  -63.634  -14.003 0.6000000238
4700  10.802  -63.595  -13.198 0.6000000238
4707  18.437  -63.597  -16.372 0.5000000000
4714  17.070  -63.616  -17.343 0.5000000000
4747  13.649  -63.279  -20.770 0.6999999881
4756  12.691  -62.954  -21.940 0.6999999881
4757  12.555  -62.875  -22.192 0.6999999881
4767  14.538  -63.447  -23.100 0.6999999881
4768  12.386  -62.906  -22.178 0.6999999881
4769  12.498  -62.853  -22.287 0.6999999881
4774  12.381  -63.141  -22.542 0.6000000238
5242  18.996  -62.703  -10.460 0.5000000000
5308  13.747  -62.096  -19.719 0.5000000000
5320  13.319  -62.861  -21.868 0.6999999881
5329  14.521  -63.477  -22.886 0.6000000238
5331  12.996  -62.834  -22.380 0.6999999881
5337  12.556  -62.865  -22.378 0.6000000238
5828  15.254  -60.980  -8.604 0.6000000238
5869  19.028  -62.252  -16.108 0.6000000238
5914  13.848  -62.381  -21.104 0.6000000238
5924  16.833  -62.443  -22.072 0.4000000060
6520  13.887  -59.955  -8.216 0.5000000000
7183  11.638  -59.220  -9.616 0.6000000238
7805  14.830  -57.869  -8.842 0.6000000238
7856  11.976  -58.027  -14.014 0.6999999881
8458  12.692  -56.710  -9.276 0.5000000000
8490  12.767  -56.957  -12.921 0.6999999881
8514  15.841  -56.750  -15.462 0.6000000238
8524  14.122  -57.775  -16.647 0.6000000238
8527  11.616  -57.918  -16.764 0.5000000000
9133  14.984  -55.872  -12.665 0.6000000238
9142  17.122  -55.620  -14.002 0.6000000238
9152  15.746  -56.395  -14.580 0.6000000238
9178  13.524  -56.814  -18.072 0.5000000000
9706  15.615  -55.795  -8.057 0.5000000000
9715  15.974  -55.278  -8.648 0.6000000238
9717  14.525  -55.965  -8.812 0.6000000238
9727  15.701  -55.260  -9.556 0.6000000238
9738  16.232  -55.273  -11.375 0.6000000238
9747  17.309  -55.364  -12.578 0.5000000000
9749  15.441  -55.647  -11.732 0.6000000238
9770  16.967  -56.069  -15.515 0.6999999881
9792  13.040  -56.084  -18.263 0.5000000000
9793  11.923  -55.743  -17.676 0.5000000000
10304  17.293  -54.838  -8.391 0.5000000000
10311  16.529  -54.964  -9.477 0.5000000000
10327  18.257  -54.307  -11.547 0.5000000000
10355  19.545  -54.488  -14.660 0.5000000000
10394  17.492  -54.934  -17.614 0.6999999881
10406  16.200  -54.477  -18.842 0.6000000238
10407  15.498  -54.720  -18.829 0.6000000238
10409  13.902  -54.508  -18.621 0.6000000238
10410  13.150  -54.520  -18.255 0.4000000060
11064  13.174  -53.398  -17.503 0.6000000238
11065  12.978  -53.909  -17.874 0.5000000000
11791  17.044  -52.017  -19.336 0.5000000000
12383  12.242  -52.356  -8.557 0.6000000238
12431  18.796  -51.348  -14.822 0.6999999881
12432  18.095  -51.681  -14.541 0.6000000238
12434  15.623  -52.134  -13.909 0.6999999881
12456  17.702  -51.745  -15.647 0.6000000238
12457  16.547  -52.057  -15.448 0.6000000238
12471  13.675  -52.508  -16.623 0.6000000238
13126  13.818  -50.540  -8.963 0.5000000000
13181  17.458  -51.170  -13.722 0.6999999881
13231  16.591  -50.845  -18.586 0.5000000000
13820  12.976  -49.726  -7.824 0.5000000000
13834  15.101  -49.307  -8.950 0.6000000238
13837  13.467  -49.466  -8.189 0.6999999881
13846  14.873  -49.820  -9.054 0.6000000238
13858  14.626  -49.490  -9.595 0.6000000238
13897  17.877  -50.233  -13.860 0.6999999881
13917  12.453  -49.529  -15.122 0.6000000238
14570  13.697  -48.810  -8.251 0.6999999881
14589  15.116  -48.393  -8.856 0.8000000119
14605  15.068  -49.261  -9.202 0.6999999881
14623  12.449  -47.903  -11.095 0.6000000238
14646  9.611  -48.751  -13.428 0.5000000000
14661  11.845  -47.800  -14.197 0.6999999881
15284  14.176  -48.175  -8.364 0.8000000119
15290  16.580  -47.076  -9.529 0.6999999881
15300  15.167  -47.762  -10.490 0.6999999881
15312  15.683  -47.279  -11.137 0.8000000119
15314  13.720  -47.480  -11.432 0.6000000238
15329  11.851  -47.850  -12.731 0.6000000238
15338  10.854  -48.244  -13.443 0.5000000000
15345  12.366  -47.245  -14.274 0.6999999881
15379  14.742  -47.467  -18.894 0.6000000238
15380  14.212  -47.242  -18.464 0.6000000238
15388  14.597  -47.451  -19.095 0.5000000000
15389  14.283  -47.399  -18.826 0.6999999881
15982  16.919  -46.496  -9.510 0.6999999881
15998  16.341  -46.639  -11.357 0.8000000119
15999  15.060  -47.015  -11.989 0.8000000119
16007  15.366  -46.401  -12.455 0.8000000119
16023  12.724  -46.775  -14.022 0.6999999881
16065  15.306  -46.864  -17.282 0.6000000238
16078  15.709  -46.451  -17.392 0.5000000000
16080  13.483  -46.554  -18.059 0.6999999881
16090  14.025  -46.969  -19.203 0.6999999881
16651  17.222  -46.124  -9.829 0.6999999881
16668  17.401  -45.658  -11.183 0.6000000238
16669  16.811  -45.967  -11.675 0.6999999881
16693  15.021  -45.329  -13.649 0.8000000119
16707  13.291  -45.554  -16.505 0.6999999881
16721  13.028  -45.790  -18.457 0.6999999881
16728  15.068  -46.284  -19.098 0.5000000000
16729  14.085  -46.100  -19.695 0.5000000000
16730  13.210  -45.944  -18.714 0.6999999881
17273  17.161  -44.630  -9.565 0.6000000238
17287  13.166  -43.882  -10.634 0.6999999881
17290  10.457  -44.333  -10.374 0.6000000238
17311  17.052  -44.226  -12.615 0.5000000000
17335  13.382  -44.926  -17.074 0.6999999881
17346  14.435  -45.132  -19.207 0.4000000060
17348  13.186  -45.001  -18.629 0.4000000060
17893  12.794  -43.429  -10.784 0.6999999881
17895  10.935  -43.533  -10.561 0.6000000238
17967  14.904  -44.159  -17.562 0.4000000060
17968  14.068  -44.368  -18.118 0.4000000060
17969  13.734  -44.586  -18.889 0.4000000060
18581  17.413  -42.466  -9.428 0.4000000060
18601  12.402  -42.879  -10.617 0.6999999881
21399  11.332  -39.184  -8.490 0.4000000060
21406  11.201  -38.913  -8.321 0.5000000000
22291  10.007  -39.050  -5.599 0.3000000119
22299  13.026  -37.866  -7.950 0.3000000119
22301  11.450  -38.247  -7.643 0.5000000000
24067  10.299  -36.824  -5.432 0.4000000060
97560  16.659  -67.264  -17.377 0.4000000060
97581  15.567  -67.703  -18.368 0.5000000000
97595  11.574  -65.596  -13.850 0.5000000000
97661  33.058  -67.276  -17.289 0.3000000119
97674  33.778  -67.104  -16.532 0.3000000119
97686  32.349  -67.192  -17.884 0.3000000119
97717  35.537  -66.388  -14.409 0.3000000119
97742  35.911  -66.461  -13.199 0.3000000119
103287  26.455  -69.256  -21.896 0.4000000060
103302  19.069  -65.418  -8.719 0.8999999762
103413  27.564  -68.508  -22.091 0.3000000119
103479  19.224  -73.878  -0.857 0.5000000000
103907  16.487  -65.902  -17.668 0.6000000238
104187  14.663  -64.587  -18.492 0.6999999881
104413  20.715  -71.959  -1.304 0.5000000000
104507  36.304  -65.572  -10.605 0.3000000119
104864  15.476  -63.321  -18.123 0.6000000238
105172  13.884  -66.267  -19.666 0.6000000238
105650  33.357  -66.437  -14.961 0.3000000119
105800  25.809  -66.490  -21.064 0.5000000000
106228  25.936  -69.876  -22.268 0.4000000060
106359  35.985  -65.919  -12.837 0.3000000119
106628  13.613  -62.543  -20.133 0.5000000000
107342  17.016  -64.780  -17.545 0.6000000238
107599  12.762  -41.679  -8.534 0.5000000000
107774  24.062  -68.943  -8.073 0.4000000060
107911  17.276  -55.566  -13.262 0.5000000000
108835  17.105  -66.090  -22.226 0.8000000119
109155  22.141  -69.098  -20.722 0.5000000000
109816  14.139  -49.151  -14.484 0.8000000119
110233  14.542  -55.912  -18.271 0.5000000000
110430  12.134  -66.743  -13.211 0.6000000238
110567  11.328  -48.477  -11.672 0.6000000238
111721  15.556  -47.797  -9.079 0.6999999881
112145  25.940  -73.809  -9.793 0.4000000060
112540  13.130  -63.274  -21.739 0.6999999881
112957  36.068  -65.526  -11.436 0.3000000119
113225  12.490  -63.154  -22.081 0.6999999881
113307  14.525  -63.852  -21.942 0.8000000119
113367  10.413  -45.539  -9.194 0.4000000060
113794  28.920  -71.664  -12.611 0.4000000060
114040  17.723  -54.195  -9.760 0.5000000000
114126  29.024  -72.787  -7.616 0.4000000060
114201  24.836  -68.182  -20.043 0.4000000060
114545  32.193  -68.434  -22.455 0.3000000119
114570  26.262  -73.604  -10.905 0.4000000060
114625  17.470  -43.943  -9.747 0.6000000238
114854  10.993  -59.192  -13.358 0.5000000000
115722  16.936  -63.310  -22.344 0.6000000238
115751  12.234  -58.264  -16.487 0.6000000238
115989  35.349  -67.240  -14.888 0.3000000119
116260  12.640  -48.358  -6.931 0.4000000060
116276  13.400  -45.998  -15.828 0.8000000119
116282  17.667  -44.945  -11.309 0.6000000238
116512  19.074  -62.943  -22.048 0.4000000060
116970  33.015  -69.387  -14.939 0.4000000060
117365  12.364  -57.393  -13.032 0.6999999881
118058  20.110  -63.898  -9.450 0.6000000238
118274  20.751  -70.835  -2.242 0.5000000000
118525  22.883  -69.842  -9.194 0.4000000060
118878  14.739  -63.373  -18.440 0.6999999881
118892  35.766  -65.589  -12.340 0.3000000119
119200  30.143  -68.461  -23.660 0.3000000119
119306  26.980  -68.585  -21.889 0.5000000000
119320  19.165  -64.888  -8.626 0.8000000119
119608  15.920  -65.111  -17.842 0.8000000119
119623  31.694  -67.289  -23.764 0.3000000119
120675  13.516  -44.537  -18.520 0.4000000060
122295  12.382  -56.147  -18.036 0.5000000000
122391  10.807  -63.472  -11.755 0.6000000238
122697  16.605  -65.157  -17.718 0.8000000119
122702  21.327  -64.813  -22.930 0.4000000060
122980  20.880  -67.739  -24.442 0.6999999881
123263  15.604  -45.942  -8.577 0.6999999881
123391  13.306  -66.329  -20.711 0.6000000238
123423  30.380  -70.499  -17.388 0.3000000119
123547  11.141  -48.722  -15.069 0.5000000000
123560  12.754  -52.987  -15.647 0.5000000000
123579  15.818  -65.201  -10.295 0.6000000238
123897  11.011  -59.305  -11.512 0.5000000000
124221  10.923  -44.510  -10.154 0.5000000000
124252  15.342  -63.656  -18.208 0.6000000238
124354  27.246  -72.329  -20.567 0.4000000060
124436  15.372  -57.195  -15.913 0.5000000000
125261  16.004  -55.909  -14.111 0.6999999881
125579  15.578  -64.032  -18.095 0.6999999881
125821  16.924  -51.519  -16.104 0.6000000238
126513  35.381  -66.571  -14.820 0.3000000119
127398  16.229  -62.888  -22.629 0.6999999881
127593  16.161  -69.595  -19.937 0.5000000000
