#!ascii label  , from subject sub-v2s4x29605_ses-1 vox2ras=TkReg
2195
9694  39.199  -62.952  8.549 0.2000000030
8880  38.839  -63.666  8.808 0.2000000030
9702  38.878  -62.374  8.028 0.2000000030
8048  38.195  -63.936  8.322 0.2000000030
11479  38.562  -60.011  7.033 0.1000000015
8861  39.644  -63.500  9.786 0.3000000119
119888  39.077  -61.639  7.816 0.1000000015
8893  38.319  -62.902  7.908 0.2000000030
9701  39.784  -62.196  8.407 0.1000000015
11466  39.289  -60.652  7.610 0.1000000015
12427  40.235  -59.495  7.459 0.1000000015
12428  39.450  -59.727  7.308 0.1000000015
13369  41.483  -58.991  7.627 0.1000000015
12437  40.531  -58.898  7.246 0.1000000015
12425  42.390  -58.954  8.082 0.2000000030
13383  41.573  -58.244  7.381 0.1000000015
10525  41.396  -61.515  9.028 0.1000000015
11441  41.967  -60.758  9.157 0.1000000015
11464  41.415  -60.634  8.369 0.1000000015
10526  40.702  -61.871  8.779 0.1000000015
10538  40.155  -61.400  8.183 0.1000000015
11463  41.886  -60.386  8.521 0.1000000015
14336  43.581  -58.046  9.063 0.2000000030
13353  43.527  -58.311  8.933 0.2000000030
16317  44.088  -56.069  9.504 0.1000000015
14351  43.177  -57.776  8.185 0.2000000030
16298  44.775  -55.508  10.038 0.2000000030
16316  44.463  -55.642  9.455 0.1000000015
17223  45.222  -55.221  10.093 0.1000000015
11451  41.782  -60.945  8.911 0.1000000015
12404  42.424  -59.956  9.176 0.1000000015
12426  42.152  -59.752  8.339 0.1000000015
16299  44.521  -55.506  10.113 0.2000000030
17206  44.596  -54.925  10.564 0.2000000030
18101  45.408  -54.664  11.048 0.2000000030
17205  45.326  -55.020  10.533 0.2000000030
17195  45.981  -54.651  11.103 0.1000000015
18100  46.276  -54.255  11.079 0.2000000030
12416  42.240  -60.303  8.901 0.1000000015
13338  42.746  -59.173  9.247 0.1000000015
12403  42.942  -59.240  9.105 0.1000000015
13337  43.251  -58.735  9.118 0.2000000030
16301  42.701  -56.180  9.698 0.2000000030
15334  43.541  -56.877  9.440 0.3000000119
18085  45.913  -54.156  11.442 0.3000000119
18084  46.201  -54.068  11.333 0.2000000030
19037  46.542  -53.251  11.376 0.2000000030
19051  45.271  -53.341  9.433 0.2000000030
17207  43.687  -55.179  10.203 0.3000000119
14321  43.452  -57.974  9.225 0.2000000030
121760  45.128  -53.481  11.466 0.3000000119
132019  45.581  -52.482  12.210 0.3000000119
117058  46.093  -51.992  12.680 0.3000000119
18997  46.517  -52.780  12.283 0.3000000119
19016  46.805  -53.043  11.919 0.2000000030
19050  46.025  -53.478  10.478 0.2000000030
20078  45.331  -52.331  9.663 0.2000000030
20990  44.149  -50.898  12.781 0.4000000060
18086  44.086  -53.256  11.051 0.3000000119
19019  44.408  -52.428  11.703 0.3000000119
18102  44.421  -54.142  10.802 0.2000000030
20008  47.067  -52.140  12.827 0.3000000119
20056  47.034  -52.543  11.840 0.2000000030
20007  47.459  -51.997  12.694 0.2000000030
20057  46.612  -52.292  11.290 0.2000000030
20975  44.771  -50.313  13.391 0.3000000119
20009  44.836  -51.708  12.396 0.3000000119
20987  47.725  -51.390  13.147 0.2000000030
21014  47.988  -50.533  12.862 0.2000000030
20006  47.820  -51.546  12.916 0.2000000030
21951  47.643  -49.888  11.985 0.1000000015
137055  47.301  -51.999  11.972 0.2000000030
21966  46.591  -50.124  10.877 0.2000000030
120638  47.191  -50.411  11.568 0.2000000030
21030  46.149  -51.217  10.770 0.2000000030
21913  45.519  -49.736  13.967 0.3000000119
20974  46.161  -50.496  13.611 0.3000000119
20989  45.434  -51.142  13.033 0.3000000119
21897  46.383  -49.365  14.605 0.2000000030
20973  47.496  -50.589  13.646 0.3000000119
21896  47.654  -49.047  14.684 0.2000000030
20988  46.792  -51.406  13.252 0.3000000119
20972  47.993  -50.362  13.505 0.1000000015
21927  48.200  -49.852  13.296 0.1000000015
21964  47.825  -48.710  11.343 0.1000000015
21950  48.081  -49.284  12.443 0.1000000015
22887  48.239  -49.253  13.626 0.1000000015
21965  47.368  -49.328  10.993 0.1000000015
21898  44.941  -49.160  14.411 0.3000000119
22875  45.895  -48.995  15.139 0.2000000030
22860  46.953  -48.791  15.978 0.2000000030
22840  47.734  -48.288  16.538 0.1000000015
129771  47.054  -49.040  15.134 0.1000000015
22859  47.938  -48.297  15.872 0.1000000015
21911  48.012  -49.702  13.984 0.1000000015
22894  48.262  -48.798  12.892 0.1000000015
23795  48.047  -48.116  12.302 0.1000000015
22861  45.532  -48.695  15.910 0.2000000030
22839  48.129  -48.083  16.240 0.1000000015
23770  47.862  -47.796  15.758 0.1000000015
22858  47.983  -48.140  15.799 0.1000000015
23781  47.904  -48.183  14.979 0.1000000015
22888  47.898  -48.801  14.311 0.1000000015
23786  47.538  -48.212  13.904 0.1000000015
135117  47.740  -48.028  12.860 0.1000000015
22895  48.156  -48.546  13.332 0.1000000015
24806  47.396  -47.150  16.247 0.1000000015
23787  46.252  -47.530  13.784 0.1000000015
24797  47.642  -47.300  16.872 0.1000000015
119618  41.251  -59.840  7.863 0.1000000015
10537  41.138  -61.248  8.560 0.1000000015
15332  44.068  -56.535  9.085 0.1000000015
17967  42.611  -52.934  25.024 0.5000000000
17051  42.991  -53.486  25.193 0.5000000000
17052  42.177  -53.409  25.332 0.5000000000
17968  41.820  -52.643  25.075 0.5000000000
18880  41.213  -52.179  25.003 0.5000000000
15177  43.901  -56.690  27.431 0.2000000030
15194  44.324  -56.085  26.579 0.2000000030
16091  42.400  -56.090  26.878 0.3000000119
16111  42.879  -55.395  25.978 0.3000000119
16128  42.486  -54.414  25.571 0.5000000000
17034  41.602  -54.354  25.738 0.5000000000
17035  40.759  -54.211  25.984 0.5000000000
17053  41.360  -53.259  25.474 0.5000000000
17954  40.548  -53.106  25.701 0.5000000000
17969  41.082  -52.329  25.254 0.5000000000
18885  41.577  -52.532  24.530 0.5000000000
18881  40.634  -51.846  25.102 0.5000000000
17977  41.478  -52.753  23.754 0.5000000000
16158  41.395  -55.068  22.246 0.5000000000
15179  41.983  -56.438  27.864 0.3000000119
16092  41.535  -55.907  27.083 0.3000000119
18868  39.585  -51.912  25.700 0.5000000000
17970  40.362  -52.085  25.455 0.5000000000
126839  40.096  -51.602  24.820 0.5000000000
122322  40.709  -52.720  23.715 0.5000000000
16216  43.168  -55.351  17.752 0.4000000060
16217  41.931  -55.153  18.853 0.5000000000
16182  41.970  -55.574  20.149 0.5000000000
16173  41.596  -55.472  21.331 0.5000000000
17093  41.228  -54.389  22.864 0.5000000000
16231  42.916  -55.403  17.323 0.4000000060
15178  42.897  -56.634  27.705 0.3000000119
16083  41.244  -56.137  27.881 0.4000000060
16094  39.981  -55.467  27.708 0.4000000060
16114  40.253  -55.019  26.695 0.5000000000
17023  38.703  -54.452  27.439 0.5000000000
17036  39.928  -54.045  26.268 0.5000000000
17956  38.915  -52.823  26.317 0.5000000000
17942  38.356  -53.597  27.030 0.5000000000
17957  38.109  -52.626  26.737 0.5000000000
18869  38.775  -51.738  26.049 0.5000000000
19900  39.389  -51.124  25.034 0.5000000000
17073  40.123  -53.706  23.473 0.6000000238
16183  40.919  -55.327  20.468 0.5000000000
133788  40.747  -54.969  22.320 0.5000000000
17094  40.329  -54.585  22.881 0.5000000000
15274  42.807  -56.700  15.846 0.4000000060
15266  43.166  -56.115  16.366 0.4000000060
117620  42.374  -55.137  17.939 0.5000000000
129676  41.891  -58.520  31.757 0.1000000015
14082  41.052  -57.807  32.427 0.1000000015
14070  39.901  -56.998  33.162 0.1000000015
137262  41.039  -57.193  31.247 0.1000000015
14098  40.596  -57.172  31.805 0.1000000015
15125  39.845  -56.675  32.235 0.1000000015
14108  41.498  -57.280  30.734 0.1000000015
15134  40.129  -56.576  31.382 0.1000000015
15135  39.523  -56.163  31.424 0.1000000015
15166  42.112  -56.725  28.637 0.2000000030
15157  41.688  -56.739  29.294 0.1000000015
15167  41.426  -56.428  28.579 0.3000000119
17022  39.461  -54.759  27.057 0.5000000000
16084  40.625  -56.013  28.417 0.4000000060
16085  39.784  -55.676  28.723 0.4000000060
17024  37.962  -54.137  27.822 0.5000000000
17943  37.602  -53.312  27.481 0.5000000000
18859  37.328  -52.371  27.237 0.5000000000
124348  39.297  -51.319  24.629 0.5000000000
16174  40.797  -55.296  21.536 0.5000000000
16197  41.257  -55.145  19.565 0.5000000000
16243  42.585  -55.637  16.811 0.4000000060
13301  42.778  -58.162  15.212 0.5000000000
14050  43.477  -58.997  34.624 0.1000000015
13075  42.753  -58.992  34.116 0.1000000015
13085  42.327  -58.951  33.456 0.1000000015
13086  41.202  -58.067  33.104 0.1000000015
14083  40.448  -57.394  32.730 0.1000000015
14068  41.543  -58.064  33.840 0.1000000015
14069  40.646  -57.443  33.512 0.1000000015
127372  39.405  -56.524  32.904 0.1000000015
135595  36.907  -54.606  32.130 0.2000000030
16986  36.428  -53.979  32.714 0.2000000030
14127  41.971  -57.128  29.924 0.1000000015
15143  41.249  -56.728  30.025 0.1000000015
15145  39.972  -56.264  30.664 0.1000000015
16055  38.775  -55.718  31.395 0.1000000015
16056  37.954  -55.324  31.351 0.2000000030
15158  40.487  -56.357  29.968 0.2000000030
16064  39.237  -55.816  30.629 0.1000000015
114601  38.913  -55.533  29.944 0.2000000030
16999  37.006  -54.658  30.299 0.2000000030
116888  36.396  -54.182  31.660 0.2000000030
17889  35.674  -52.913  32.802 0.2000000030
15159  39.666  -55.886  29.754 0.2000000030
16086  38.914  -55.331  29.072 0.3000000119
17019  37.074  -54.194  28.908 0.3000000119
17937  37.261  -53.809  28.261 0.5000000000
17979  38.861  -52.935  23.815 0.5000000000
17944  36.846  -53.018  27.961 0.4000000060
135379  37.887  -54.130  22.592 0.5000000000
17994  37.834  -53.729  23.252 0.5000000000
18894  37.944  -52.521  23.978 0.5000000000
17107  38.489  -54.453  21.659 0.5000000000
17096  38.519  -54.332  22.768 0.5000000000
135574  38.558  -53.843  23.414 0.5000000000
19887  38.530  -50.868  25.752 0.5000000000
18870  37.959  -51.566  26.500 0.5000000000
17123  40.648  -54.960  19.649 0.5000000000
17112  39.606  -54.973  21.001 0.5000000000
17106  39.205  -54.798  22.002 0.5000000000
18893  38.932  -51.886  24.203 0.5000000000
16232  42.014  -55.222  17.420 0.5000000000
17122  40.974  -54.678  18.972 0.5000000000
135507  39.731  -54.859  22.489 0.5000000000
127761  39.662  -51.952  24.231 0.6000000238
123347  40.251  -55.276  21.003 0.5000000000
14279  42.512  -57.340  15.471 0.4000000060
14027  44.608  -58.724  34.963 0.1000000015
14028  42.843  -57.832  34.970 0.1000000015
123550  42.401  -56.624  35.219 0.1000000015
124217  42.665  -54.581  35.424 0.1000000015
14051  42.032  -58.019  34.473 0.1000000015
15085  41.548  -57.161  34.899 0.1000000015
14052  40.997  -57.379  34.255 0.1000000015
15103  39.747  -56.384  34.424 0.1000000015
16033  39.031  -56.089  34.063 0.1000000015
15115  38.936  -56.185  33.243 0.1000000015
16035  37.908  -55.245  33.546 0.1000000015
15126  39.048  -56.059  32.303 0.1000000015
16973  37.319  -54.506  33.663 0.2000000030
125388  36.915  -54.314  33.225 0.2000000030
116418  38.287  -55.561  32.118 0.1000000015
16985  37.268  -54.740  32.864 0.2000000030
17000  36.233  -54.041  30.249 0.3000000119
17908  35.783  -53.461  31.861 0.2000000030
17010  36.631  -54.206  29.512 0.3000000119
128851  35.466  -53.069  31.061 0.2000000030
17938  36.488  -53.537  28.796 0.4000000060
17928  35.560  -52.854  29.781 0.3000000119
119407  36.270  -52.705  28.463 0.4000000060
17939  35.836  -52.858  29.078 0.4000000060
18890  35.569  -51.748  24.274 0.5000000000
19906  36.397  -50.898  24.725 0.5000000000
18888  37.650  -51.456  24.300 0.5000000000
18860  36.554  -52.030  27.826 0.5000000000
135794  34.865  -49.748  25.428 0.5000000000
21807  35.442  -48.833  26.083 0.5000000000
20872  36.770  -49.730  25.610 0.5000000000
19905  37.414  -50.698  24.626 0.5000000000
19904  38.163  -50.656  24.677 0.6000000238
19882  37.176  -51.337  26.997 0.5000000000
131753  35.813  -48.619  26.499 0.5000000000
20877  37.179  -50.143  25.011 0.6000000238
18887  38.549  -51.285  24.422 0.5000000000
19901  38.730  -50.737  25.204 0.5000000000
20870  38.255  -50.393  25.034 0.5000000000
19903  38.786  -50.814  24.844 0.5000000000
128275  42.442  -60.064  14.538 0.4000000060
12362  42.798  -59.188  14.781 0.4000000060
14278  43.451  -57.412  15.598 0.4000000060
134620  42.005  -51.745  35.887 0.1000000015
127272  42.581  -53.464  35.457 0.1000000015
17870  41.478  -52.388  35.461 0.1000000015
114614  41.211  -56.231  35.263 0.1000000015
16008  42.001  -55.482  35.411 0.1000000015
16953  40.833  -54.245  35.491 0.1000000015
122062  40.758  -53.303  35.462 0.1000000015
16009  40.955  -55.260  35.433 0.1000000015
16010  39.937  -55.030  35.406 0.1000000015
16954  40.131  -54.080  35.482 0.1000000015
16011  39.084  -55.081  35.101 0.1000000015
16963  38.561  -54.580  34.996 0.1000000015
16964  37.867  -54.684  34.341 0.1000000015
17881  37.493  -53.284  34.710 0.2000000030
17882  36.712  -53.175  34.193 0.2000000030
18797  36.549  -52.222  34.199 0.2000000030
18804  36.068  -52.621  33.626 0.2000000030
134982  41.463  -50.860  29.642 0.2000000030
17909  35.372  -52.569  31.838 0.2000000030
122611  40.300  -49.811  29.565 0.2000000030
124641  39.492  -49.734  29.641 0.2000000030
21765  38.934  -50.203  29.873 0.2000000030
124008  38.025  -49.660  29.882 0.2000000030
18833  35.315  -52.189  30.930 0.2000000030
22697  39.887  -48.561  29.542 0.2000000030
22698  38.775  -48.975  29.579 0.2000000030
22699  37.815  -48.678  29.464 0.2000000030
116232  37.215  -49.310  29.449 0.2000000030
20836  36.235  -50.381  29.086 0.4000000060
24594  37.922  -47.239  29.213 0.2000000030
23596  37.645  -47.922  29.244 0.3000000119
22700  37.148  -48.378  29.057 0.3000000119
22701  36.757  -48.981  28.830 0.4000000060
21781  36.508  -49.542  28.552 0.4000000060
18855  35.895  -51.971  28.721 0.4000000060
23634  35.529  -47.524  26.817 0.5000000000
23633  36.069  -47.667  27.226 0.4000000060
23623  36.427  -47.541  27.830 0.4000000060
22719  36.683  -48.108  28.376 0.4000000060
22728  36.300  -48.262  27.560 0.4000000060
20858  36.507  -49.496  27.058 0.5000000000
20851  36.369  -50.011  28.154 0.5000000000
19877  36.269  -51.349  28.131 0.5000000000
22735  35.905  -48.147  26.852 0.5000000000
21796  36.175  -48.717  26.909 0.5000000000
20862  37.029  -49.573  26.019 0.5000000000
20871  37.619  -50.051  25.397 0.5000000000
20860  38.159  -50.308  25.516 0.5000000000
19888  37.838  -50.518  26.186 0.5000000000
118671  40.633  -52.105  36.917 0.1000000015
18778  41.942  -51.679  36.132 0.1000000015
18779  41.273  -51.396  36.274 0.1000000015
19771  40.939  -50.699  36.015 0.1000000015
18784  41.272  -51.672  35.462 0.1000000015
19776  41.007  -50.983  35.565 0.1000000015
118651  40.628  -52.413  35.353 0.1000000015
117064  39.612  -52.598  35.288 0.1000000015
18786  39.295  -51.892  35.117 0.1000000015
128768  38.928  -53.640  35.313 0.1000000015
17871  38.386  -52.799  35.143 0.2000000030
18787  38.390  -51.662  34.948 0.2000000030
18796  37.360  -52.382  34.691 0.2000000030
18798  35.991  -51.806  33.745 0.2000000030
18819  35.345  -51.882  32.563 0.2000000030
122150  41.087  -51.420  29.937 0.1000000015
20833  40.104  -51.346  30.110 0.2000000030
21764  39.738  -50.657  29.785 0.2000000030
20834  39.283  -50.948  30.246 0.2000000030
18825  35.294  -51.792  31.746 0.2000000030
19846  41.599  -51.735  30.630 0.1000000015
19862  40.924  -51.584  30.338 0.1000000015
129285  39.509  -51.163  30.584 0.1000000015
20813  38.868  -50.888  30.782 0.1000000015
21766  37.365  -50.107  30.421 0.1000000015
21767  36.615  -49.929  29.480 0.2000000030
18843  35.397  -52.199  30.023 0.3000000119
20815  36.076  -50.553  30.033 0.3000000119
19863  35.628  -51.654  29.481 0.2000000030
19889  36.973  -50.272  26.712 0.5000000000
120336  36.443  -50.530  27.762 0.5000000000
19883  36.627  -51.134  27.490 0.5000000000
20861  37.645  -49.935  25.887 0.5000000000
18772  39.682  -52.479  37.466 0.1000000015
116594  39.451  -51.704  37.039 0.1000000015
19767  38.746  -51.343  37.031 0.1000000015
19772  39.961  -50.740  36.502 0.1000000015
20736  39.078  -50.380  36.607 0.1000000015
19777  40.441  -50.521  35.091 0.1000000015
20735  40.429  -50.178  35.965 0.1000000015
19778  39.625  -50.917  34.870 0.2000000030
19786  37.443  -51.403  34.655 0.2000000030
19787  36.617  -51.325  34.263 0.2000000030
119777  37.218  -50.650  34.478 0.2000000030
19799  35.590  -51.470  33.189 0.2000000030
135125  35.475  -51.282  32.736 0.2000000030
19819  35.489  -51.056  32.156 0.2000000030
19817  41.999  -51.203  31.343 0.1000000015
19847  40.911  -51.534  30.912 0.1000000015
124346  39.160  -51.007  31.038 0.1000000015
20814  38.192  -50.566  30.827 0.1000000015
20800  35.692  -50.841  31.394 0.1000000015
19834  35.468  -51.366  31.191 0.2000000030
20797  38.385  -50.636  31.039 0.1000000015
20798  37.668  -50.413  31.052 0.1000000015
21747  36.474  -50.413  30.526 0.1000000015
20816  35.711  -50.946  30.604 0.2000000030
19848  35.494  -51.532  30.306 0.2000000030
19761  36.734  -51.447  38.357 0.1000000015
18773  37.660  -51.743  37.699 0.1000000015
21673  35.342  -49.633  38.343 0.1000000015
20729  37.978  -50.823  37.023 0.1000000015
20730  36.594  -50.233  37.361 0.1000000015
118354  37.366  -50.335  37.040 0.1000000015
134234  39.903  -50.045  36.217 0.1000000015
21679  40.288  -49.984  35.621 0.1000000015
20743  39.758  -49.519  34.918 0.1000000015
20744  38.937  -49.471  34.563 0.1000000015
20746  36.649  -50.425  34.122 0.2000000030
19788  36.021  -50.991  33.708 0.2000000030
20757  36.225  -50.306  33.548 0.2000000030
20758  35.658  -50.773  32.992 0.2000000030
20782  35.987  -50.215  32.841 0.1000000015
136430  35.733  -50.595  32.523 0.2000000030
21724  43.267  -49.680  31.453 0.1000000015
21726  41.677  -49.209  31.461 0.1000000015
125920  40.956  -49.563  31.473 0.1000000015
20796  40.172  -51.056  31.203 0.1000000015
20783  35.897  -50.435  31.996 0.2000000030
121615  40.090  -49.997  31.457 0.1000000015
20781  37.800  -50.264  31.304 0.1000000015
21746  36.950  -50.336  31.017 0.1000000015
21737  36.393  -50.341  31.481 0.2000000030
135260  35.169  -49.189  38.238 0.1000000015
21676  36.332  -49.436  37.288 0.1000000015
20738  37.181  -49.644  36.899 0.1000000015
116685  39.362  -49.539  36.251 0.1000000015
21684  39.797  -49.404  35.376 0.1000000015
21687  39.333  -48.746  34.783 0.1000000015
20745  37.495  -49.774  34.310 0.2000000030
22625  38.693  -48.108  34.207 0.1000000015
21688  38.265  -48.856  34.204 0.1000000015
22626  38.061  -48.511  33.789 0.2000000030
21690  36.745  -49.829  33.955 0.2000000030
22641  37.686  -48.617  33.272 0.1000000015
21689  37.292  -49.167  33.810 0.2000000030
23561  40.981  -46.840  31.958 0.1000000015
22658  40.620  -47.680  31.599 0.1000000015
23562  40.097  -47.183  31.808 0.1000000015
22660  38.822  -48.085  31.843 0.1000000015
22661  38.109  -48.257  32.535 0.1000000015
22662  37.545  -48.855  32.565 0.1000000015
21725  42.406  -49.409  31.468 0.1000000015
122671  42.096  -48.377  31.465 0.1000000015
21727  40.290  -48.735  31.519 0.1000000015
22659  39.656  -47.866  31.670 0.1000000015
21728  39.302  -49.028  31.609 0.1000000015
21729  38.247  -49.193  31.815 0.1000000015
21730  37.370  -49.620  31.937 0.1000000015
21731  36.511  -49.888  32.358 0.1000000015
20780  38.307  -50.285  31.350 0.1000000015
22609  36.158  -48.580  37.325 0.1000000015
22615  37.051  -48.717  36.904 0.1000000015
22614  37.965  -48.147  36.626 0.1000000015
21680  39.286  -48.715  35.816 0.1000000015
121113  39.388  -48.455  35.305 0.1000000015
24517  40.812  -46.321  34.547 0.1000000015
24518  40.119  -46.581  34.185 0.1000000015
23525  39.553  -46.984  33.908 0.1000000015
23544  38.988  -47.391  33.315 0.1000000015
119195  41.459  -46.327  33.813 0.1000000015
24533  40.502  -46.499  33.451 0.1000000015
24534  39.885  -46.728  33.309 0.1000000015
22640  38.404  -47.924  33.404 0.1000000015
24547  41.729  -46.534  32.700 0.1000000015
124379  40.919  -46.546  32.743 0.1000000015
23543  39.405  -47.091  32.825 0.1000000015
23564  38.767  -47.604  32.503 0.1000000015
22613  38.681  -47.404  36.299 0.1000000015
23505  39.306  -46.823  36.266 0.1000000015
22619  39.129  -47.482  35.556 0.1000000015
22624  39.279  -47.771  34.848 0.1000000015
24503  41.065  -46.294  35.622 0.1000000015
126097  40.367  -46.413  35.235 0.1000000015
23514  39.581  -46.984  35.004 0.1000000015
23526  39.076  -47.478  34.089 0.1000000015
24516  41.726  -46.340  35.225 0.1000000015
16112  41.955  -55.334  26.170 0.4000000060
18883  39.251  -51.188  25.429 0.5000000000
16113  41.082  -55.205  26.395 0.4000000060
16095  39.164  -55.176  28.025 0.4000000060
14097  41.365  -57.786  31.690 0.1000000015
15168  40.965  -56.392  29.270 0.2000000030
17017  38.412  -54.793  28.317 0.4000000060
17018  37.709  -54.459  28.616 0.4000000060
15113  40.185  -56.909  33.957 0.1000000015
16992  37.136  -54.757  31.301 0.3000000119
17888  36.252  -53.357  33.424 0.2000000030
16066  37.638  -55.066  30.716 0.2000000030
16077  38.264  -55.186  29.687 0.2000000030
128478  36.518  -54.298  30.897 0.3000000119
17009  37.489  -54.707  29.442 0.3000000119
17927  35.996  -53.534  29.598 0.3000000119
18895  36.850  -52.529  23.860 0.5000000000
121564  41.747  -54.399  35.484 0.1000000015
15102  40.580  -56.706  34.712 0.1000000015
16020  39.360  -55.736  34.794 0.1000000015
15086  40.224  -55.976  35.168 0.1000000015
16021  38.549  -55.398  34.394 0.1000000015
16046  38.420  -55.731  32.922 0.1000000015
16047  37.871  -55.313  32.712 0.1000000015
16965  37.301  -53.956  34.290 0.1000000015
16974  36.755  -53.933  33.629 0.2000000030
17916  35.712  -53.369  30.340 0.3000000119
18856  35.590  -52.302  29.404 0.4000000060
19907  35.293  -51.046  24.791 0.5000000000
20878  36.167  -50.190  25.211 0.5000000000
20874  34.222  -49.884  25.098 0.5000000000
22736  35.381  -48.199  26.428 0.5000000000
17869  42.283  -52.501  35.555 0.1000000015
18783  41.867  -51.906  35.636 0.1000000015
122533  41.622  -53.330  35.468 0.1000000015
16955  39.377  -54.336  35.362 0.1000000015
127023  39.889  -53.408  35.426 0.1000000015
17880  37.997  -53.901  34.928 0.1000000015
133674  36.950  -51.856  34.461 0.2000000030
122828  40.593  -50.851  29.695 0.2000000030
124640  41.204  -49.942  29.517 0.2000000030
20835  38.464  -50.452  30.415 0.1000000015
23594  39.133  -47.834  29.524 0.2000000030
23595  38.309  -47.953  29.469 0.2000000030
20852  36.011  -50.986  28.732 0.4000000060
135897  36.733  -47.515  28.294 0.5000000000
23617  37.179  -47.525  28.731 0.4000000060
126056  38.640  -47.259  29.375 0.2000000030
124665  36.521  -48.766  28.202 0.5000000000
20837  35.788  -50.996  29.700 0.3000000119
23624  36.066  -46.921  27.333 0.5000000000
24623  36.757  -46.903  28.112 0.5000000000
19766  40.382  -51.480  36.655 0.1000000015
118847  41.435  -51.312  35.894 0.1000000015
18785  40.436  -51.421  35.153 0.1000000015
20734  40.574  -50.400  35.595 0.1000000015
19785  38.395  -50.522  34.690 0.2000000030
20812  40.119  -51.342  30.709 0.1000000015
18766  38.644  -52.240  37.616 0.1000000015
20740  40.249  -49.967  35.170 0.1000000015
19784  39.772  -50.060  34.813 0.2000000030
20776  42.598  -50.531  31.475 0.1000000015
20777  41.656  -50.298  31.471 0.1000000015
19818  41.168  -51.147  31.251 0.1000000015
20799  35.979  -50.605  31.017 0.1000000015
19768  37.029  -50.955  37.508 0.1000000015
20715  36.062  -51.043  39.002 0.1000000015
20725  36.233  -50.730  38.043 0.1000000015
21674  34.920  -49.211  38.714 0.1000000015
20731  35.831  -49.985  37.792 0.1000000015
20737  38.237  -49.805  36.666 0.1000000015
122118  39.981  -49.702  35.910 0.1000000015
21705  36.557  -49.729  33.378 0.2000000030
21704  36.988  -49.165  33.031 0.1000000015
20778  40.797  -50.533  31.396 0.1000000015
20779  39.141  -50.305  31.320 0.1000000015
21736  37.069  -50.114  31.477 0.1000000015
21677  35.526  -49.157  37.777 0.1000000015
21682  37.819  -49.061  36.636 0.1000000015
21681  38.646  -48.781  36.352 0.1000000015
23560  42.059  -46.891  31.982 0.1000000015
122826  41.584  -47.533  31.613 0.1000000015
122670  41.210  -48.478  31.483 0.1000000015
23563  39.388  -47.320  31.978 0.1000000015
24548  40.119  -46.787  32.434 0.1000000015
23497  36.737  -48.044  37.136 0.1000000015
121580  39.911  -46.663  34.800 0.1000000015
23506  38.111  -47.066  36.940 0.1000000015
24504  39.908  -46.544  35.860 0.1000000015
24494  39.930  -46.522  37.621 0.1000000015
24502  41.967  -46.633  36.615 0.1000000015
24493  40.855  -46.462  36.742 0.1000000015
16106  49.091  -55.236  26.893 0.1000000015
17045  49.371  -54.305  25.385 0.1000000015
17046  48.312  -54.400  25.557 0.1000000015
16107  46.719  -55.068  26.141 0.1000000015
16108  45.693  -55.093  26.016 0.1000000015
138421  46.728  -56.300  27.345 0.1000000015
15175  45.882  -56.519  27.315 0.1000000015
16104  50.105  -55.292  26.544 0.2000000030
15176  44.895  -56.641  27.314 0.1000000015
17056  49.675  -54.049  24.546 0.2000000030
17057  48.586  -54.071  24.776 0.1000000015
17065  49.181  -54.169  23.323 0.2000000030
117043  47.582  -54.155  25.102 0.1000000015
16109  44.769  -55.181  25.952 0.1000000015
17086  50.026  -54.392  22.785 0.2000000030
121586  48.301  -54.191  24.076 0.2000000030
16124  46.132  -54.351  25.495 0.2000000030
17058  47.340  -54.135  24.667 0.2000000030
17048  45.573  -53.792  25.017 0.2000000030
16125  45.203  -54.298  25.442 0.3000000119
16127  43.395  -54.364  25.463 0.3000000119
17049  44.699  -53.577  25.015 0.3000000119
17050  43.836  -53.406  25.069 0.3000000119
17066  47.067  -54.358  23.935 0.2000000030
17059  46.020  -53.905  24.499 0.2000000030
16166  49.374  -54.623  20.625 0.2000000030
17060  44.923  -53.517  24.605 0.2000000030
17104  47.849  -54.767  21.920 0.2000000030
14258  47.671  -57.198  17.614 0.1000000015
17110  49.827  -54.678  20.854 0.2000000030
137481  48.038  -54.527  23.145 0.2000000030
17088  49.022  -54.360  22.268 0.2000000030
17061  44.302  -53.207  24.736 0.3000000119
117438  48.740  -56.378  18.686 0.1000000015
16178  49.518  -54.831  20.114 0.1000000015
17089  45.726  -54.518  23.180 0.2000000030
17068  45.117  -53.749  23.904 0.2000000030
14246  47.408  -57.227  18.672 0.1000000015
17972  43.655  -53.057  24.564 0.4000000060
16191  48.786  -55.204  18.867 0.2000000030
117378  46.810  -54.683  23.041 0.2000000030
16179  49.096  -54.755  19.717 0.2000000030
14270  47.541  -57.281  16.850 0.1000000015
14269  47.556  -56.765  16.717 0.2000000030
14245  48.262  -56.529  18.032 0.1000000015
14257  47.796  -56.585  17.242 0.1000000015
16167  48.437  -54.764  20.658 0.2000000030
16153  46.435  -54.955  22.129 0.2000000030
129703  44.884  -54.284  23.240 0.2000000030
17090  44.303  -53.680  23.624 0.4000000060
15243  48.556  -55.806  18.377 0.1000000015
134205  44.257  -54.311  23.171 0.4000000060
17976  43.102  -53.064  24.113 0.4000000060
16180  47.833  -55.106  19.721 0.3000000119
16181  46.464  -55.263  20.155 0.3000000119
16192  47.744  -55.359  18.666 0.2000000030
17091  43.554  -54.045  23.242 0.4000000060
120158  42.364  -52.827  24.014 0.4000000060
16169  45.897  -55.241  21.265 0.3000000119
121985  45.934  -55.456  19.376 0.4000000060
125434  46.932  -55.205  19.251 0.3000000119
19859  43.485  -51.563  30.058 0.1000000015
20832  41.938  -51.381  29.869 0.1000000015
17070  42.888  -53.408  23.574 0.4000000060
16171  43.999  -55.472  22.002 0.4000000060
17092  42.613  -54.261  22.993 0.5000000000
128815  45.291  -55.432  20.398 0.4000000060
16170  44.866  -55.346  21.573 0.4000000060
127992  44.115  -55.618  20.681 0.4000000060
20831  42.870  -51.187  29.797 0.1000000015
20830  43.847  -50.976  29.612 0.1000000015
122251  42.313  -50.660  29.617 0.1000000015
17071  41.953  -53.510  23.279 0.4000000060
129781  41.874  -54.509  22.796 0.5000000000
16157  42.182  -55.159  22.259 0.5000000000
17072  41.027  -53.497  23.319 0.5000000000
137994  41.920  -50.056  29.533 0.1000000015
23593  42.031  -47.955  28.958 0.1000000015
131363  41.994  -49.050  29.430 0.1000000015
120768  40.573  -47.597  29.316 0.1000000015
16089  50.010  -55.902  27.475 0.1000000015
128992  48.016  -55.017  26.380 0.1000000015
15193  45.271  -55.934  26.603 0.1000000015
15192  46.217  -55.805  26.687 0.1000000015
15191  48.490  -55.691  27.326 0.1000000015
14151  46.793  -56.874  28.196 0.1000000015
17974  42.288  -52.730  24.678 0.4000000060
22696  41.078  -48.587  29.442 0.1000000015
15203  50.297  -55.461  25.969 0.1000000015
126656  44.314  -53.288  24.244 0.3000000119
16168  47.114  -55.008  20.958 0.2000000030
17069  43.659  -53.288  23.871 0.4000000060
16154  45.401  -55.002  22.401 0.3000000119
129812  43.908  -54.879  22.786 0.4000000060
21763  43.185  -50.305  29.495 0.1000000015
14139  47.325  -57.364  29.101 0.1000000015
126944  35.174  -62.009  20.322 0.1000000015
10364  34.540  -61.567  20.009 0.1000000015
11329  35.526  -60.821  17.516 0.1000000015
9543  34.281  -62.359  20.295 0.1000000015
127892  35.743  -60.375  18.051 0.1000000015
121081  35.001  -62.835  20.420 0.1000000015
8723  34.511  -63.391  20.417 0.1000000015
115851  33.098  -63.917  20.445 0.1000000015
9544  33.366  -62.314  20.064 0.1000000015
4492  33.707  -69.442  26.783 0.1000000015
3929  35.013  -71.100  21.103 0.1000000015
5174  33.378  -68.978  20.899 0.1000000015
11301  35.851  -60.714  19.730 0.1000000015
117463  33.943  -67.922  20.686 0.1000000015
10371  35.144  -61.167  19.871 0.1000000015
6478  34.176  -65.939  20.401 0.1000000015
11310  36.590  -60.200  19.438 0.1000000015
7158  33.374  -64.963  20.446 0.1000000015
11328  36.480  -60.323  17.559 0.1000000015
123756  35.215  -72.173  26.373 0.1000000015
5122  33.482  -68.515  26.929 0.1000000015
5728  33.151  -67.794  26.978 0.1000000015
3244  37.318  -72.358  26.990 0.1000000015
3257  36.102  -72.441  26.524 0.1000000015
128631  34.919  -70.960  26.496 0.1000000015
4491  34.616  -69.738  26.722 0.1000000015
7086  32.330  -65.494  26.618 0.1000000015
119352  32.586  -68.509  23.325 0.1000000015
2760  34.678  -72.486  22.335 0.1000000015
10363  35.937  -61.520  20.254 0.1000000015
9542  35.707  -62.777  20.372 0.1000000015
7899  34.745  -64.180  20.371 0.1000000015
11299  37.281  -60.450  19.971 0.1000000015
11327  37.540  -60.018  17.424 0.1000000015
11351  36.069  -61.083  16.895 0.1000000015
5121  34.337  -68.684  26.926 0.1000000015
124962  33.452  -67.086  27.113 0.1000000015
3243  37.955  -71.819  27.051 0.1000000015
3859  36.902  -71.665  26.459 0.1000000015
3860  35.938  -71.409  26.431 0.1000000015
128004  35.259  -68.968  26.888 0.1000000015
5727  34.729  -67.065  27.392 0.1000000015
6396  33.685  -66.293  27.277 0.1000000015
7811  32.885  -63.924  26.182 0.1000000015
8663  32.425  -63.200  24.115 0.1000000015
7115  31.984  -64.866  23.355 0.1000000015
6438  32.553  -65.892  23.389 0.1000000015
5771  32.850  -67.628  23.334 0.1000000015
4523  34.663  -70.207  23.213 0.1000000015
3905  35.296  -72.124  22.932 0.1000000015
132055  35.565  -72.102  22.545 0.1000000015
4559  35.403  -70.031  20.773 0.1000000015
130742  35.109  -66.355  20.313 0.1000000015
10362  36.786  -61.721  20.337 0.1000000015
116036  36.466  -63.460  20.243 0.1000000015
8722  35.409  -63.699  20.357 0.1000000015
127444  35.148  -65.554  20.305 0.1000000015
11309  37.427  -59.883  19.399 0.1000000015
11315  36.297  -60.048  18.485 0.1000000015
7074  35.093  -65.364  27.559 0.1000000015
3230  38.124  -71.836  27.657 0.1000000015
4504  37.618  -70.846  26.555 0.1000000015
4505  36.639  -70.553  26.581 0.1000000015
4490  36.246  -69.337  26.850 0.1000000015
5726  35.619  -67.252  27.443 0.1000000015
6394  35.366  -66.284  27.612 0.1000000015
7805  33.790  -64.539  27.078 0.1000000015
8647  33.599  -63.514  25.544 0.1000000015
6437  33.499  -65.888  23.478 0.1000000015
5137  35.207  -68.596  23.104 0.1000000015
3858  38.171  -71.210  26.797 0.1000000015
4488  38.343  -70.001  26.791 0.1000000015
4489  37.296  -69.743  26.780 0.1000000015
5119  36.892  -68.608  27.110 0.1000000015
5725  36.604  -67.531  27.458 0.1000000015
5770  33.784  -67.525  23.278 0.1000000015
5138  34.763  -69.199  23.196 0.1000000015
3904  36.066  -71.683  22.724 0.1000000015
3927  36.823  -70.928  20.955 0.1000000015
3928  36.030  -71.031  20.924 0.1000000015
4558  36.551  -70.056  20.516 0.1000000015
128504  35.987  -68.173  20.234 0.1000000015
5172  35.763  -69.001  20.430 0.1000000015
7155  36.757  -65.882  20.289 0.1000000015
5820  35.702  -67.188  20.267 0.1000000015
115855  35.128  -67.994  20.397 0.1000000015
116037  37.452  -63.626  20.086 0.1000000015
115598  36.122  -64.425  20.276 0.1000000015
7156  35.965  -65.286  20.308 0.1000000015
129668  37.340  -61.190  20.309 0.1000000015
11298  37.860  -60.096  19.874 0.1000000015
12317  37.748  -59.582  18.710 0.1000000015
12329  39.006  -59.408  17.971 0.1000000015
12316  38.677  -59.395  18.767 0.1000000015
7804  34.762  -64.561  27.250 0.1000000015
3827  38.970  -70.789  27.764 0.1000000015
135296  39.622  -69.355  27.295 0.1000000015
125892  39.199  -69.623  27.100 0.1000000015
116860  38.868  -68.670  27.263 0.1000000015
115511  37.459  -66.761  27.657 0.1000000015
6393  36.357  -66.453  27.676 0.1000000015
121411  36.125  -65.445  27.665 0.1000000015
7809  34.323  -63.948  26.737 0.1000000015
8662  33.387  -63.628  24.142 0.1000000015
132179  34.898  -66.652  23.362 0.1000000015
4486  39.159  -70.179  27.194 0.1000000015
126640  37.830  -69.015  27.077 0.1000000015
5768  35.610  -67.984  23.010 0.1000000015
124456  36.637  -69.893  22.740 0.1000000015
4538  36.451  -70.926  22.838 0.1000000015
4537  37.217  -70.589  22.461 0.1000000015
3914  37.069  -71.183  21.710 0.1000000015
3901  38.122  -70.348  21.994 0.1000000015
121020  37.219  -70.314  20.676 0.1000000015
130692  37.342  -67.587  20.306 0.1000000015
124362  37.365  -68.615  20.319 0.1000000015
119359  37.956  -62.913  20.091 0.1000000015
116038  38.354  -63.724  20.006 0.1000000015
7898  37.832  -64.447  20.083 0.1000000015
115092  37.334  -65.162  20.176 0.1000000015
136042  37.291  -66.705  20.312 0.1000000015
6477  36.585  -66.894  20.287 0.1000000015
119360  38.871  -62.973  20.090 0.1000000015
136676  36.627  -65.018  20.216 0.1000000015
124908  38.393  -62.128  20.262 0.1000000015
125258  39.291  -62.096  20.288 0.1000000015
10360  38.707  -61.116  20.343 0.1000000015
120321  38.157  -59.660  19.440 0.1000000015
12328  39.923  -59.397  17.867 0.1000000015
120925  40.525  -68.863  29.739 0.1000000015
120781  39.925  -69.690  29.864 0.1000000015
4451  39.262  -70.555  29.469 0.1000000015
5723  40.329  -67.868  27.796 0.1000000015
5724  39.661  -67.658  27.688 0.1000000015
4473  40.361  -69.239  28.896 0.1000000015
5118  39.833  -68.715  27.312 0.1000000015
115871  38.621  -67.214  27.625 0.1000000015
118728  37.274  -65.630  27.661 0.1000000015
126779  35.881  -64.660  27.377 0.1000000015
126511  35.040  -63.766  26.367 0.1000000015
8646  34.300  -63.564  25.430 0.1000000015
7112  35.068  -65.407  23.799 0.1000000015
8631  35.920  -63.455  26.175 0.1000000015
123544  35.413  -64.987  23.796 0.1000000015
6455  36.602  -67.199  22.825 0.1000000015
5151  36.911  -69.015  22.668 0.1000000015
5150  37.924  -69.209  22.465 0.1000000015
5788  37.219  -68.161  22.614 0.1000000015
5149  38.702  -69.560  22.199 0.1000000015
4545  39.035  -69.293  21.460 0.1000000015
5170  38.051  -69.230  20.558 0.1000000015
6476  38.129  -67.149  20.360 0.1000000015
5818  38.109  -68.252  20.427 0.1000000015
7897  38.728  -64.557  20.095 0.1000000015
116042  38.617  -66.243  20.346 0.1000000015
116039  39.273  -63.831  20.055 0.1000000015
7896  39.621  -64.696  20.226 0.1000000015
118695  39.904  -63.053  20.223 0.1000000015
130785  39.227  -60.391  20.278 0.1000000015
11297  38.555  -60.070  20.072 0.1000000015
124312  38.824  -59.592  19.567 0.1000000015
12315  39.631  -59.291  18.595 0.1000000015
133077  39.005  -64.197  27.495 0.1000000015
7802  38.322  -63.706  27.136 0.1000000015
5078  40.965  -68.188  30.127 0.1000000015
5091  40.971  -68.230  29.204 0.1000000015
5717  41.114  -67.583  28.664 0.1000000015
6379  40.855  -67.063  28.314 0.1000000015
6391  39.458  -66.381  27.877 0.1000000015
7072  38.427  -64.760  27.473 0.1000000015
8620  37.788  -62.936  26.581 0.1000000015
8630  36.943  -62.665  26.048 0.1000000015
5718  40.687  -68.001  28.003 0.1000000015
6392  38.501  -65.923  27.698 0.1000000015
7073  37.132  -64.703  27.375 0.1000000015
8645  36.105  -62.932  25.520 0.1000000015
116898  35.618  -63.392  24.427 0.1000000015
7850  36.020  -64.859  23.428 0.1000000015
121773  35.017  -63.849  25.111 0.1000000015
7837  35.193  -64.107  24.472 0.1000000015
120281  37.553  -67.344  22.589 0.1000000015
5148  39.400  -68.977  22.217 0.1000000015
5158  39.603  -68.912  21.902 0.1000000015
5169  38.865  -68.788  20.776 0.1000000015
6474  39.965  -67.296  20.774 0.1000000015
132377  38.778  -67.936  20.529 0.1000000015
115095  40.051  -65.599  20.477 0.1000000015
115094  39.110  -65.441  20.284 0.1000000015
116043  39.555  -66.393  20.523 0.1000000015
130672  40.130  -64.026  20.275 0.1000000015
138199  40.628  -63.550  20.451 0.1000000015
10359  39.619  -61.166  20.391 0.1000000015
7767  39.779  -65.209  29.157 0.1000000015
5677  41.069  -67.586  30.488 0.1000000015
7034  40.226  -65.882  29.754 0.1000000015
7777  39.759  -65.123  28.471 0.1000000015
7801  39.253  -64.356  27.810 0.1000000015
8619  38.408  -62.730  27.094 0.1000000015
4425  40.138  -68.915  31.542 0.1000000015
120131  40.793  -68.226  31.057 0.1000000015
6371  41.313  -66.852  28.981 0.1000000015
6372  40.867  -66.331  28.757 0.1000000015
7795  39.633  -65.022  28.114 0.1000000015
7071  39.338  -65.081  27.754 0.1000000015
8629  37.922  -62.122  26.566 0.1000000015
9480  36.029  -62.135  24.985 0.1000000015
9479  36.521  -62.136  25.628 0.1000000015
8702  36.194  -63.624  23.118 0.1000000015
7133  37.292  -65.599  22.689 0.1000000015
134574  38.113  -66.541  22.503 0.1000000015
131989  39.734  -68.477  22.308 0.1000000015
5785  39.989  -67.935  22.481 0.1000000015
5168  39.562  -68.546  21.312 0.1000000015
6473  40.659  -67.307  21.190 0.1000000015
7895  40.514  -64.870  20.444 0.1000000015
9540  40.878  -62.822  20.574 0.1000000015
123161  41.174  -61.758  20.726 0.1000000015
7025  39.771  -66.186  30.970 0.1000000015
7768  39.040  -64.727  29.487 0.1000000015
8614  39.026  -63.589  28.073 0.1000000015
6367  40.656  -66.562  30.338 0.1000000015
8599  38.961  -64.105  28.712 0.1000000015
10278  37.890  -61.782  26.837 0.1000000015
10289  36.917  -61.417  26.305 0.1000000015
10297  36.299  -61.479  25.578 0.1000000015
10298  35.726  -61.314  24.708 0.1000000015
9521  36.379  -62.943  22.814 0.1000000015
7874  37.394  -64.608  22.599 0.1000000015
7132  39.181  -66.253  22.395 0.1000000015
6453  39.178  -67.289  22.469 0.1000000015
6451  40.875  -66.868  22.554 0.1000000015
6452  39.978  -66.977  22.451 0.1000000015
6463  41.702  -66.734  21.981 0.1000000015
132932  41.110  -67.352  22.285 0.1000000015
6449  42.340  -66.139  21.993 0.1000000015
116314  40.485  -66.560  20.766 0.1000000015
7152  42.451  -65.605  21.572 0.1000000015
116747  41.913  -65.393  21.029 0.1000000015
7154  41.113  -65.794  20.772 0.1000000015
8721  41.406  -63.663  20.786 0.1000000015
9534  42.120  -61.921  21.102 0.1000000015
115752  43.113  -60.036  21.109 0.1000000015
7035  39.345  -65.430  30.191 0.1000000015
7758  38.524  -64.892  30.629 0.1000000015
8600  38.298  -63.411  28.813 0.1000000015
10272  38.007  -61.901  27.284 0.1000000015
10279  37.224  -61.381  26.809 0.1000000015
135161  39.280  -66.085  31.772 0.1000000015
9453  38.250  -62.341  27.498 0.1000000015
11230  36.209  -60.939  26.040 0.1000000015
135412  36.206  -61.837  22.638 0.1000000015
9520  37.197  -62.831  22.503 0.1000000015
119518  38.374  -64.304  22.327 0.1000000015
125260  38.732  -63.403  22.289 0.1000000015
119218  42.441  -65.213  22.821 0.1000000015
7130  41.249  -66.074  22.558 0.1000000015
131281  42.065  -66.289  22.411 0.1000000015
7893  42.527  -64.915  21.289 0.1000000015
8720  42.387  -64.003  21.155 0.1000000015
10350  42.967  -62.435  21.249 0.1000000015
11281  44.939  -60.716  21.383 0.1000000015
13258  45.040  -58.265  20.622 0.1000000015
7748  38.256  -64.979  31.823 0.1000000015
7026  38.936  -65.598  31.327 0.1000000015
122525  37.396  -63.699  30.764 0.1000000015
9432  37.385  -62.968  29.388 0.1000000015
10273  36.546  -61.396  28.335 0.1000000015
11198  36.392  -60.911  27.485 0.1000000015
8586  37.575  -63.497  29.862 0.1000000015
9446  37.172  -62.443  28.976 0.1000000015
11221  35.562  -60.248  26.216 0.1000000015
11240  35.507  -60.547  24.390 0.1000000015
11255  35.577  -60.411  23.586 0.1000000015
9519  38.092  -62.557  22.324 0.1000000015
8700  40.269  -63.939  22.508 0.1000000015
116322  40.472  -65.044  22.446 0.1000000015
13207  45.835  -58.862  24.270 0.1000000015
130845  45.398  -60.708  23.540 0.1000000015
11250  44.500  -60.829  23.580 0.1000000015
125238  44.147  -62.576  23.493 0.1000000015
9503  43.610  -63.205  23.478 0.1000000015
7872  42.059  -64.489  22.981 0.1000000015
119365  41.672  -65.289  22.698 0.1000000015
13224  46.529  -59.512  23.732 0.1000000015
133381  46.101  -61.086  23.398 0.1000000015
10320  44.808  -61.990  23.471 0.1000000015
7849  42.869  -64.620  23.208 0.1000000015
13206  46.875  -58.653  24.398 0.1000000015
13223  47.431  -59.253  23.533 0.1000000015
11248  46.673  -61.089  23.064 0.1000000015
9515  45.351  -62.548  22.143 0.1000000015
8696  44.354  -63.634  22.326 0.1000000015
7885  43.051  -65.175  21.741 0.1000000015
13205  47.765  -58.340  24.101 0.1000000015
13222  47.981  -58.935  23.284 0.1000000015
11261  46.736  -60.984  22.361 0.1000000015
118207  43.270  -63.439  21.342 0.1000000015
11279  46.613  -60.683  21.741 0.1000000015
9533  43.870  -62.762  21.341 0.1000000015
13241  48.497  -58.464  21.571 0.1000000015
120965  45.757  -60.211  21.453 0.1000000015
13256  47.321  -58.326  20.650 0.1000000015
8572  37.076  -63.425  32.447 0.1000000015
7749  37.579  -64.291  32.215 0.1000000015
8580  36.905  -63.243  31.505 0.1000000015
9426  36.535  -62.693  31.325 0.1000000015
10244  36.309  -62.353  30.715 0.1000000015
9433  36.891  -63.061  30.483 0.1000000015
10245  36.025  -61.896  30.056 0.1000000015
11199  35.697  -60.722  28.512 0.1000000015
11210  35.649  -60.254  27.106 0.1000000015
12213  35.099  -59.534  26.819 0.1000000015
124824  35.350  -59.915  24.812 0.1000000015
11266  36.469  -60.618  22.619 0.1000000015
11265  37.569  -60.713  22.487 0.1000000015
10334  39.433  -61.589  22.576 0.1000000015
134400  41.452  -62.208  23.258 0.1000000015
8699  40.968  -63.605  22.756 0.1000000015
131569  42.931  -61.234  23.573 0.1000000015
126481  43.067  -62.188  23.569 0.1000000015
128940  41.881  -62.945  23.334 0.1000000015
13226  44.354  -59.124  23.900 0.1000000015
14194  48.907  -57.033  24.900 0.1000000015
13204  48.287  -57.826  23.754 0.1000000015
8563  37.050  -63.132  33.433 0.1000000015
10222  36.175  -61.749  32.396 0.1000000015
9421  36.585  -62.620  32.191 0.1000000015
131732  35.603  -61.225  30.363 0.1000000015
11167  35.146  -60.397  30.238 0.1000000015
10233  36.187  -62.074  31.575 0.1000000015
10262  35.759  -61.205  29.410 0.1000000015
11187  35.247  -60.391  29.297 0.1000000015
126959  35.034  -59.662  27.675 0.1000000015
12214  34.723  -58.883  27.362 0.1000000015
12239  35.252  -59.159  25.095 0.1000000015
12267  36.562  -59.316  23.183 0.1000000015
11264  38.488  -60.443  22.605 0.1000000015
12276  37.024  -59.912  22.748 0.1000000015
11253  40.816  -60.828  23.240 0.1000000015
12264  39.457  -59.321  23.393 0.1000000015
11263  39.277  -60.687  22.687 0.1000000015
12260  43.694  -59.674  23.689 0.1000000015
13227  42.721  -59.253  23.800 0.1000000015
125692  41.568  -60.689  23.476 0.1000000015
9517  40.137  -62.208  22.674 0.1000000015
13176  45.911  -58.945  26.144 0.1000000015
13209  43.981  -58.607  24.478 0.1000000015
125876  42.109  -62.214  23.481 0.1000000015
13175  46.762  -58.709  25.978 0.1000000015
13192  46.141  -58.649  25.144 0.1000000015
10211  36.096  -61.329  33.183 0.1000000015
10234  35.746  -61.310  31.743 0.1000000015
117373  35.409  -60.396  31.862 0.1000000015
12186  34.814  -59.629  29.648 0.1000000015
12200  34.649  -58.988  28.240 0.1000000015
13164  34.742  -58.118  27.877 0.1000000015
13183  35.129  -57.945  26.470 0.1000000015
14199  35.963  -57.839  25.161 0.1000000015
13216  36.701  -58.225  24.225 0.1000000015
13231  38.972  -58.683  23.752 0.1000000015
12265  38.521  -59.238  23.199 0.1000000015
12263  40.956  -59.912  23.508 0.1000000015
13230  39.918  -58.734  23.970 0.1000000015
125912  41.698  -60.019  23.557 0.1000000015
119869  45.369  -58.616  24.811 0.1000000015
13189  48.491  -57.958  25.853 0.1000000015
15204  49.965  -56.293  25.544 0.1000000015
10223  35.704  -60.916  32.518 0.1000000015
133522  35.081  -58.759  31.925 0.1000000015
130837  35.043  -59.886  31.197 0.1000000015
12152  35.110  -58.321  31.463 0.1000000015
12170  34.762  -58.526  30.696 0.1000000015
14146  34.995  -57.699  28.591 0.1000000015
134848  34.632  -58.398  29.453 0.1000000015
14176  35.156  -57.704  27.226 0.1000000015
14174  36.447  -57.419  26.412 0.1000000015
14198  37.137  -57.822  24.770 0.1000000015
14197  38.020  -57.828  24.832 0.1000000015
13212  40.576  -58.488  24.549 0.1000000015
13228  41.882  -59.078  23.952 0.1000000015
13229  40.944  -59.017  23.900 0.1000000015
13193  44.609  -58.547  25.194 0.1000000015
122125  43.055  -58.439  24.707 0.1000000015
14170  49.773  -57.331  27.407 0.1000000015
15190  50.238  -55.911  26.995 0.1000000015
134617  35.494  -57.750  30.525 0.1000000015
13147  34.804  -58.164  30.026 0.1000000015
14130  35.405  -57.543  29.180 0.1000000015
14144  36.182  -57.391  28.898 0.1000000015
14145  35.590  -57.423  28.356 0.1000000015
137238  36.907  -57.403  26.852 0.1000000015
14188  37.450  -57.615  25.538 0.1000000015
14187  38.438  -57.782  25.551 0.1000000015
132391  39.526  -58.070  24.952 0.1000000015
12205  48.849  -58.728  28.035 0.1000000015
12223  46.727  -59.254  26.962 0.1000000015
13210  42.437  -58.677  24.290 0.1000000015
123499  49.587  -57.847  28.145 0.1000000015
14129  35.932  -57.532  29.903 0.1000000015
13155  38.225  -58.198  28.339 0.1000000015
14128  36.870  -57.706  29.454 0.1000000015
137015  39.406  -58.575  27.489 0.1000000015
13154  39.091  -58.718  28.192 0.1000000015
14143  37.183  -57.621  28.432 0.1000000015
13161  40.990  -58.913  27.122 0.1000000015
14171  38.855  -57.922  26.234 0.1000000015
13182  39.697  -58.170  26.192 0.1000000015
129417  47.212  -59.699  27.881 0.1000000015
115859  46.389  -60.044  27.840 0.1000000015
12224  45.712  -59.566  27.037 0.1000000015
13194  43.643  -58.499  25.310 0.1000000015
125932  42.895  -58.449  25.461 0.1000000015
13211  41.495  -58.596  24.465 0.1000000015
13152  49.637  -57.603  28.932 0.1000000015
12226  44.038  -59.371  26.875 0.1000000015
12212  40.950  -59.388  27.958 0.1000000015
13162  39.176  -58.239  26.891 0.1000000015
14154  38.384  -57.861  26.924 0.1000000015
13160  42.060  -59.033  27.022 0.1000000015
124297  40.007  -58.543  26.961 0.1000000015
13179  42.452  -58.654  26.141 0.1000000015
13180  41.512  -58.619  26.112 0.1000000015
13178  43.330  -58.743  26.136 0.1000000015
2761  33.965  -72.511  22.338 0.1000000015
124682  35.541  -71.725  21.343 0.1000000015
4560  34.190  -69.993  21.023 0.1000000015
5173  34.626  -68.944  20.695 0.1000000015
11317  34.679  -60.722  18.788 0.1000000015
132255  35.830  -60.292  19.144 0.1000000015
7157  34.472  -64.909  20.346 0.1000000015
5821  34.606  -67.012  20.392 0.1000000015
116035  33.992  -64.097  20.404 0.1000000015
8724  33.667  -63.156  20.377 0.1000000015
4507  33.952  -70.575  26.633 0.1000000015
3916  34.606  -72.018  21.510 0.1000000015
6479  33.430  -66.920  20.582 0.1000000015
4506  35.595  -70.129  26.660 0.1000000015
7076  33.167  -65.578  27.048 0.1000000015
5139  33.966  -69.189  23.218 0.1000000015
4524  33.479  -70.208  23.257 0.1000000015
9541  36.406  -62.402  20.345 0.1000000015
116175  35.305  -64.686  20.315 0.1000000015
117486  34.958  -67.975  27.174 0.1000000015
5120  35.900  -68.249  27.148 0.1000000015
6395  34.482  -66.228  27.467 0.1000000015
8634  32.904  -63.550  25.576 0.1000000015
8648  32.123  -63.208  25.014 0.1000000015
7810  33.511  -64.072  26.608 0.1000000015
119651  33.216  -64.333  23.645 0.1000000015
4522  35.648  -69.858  23.032 0.1000000015
3298  36.217  -71.738  22.175 0.1000000015
116755  35.869  -66.181  20.309 0.1000000015
135741  36.964  -62.289  20.308 0.1000000015
132939  36.968  -64.358  20.141 0.1000000015
136707  33.747  -63.464  24.933 0.1000000015
120952  34.459  -65.881  23.614 0.1000000015
127720  34.109  -66.692  23.379 0.1000000015
117529  37.682  -67.955  27.405 0.1000000015
5171  36.638  -68.913  20.283 0.1000000015
118102  37.339  -69.616  20.423 0.1000000015
5819  36.598  -67.890  20.231 0.1000000015
116041  37.706  -66.052  20.288 0.1000000015
4474  39.706  -69.874  27.958 0.1000000015
8661  34.440  -63.886  24.601 0.1000000015
6436  35.357  -66.137  23.485 0.1000000015
4546  38.421  -69.946  21.645 0.1000000015
115093  38.206  -65.298  20.207 0.1000000015
6390  40.178  -66.851  28.112 0.1000000015
7808  35.616  -64.016  26.811 0.1000000015
7803  36.945  -63.979  26.899 0.1000000015
7852  34.883  -64.702  24.167 0.1000000015
8621  36.683  -63.442  26.455 0.1000000015
7851  35.535  -64.423  23.908 0.1000000015
7111  35.730  -65.546  23.508 0.1000000015
6454  36.970  -66.423  22.786 0.1000000015
5787  38.185  -68.279  22.508 0.1000000015
6475  39.096  -67.193  20.526 0.1000000015
127163  40.209  -62.025  20.443 0.1000000015
11296  39.953  -60.311  20.370 0.1000000015
12302  39.464  -59.709  20.023 0.1000000015
7797  38.888  -63.638  27.669 0.1000000015
5704  41.256  -67.466  29.525 0.1000000015
136375  40.471  -66.336  28.376 0.1000000015
7070  39.942  -65.847  28.145 0.1000000015
117356  35.707  -63.157  25.006 0.1000000015
9491  35.758  -62.153  24.200 0.1000000015
8682  35.741  -63.644  23.781 0.1000000015
133647  38.440  -67.548  22.506 0.1000000015
5167  40.155  -67.920  21.170 0.1000000015
117652  40.928  -64.258  20.572 0.1000000015
135237  40.358  -61.156  20.499 0.1000000015
7042  40.401  -65.717  28.910 0.1000000015
9459  38.247  -62.109  26.958 0.1000000015
9468  37.151  -61.853  26.115 0.1000000015
9522  35.944  -63.011  23.211 0.1000000015
115671  38.276  -65.404  22.408 0.1000000015
5801  40.777  -67.753  21.931 0.1000000015
133179  40.566  -67.463  22.394 0.1000000015
7894  41.746  -64.543  20.928 0.1000000015
9539  42.001  -62.868  21.086 0.1000000015
10357  41.861  -60.888  20.973 0.1000000015
8585  38.176  -64.124  29.892 0.1000000015
11209  36.413  -60.854  26.651 0.1000000015
122286  35.653  -61.011  23.196 0.1000000015
7131  40.219  -66.109  22.411 0.1000000015
119361  39.427  -64.197  22.328 0.1000000015
116609  41.270  -66.742  21.282 0.1000000015
7143  42.726  -65.595  22.000 0.1000000015
10349  43.686  -61.810  21.293 0.1000000015
11283  42.896  -60.838  21.139 0.1000000015
11282  43.852  -60.788  21.259 0.1000000015
12287  43.935  -59.695  21.147 0.1000000015
124052  37.268  -62.152  22.417 0.1000000015
9518  39.232  -62.579  22.403 0.1000000015
8710  43.186  -64.433  21.500 0.1000000015
12286  44.924  -59.702  21.245 0.1000000015
116659  44.589  -61.573  21.364 0.1000000015
11280  45.965  -61.138  21.557 0.1000000015
13244  46.699  -59.029  21.162 0.1000000015
10261  36.552  -61.953  29.118 0.1000000015
12250  35.569  -58.973  24.264 0.1000000015
130073  38.604  -61.899  22.408 0.1000000015
10321  43.801  -61.567  23.567 0.1000000015
10319  45.470  -62.209  23.239 0.1000000015
119059  44.286  -63.279  23.317 0.1000000015
7870  43.528  -64.688  22.678 0.1000000015
7871  43.042  -65.094  22.977 0.1000000015
9504  42.714  -63.068  23.491 0.1000000015
9505  41.037  -62.740  22.906 0.1000000015
10318  46.090  -61.861  23.125 0.1000000015
9516  44.994  -63.065  22.653 0.1000000015
13190  47.648  -58.235  25.016 0.1000000015
12256  47.690  -59.814  23.026 0.1000000015
9532  44.826  -63.055  21.960 0.1000000015
10348  44.677  -62.466  21.534 0.1000000015
10331  46.245  -61.451  21.985 0.1000000015
14195  48.220  -57.707  24.823 0.1000000015
11278  47.238  -60.352  22.074 0.1000000015
12285  47.141  -59.909  21.552 0.1000000015
13255  48.059  -58.532  20.747 0.1000000015
13243  47.564  -59.104  21.262 0.1000000015
11262  40.105  -61.064  22.805 0.1000000015
11251  43.337  -60.580  23.585 0.1000000015
11252  42.365  -60.480  23.564 0.1000000015
10322  42.222  -61.387  23.535 0.1000000015
137816  48.777  -57.511  25.459 0.1000000015
13198  35.529  -58.326  25.045 0.1000000015
12266  37.535  -59.229  23.127 0.1000000015
134842  47.414  -58.787  26.593 0.1000000015
13173  49.174  -58.012  27.068 0.1000000015
13196  41.048  -58.410  25.268 0.1000000015
14172  38.003  -57.671  26.254 0.1000000015
131790  43.350  -55.586  21.370 0.4000000060
16194  45.614  -55.438  18.520 0.3000000119
121984  44.685  -55.547  19.389 0.3000000119
120323  43.655  -55.678  19.698 0.3000000119
132161  43.033  -55.724  20.396 0.4000000060
16172  42.518  -55.566  21.330 0.4000000060
16195  43.739  -55.497  18.821 0.3000000119
7215  39.845  -65.968  12.563 0.1000000015
7988  39.923  -65.105  12.793 0.1000000015
119095  40.476  -63.454  14.142 0.2000000030
11382  41.940  -60.935  14.444 0.3000000119
116463  39.405  -54.557  20.111 0.4000000060
16213  46.438  -55.407  17.790 0.3000000119
14280  41.838  -57.703  15.171 0.4000000060
15267  42.216  -56.174  16.276 0.4000000060
116511  41.590  -61.934  14.454 0.2000000030
12363  41.759  -59.286  14.523 0.3000000119
15275  41.789  -56.878  15.659 0.4000000060
16244  41.657  -55.620  16.811 0.4000000060
17124  40.037  -54.673  19.335 0.4000000060
6589  39.299  -66.369  11.985 0.1000000015
9609  41.106  -62.869  14.392 0.3000000119
15268  41.247  -56.255  16.246 0.4000000060
16233  41.122  -55.148  17.400 0.4000000060
17157  40.633  -54.835  17.880 0.4000000060
7216  39.522  -65.722  11.995 0.1000000015
131772  38.893  -54.486  20.895 0.5000000000
9610  40.060  -62.760  14.053 0.2000000030
121369  41.047  -61.233  14.355 0.3000000119
13302  41.865  -58.494  14.781 0.3000000119
16245  40.723  -55.715  16.827 0.4000000060
131460  37.381  -53.890  22.213 0.4000000060
17980  37.119  -53.215  23.476 0.4000000060
125599  41.143  -57.401  15.295 0.4000000060
15276  40.764  -56.893  15.713 0.4000000060
16234  40.249  -55.287  17.434 0.4000000060
17144  39.523  -54.594  18.706 0.4000000060
17125  39.134  -54.385  19.422 0.5000000000
8002  39.409  -64.805  11.430 0.2000000030
7996  39.579  -65.243  12.061 0.2000000030
8807  39.812  -64.321  13.189 0.2000000030
10451  40.567  -61.942  14.252 0.2000000030
8793  40.392  -64.162  13.912 0.2000000030
12364  40.796  -59.450  14.312 0.3000000119
136005  41.152  -58.745  14.524 0.3000000119
7231  39.193  -65.177  10.961 0.1000000015
15269  40.250  -56.413  16.322 0.4000000060
11383  40.920  -60.435  14.305 0.3000000119
14281  40.314  -57.506  15.203 0.4000000060
16246  39.739  -55.913  16.923 0.4000000060
17113  38.677  -54.151  20.078 0.5000000000
18003  37.357  -53.765  21.218 0.5000000000
17995  36.915  -53.502  22.722 0.4000000060
15277  39.735  -57.044  15.737 0.4000000060
16235  39.295  -55.447  17.561 0.4000000060
17126  38.388  -54.208  19.428 0.5000000000
18007  37.328  -53.613  20.312 0.5000000000
18004  36.785  -53.457  21.693 0.4000000060
8816  39.486  -64.428  12.239 0.2000000030
8794  39.858  -63.528  13.615 0.2000000030
9624  39.369  -62.792  13.369 0.2000000030
116723  40.233  -61.070  14.094 0.4000000060
10452  39.573  -61.872  13.777 0.2000000030
11384  39.923  -60.114  14.011 0.4000000060
13306  40.364  -58.615  14.415 0.3000000119
17145  38.603  -54.483  18.815 0.5000000000
18916  36.260  -53.033  21.262 0.5000000000
18906  35.590  -52.640  22.541 0.4000000060
18896  35.781  -52.466  23.680 0.4000000060
15270  39.140  -56.564  16.339 0.4000000060
18016  37.226  -53.713  19.568 0.5000000000
116794  39.374  -63.615  12.845 0.2000000030
132775  34.684  -51.767  23.486 0.4000000060
9625  38.872  -61.978  13.065 0.2000000030
16247  38.628  -56.075  17.011 0.4000000060
9635  39.148  -63.578  11.988 0.2000000030
137527  39.143  -61.482  13.425 0.3000000119
11398  39.047  -60.271  13.447 0.4000000060
19909  34.775  -51.586  24.168 0.4000000060
12365  39.829  -59.176  14.083 0.3000000119
17160  37.953  -54.847  18.235 0.5000000000
18922  35.997  -52.806  20.468 0.5000000000
8013  39.341  -64.350  10.682 0.2000000030
8825  39.367  -64.056  11.300 0.2000000030
14282  39.249  -57.554  15.036 0.4000000060
18917  35.599  -52.509  21.370 0.5000000000
19920  35.012  -52.187  23.056 0.4000000060
24622  37.523  -46.642  28.640 0.4000000060
8026  39.325  -64.197  10.055 0.2000000030
9647  39.340  -63.220  11.121 0.2000000030
124266  38.993  -62.858  12.570 0.2000000030
129384  39.449  -58.487  14.161 0.4000000060
133298  37.174  -54.610  18.172 0.5000000000
18017  36.525  -53.229  19.786 0.5000000000
8047  38.263  -64.420  8.904 0.2000000030
12376  39.311  -59.570  13.692 0.4000000060
14287  39.902  -57.994  14.617 0.3000000119
16236  38.246  -55.466  17.631 0.5000000000
17146  37.578  -54.202  18.936 0.5000000000
8046  39.136  -63.952  9.450 0.2000000030
24638  36.373  -46.105  27.720 0.4000000060
24637  37.138  -46.074  28.090 0.2000000030
22744  34.559  -48.418  25.937 0.4000000060
20879  34.298  -50.810  24.557 0.4000000060
10465  38.834  -61.092  13.144 0.4000000060
19929  34.967  -52.022  22.016 0.4000000060
20883  33.760  -50.517  23.787 0.4000000060
129627  39.537  -63.754  10.230 0.2000000030
134301  38.924  -62.882  11.853 0.2000000030
9636  38.646  -62.196  12.198 0.2000000030
8843  39.540  -63.603  10.556 0.2000000030
24652  34.413  -46.910  26.524 0.4000000060
21811  33.666  -49.410  24.595 0.4000000060
119117  33.580  -48.962  23.911 0.4000000060
15271  37.860  -56.654  16.274 0.3000000119
18029  36.672  -53.624  18.996 0.5000000000
20892  33.973  -50.665  22.912 0.4000000060
12377  38.710  -59.565  13.129 0.4000000060
123705  38.905  -57.916  14.319 0.4000000060
120029  37.683  -57.031  15.436 0.3000000119
16248  37.560  -55.973  17.001 0.4000000060
13310  39.052  -58.936  13.606 0.4000000060
18030  36.027  -53.500  18.322 0.5000000000
23643  34.067  -47.637  25.987 0.4000000060
121357  34.973  -51.807  21.086 0.5000000000
19938  35.241  -52.044  20.204 0.5000000000
16251  37.064  -56.193  16.338 0.4000000060
16237  37.205  -55.183  17.550 0.5000000000
18930  35.697  -52.623  19.564 0.5000000000
18037  36.114  -53.939  17.785 0.5000000000
16249  36.773  -55.528  16.711 0.5000000000
16196  42.849  -55.529  19.352 0.4000000060
16218  41.370  -54.829  18.139 0.4000000060
132314  34.970  -47.234  26.696 0.4000000060
21809  33.977  -49.007  25.346 0.4000000060
18942  35.947  -53.050  18.956 0.5000000000
14275  45.873  -57.110  15.931 0.3000000119
16241  45.037  -56.047  16.535 0.3000000119
16230  43.876  -55.441  17.289 0.2000000030
16215  43.800  -55.360  17.999 0.2000000030
13298  46.273  -58.817  15.623 0.2000000030
14277  45.253  -57.498  15.699 0.3000000119
114748  44.461  -57.903  15.495 0.3000000119
15273  43.775  -56.653  16.056 0.3000000119
12360  45.024  -59.961  15.083 0.2000000030
12361  43.940  -59.556  14.995 0.2000000030
130728  43.715  -58.213  15.345 0.2000000030
116914  42.109  -62.698  14.549 0.2000000030
8895  36.974  -64.003  7.364 0.1000000015
8908  36.977  -63.376  7.056 0.1000000015
13323  39.500  -59.126  9.968 0.1000000015
15261  47.627  -56.154  16.995 0.1000000015
16228  46.177  -55.583  17.118 0.2000000030
16229  45.029  -55.616  17.068 0.2000000030
119259  46.733  -57.134  16.047 0.2000000030
16240  45.982  -55.931  16.592 0.2000000030
13288  47.178  -58.044  16.482 0.1000000015
12335  46.499  -59.116  15.904 0.1000000015
14274  46.860  -58.193  15.956 0.2000000030
13295  46.712  -58.907  16.279 0.1000000015
12336  46.360  -59.921  16.122 0.1000000015
8027  38.704  -64.657  9.739 0.1000000015
132418  40.266  -62.380  10.166 0.1000000015
10508  39.855  -61.857  10.400 0.1000000015
11432  38.979  -60.933  10.566 0.1000000015
12395  38.376  -60.025  10.857 0.1000000015
9667  40.460  -62.309  9.758 0.1000000015
11431  40.159  -61.117  10.084 0.1000000015
12394  39.203  -60.096  10.212 0.1000000015
120259  38.031  -59.153  11.329 0.1000000015
14312  38.687  -58.244  10.390 0.1000000015
15303  37.807  -57.119  11.643 0.1000000015
15317  38.336  -56.709  11.010 0.1000000015
15302  38.026  -56.244  11.770 0.1000000015
15263  47.219  -56.587  16.465 0.2000000030
11399  38.440  -60.387  12.642 0.1000000015
14283  38.050  -57.441  14.752 0.3000000119
127352  39.900  -63.153  10.027 0.1000000015
128813  39.904  -62.938  10.305 0.1000000015
9648  38.903  -62.360  11.414 0.1000000015
11414  38.234  -60.838  11.937 0.1000000015
137738  37.843  -58.298  12.415 0.2000000030
14289  37.522  -57.120  13.999 0.3000000119
16259  36.711  -55.778  15.016 0.3000000119
17163  36.216  -54.769  16.183 0.3000000119
8894  37.739  -63.595  7.753 0.1000000015
9682  40.115  -62.763  9.508 0.1000000015
11425  38.387  -60.834  11.246 0.1000000015
13314  37.823  -58.376  11.785 0.1000000015
134009  37.874  -57.802  13.121 0.2000000030
9693  40.174  -62.567  8.953 0.1000000015
14303  37.846  -57.809  11.554 0.1000000015
16266  37.381  -55.724  13.371 0.2000000030
17176  36.473  -54.530  14.742 0.3000000119
16273  37.797  -55.786  12.585 0.1000000015
17187  37.744  -55.101  13.024 0.2000000030
18065  36.715  -53.739  14.419 0.4000000060
16284  38.731  -55.738  11.164 0.1000000015
17180  37.905  -54.330  13.121 0.1000000015
16130  50.303  -54.708  24.113 0.1000000015
122209  49.878  -55.468  21.403 0.1000000015
19944  35.185  -51.926  19.161 0.4000000060
18943  35.472  -52.791  18.181 0.4000000060
16252  36.634  -55.674  15.849 0.3000000119
18048  35.928  -54.109  16.982 0.4000000060
18038  35.595  -53.350  17.515 0.4000000060
124785  35.713  -53.283  15.716 0.4000000060
18958  35.292  -52.453  16.492 0.4000000060
18066  36.024  -54.091  15.276 0.4000000060
18974  35.988  -52.474  15.440 0.5000000000
18070  37.359  -53.994  13.715 0.3000000119
127026  36.947  -52.876  14.489 0.5000000000
17198  38.869  -54.917  11.670 0.2000000030
17186  38.334  -54.784  12.453 0.1000000015
18985  37.397  -52.393  14.368 0.4000000060
16303  39.656  -55.679  10.622 0.1000000015
17197  39.565  -54.464  11.421 0.1000000015
18074  38.597  -53.825  12.715 0.2000000030
18069  38.098  -53.450  13.330 0.2000000030
15315  41.473  -57.506  9.608 0.1000000015
16302  40.683  -55.586  10.352 0.1000000015
18073  39.345  -53.325  12.378 0.2000000030
14322  42.759  -58.296  9.401 0.1000000015
15314  41.580  -56.375  9.826 0.1000000015
20901  34.232  -50.383  21.539 0.4000000060
120249  34.165  -50.713  22.133 0.3000000119
20909  34.431  -50.470  20.813 0.4000000060
19954  35.035  -51.919  18.212 0.4000000060
18949  35.135  -52.457  17.275 0.4000000060
123939  34.664  -50.814  18.761 0.4000000060
19973  35.618  -52.018  15.959 0.4000000060
19972  35.867  -51.173  16.047 0.4000000060
20945  35.476  -50.833  16.774 0.4000000060
19984  36.352  -51.619  15.449 0.5000000000
19983  37.203  -51.249  15.042 0.4000000060
19001  38.799  -52.950  12.935 0.3000000119
18984  37.954  -52.188  14.042 0.4000000060
19996  37.618  -51.737  14.508 0.4000000060
18105  41.207  -53.982  10.827 0.2000000030
18089  40.695  -53.419  11.426 0.2000000030
124705  41.753  -55.372  10.112 0.1000000015
17209  40.923  -54.738  10.591 0.2000000030
14352  42.403  -58.068  7.699 0.1000000015
21828  34.350  -49.669  21.185 0.4000000060
21819  33.932  -49.806  22.233 0.4000000060
21842  34.599  -49.670  20.341 0.4000000060
118317  34.925  -50.067  18.372 0.4000000060
133032  34.756  -49.729  19.688 0.4000000060
20932  35.181  -50.467  17.524 0.4000000060
20944  36.275  -50.324  16.296 0.4000000060
20931  35.881  -49.934  16.974 0.4000000060
20956  36.713  -50.735  15.628 0.3000000119
20970  38.106  -50.944  14.672 0.4000000060
20955  37.608  -50.401  15.349 0.4000000060
20000  39.360  -51.527  13.648 0.3000000119
18989  39.090  -52.220  13.279 0.3000000119
135511  38.224  -51.585  14.227 0.4000000060
18104  42.186  -53.942  10.577 0.2000000030
18088  41.641  -53.316  11.117 0.2000000030
18072  40.212  -52.834  12.095 0.2000000030
19000  39.575  -52.554  12.725 0.2000000030
135804  42.177  -54.976  10.174 0.2000000030
15379  41.468  -56.649  6.333 0.1000000015
14374  41.449  -57.444  6.853 0.1000000015
23644  33.627  -47.584  25.271 0.3000000119
23663  33.949  -47.950  22.938 0.4000000060
23664  33.771  -47.312  23.503 0.3000000119
22787  34.713  -48.835  20.675 0.4000000060
23718  35.479  -47.517  20.641 0.4000000060
22767  34.906  -48.028  21.052 0.4000000060
22804  35.632  -48.618  19.180 0.4000000060
133697  35.481  -48.389  19.682 0.4000000060
21858  36.389  -49.146  17.247 0.4000000060
136807  36.080  -48.520  18.590 0.4000000060
20943  37.136  -49.876  15.952 0.4000000060
21872  36.714  -49.498  16.594 0.3000000119
20968  40.357  -50.306  14.157 0.3000000119
128973  39.638  -50.245  14.553 0.3000000119
20953  39.266  -49.848  15.036 0.3000000119
20954  38.468  -50.116  15.174 0.3000000119
21883  38.025  -49.584  15.766 0.3000000119
19020  42.991  -52.408  11.403 0.2000000030
18998  41.829  -52.200  11.870 0.2000000030
19999  41.158  -51.094  13.163 0.3000000119
137188  40.254  -51.147  13.518 0.2000000030
19994  38.818  -51.231  14.190 0.3000000119
18087  42.817  -53.247  10.820 0.2000000030
18999  40.923  -52.205  12.299 0.2000000030
17208  42.629  -54.671  10.241 0.2000000030
129028  34.065  -46.047  26.320 0.3000000119
26546  35.026  -44.495  26.974 0.3000000119
25635  33.727  -45.962  25.391 0.3000000119
130485  33.676  -46.790  24.060 0.4000000060
23656  33.573  -47.495  24.374 0.3000000119
137460  34.966  -45.714  22.679 0.3000000119
25664  35.026  -45.129  23.090 0.4000000060
23688  35.959  -46.956  20.769 0.4000000060
24725  35.672  -46.532  21.442 0.4000000060
23689  35.230  -47.276  21.302 0.4000000060
24724  36.658  -46.317  21.031 0.4000000060
23717  36.181  -47.438  20.110 0.4000000060
22819  37.278  -47.927  18.907 0.3000000119
22820  36.438  -48.174  19.044 0.4000000060
22785  35.968  -48.024  19.596 0.4000000060
21868  40.126  -48.876  16.092 0.3000000119
21869  39.421  -48.972  16.256 0.2000000030
22830  39.053  -48.308  17.688 0.2000000030
23747  38.177  -47.750  18.775 0.2000000030
22832  37.129  -48.518  17.628 0.3000000119
126952  36.805  -48.307  18.402 0.3000000119
21901  40.921  -49.555  14.573 0.3000000119
21881  39.728  -49.308  15.560 0.3000000119
21882  38.903  -49.478  15.694 0.2000000030
21870  38.582  -49.039  16.348 0.2000000030
22849  37.658  -48.611  17.105 0.2000000030
20010  43.521  -51.494  12.219 0.2000000030
20992  41.997  -50.863  12.865 0.3000000119
20978  41.604  -50.453  13.436 0.3000000119
135664  40.899  -50.612  13.629 0.3000000119
25615  35.937  -45.332  27.659 0.3000000119
24639  35.557  -46.070  27.337 0.3000000119
24651  34.736  -46.064  26.932 0.3000000119
130712  37.517  -46.020  21.120 0.3000000119
23734  39.554  -47.677  19.320 0.2000000030
23714  39.078  -47.150  19.804 0.2000000030
23715  38.133  -47.057  19.841 0.2000000030
24749  37.582  -46.579  20.520 0.2000000030
22803  40.035  -48.129  18.770 0.2000000030
22817  39.357  -48.095  18.332 0.2000000030
23735  38.633  -47.495  19.292 0.2000000030
124025  42.702  -57.246  9.544 0.1000000015
20991  42.999  -50.807  12.770 0.3000000119
136045  43.654  -53.645  10.730 0.2000000030
115320  42.950  -55.349  18.399 0.3000000119
16242  43.491  -55.664  16.791 0.3000000119
119611  44.100  -56.063  16.418 0.3000000119
17063  50.178  -54.305  23.619 0.1000000015
16227  47.161  -55.652  17.244 0.2000000030
116029  44.608  -55.442  18.317 0.2000000030
10477  38.523  -61.348  12.469 0.1000000015
13307  38.598  -58.294  13.674 0.3000000119
25614  36.766  -45.415  27.895 0.3000000119
10493  38.475  -61.554  11.683 0.1000000015
22758  33.751  -49.329  23.167 0.3000000119
13311  38.283  -58.747  12.908 0.3000000119
15279  37.046  -56.503  15.503 0.2000000030
9668  39.556  -62.511  10.685 0.1000000015
14276  46.247  -57.883  15.702 0.2000000030
15265  44.901  -56.678  16.124 0.3000000119
13299  45.519  -58.410  15.454 0.1000000015
12348  44.552  -58.888  15.256 0.2000000030
16239  46.896  -55.951  16.685 0.2000000030
10518  40.757  -61.853  9.894 0.1000000015
10509  38.887  -61.685  10.955 0.1000000015
13324  38.505  -59.161  10.551 0.1000000015
14302  38.146  -57.580  10.974 0.1000000015
15296  37.631  -56.746  12.424 0.1000000015
122785  37.899  -59.020  12.103 0.2000000030
15283  37.079  -56.439  14.571 0.3000000119
14296  37.690  -57.608  12.281 0.2000000030
15289  37.289  -56.437  13.760 0.3000000119
17169  36.425  -55.005  15.299 0.4000000060
18049  35.454  -53.219  16.591 0.4000000060
14291  37.518  -57.043  13.106 0.3000000119
16258  36.957  -55.637  14.187 0.3000000119
17175  36.872  -54.652  14.191 0.3000000119
121439  34.594  -50.454  19.991 0.4000000060
19962  34.995  -51.438  17.403 0.4000000060
17210  40.042  -54.912  10.827 0.2000000030
18090  39.838  -53.691  11.729 0.2000000030
19963  34.735  -51.031  18.111 0.4000000060
19021  41.163  -52.734  11.666 0.2000000030
23690  34.580  -47.859  22.047 0.4000000060
20979  39.554  -50.830  14.093 0.3000000119
119284  40.230  -52.229  12.630 0.2000000030
114449  34.241  -47.124  22.711 0.4000000060
24682  33.834  -45.952  24.225 0.4000000060
24704  34.617  -46.337  22.670 0.4000000060
21902  40.071  -49.672  14.849 0.3000000119
132209  42.583  -51.766  12.005 0.2000000030
20011  41.612  -51.579  12.504 0.2000000030
26559  34.422  -44.430  25.381 0.4000000060
23737  36.802  -47.712  19.506 0.4000000060
119313  37.686  -48.046  18.237 0.2000000030
126680  40.885  -48.624  17.112 0.2000000030
129134  39.753  -48.472  17.461 0.2000000030
124681  39.917  -48.314  18.066 0.2000000030
22818  38.598  -47.999  18.233 0.2000000030
118299  34.422  -45.059  23.872 0.3000000119
26547  34.583  -44.471  26.239 0.2000000030
27467  34.774  -43.729  25.099 0.3000000119
26538  35.667  -44.561  27.502 0.2000000030
27445  36.229  -43.901  27.705 0.2000000030
11380  44.284  -61.081  14.817 0.1000000015
10449  44.080  -61.927  14.839 0.1000000015
11381  43.184  -61.032  14.604 0.1000000015
16226  47.786  -55.792  17.533 0.1000000015
130504  43.492  -60.191  14.729 0.1000000015
9608  41.999  -63.389  14.551 0.1000000015
10450  42.851  -62.093  14.586 0.1000000015
24621  38.523  -46.466  28.983 0.1000000015
25596  37.934  -45.841  28.361 0.1000000015
25594  39.924  -45.543  28.153 0.1000000015
138105  38.770  -45.014  27.998 0.1000000015
26536  37.269  -44.823  28.016 0.1000000015
122134  38.652  -44.516  28.066 0.1000000015
26537  36.441  -44.651  27.851 0.1000000015
26517  37.823  -44.222  28.197 0.1000000015
27428  37.661  -43.384  28.254 0.1000000015
27446  35.554  -43.825  27.191 0.1000000015
27455  34.701  -43.893  25.793 0.2000000030
129353  36.821  -43.109  27.796 0.1000000015
28337  37.664  -42.542  28.040 0.2000000030
26597  35.134  -44.376  23.609 0.2000000030
29236  37.098  -42.184  27.365 0.2000000030
28366  35.965  -42.505  26.133 0.2000000030
28377  36.032  -42.340  25.252 0.2000000030
27484  35.303  -43.568  24.305 0.2000000030
29244  38.333  -41.189  27.222 0.2000000030
29245  37.491  -41.423  26.772 0.2000000030
28391  36.362  -42.432  24.603 0.2000000030
26612  35.797  -44.653  22.876 0.2000000030
114913  36.523  -44.949  22.148 0.2000000030
25692  37.047  -45.552  21.508 0.2000000030
25691  37.922  -45.563  21.530 0.1000000015
29234  38.679  -41.678  27.826 0.2000000030
27511  36.189  -43.086  24.061 0.2000000030
26595  36.917  -43.821  22.882 0.2000000030
26610  37.165  -44.392  22.397 0.1000000015
27524  37.559  -43.950  22.599 0.1000000015
25672  37.519  -44.966  21.937 0.1000000015
25612  38.132  -45.087  27.999 0.1000000015
24620  39.551  -46.224  28.758 0.1000000015
25595  38.893  -45.548  28.356 0.1000000015
24619  40.461  -46.210  28.401 0.1000000015
25611  39.393  -44.878  27.920 0.1000000015
26535  39.270  -44.062  28.024 0.1000000015
28356  36.335  -42.645  27.012 0.2000000030
119973  37.012  -41.483  25.971 0.2000000030
21915  43.006  -49.617  13.723 0.2000000030
20967  41.221  -50.037  13.955 0.2000000030
21916  42.029  -49.824  13.783 0.2000000030
20976  43.565  -50.225  13.250 0.2000000030
21899  43.549  -48.993  14.392 0.2000000030
21880  40.685  -49.070  15.460 0.2000000030
21900  42.401  -49.257  14.297 0.2000000030
21879  41.714  -48.960  14.936 0.2000000030
21914  44.175  -49.579  13.778 0.2000000030
22863  42.442  -48.629  15.563 0.1000000015
22877  43.371  -48.616  15.276 0.2000000030
22864  41.579  -48.687  15.933 0.2000000030
22865  40.814  -48.732  16.396 0.2000000030
22862  44.141  -48.546  15.960 0.1000000015
117809  43.142  -48.514  16.017 0.1000000015
128541  42.447  -48.568  17.262 0.1000000015
22842  45.022  -48.600  16.824 0.1000000015
22841  46.648  -48.639  16.865 0.1000000015
28354  39.001  -42.336  28.164 0.1000000015
22828  41.487  -48.565  17.700 0.1000000015
22826  43.288  -48.604  17.633 0.1000000015
22845  41.586  -48.607  16.834 0.1000000015
22843  43.516  -48.528  16.830 0.1000000015
129163  45.914  -48.642  17.759 0.1000000015
22824  47.139  -48.263  17.427 0.1000000015
123375  39.891  -40.926  27.624 0.1000000015
122682  41.556  -41.858  28.000 0.1000000015
29232  40.558  -41.634  27.882 0.1000000015
22816  40.784  -48.449  18.319 0.1000000015
22827  42.558  -48.591  18.046 0.1000000015
22815  41.779  -48.535  18.530 0.1000000015
121530  44.407  -48.651  17.677 0.1000000015
22825  46.167  -48.420  18.327 0.1000000015
118724  45.552  -48.632  19.036 0.1000000015
120891  41.275  -41.049  27.730 0.1000000015
30240  38.170  -40.818  26.434 0.1000000015
23732  41.469  -48.075  19.648 0.1000000015
23733  40.506  -47.884  19.433 0.1000000015
127415  42.783  -48.232  20.072 0.1000000015
23731  42.256  -48.296  19.774 0.1000000015
22802  41.070  -48.345  19.003 0.1000000015
22800  43.103  -48.579  19.545 0.1000000015
22801  42.053  -48.503  19.239 0.1000000015
22783  44.502  -48.795  20.310 0.1000000015
22813  43.978  -48.833  19.062 0.1000000015
125895  43.671  -48.703  18.305 0.1000000015
22814  42.835  -48.668  18.787 0.1000000015
22797  45.164  -48.741  20.396 0.1000000015
22798  44.909  -48.937  20.096 0.1000000015
22811  45.338  -48.670  19.674 0.1000000015
122329  40.213  -40.274  27.290 0.1000000015
30232  39.488  -40.417  27.103 0.1000000015
23713  40.000  -47.371  19.939 0.1000000015
23709  44.431  -48.511  20.719 0.1000000015
22784  43.665  -48.482  20.243 0.1000000015
22782  44.985  -48.822  20.639 0.1000000015
24747  39.537  -46.699  20.354 0.1000000015
22876  44.526  -48.711  15.089 0.1000000015
123077  45.037  -48.798  18.596 0.1000000015
23712  40.984  -47.512  20.067 0.1000000015
18180  44.322  -53.285  6.443 0.1000000015
19090  44.531  -52.817  7.003 0.1000000015
18194  44.139  -52.869  5.578 0.1000000015
18196  43.016  -53.535  4.618 0.1000000015
18216  42.019  -53.310  3.484 0.1000000015
18217  41.429  -53.393  2.980 0.1000000015
18235  39.838  -53.649  2.131 0.1000000015
18159  44.455  -53.687  7.485 0.1000000015
18204  42.565  -53.291  3.968 0.1000000015
17283  42.230  -53.760  3.638 0.1000000015
117539  44.627  -52.351  7.559 0.1000000015
20096  44.826  -52.326  8.544 0.1000000015
18121  45.058  -54.129  9.306 0.1000000015
17254  44.118  -54.251  7.013 0.1000000015
17262  43.316  -53.951  5.465 0.1000000015
19116  44.465  -52.443  6.031 0.1000000015
18120  45.773  -54.318  10.263 0.1000000015
135754  45.496  -54.842  9.981 0.1000000015
20115  44.611  -51.422  7.584 0.1000000015
21050  45.373  -51.149  9.891 0.1000000015
21983  45.726  -49.900  10.011 0.1000000015
21070  44.804  -50.522  8.036 0.1000000015
21051  44.858  -51.297  8.813 0.1000000015
21069  45.042  -50.084  9.007 0.1000000015
19067  44.747  -53.232  8.221 0.1000000015
18236  39.530  -53.869  2.181 0.1000000015
2736  34.308  -72.544  22.699 0.1000000015
3255  37.619  -71.636  26.682 0.1000000015
3256  36.819  -72.353  26.676 0.1000000015
3299  34.980  -72.447  22.629 0.1000000015
3306  35.366  -72.256  21.948 0.1000000015
3828  38.438  -71.535  28.160 0.1000000015
3842  38.512  -71.140  27.245 0.1000000015
3861  34.266  -71.816  26.528 0.1000000015
3890  35.570  -71.247  23.096 0.1000000015
3891  34.438  -71.566  23.216 0.1000000015
3902  37.550  -70.746  22.098 0.1000000015
3903  36.818  -71.234  22.379 0.1000000015
3913  37.745  -70.523  21.645 0.1000000015
3915  36.231  -71.596  21.444 0.1000000015
3926  37.360  -70.642  21.148 0.1000000015
4487  38.564  -70.495  26.920 0.1000000015
4503  38.134  -70.894  26.666 0.1000000015
4534  39.033  -69.549  21.960 0.1000000015
4535  38.501  -69.953  22.048 0.1000000015
4536  38.017  -70.166  22.252 0.1000000015
4556  38.437  -69.494  21.048 0.1000000015
4557  37.852  -70.057  20.925 0.1000000015
5110  40.783  -68.311  28.466 0.1000000015
5111  40.431  -68.770  28.016 0.1000000015
5117  40.152  -68.703  27.540 0.1000000015
5140  32.464  -69.473  23.323 0.1000000015
5147  40.011  -68.482  22.215 0.1000000015
5152  36.046  -68.874  22.888 0.1000000015
5157  40.283  -68.254  21.803 0.1000000015
5769  34.809  -67.523  23.170 0.1000000015
5784  40.524  -67.919  22.252 0.1000000015
5786  39.186  -68.293  22.453 0.1000000015
5789  36.306  -68.030  22.812 0.1000000015
5815  41.131  -67.370  21.763 0.1000000015
5816  40.624  -67.733  21.597 0.1000000015
5817  39.475  -68.035  20.765 0.1000000015
6435  36.125  -66.317  23.234 0.1000000015
6450  41.511  -66.553  22.390 0.1000000015
7057  40.164  -65.759  28.462 0.1000000015
7075  34.128  -65.386  27.383 0.1000000015
7085  32.934  -64.662  26.641 0.1000000015
7113  33.767  -65.133  23.667 0.1000000015
7114  32.938  -65.039  23.428 0.1000000015
7127  43.118  -65.225  22.347 0.1000000015
7128  42.532  -65.664  22.492 0.1000000015
7129  41.989  -65.957  22.701 0.1000000015
7134  36.426  -65.629  23.130 0.1000000015
7153  41.939  -66.183  21.396 0.1000000015
7223  39.356  -65.510  11.572 0.1000000015
7759  37.801  -64.324  31.159 0.1000000015
7778  39.460  -64.645  28.646 0.1000000015
7796  39.366  -64.280  28.092 0.1000000015
7824  32.285  -63.675  25.735 0.1000000015
7848  43.424  -64.432  23.142 0.1000000015
7853  34.060  -64.473  23.977 0.1000000015
7854  32.559  -64.357  23.466 0.1000000015
7855  32.052  -64.014  23.464 0.1000000015
7869  43.854  -64.238  22.357 0.1000000015
7873  41.141  -64.411  22.680 0.1000000015
7875  36.691  -65.009  22.930 0.1000000015
7884  43.508  -64.699  22.012 0.1000000015
8014  38.987  -64.882  10.370 0.1000000015
8579  37.300  -63.799  31.637 0.1000000015
8615  38.636  -62.998  27.793 0.1000000015
8632  34.282  -63.612  26.096 0.1000000015
8633  33.568  -63.718  26.180 0.1000000015
8677  44.518  -63.563  23.055 0.1000000015
8678  43.916  -63.848  23.281 0.1000000015
8679  43.217  -63.929  23.393 0.1000000015
8680  42.434  -63.812  23.310 0.1000000015
8681  35.983  -64.165  23.472 0.1000000015
8683  32.560  -63.760  23.688 0.1000000015
8697  44.036  -64.158  22.933 0.1000000015
8698  41.670  -63.594  23.077 0.1000000015
8701  36.501  -64.323  22.999 0.1000000015
8709  43.795  -63.988  21.775 0.1000000015
8879  39.608  -63.261  9.207 0.1000000015
9445  37.943  -62.665  28.401 0.1000000015
9454  37.485  -61.984  28.133 0.1000000015
9501  45.563  -62.475  22.881 0.1000000015
9502  44.957  -62.857  23.231 0.1000000015
9506  35.779  -62.681  23.568 0.1000000015
10288  37.561  -61.706  26.504 0.1000000015
10308  35.583  -61.182  23.873 0.1000000015
10317  46.344  -61.538  22.616 0.1000000015
10323  41.482  -61.501  23.363 0.1000000015
10324  35.653  -61.739  23.331 0.1000000015
10332  45.947  -62.042  22.410 0.1000000015
10333  40.753  -61.723  22.996 0.1000000015
10335  38.523  -61.156  22.500 0.1000000015
10336  37.789  -61.656  22.390 0.1000000015
10337  36.748  -61.504  22.463 0.1000000015
10338  35.890  -62.247  22.900 0.1000000015
10347  45.522  -61.827  21.647 0.1000000015
10361  37.981  -61.446  20.327 0.1000000015
10372  34.389  -61.060  19.399 0.1000000015
10516  41.707  -61.155  9.171 0.1000000015
11151  35.416  -60.842  31.077 0.1000000015
11231  35.648  -60.631  25.322 0.1000000015
11247  47.233  -60.472  22.748 0.1000000015
11249  45.480  -61.528  23.442 0.1000000015
11254  39.993  -60.143  23.140 0.1000000015
11267  35.836  -60.440  22.937 0.1000000015
11300  36.607  -60.907  20.145 0.1000000015
11311  35.191  -60.620  19.270 0.1000000015
11316  35.464  -60.412  18.661 0.1000000015
11342  45.855  -60.686  16.225 0.1000000015
11465  40.464  -60.444  7.885 0.1000000015
12169  34.722  -59.315  30.557 0.1000000015
12187  34.605  -58.823  29.937 0.1000000015
12199  35.017  -59.847  28.634 0.1000000015
12222  47.796  -59.157  27.444 0.1000000015
12228  35.084  -59.360  25.984 0.1000000015
12229  34.866  -58.701  26.555 0.1000000015
12257  47.141  -60.252  23.254 0.1000000015
12258  45.846  -60.137  23.566 0.1000000015
12259  44.866  -59.883  23.664 0.1000000015
12261  42.160  -59.654  23.671 0.1000000015
12262  41.523  -59.498  23.708 0.1000000015
12268  35.832  -59.614  23.407 0.1000000015
12273  47.669  -59.841  22.409 0.1000000015
12274  39.010  -59.868  22.825 0.1000000015
12275  38.054  -59.852  22.732 0.1000000015
12277  36.174  -59.927  22.835 0.1000000015
12309  39.479  -59.386  19.375 0.1000000015
12318  37.028  -59.789  18.797 0.1000000015
12330  38.089  -59.545  18.013 0.1000000015
12331  37.182  -59.760  18.092 0.1000000015
12347  45.679  -59.397  15.344 0.1000000015
12385  38.237  -59.530  12.493 0.3000000119
12388  38.033  -59.991  11.752 0.1000000015
12415  42.772  -59.428  8.887 0.1000000015
13099  41.948  -58.836  32.550 0.1000000015
13128  35.467  -57.881  31.206 0.1000000015
13129  35.053  -57.993  30.669 0.1000000015
13146  37.799  -58.124  29.181 0.1000000015
13156  34.634  -58.291  28.779 0.1000000015
13163  38.686  -58.253  27.572 0.1000000015
13174  48.262  -58.535  26.800 0.1000000015
13177  44.932  -59.042  26.258 0.1000000015
13181  40.580  -58.448  26.163 0.1000000015
13184  34.817  -58.207  27.076 0.1000000015
13191  46.964  -58.503  25.257 0.1000000015
13195  42.109  -58.338  25.135 0.1000000015
13197  40.110  -58.199  25.324 0.1000000015
13208  44.918  -58.752  24.276 0.1000000015
13213  39.909  -58.307  24.618 0.1000000015
13214  38.486  -58.207  24.248 0.1000000015
13215  37.586  -58.160  24.175 0.1000000015
13217  35.988  -58.294  24.502 0.1000000015
13225  45.368  -59.307  23.852 0.1000000015
13232  38.046  -58.640  23.631 0.1000000015
13233  37.069  -58.676  23.629 0.1000000015
13234  36.160  -58.787  23.781 0.1000000015
13242  48.131  -58.923  21.299 0.1000000015
13245  45.605  -59.078  21.160 0.1000000015
13257  46.161  -58.204  20.634 0.1000000015
13300  43.519  -58.789  15.121 0.2000000030
13336  43.456  -58.420  9.063 0.2000000030
13354  43.247  -58.825  9.064 0.2000000030
13368  43.068  -58.653  8.571 0.2000000030
14111  35.220  -57.788  29.943 0.1000000015
14131  34.864  -57.873  29.344 0.1000000015
14136  49.765  -56.960  28.702 0.1000000015
14137  49.413  -57.614  29.311 0.1000000015
14155  37.859  -57.794  27.618 0.1000000015
14156  37.029  -57.439  27.495 0.1000000015
14157  36.304  -57.306  27.983 0.1000000015
14158  35.674  -57.408  27.532 0.1000000015
14159  35.203  -57.612  27.918 0.1000000015
14169  50.098  -56.580  27.251 0.1000000015
14173  37.181  -57.474  26.299 0.1000000015
14175  35.709  -57.534  26.602 0.1000000015
14184  50.185  -56.247  26.479 0.1000000015
14185  49.524  -57.154  26.264 0.1000000015
14186  39.275  -57.979  25.533 0.1000000015
14189  36.602  -57.662  25.300 0.1000000015
14190  36.098  -57.571  25.819 0.1000000015
14196  38.869  -57.961  24.908 0.1000000015
14284  37.382  -56.936  14.861 0.3000000119
14286  40.960  -58.045  14.821 0.3000000119
14288  38.134  -57.724  13.937 0.3000000119
14397  40.821  -56.830  5.868 0.1000000015
15114  39.505  -56.533  33.634 0.1000000015
15144  40.736  -56.742  30.837 0.1000000015
15195  43.349  -56.160  26.678 0.3000000119
15207  50.205  -55.472  24.860 0.1000000015
15233  49.543  -55.155  19.845 0.1000000015
15253  48.127  -56.018  17.641 0.1000000015
15264  45.913  -56.490  16.217 0.2000000030
15278  38.571  -57.115  15.620 0.3000000119
15333  43.675  -57.284  9.144 0.2000000030
16034  38.545  -55.765  33.641 0.1000000015
16065  38.370  -55.408  30.546 0.2000000030
16076  40.306  -56.080  29.239 0.2000000030
16078  37.735  -55.054  30.126 0.2000000030
16090  49.536  -55.767  27.546 0.1000000015
16093  40.758  -55.692  27.362 0.4000000060
16105  49.778  -55.212  26.832 0.2000000030
16110  43.832  -55.313  25.922 0.3000000119
16123  47.190  -54.490  25.559 0.1000000015
16126  44.306  -54.295  25.430 0.3000000119
16152  50.128  -54.786  22.028 0.1000000015
16155  44.574  -54.998  22.630 0.4000000060
16156  43.155  -55.165  22.409 0.5000000000
16165  50.070  -54.775  21.084 0.2000000030
16190  49.270  -54.992  19.433 0.1000000015
16193  46.701  -55.335  18.542 0.3000000119
16211  48.166  -55.642  18.149 0.1000000015
16212  47.428  -55.486  17.895 0.4000000060
16214  45.385  -55.440  17.720 0.3000000119
16272  38.347  -55.480  11.938 0.1000000015
16283  39.338  -55.111  11.124 0.1000000015
16300  43.699  -55.905  9.773 0.3000000119
17008  38.163  -54.904  29.028 0.4000000060
17032  49.925  -54.685  26.043 0.2000000030
17033  49.178  -54.711  26.229 0.1000000015
17037  39.126  -53.847  26.614 0.5000000000
17047  46.599  -54.026  25.061 0.1000000015
17055  50.168  -54.211  24.354 0.1000000015
17064  49.898  -54.013  23.615 0.1000000015
17067  46.061  -54.190  23.761 0.2000000030
17074  39.210  -53.820  23.502 0.5000000000
17087  49.696  -54.272  22.543 0.2000000030
17095  39.475  -54.530  22.988 0.5000000000
17101  49.915  -54.575  21.756 0.2000000030
17102  49.577  -54.471  21.523 0.2000000030
17103  48.956  -54.541  21.353 0.2000000030
17105  40.045  -55.147  21.918 0.5000000000
17108  37.908  -54.231  21.894 0.4000000060
17111  40.121  -55.028  20.234 0.5000000000
17114  38.092  -54.047  20.817 0.5000000000
17143  40.437  -54.693  18.514 0.4000000060
17147  36.664  -54.107  18.343 0.5000000000
17158  39.866  -54.860  18.022 0.4000000060
17159  38.926  -54.961  18.180 0.4000000060
17161  36.559  -54.504  17.670 0.5000000000
17181  37.330  -54.901  13.577 0.3000000119
17185  39.074  -54.138  12.057 0.2000000030
17196  40.362  -54.189  11.144 0.2000000030
17204  45.773  -54.791  10.645 0.1000000015
17270  42.504  -53.996  4.168 0.1000000015
17917  35.426  -52.754  30.415 0.3000000119
17955  39.746  -52.953  25.986 0.5000000000
17966  43.237  -53.046  24.954 0.4000000060
17973  42.896  -52.897  24.600 0.4000000060
17978  39.900  -52.730  23.765 0.6000000238
18008  36.715  -53.298  20.763 0.5000000000
18083  46.365  -53.633  11.532 0.2000000030
18103  43.419  -54.207  10.480 0.2000000030
18138  44.642  -54.068  8.444 0.1000000015
18181  43.895  -53.641  5.945 0.1000000015
18195  43.645  -53.194  5.062 0.1000000015
18234  40.627  -53.538  2.422 0.1000000015
18771  41.341  -52.238  36.782 0.1000000015
18805  35.613  -52.153  33.227 0.2000000030
18882  39.970  -51.520  25.227 0.5000000000
18886  40.846  -52.042  24.728 0.5000000000
18889  36.599  -51.702  24.317 0.5000000000
18892  40.425  -52.151  24.237 0.5000000000
18905  36.208  -53.113  22.149 0.4000000060
18975  35.496  -52.713  16.014 0.4000000060
18986  36.277  -53.097  14.963 0.5000000000
18990  38.353  -52.604  13.548 0.3000000119
18991  37.556  -53.029  13.984 0.4000000060
18996  47.016  -52.639  12.264 0.2000000030
19017  46.484  -53.431  11.732 0.2000000030
19018  45.825  -53.242  11.832 0.3000000119
19148  44.182  -52.209  5.457 0.1000000015
19775  41.503  -51.528  35.672 0.1000000015
19832  42.222  -51.655  31.001 0.1000000015
19833  41.564  -51.534  31.064 0.1000000015
19921  34.464  -51.451  22.676 0.4000000060
19930  34.477  -51.204  21.497 0.5000000000
19939  34.650  -51.243  20.476 0.4000000060
19945  34.705  -51.209  19.480 0.4000000060
19995  38.618  -51.870  13.785 0.3000000119
19997  36.825  -52.184  14.858 0.5000000000
20012  40.653  -51.692  12.874 0.2000000030
20013  39.854  -51.891  13.105 0.2000000030
20038  47.293  -52.248  12.384 0.2000000030
20077  46.072  -52.395  10.629 0.2000000030
20726  35.640  -50.320  38.608 0.1000000015
20873  35.685  -49.517  25.649 0.5000000000
20876  37.822  -50.268  24.901 0.5000000000
20880  33.767  -50.152  24.432 0.4000000060
20882  34.230  -51.232  23.634 0.4000000060
20893  33.705  -50.034  23.176 0.4000000060
20915  34.673  -50.266  19.221 0.4000000060
20969  38.973  -50.546  14.625 0.3000000119
20977  42.497  -50.303  13.303 0.3000000119
20986  47.964  -50.807  13.189 0.2000000030
21015  47.483  -51.251  12.295 0.2000000030
21029  46.932  -51.463  11.556 0.2000000030
21790  36.399  -49.080  27.723 0.5000000000
21806  36.204  -49.163  26.210 0.5000000000
21808  34.737  -49.248  25.622 0.5000000000
21813  33.598  -49.771  23.858 0.4000000060
21841  35.029  -48.932  19.818 0.4000000060
21849  35.075  -49.430  19.124 0.4000000060
21852  36.174  -48.734  17.933 0.4000000060
21853  35.537  -49.113  18.470 0.4000000060
21857  37.065  -48.866  16.930 0.3000000119
21859  35.600  -49.530  17.703 0.4000000060
21871  37.638  -49.085  16.469 0.2000000030
21878  42.653  -48.805  14.841 0.2000000030
21910  48.142  -49.788  13.652 0.1000000015
21912  47.042  -49.865  14.166 0.2000000030
22745  33.873  -48.248  25.508 0.4000000060
22751  33.592  -48.426  24.715 0.4000000060
22757  34.062  -48.741  22.546 0.4000000060
22786  35.311  -48.087  20.167 0.4000000060
22799  44.217  -48.882  19.774 0.1000000015
22812  44.890  -48.919  19.424 0.1000000015
22829  40.488  -48.510  17.616 0.2000000030
22831  38.092  -48.261  17.630 0.2000000030
22844  42.421  -48.555  16.428 0.1000000015
22846  40.089  -48.650  16.852 0.3000000119
22847  39.205  -48.644  16.948 0.2000000030
22848  38.372  -48.586  17.004 0.2000000030
22873  47.756  -48.397  15.267 0.1000000015
22874  47.663  -48.587  15.333 0.1000000015
22910  47.951  -48.252  11.599 0.1000000015
23635  34.789  -47.661  26.414 0.4000000060
23672  34.923  -46.868  22.014 0.4000000060
23710  43.013  -47.807  20.428 0.1000000015
23716  37.181  -47.179  19.947 0.4000000060
23736  37.708  -47.500  19.364 0.2000000030
23746  39.081  -47.842  18.772 0.2000000030
24662  33.748  -46.831  25.832 0.3000000119
24663  33.557  -46.758  24.884 0.3000000119
24692  34.023  -46.525  23.379 0.4000000060
24702  36.124  -45.779  21.724 0.4000000060
24703  35.283  -46.077  22.106 0.3000000119
24721  40.047  -46.085  20.839 0.1000000015
24745  41.484  -46.909  20.502 0.1000000015
24750  36.711  -46.890  20.450 0.4000000060
25613  37.451  -45.454  28.043 0.1000000015
25623  35.168  -45.286  27.273 0.2000000030
25624  34.565  -45.266  26.669 0.3000000119
25634  34.150  -45.196  25.850 0.2000000030
25654  34.065  -45.110  24.858 0.4000000060
25673  35.604  -45.363  22.407 0.4000000060
26518  36.978  -43.987  28.151 0.1000000015
26580  34.595  -44.319  24.471 0.3000000119
26596  36.062  -43.852  23.384 0.2000000030
26611  36.493  -44.329  22.725 0.2000000030
27453  35.680  -43.148  26.739 0.2000000030
27454  35.059  -43.705  26.454 0.2000000030
27466  35.033  -43.359  25.693 0.3000000119
28355  38.306  -42.206  28.099 0.2000000030
28367  35.379  -43.066  26.145 0.2000000030
28378  35.493  -42.833  25.507 0.3000000119
28392  35.698  -42.847  24.763 0.2000000030
29233  39.533  -41.671  27.901 0.1000000015
29235  37.889  -41.801  27.670 0.2000000030
29246  36.696  -41.971  26.495 0.2000000030
29256  36.521  -41.918  25.650 0.2000000030
29264  36.524  -41.971  25.020 0.2000000030
30231  40.580  -40.811  27.631 0.1000000015
30233  38.803  -40.619  26.827 0.1000000015
115433  34.428  -48.822  21.635 0.4000000060
115587  35.263  -51.733  16.625 0.4000000060
115954  44.522  -55.437  17.652 0.2000000030
116040  39.321  -65.200  22.316 0.1000000015
116575  34.022  -67.709  27.123 0.1000000015
116911  35.174  -63.591  25.753 0.1000000015
117288  36.751  -43.311  23.440 0.2000000030
117565  35.459  -52.456  18.818 0.5000000000
117741  34.567  -72.421  21.962 0.1000000015
117770  44.088  -58.782  25.958 0.1000000015
117917  47.575  -58.459  25.871 0.1000000015
118038  44.547  -51.957  6.653 0.1000000015
118380  45.378  -58.721  25.503 0.1000000015
118531  42.050  -52.757  11.384 0.2000000030
118710  37.018  -63.679  22.674 0.1000000015
119047  35.776  -53.920  16.140 0.4000000060
119141  42.766  -55.363  9.951 0.2000000030
119155  34.429  -45.763  23.287 0.4000000060
119358  37.135  -62.824  20.205 0.1000000015
119362  33.444  -68.348  23.232 0.1000000015
119810  37.355  -61.552  27.419 0.1000000015
120009  37.560  -55.090  32.076 0.2000000030
120416  36.658  -62.504  29.795 0.1000000015
120503  35.146  -58.476  25.782 0.1000000015
120585  36.330  -53.091  23.172 0.4000000060
120716  35.918  -61.342  22.793 0.1000000015
121463  38.788  -68.969  22.443 0.1000000015
121479  39.097  -41.037  27.481 0.1000000015
121607  34.827  -51.365  18.724 0.4000000060
121746  36.474  -54.864  17.048 0.5000000000
122013  35.189  -43.210  25.055 0.3000000119
122074  34.793  -58.954  31.340 0.1000000015
122075  41.762  -54.583  10.415 0.1000000015
122289  46.620  -56.378  16.351 0.2000000030
122506  39.438  -60.972  13.665 0.3000000119
123933  46.548  -60.522  23.356 0.1000000015
123982  35.017  -50.272  25.210 0.5000000000
124389  49.233  -53.996  24.091 0.2000000030
124464  37.938  -60.679  20.212 0.1000000015
124777  33.037  -63.266  24.879 0.1000000015
124851  36.718  -57.501  25.859 0.1000000015
124938  38.461  -63.422  8.287 0.2000000030
125259  37.846  -63.448  22.369 0.1000000015
125261  39.539  -63.420  22.401 0.1000000015
125262  33.171  -66.743  23.430 0.1000000015
125280  32.199  -66.900  23.406 0.1000000015
125321  35.313  -59.885  25.489 0.1000000015
125370  44.777  -54.853  9.203 0.1000000015
125382  38.057  -58.380  11.074 0.1000000015
125387  34.325  -68.357  23.188 0.1000000015
125404  50.193  -54.824  25.799 0.2000000030
125490  36.316  -57.320  27.137 0.1000000015
125530  44.204  -63.248  21.597 0.1000000015
125632  41.570  -59.994  14.415 0.3000000119
125718  35.491  -59.771  24.106 0.1000000015
125734  34.585  -59.008  29.119 0.1000000015
125913  42.834  -59.880  23.611 0.1000000015
125991  37.481  -56.383  13.074 0.2000000030
126040  45.104  -54.074  11.224 0.2000000030
126203  36.651  -55.137  14.694 0.3000000119
126486  35.205  -46.790  26.948 0.4000000060
126775  37.510  -62.090  20.308 0.1000000015
127188  40.191  -63.062  22.599 0.1000000015
127195  42.706  -61.588  21.166 0.1000000015
127287  39.298  -58.298  24.386 0.1000000015
127389  36.557  -62.253  22.580 0.1000000015
127756  35.572  -57.860  25.784 0.1000000015
127833  41.197  -66.869  29.799 0.1000000015
127854  35.971  -53.753  31.006 0.3000000119
128235  35.693  -67.086  23.153 0.1000000015
128260  35.823  -61.658  30.944 0.1000000015
128288  34.479  -65.126  23.844 0.1000000015
128346  40.900  -66.286  29.378 0.1000000015
129181  35.517  -60.306  27.883 0.1000000015
129338  44.293  -55.709  16.784 0.3000000119
129756  41.635  -49.512  14.287 0.2000000030
129836  40.249  -59.404  23.590 0.1000000015
130381  41.519  -64.036  22.882 0.1000000015
130526  47.277  -57.335  16.394 0.2000000030
130771  37.388  -69.856  22.519 0.1000000015
131297  41.245  -64.970  20.709 0.1000000015
132150  42.493  -51.287  12.460 0.2000000030
132488  34.057  -66.889  27.293 0.1000000015
132739  42.762  -56.968  28.523 0.2000000030
132796  33.626  -48.121  23.773 0.3000000119
132842  47.952  -47.716  16.404 0.1000000015
133404  37.925  -53.883  19.838 0.5000000000
133557  39.928  -44.389  27.888 0.1000000015
133619  41.010  -52.381  24.186 0.5000000000
133949  33.182  -69.099  23.252 0.1000000015
134170  47.279  -55.726  26.920 0.1000000015
134325  36.287  -72.691  26.726 0.1000000015
134756  37.578  -57.568  26.915 0.1000000015
134871  43.362  -58.877  23.987 0.1000000015
134993  46.388  -59.813  21.425 0.1000000015
135519  37.661  -63.998  22.463 0.1000000015
135582  33.779  -48.617  23.265 0.3000000119
135781  36.792  -62.867  32.814 0.1000000015
135809  44.342  -57.194  15.817 0.3000000119
135907  35.096  -52.056  23.775 0.4000000060
136652  43.346  -51.953  11.769 0.2000000030
136662  32.852  -67.238  26.934 0.1000000015
136690  33.758  -72.593  22.697 0.1000000015
136906  36.101  -43.317  27.316 0.1000000015
136911  35.791  -62.154  20.382 0.1000000015
137168  42.435  -56.699  28.206 0.3000000119
137244  35.402  -59.436  24.553 0.1000000015
138078  44.411  -60.359  14.886 0.1000000015
138235  40.122  -61.628  22.730 0.1000000015
138264  41.163  -66.548  29.175 0.1000000015
138429  36.442  -57.914  24.765 0.1000000015
