#!ascii label  , from subject sub-v2s4x29607_ses-1 vox2ras=TkReg
420
72225  -24.397  1.737  7.396 0.0000000000
67258  -18.288  -2.061  7.609 0.0000000000
66360  -25.908  -3.750  6.492 0.0000000000
128136  -20.681  -6.379  9.119 0.0000000000
83318  -26.734  15.013  0.272 0.0000000000
80636  -28.315  10.827  0.514 0.0000000000
75120  -24.345  5.478  7.268 0.0000000000
60560  -18.266  -10.129  11.974 0.0000000000
117217  -19.729  -4.711  8.577 0.0000000000
63626  -17.905  -6.374  10.625 0.0000000000
82476  -28.032  12.870  -0.512 0.0000000000
78783  -26.827  8.879  1.515 0.0000000000
72244  -19.522  2.314  4.907 0.0000000000
74211  -18.911  4.286  4.356 0.0000000000
120620  -22.959  3.827  7.013 0.0000000000
134311  -26.861  4.332  2.133 0.0000000000
72253  -26.930  2.462  3.731 0.0000000000
70228  -27.145  0.571  5.332 0.0000000000
70190  -16.928  0.512  7.538 0.0000000000
69241  -20.705  -0.108  6.603 0.0000000000
69223  -24.272  -0.646  7.619 0.0000000000
67261  -21.458  -2.165  7.957 0.0000000000
117171  -22.877  -5.021  8.266 0.0000000000
63641  -22.872  -6.759  8.566 0.0000000000
76944  -26.377  7.236  6.322 0.0000000000
76064  -27.627  6.799  1.459 0.0000000000
77868  -29.801  8.398  2.964 0.0000000000
62616  -17.334  -7.816  12.309 0.0000000000
61643  -19.599  -8.015  10.444 0.0000000000
64602  -17.093  -4.847  10.272 0.0000000000
64588  -16.821  -5.776  11.424 0.0000000000
80635  -27.008  10.633  -0.702 0.0000000000
78777  -26.645  8.942  2.758 0.0000000000
71178  -21.935  1.789  6.932 0.0000000000
73232  -21.569  3.062  6.150 0.0000000000
72235  -24.567  2.588  7.334 0.0000000000
73237  -26.469  3.232  5.856 0.0000000000
140922  -26.316  1.908  6.503 0.0000000000
71197  -27.636  1.298  5.085 0.0000000000
131289  -26.257  0.725  6.415 0.0000000000
123591  -17.633  -0.951  7.429 0.0000000000
69238  -18.489  -0.203  6.440 0.0000000000
68248  -18.762  -1.116  6.579 0.0000000000
68232  -20.892  -1.410  7.416 0.0000000000
67260  -19.777  -2.492  7.414 0.0000000000
131340  -19.662  -5.698  9.070 0.0000000000
65440  -20.518  -4.911  8.583 0.0000000000
63640  -21.124  -5.976  8.817 0.0000000000
63652  -22.801  -6.158  8.283 0.0000000000
126703  -22.056  -6.907  8.919 0.0000000000
83308  -26.737  14.160  0.626 0.0000000000
127196  -26.480  14.677  1.869 0.0000000000
84155  -26.020  15.567  0.602 0.0000000000
84948  -25.357  16.756  0.369 0.0000000000
84951  -27.260  16.205  0.236 0.0000000000
81524  -28.206  12.391  -0.143 0.0000000000
75132  -21.464  5.371  5.328 0.0000000000
76032  -21.471  6.265  5.293 0.0000000000
76021  -25.627  6.332  7.047 0.0000000000
76048  -26.503  6.976  4.568 0.0000000000
75146  -26.193  5.721  3.818 0.0000000000
74231  -29.743  4.841  2.327 0.0000000000
76065  -29.900  6.529  1.865 0.0000000000
76056  -30.458  6.587  2.735 0.0000000000
130199  -25.307  -2.061  7.216 0.0000000000
130943  -26.522  -1.644  5.792 0.0000000000
60558  -17.327  -9.510  12.784 0.0000000000
60559  -17.890  -9.262  12.085 0.0000000000
62627  -18.228  -7.646  11.253 0.0000000000
128992  -18.654  -9.445  11.594 0.0000000000
66331  -17.444  -3.197  8.761 0.0000000000
66332  -18.687  -3.602  8.234 0.0000000000
65438  -18.036  -3.964  8.753 0.0000000000
64610  -18.819  -5.501  9.281 0.0000000000
63638  -19.211  -6.053  9.491 0.0000000000
82474  -27.184  13.198  -0.194 0.0000000000
83309  -27.496  14.162  0.015 0.0000000000
81523  -27.538  12.267  -0.934 0.0000000000
80642  -27.858  11.803  -1.547 0.0000000000
78792  -28.024  9.656  -0.275 0.0000000000
72241  -17.695  2.737  5.731 0.0000000000
73244  -18.801  3.317  4.620 0.0000000000
74201  -21.318  4.415  5.285 0.0000000000
74188  -24.523  4.648  7.234 0.0000000000
74213  -25.902  4.623  3.811 0.0000000000
126797  -26.198  3.627  5.186 0.0000000000
73257  -26.479  2.799  2.945 0.0000000000
73267  -28.948  3.151  2.828 0.0000000000
72263  -29.269  2.785  3.627 0.0000000000
58463  -19.116  -11.341  12.358 0.0000000000
59538  -19.411  -10.739  11.907 0.0000000000
71166  -17.697  1.483  6.215 0.0000000000
70227  -19.695  1.027  5.660 0.0000000000
71167  -21.736  0.975  7.021 0.0000000000
70195  -24.455  0.264  7.548 0.0000000000
69221  -22.007  -0.327  7.688 0.0000000000
68234  -23.175  -1.358  8.012 0.0000000000
67264  -24.062  -2.936  7.783 0.0000000000
133261  -20.678  -3.617  8.089 0.0000000000
67246  -22.464  -3.517  8.466 0.0000000000
65457  -24.363  -4.373  7.639 0.0000000000
65444  -24.484  -5.057  7.646 0.0000000000
63654  -24.384  -6.102  8.639 0.0000000000
84156  -28.259  15.415  0.662 0.0000000000
77867  -26.624  8.256  3.488 0.0000000000
77877  -27.128  8.259  1.297 0.0000000000
119939  -28.526  8.758  0.520 0.0000000000
74229  -26.931  5.360  2.099 0.0000000000
76991  -28.833  7.433  1.003 0.0000000000
78785  -29.134  9.534  1.730 0.0000000000
70212  -26.295  0.023  6.129 0.0000000000
131509  -27.448  -0.123  5.346 0.0000000000
63619  -16.816  -6.417  11.961 0.0000000000
62633  -17.757  -7.068  11.258 0.0000000000
62634  -18.460  -7.118  10.737 0.0000000000
62636  -19.887  -7.294  9.830 0.0000000000
60575  -20.007  -9.534  10.941 0.0000000000
60595  -20.637  -8.911  10.605 0.0000000000
61655  -21.230  -7.788  9.670 0.0000000000
126922  -26.623  9.036  3.862 0.0000000000
127710  -22.644  2.122  7.273 0.0000000000
72234  -23.509  1.976  7.417 0.0000000000
72236  -25.717  2.226  6.969 0.0000000000
72226  -25.132  1.818  7.302 0.0000000000
71179  -26.507  1.323  6.197 0.0000000000
71170  -24.944  1.115  7.425 0.0000000000
67243  -17.661  -2.481  8.218 0.0000000000
67257  -17.606  -1.595  7.800 0.0000000000
68229  -18.206  -1.345  7.211 0.0000000000
68230  -18.715  -1.750  7.092 0.0000000000
123315  -19.235  -1.760  6.976 0.0000000000
67259  -18.959  -2.386  7.377 0.0000000000
63639  -20.370  -5.863  8.923 0.0000000000
134088  -21.434  -6.417  8.944 0.0000000000
129390  -26.312  14.916  0.771 0.0000000000
84949  -25.922  16.080  0.311 0.0000000000
84950  -26.548  16.126  0.132 0.0000000000
84167  -27.008  15.667  0.149 0.0000000000
129529  -28.307  11.769  0.583 0.0000000000
81517  -28.475  12.426  1.424 0.0000000000
80631  -28.647  11.537  1.987 0.0000000000
75119  -23.258  5.455  7.109 0.0000000000
125032  -21.916  5.943  5.724 0.0000000000
75134  -22.496  5.944  6.484 0.0000000000
76034  -22.727  6.579  6.679 0.0000000000
76020  -24.570  6.168  7.302 0.0000000000
129200  -26.466  6.003  5.691 0.0000000000
139379  -26.198  5.827  6.544 0.0000000000
74232  -30.302  4.985  2.907 0.0000000000
75163  -30.265  5.734  2.545 0.0000000000
129088  -24.938  -2.881  7.415 0.0000000000
67272  -26.310  -2.486  6.013 0.0000000000
67271  -25.732  -2.901  6.657 0.0000000000
59536  -17.912  -10.763  12.348 0.0000000000
128898  -17.724  -10.062  12.363 0.0000000000
66320  -17.387  -3.734  9.232 0.0000000000
65430  -17.611  -4.469  9.405 0.0000000000
64603  -17.568  -5.618  10.349 0.0000000000
64609  -17.916  -5.262  9.592 0.0000000000
64604  -18.355  -5.897  9.849 0.0000000000
81522  -26.926  12.348  -0.049 0.0000000000
126438  -26.785  11.416  0.329 0.0000000000
138156  -26.966  9.466  0.632 0.0000000000
139820  -27.124  9.980  -0.187 0.0000000000
79736  -27.565  10.329  -0.635 0.0000000000
79743  -28.018  10.670  -0.929 0.0000000000
78791  -27.565  9.562  -0.082 0.0000000000
125603  -18.528  2.073  5.260 0.0000000000
72243  -18.931  2.490  4.836 0.0000000000
73233  -22.341  3.248  6.697 0.0000000000
73247  -21.104  3.581  5.429 0.0000000000
73248  -21.869  3.949  6.242 0.0000000000
74186  -22.442  4.518  6.649 0.0000000000
123996  -23.943  4.063  7.287 0.0000000000
74189  -25.743  4.393  6.881 0.0000000000
73236  -26.090  3.545  6.566 0.0000000000
72252  -26.785  2.408  4.538 0.0000000000
73249  -26.317  2.902  4.754 0.0000000000
72261  -27.385  2.553  3.177 0.0000000000
130015  -27.779  3.090  2.534 0.0000000000
72262  -28.381  2.650  3.341 0.0000000000
72254  -27.897  2.252  3.884 0.0000000000
71207  -28.280  1.700  4.570 0.0000000000
70229  -27.991  0.547  5.296 0.0000000000
57296  -18.845  -11.818  12.838 0.0000000000
58445  -19.622  -11.693  12.957 0.0000000000
71165  -17.142  1.298  7.088 0.0000000000
70191  -17.595  0.617  6.804 0.0000000000
69239  -19.115  -0.414  6.270 0.0000000000
70209  -19.405  0.342  6.070 0.0000000000
70210  -20.179  0.447  6.094 0.0000000000
70211  -21.010  0.629  6.395 0.0000000000
70192  -21.506  0.150  7.053 0.0000000000
70193  -22.323  0.433  7.510 0.0000000000
69220  -21.206  -0.618  7.222 0.0000000000
68233  -21.749  -1.139  7.842 0.0000000000
132259  -22.448  -1.683  8.165 0.0000000000
120944  -23.401  -2.170  8.025 0.0000000000
67262  -22.408  -2.642  8.334 0.0000000000
66333  -19.462  -3.931  8.173 0.0000000000
66334  -20.232  -4.183  8.247 0.0000000000
65441  -21.324  -5.072  8.550 0.0000000000
66335  -21.042  -4.282  8.372 0.0000000000
66336  -22.055  -4.394  8.535 0.0000000000
66337  -23.031  -4.072  8.389 0.0000000000
130363  -23.579  -4.497  8.014 0.0000000000
65443  -23.750  -5.054  7.899 0.0000000000
63653  -23.499  -6.119  8.392 0.0000000000
63642  -23.792  -6.524  9.056 0.0000000000
130401  -25.187  -6.143  8.689 0.0000000000
123093  -27.935  13.632  -0.180 0.0000000000
83310  -27.815  14.649  0.013 0.0000000000
125221  -28.216  13.925  0.110 0.0000000000
74199  -18.472  4.022  4.767 0.0000000000
128585  -23.904  7.023  7.445 0.0000000000
76943  -25.797  7.386  7.085 0.0000000000
76968  -26.596  7.865  4.506 0.0000000000
76956  -26.558  7.565  5.455 0.0000000000
122642  -26.622  6.816  2.776 0.0000000000
76980  -26.688  7.615  2.693 0.0000000000
76989  -27.411  7.591  1.299 0.0000000000
77878  -27.767  8.202  0.642 0.0000000000
76990  -28.083  7.454  0.925 0.0000000000
75152  -26.181  4.965  2.795 0.0000000000
75160  -27.854  4.891  1.832 0.0000000000
76975  -30.059  7.432  2.451 0.0000000000
76073  -29.260  6.850  1.390 0.0000000000
77872  -29.562  8.169  1.800 0.0000000000
78793  -29.124  8.790  1.182 0.0000000000
117922  -29.489  9.007  2.346 0.0000000000
131224  -29.529  9.719  2.718 0.0000000000
69224  -25.198  -0.530  7.295 0.0000000000
70196  -25.630  0.339  6.988 0.0000000000
69253  -26.921  -0.859  5.427 0.0000000000
62625  -17.193  -7.104  11.860 0.0000000000
61642  -18.856  -7.879  10.906 0.0000000000
62635  -19.202  -7.226  10.287 0.0000000000
59556  -19.700  -10.206  11.434 0.0000000000
128214  -20.434  -8.072  10.086 0.0000000000
129686  -16.972  -5.415  10.861 0.0000000000
64589  -17.282  -5.897  10.959 0.0000000000
80630  -26.720  10.417  1.190 0.0000000000
79730  -26.686  9.568  2.054 0.0000000000
71195  -20.665  1.851  5.614 0.0000000000
136908  -20.141  2.235  5.131 0.0000000000
72232  -21.367  2.230  6.209 0.0000000000
121061  -23.116  2.846  7.303 0.0000000000
73234  -23.923  3.409  7.364 0.0000000000
73235  -24.997  3.665  7.211 0.0000000000
127940  -25.614  2.948  6.921 0.0000000000
72237  -26.346  2.617  6.349 0.0000000000
71196  -27.025  1.863  5.146 0.0000000000
71206  -27.441  2.014  4.467 0.0000000000
71180  -26.688  1.921  5.921 0.0000000000
123897  -26.910  1.255  5.479 0.0000000000
70213  -26.644  0.612  5.747 0.0000000000
68228  -16.955  -0.980  7.940 0.0000000000
69217  -17.396  -0.235  7.313 0.0000000000
69237  -17.976  0.056  6.723 0.0000000000
69218  -18.080  -0.622  6.926 0.0000000000
68249  -19.507  -1.072  6.559 0.0000000000
69219  -20.355  -0.859  6.842 0.0000000000
68231  -20.019  -1.602  7.135 0.0000000000
126979  -20.556  -2.097  7.539 0.0000000000
67244  -20.656  -2.874  7.794 0.0000000000
64614  -20.059  -5.399  8.783 0.0000000000
64615  -20.808  -5.540  8.745 0.0000000000
64616  -21.607  -5.678  8.616 0.0000000000
64617  -22.422  -5.729  8.352 0.0000000000
63651  -22.029  -6.216  8.587 0.0000000000
83302  -26.621  13.925  2.298 0.0000000000
84148  -26.172  15.367  1.548 0.0000000000
135006  -25.579  16.197  0.685 0.0000000000
85761  -26.715  16.884  0.053 0.0000000000
82469  -28.457  13.326  0.803 0.0000000000
76046  -20.338  6.731  4.648 0.0000000000
76952  -21.620  7.118  5.288 0.0000000000
76941  -23.688  6.585  7.329 0.0000000000
138338  -25.909  6.893  6.918 0.0000000000
76022  -26.312  6.539  6.386 0.0000000000
136165  -26.388  6.366  4.219 0.0000000000
123268  -26.472  5.944  2.816 0.0000000000
74230  -28.863  4.574  1.833 0.0000000000
75162  -29.513  5.538  1.782 0.0000000000
68236  -24.833  -1.331  7.457 0.0000000000
68250  -25.602  -1.270  7.029 0.0000000000
130392  -25.903  -1.930  6.507 0.0000000000
61622  -17.369  -8.635  12.592 0.0000000000
61629  -17.702  -8.397  12.016 0.0000000000
62626  -17.709  -7.754  11.690 0.0000000000
60573  -18.327  -8.455  11.533 0.0000000000
61630  -19.251  -8.830  11.054 0.0000000000
66330  -16.935  -2.520  8.799 0.0000000000
134649  -18.478  -2.834  7.896 0.0000000000
135935  -18.044  -3.233  8.359 0.0000000000
65439  -18.912  -4.399  8.607 0.0000000000
65431  -18.384  -4.851  9.024 0.0000000000
65432  -19.267  -5.143  8.876 0.0000000000
133502  -19.937  -6.188  9.175 0.0000000000
82462  -26.581  13.270  2.812 0.0000000000
82468  -26.776  13.128  1.349 0.0000000000
82475  -27.784  12.800  -0.488 0.0000000000
82486  -28.010  12.155  -1.461 0.0000000000
81534  -27.909  11.843  -1.609 0.0000000000
81535  -27.913  12.114  -1.360 0.0000000000
80643  -28.149  11.569  -0.810 0.0000000000
79737  -28.234  9.924  -0.018 0.0000000000
73255  -19.275  3.637  4.397 0.0000000000
73246  -20.444  3.314  4.934 0.0000000000
73256  -19.882  3.483  4.516 0.0000000000
74212  -19.801  4.322  4.372 0.0000000000
74202  -21.899  4.840  6.024 0.0000000000
75118  -22.480  5.194  6.640 0.0000000000
139441  -23.834  5.092  7.259 0.0000000000
75122  -26.419  5.174  5.908 0.0000000000
75121  -25.311  5.075  7.080 0.0000000000
74203  -26.128  4.422  5.010 0.0000000000
73266  -26.083  3.841  2.773 0.0000000000
121913  -25.909  3.430  3.958 0.0000000000
136697  -26.883  3.461  2.249 0.0000000000
73273  -28.726  3.714  2.224 0.0000000000
136027  -29.396  3.678  2.657 0.0000000000
74220  -30.049  4.167  2.882 0.0000000000
74214  -30.212  3.954  3.817 0.0000000000
73258  -29.791  3.248  4.141 0.0000000000
66353  -25.286  -3.776  7.270 0.0000000000
58462  -18.258  -11.493  12.581 0.0000000000
59537  -18.625  -10.812  12.084 0.0000000000
59555  -18.976  -10.196  11.683 0.0000000000
71191  -17.993  2.074  5.612 0.0000000000
71192  -18.361  1.508  5.690 0.0000000000
70208  -18.244  0.665  6.230 0.0000000000
70226  -18.907  0.934  5.843 0.0000000000
71193  -19.097  1.714  5.297 0.0000000000
71176  -20.484  1.134  5.789 0.0000000000
71177  -21.221  1.402  6.281 0.0000000000
71168  -22.690  1.317  7.436 0.0000000000
71169  -23.867  1.180  7.524 0.0000000000
70194  -23.286  0.529  7.716 0.0000000000
138325  -23.672  -0.140  7.768 0.0000000000
125485  -23.426  -0.749  7.867 0.0000000000
130180  -22.587  -0.862  8.012 0.0000000000
68235  -23.940  -1.392  7.764 0.0000000000
128766  -24.446  -2.120  7.632 0.0000000000
66349  -19.232  -3.159  7.702 0.0000000000
66350  -19.996  -3.432  7.752 0.0000000000
67245  -21.522  -3.336  8.309 0.0000000000
67263  -23.217  -3.170  8.238 0.0000000000
66351  -23.787  -3.772  7.897 0.0000000000
66352  -24.492  -3.545  7.584 0.0000000000
121129  -25.188  -4.687  7.411 0.0000000000
64618  -23.216  -5.643  8.153 0.0000000000
64619  -24.174  -5.569  8.082 0.0000000000
83319  -27.200  15.120  0.117 0.0000000000
84168  -27.542  15.483  0.220 0.0000000000
83303  -28.465  14.693  0.769 0.0000000000
77861  -26.641  8.543  4.450 0.0000000000
77871  -26.745  8.301  2.292 0.0000000000
76974  -26.569  7.358  3.639 0.0000000000
78790  -27.399  8.863  0.519 0.0000000000
120217  -27.976  8.936  0.175 0.0000000000
140349  -28.183  9.193  0.163 0.0000000000
79731  -28.668  10.061  1.206 0.0000000000
75135  -26.283  5.370  4.870 0.0000000000
76063  -26.955  6.295  1.996 0.0000000000
75161  -28.682  5.575  1.545 0.0000000000
76072  -28.515  6.589  1.301 0.0000000000
77880  -29.104  8.114  0.924 0.0000000000
129219  -28.788  10.720  1.896 0.0000000000
80632  -29.184  10.956  2.879 0.0000000000
122443  -26.708  -0.096  5.483 0.0000000000
69243  -26.406  -0.731  5.872 0.0000000000
63620  -17.261  -6.413  11.379 0.0000000000
63627  -18.792  -6.534  10.089 0.0000000000
63628  -19.528  -6.631  9.667 0.0000000000
62647  -20.107  -6.677  9.366 0.0000000000
60574  -19.320  -9.662  11.330 0.0000000000
60594  -19.970  -8.703  10.602 0.0000000000
62648  -20.599  -7.158  9.522 0.0000000000
62649  -21.324  -6.993  9.251 0.0000000000
65442  -22.047  -5.254  8.486 0.0000000000
68251  -26.076  -1.227  6.370 0.0000000000
69222  -22.857  -0.150  7.872 0.0000000000
69240  -19.859  -0.300  6.345 0.0000000000
69242  -25.878  -0.556  6.637 0.0000000000
71171  -25.852  1.359  6.906 0.0000000000
71194  -19.956  1.651  5.272 0.0000000000
72233  -22.165  2.560  6.781 0.0000000000
72245  -20.723  2.729  5.461 0.0000000000
72246  -26.654  2.457  5.490 0.0000000000
73245  -19.341  2.979  4.557 0.0000000000
73268  -29.707  3.441  3.263 0.0000000000
73272  -27.837  3.910  1.956 0.0000000000
74187  -23.283  4.706  7.157 0.0000000000
74190  -26.391  4.238  6.123 0.0000000000
74200  -20.633  3.971  4.723 0.0000000000
75133  -22.051  5.484  5.997 0.0000000000
75169  -29.242  6.195  1.462 0.0000000000
76019  -23.448  6.052  7.173 0.0000000000
76033  -22.073  6.540  5.841 0.0000000000
76035  -26.496  6.781  5.555 0.0000000000
76047  -21.041  6.680  4.959 0.0000000000
76055  -26.449  6.539  3.651 0.0000000000
76981  -26.970  7.138  1.972 0.0000000000
76982  -29.526  7.420  1.485 0.0000000000
76988  -26.937  7.783  1.906 0.0000000000
77879  -28.375  8.143  0.562 0.0000000000
78784  -28.531  9.336  0.516 0.0000000000
79732  -29.234  10.237  2.370 0.0000000000
81538  -27.940  11.891  -1.609 0.0000000000
118390  -18.809  0.258  6.158 0.0000000000
118507  -26.414  6.216  4.798 0.0000000000
124076  -27.771  5.888  1.643 0.0000000000
124143  -19.985  2.800  4.768 0.0000000000
125332  -26.062  5.088  6.619 0.0000000000
126956  -25.428  5.684  7.062 0.0000000000
130671  -27.234  11.532  -1.025 0.0000000000
132158  -27.628  11.188  -1.294 0.0000000000
134442  -26.266  2.640  3.850 0.0000000000
135903  -29.371  4.148  2.305 0.0000000000
