#!ascii label  , from subject sub-v2s4x29607_ses-1 vox2ras=TkReg
1649
4831  -17.615  -72.596  15.838 0.5000000000
5313  -17.345  -71.710  20.693 0.5000000000
4261  -19.001  -72.209  20.493 0.5000000000
4268  -18.642  -73.553  19.979 0.5000000000
125130  -17.045  -71.138  13.735 0.5000000000
4844  -17.519  -72.272  14.986 0.5000000000
5364  -17.417  -71.526  14.509 0.5000000000
5365  -17.825  -71.520  15.697 0.5000000000
4817  -17.800  -72.564  16.842 0.5000000000
3758  -18.506  -74.313  19.190 0.5000000000
5329  -17.500  -71.749  19.505 0.5000000000
121993  -18.333  -74.871  18.477 0.5000000000
5325  -18.751  -71.560  20.017 0.6000000238
3766  -19.033  -74.344  18.385 0.6000000238
5332  -19.980  -71.059  19.014 0.6000000238
3767  -19.784  -73.355  18.628 0.6000000238
3773  -19.516  -73.900  17.682 0.6999999881
125331  -20.556  -71.075  17.646 0.6999999881
4280  -20.203  -72.971  17.989 0.6999999881
4833  -20.303  -71.655  16.134 0.6999999881
4832  -20.021  -72.586  16.482 0.6999999881
4290  -19.667  -73.386  16.935 0.6999999881
5917  -17.118  -70.726  14.560 0.5000000000
5918  -17.525  -70.858  15.294 0.6000000238
5916  -16.200  -70.302  14.991 0.6000000238
5903  -16.677  -70.183  15.669 0.6000000238
5345  -18.322  -71.596  17.598 0.5000000000
3780  -18.692  -75.036  16.557 0.5000000000
3318  -18.020  -75.645  16.349 0.5000000000
3326  -18.101  -75.293  14.775 0.6999999881
3793  -18.443  -75.213  15.681 0.6999999881
131050  -18.629  -74.802  15.120 0.6999999881
5339  -18.481  -71.588  18.491 0.6000000238
5881  -19.485  -70.235  17.874 0.6999999881
3808  -18.963  -74.145  14.995 0.6999999881
5883  -20.339  -70.288  17.606 0.6999999881
131134  -20.548  -70.707  16.799 0.6999999881
4327  -18.870  -72.921  13.958 0.6999999881
5367  -20.128  -70.526  15.036 0.6999999881
5356  -19.959  -71.496  15.246 0.6999999881
118301  -19.651  -72.471  15.545 0.6999999881
4857  -18.788  -72.563  13.115 0.6999999881
5366  -19.580  -71.237  14.454 0.6999999881
5377  -19.271  -70.796  13.567 0.6999999881
5376  -18.799  -71.696  13.074 0.6999999881
5391  -18.761  -71.046  12.482 0.6999999881
127645  -15.834  -70.063  14.225 0.5000000000
6478  -15.237  -70.109  15.379 0.6000000238
6458  -15.115  -69.964  16.138 0.6000000238
5902  -15.712  -70.116  15.851 0.6000000238
6441  -15.163  -69.396  16.337 0.6000000238
5904  -17.683  -70.429  15.938 0.6000000238
6459  -15.773  -69.900  16.098 0.6000000238
5355  -18.248  -70.653  16.588 0.6000000238
3334  -17.900  -75.088  13.814 0.6999999881
5346  -18.721  -70.503  17.436 0.6999999881
3818  -18.357  -74.475  13.187 0.6999999881
3823  -17.847  -74.614  12.139 0.6999999881
3353  -17.344  -74.843  11.219 0.6999999881
6443  -18.982  -69.579  16.480 0.6999999881
3835  -17.925  -74.806  10.624 0.6999999881
5890  -19.464  -69.764  17.223 0.6999999881
6444  -19.672  -69.509  16.627 0.6999999881
4314  -18.832  -73.912  14.042 0.6999999881
4326  -18.746  -73.556  12.981 0.6999999881
3829  -18.050  -74.365  11.347 0.6999999881
126046  -18.391  -74.222  10.877 0.6999999881
6462  -20.050  -69.483  16.311 0.6999999881
6480  -19.939  -69.385  15.475 0.6999999881
134399  -18.799  -73.658  10.791 0.6999999881
130955  -19.802  -70.357  14.374 0.6999999881
124535  -18.767  -72.911  12.426 0.6999999881
4333  -18.703  -73.397  11.978 0.6999999881
133271  -19.284  -69.856  12.705 0.6999999881
4869  -18.730  -72.110  12.245 0.6999999881
4875  -18.795  -72.274  11.296 0.6999999881
5947  -18.903  -70.465  11.707 0.6999999881
130380  -18.981  -71.649  10.870 0.6999999881
5405  -19.008  -70.808  11.073 0.6999999881
6486  -15.210  -69.544  14.064 0.5000000000
6476  -14.193  -69.404  15.184 0.6000000238
6439  -14.012  -69.194  16.454 0.6000000238
6456  -13.840  -69.165  15.717 0.5000000000
7023  -14.288  -68.828  17.144 0.6000000238
7678  -13.506  -67.796  14.186 0.5000000000
7049  -13.848  -68.802  14.761 0.5000000000
6440  -14.596  -69.350  16.349 0.6000000238
137254  -15.436  -68.347  16.200 0.6000000238
7037  -14.887  -68.621  16.684 0.6000000238
6460  -16.915  -69.833  15.884 0.6000000238
6442  -18.195  -69.986  16.274 0.6999999881
7039  -16.826  -68.990  15.471 0.6999999881
6461  -18.028  -69.470  15.737 0.6999999881
3363  -18.562  -75.125  10.040 0.6999999881
132497  -19.281  -69.276  15.605 0.6999999881
7040  -17.992  -68.853  14.838 0.6999999881
3836  -18.707  -74.350  10.422 0.6999999881
119462  -19.382  -75.573  9.535 0.6999999881
7053  -18.064  -68.343  13.771 0.6999999881
4345  -19.243  -73.646  10.318 0.6999999881
3837  -19.502  -74.575  9.759 0.6999999881
141120  -19.334  -76.335  9.419 0.6999999881
6488  -19.357  -69.084  13.237 0.6000000238
3369  -20.263  -75.271  9.159 0.6999999881
2912  -20.060  -76.124  9.128 0.6999999881
123534  -19.692  -76.907  9.250 0.6999999881
4883  -18.999  -72.689  10.702 0.6999999881
128838  -19.667  -72.834  10.328 0.6000000238
4353  -20.239  -73.683  9.700 0.6999999881
123020  -20.477  -74.528  9.280 0.6999999881
5960  -19.089  -70.120  11.202 0.6000000238
5399  -18.796  -71.401  11.549 0.6999999881
5406  -19.272  -70.980  10.795 0.6999999881
4891  -19.367  -71.887  10.573 0.6999999881
140213  -19.933  -72.325  10.306 0.6000000238
4354  -21.151  -73.421  9.332 0.6000000238
5967  -19.280  -70.185  10.933 0.6000000238
128018  -20.242  -71.841  10.216 0.6000000238
124600  -21.137  -71.959  9.766 0.5000000000
4892  -20.550  -72.684  9.808 0.5000000000
119798  -21.642  -72.875  9.526 0.5000000000
5971  -20.297  -70.318  10.290 0.6000000238
5972  -21.143  -70.325  10.013 0.5000000000
5409  -20.708  -71.112  10.098 0.5000000000
7021  -13.402  -68.709  16.410 0.6000000238
7035  -13.020  -68.181  16.008 0.6000000238
7008  -14.618  -68.427  18.047 0.5000000000
6977  -13.992  -68.113  19.244 0.6999999881
7036  -13.398  -68.452  15.415 0.5000000000
7666  -12.750  -67.566  16.102 0.6000000238
7654  -12.645  -67.474  16.920 0.6000000238
7677  -13.041  -66.693  14.308 0.6000000238
7009  -15.405  -67.982  18.137 0.4000000060
8352  -12.744  -66.047  15.154 0.6000000238
7637  -15.039  -68.136  17.270 0.5000000000
7655  -15.569  -67.601  16.462 0.6000000238
7051  -16.029  -68.074  15.369 0.6000000238
7054  -19.006  -68.638  13.480 0.6000000238
7064  -18.234  -68.028  12.781 0.6000000238
6500  -19.152  -69.079  12.333 0.6000000238
119111  -21.248  -74.194  9.128 0.6000000238
3370  -21.160  -75.024  8.943 0.6000000238
3376  -20.957  -75.879  8.903 0.6999999881
2917  -20.596  -76.727  9.084 0.6999999881
2498  -20.039  -77.568  9.258 0.6999999881
6516  -19.235  -69.426  11.085 0.6000000238
4355  -21.953  -73.800  9.258 0.6000000238
124542  -19.789  -78.198  9.492 0.6999999881
6535  -20.016  -69.534  10.386 0.6000000238
4893  -22.097  -72.156  9.907 0.4000000060
119542  -22.570  -73.184  9.719 0.4000000060
4356  -22.327  -74.191  9.464 0.5000000000
3845  -22.091  -75.109  9.203 0.6000000238
3377  -21.245  -76.372  9.051 0.6000000238
2499  -20.319  -77.870  9.510 0.6000000238
6536  -20.695  -69.550  10.062 0.5000000000
5973  -21.943  -70.285  10.224 0.5000000000
5410  -21.623  -71.196  10.008 0.5000000000
3838  -22.360  -74.608  9.878 0.4000000060
3364  -21.851  -75.584  9.925 0.6000000238
7602  -13.541  -67.567  19.170 0.6000000238
6995  -13.517  -68.223  18.441 0.6000000238
6978  -14.675  -68.139  19.537 0.6000000238
8341  -12.686  -66.659  16.201 0.6000000238
8324  -12.684  -66.687  17.109 0.5000000000
9730  -13.381  -65.290  17.230 0.6000000238
9747  -13.336  -64.607  16.398 0.6000000238
129768  -15.208  -68.197  19.067 0.6000000238
123124  -12.515  -65.298  14.621 0.6999999881
9033  -12.788  -64.984  15.754 0.6000000238
9764  -13.680  -63.860  15.719 0.6000000238
7638  -15.750  -67.436  17.359 0.5000000000
7623  -16.077  -67.503  18.183 0.6000000238
9042  -11.960  -64.875  13.762 0.6000000238
10462  -13.335  -63.631  14.913 0.6999999881
10477  -12.626  -63.725  14.466 0.6999999881
7668  -15.814  -67.401  15.408 0.6000000238
10491  -13.021  -63.115  13.844 0.6000000238
7052  -16.762  -67.993  14.312 0.6000000238
7679  -16.110  -67.276  14.529 0.6000000238
7680  -16.629  -67.131  13.713 0.6000000238
7063  -17.251  -67.531  13.250 0.6000000238
7071  -18.454  -67.566  11.818 0.6000000238
7722  -19.135  -67.631  11.046 0.6000000238
7725  -21.287  -67.287  10.161 0.6000000238
7099  -19.842  -68.450  10.525 0.6000000238
7726  -21.765  -67.459  10.274 0.6000000238
131810  -21.049  -68.880  9.969 0.6000000238
3371  -21.627  -76.000  9.245 0.6000000238
2913  -21.139  -76.903  9.424 0.6000000238
2500  -20.748  -77.694  9.729 0.6000000238
6538  -22.011  -69.314  10.257 0.5000000000
5974  -22.531  -70.696  10.527 0.5000000000
5412  -22.794  -71.464  10.453 0.5000000000
2143  -21.214  -79.057  10.806 0.6000000238
3355  -21.845  -75.168  11.126 0.4000000060
2894  -21.471  -77.080  11.551 0.6000000238
2490  -21.184  -77.603  10.624 0.6000000238
8288  -13.773  -66.924  19.654 0.6000000238
8991  -14.875  -65.478  19.193 0.5000000000
8289  -14.474  -66.311  19.757 0.6000000238
8277  -14.969  -66.710  20.342 0.5000000000
8325  -12.933  -66.596  17.964 0.6000000238
9709  -14.511  -65.048  18.337 0.6000000238
7603  -14.249  -67.640  19.831 0.5000000000
7592  -14.865  -67.398  20.296 0.5000000000
6969  -16.223  -67.961  20.263 0.5000000000
9731  -14.094  -64.641  17.333 0.5000000000
9008  -13.710  -65.407  18.042 0.6000000238
10447  -14.674  -63.705  15.963 0.5000000000
6997  -16.065  -67.903  18.975 0.6000000238
10478  -13.744  -63.277  14.073 0.6999999881
10463  -14.270  -63.508  14.785 0.6000000238
10492  -14.416  -62.962  13.472 0.6000000238
8353  -16.086  -66.690  15.661 0.5000000000
11118  -12.613  -62.660  13.823 0.5000000000
11119  -13.761  -62.556  13.463 0.6999999881
8364  -16.365  -66.640  14.151 0.5000000000
7689  -17.463  -66.669  12.590 0.5000000000
7690  -17.589  -67.179  12.458 0.6000000238
8393  -20.068  -66.129  10.770 0.6000000238
7711  -19.270  -66.737  10.918 0.5000000000
8403  -20.753  -66.662  10.373 0.6000000238
8402  -20.094  -66.803  10.474 0.6000000238
6530  -22.222  -69.222  10.461 0.5000000000
121161  -21.671  -75.709  12.085 0.5000000000
3345  -21.748  -76.465  12.357 0.5000000000
134200  -21.670  -77.857  11.491 0.6000000238
2135  -21.720  -78.608  11.287 0.6000000238
9710  -15.540  -64.912  18.562 0.6000000238
8972  -15.307  -65.928  19.879 0.6000000238
9711  -16.220  -64.372  18.100 0.6000000238
7594  -16.306  -67.344  20.615 0.5000000000
9732  -15.193  -64.367  17.646 0.6000000238
128468  -15.574  -63.628  15.923 0.6999999881
6981  -16.861  -67.834  19.498 0.6000000238
132758  -15.940  -63.234  13.275 0.6000000238
10464  -15.308  -63.543  14.913 0.6000000238
7624  -16.815  -67.483  18.697 0.6000000238
11120  -14.970  -62.576  13.032 0.6000000238
11121  -16.031  -62.730  12.815 0.6000000238
8342  -16.232  -66.785  16.798 0.5000000000
9043  -17.197  -66.142  13.696 0.5000000000
11705  -12.427  -61.476  14.317 0.5000000000
11718  -14.141  -61.980  13.444 0.6000000238
7697  -18.012  -66.286  12.061 0.5000000000
9076  -19.761  -65.612  11.420 0.6000000238
8392  -18.580  -66.463  11.506 0.5000000000
8395  -21.456  -66.257  10.846 0.5000000000
8405  -21.831  -66.876  10.681 0.5000000000
140045  -22.277  -76.734  12.587 0.6000000238
2477  -22.493  -77.253  12.188 0.6000000238
119701  -16.512  -64.720  18.925 0.6000000238
9688  -15.877  -65.337  19.319 0.5000000000
8973  -16.119  -65.604  20.051 0.5000000000
10427  -16.871  -63.941  17.716 0.6999999881
8279  -16.497  -66.551  20.811 0.5000000000
10450  -17.183  -63.458  16.270 0.6999999881
10426  -16.100  -63.992  17.306 0.6000000238
7585  -17.152  -66.929  21.031 0.5000000000
134850  -16.794  -63.414  14.418 0.6000000238
7605  -17.546  -67.795  19.945 0.5000000000
137338  -18.174  -67.188  18.943 0.6000000238
10504  -17.389  -62.567  12.690 0.6999999881
8326  -17.425  -66.539  17.455 0.6000000238
135166  -15.772  -62.269  12.906 0.6000000238
119071  -17.957  -66.146  16.864 0.6000000238
12373  -13.898  -60.996  14.431 0.6999999881
11707  -14.534  -61.402  13.780 0.6999999881
8365  -17.013  -66.079  14.611 0.5000000000
128028  -16.933  -66.087  15.483 0.5000000000
11706  -13.455  -61.416  14.003 0.6000000238
9044  -18.065  -65.675  14.317 0.5000000000
12360  -13.332  -60.698  15.203 0.5000000000
9051  -18.239  -65.672  13.364 0.6000000238
8375  -17.553  -66.192  12.808 0.5000000000
12344  -12.289  -60.680  15.429 0.6000000238
9075  -18.831  -65.891  11.692 0.5000000000
9077  -20.639  -65.553  11.296 0.6000000238
128707  -22.265  -66.771  12.425 0.5000000000
10409  -17.075  -64.151  18.521 0.6999999881
10394  -17.292  -64.139  19.572 0.5000000000
9665  -16.746  -65.198  20.480 0.5000000000
11086  -18.073  -63.085  16.746 0.8000000119
10410  -17.526  -63.575  18.135 0.6999999881
8951  -16.864  -65.611  21.039 0.5000000000
8268  -17.267  -66.153  21.298 0.5000000000
11097  -18.812  -62.457  14.978 0.6999999881
11096  -18.069  -63.026  15.653 0.6999999881
10428  -17.391  -63.466  17.294 0.8000000119
138822  -17.403  -63.245  14.137 0.6999999881
7586  -17.873  -67.104  21.045 0.5000000000
11721  -18.227  -61.554  12.854 0.6999999881
134109  -17.822  -62.957  13.401 0.6999999881
7606  -18.365  -67.397  19.704 0.6000000238
7596  -18.087  -67.457  20.429 0.5000000000
124589  -16.251  -60.862  14.121 0.6000000238
11720  -17.247  -61.502  12.886 0.6000000238
9009  -18.703  -65.735  16.797 0.6000000238
12374  -15.085  -61.013  14.274 0.6999999881
11708  -15.628  -61.291  13.548 0.6999999881
8355  -18.001  -65.716  15.257 0.6000000238
8344  -17.931  -65.880  16.133 0.6000000238
12361  -14.539  -60.858  15.088 0.6000000238
9045  -19.018  -65.305  13.991 0.6000000238
9063  -19.542  -65.319  12.150 0.6000000238
12331  -12.328  -60.563  17.040 0.6000000238
9064  -20.450  -65.119  11.983 0.6000000238
137181  -21.543  -65.498  11.964 0.5000000000
11066  -18.619  -62.600  18.079 0.6000000238
11065  -18.166  -63.126  18.660 0.5000000000
10395  -17.870  -63.349  19.539 0.5000000000
8952  -17.373  -65.385  21.599 0.5000000000
11087  -18.727  -62.432  16.150 0.8000000119
8259  -18.224  -65.921  21.843 0.5000000000
11710  -19.340  -61.357  13.578 0.6999999881
8290  -18.728  -66.803  19.078 0.6000000238
12282  -12.674  -60.370  22.987 0.6000000238
12389  -17.611  -61.004  13.246 0.8000000119
12295  -14.020  -60.081  22.200 0.6000000238
12363  -16.772  -60.529  14.939 0.6999999881
12375  -17.217  -60.741  13.907 0.8000000119
8327  -18.456  -66.190  17.557 0.6000000238
119320  -12.510  -60.580  20.183 0.6000000238
12345  -15.239  -60.882  16.042 0.6000000238
9034  -19.191  -65.268  14.929 0.6000000238
9779  -19.982  -64.755  14.136 0.6000000238
140918  -13.522  -60.506  18.425 0.6000000238
12332  -13.606  -60.604  16.979 0.6000000238
120873  -14.121  -60.775  16.073 0.6000000238
9052  -19.478  -65.136  13.135 0.6000000238
9796  -20.627  -64.666  13.467 0.6000000238
120438  -12.854  -60.501  16.104 0.5000000000
130492  -21.562  -65.124  12.680 0.5000000000
8376  -22.029  -65.486  13.468 0.5000000000
9046  -21.944  -64.855  14.248 0.5000000000
11061  -18.823  -62.412  18.817 0.5000000000
11047  -18.163  -62.838  20.217 0.5000000000
11077  -18.730  -62.483  17.215 0.6000000238
11655  -19.363  -61.858  17.894 0.5000000000
123898  -19.937  -61.325  15.364 0.8000000119
124057  -19.510  -61.662  16.537 0.6999999881
12378  -19.565  -60.658  14.175 0.8000000119
12377  -19.022  -60.805  13.487 0.8000000119
7607  -19.058  -66.849  19.825 0.6000000238
8271  -19.011  -66.276  21.242 0.5000000000
13080  -12.497  -59.332  23.621 0.6000000238
125419  -18.490  -60.499  14.050 0.8000000119
8974  -19.514  -66.098  20.060 0.5000000000
13102  -14.235  -59.561  21.934 0.6999999881
13092  -13.051  -59.816  23.141 0.6000000238
9010  -19.151  -65.540  17.604 0.6000000238
8992  -19.436  -65.389  18.496 0.6000000238
8291  -19.252  -66.164  19.229 0.6000000238
12296  -14.555  -59.913  21.412 0.6000000238
9025  -19.684  -64.938  15.702 0.6000000238
9024  -18.909  -65.483  15.933 0.6000000238
9011  -19.875  -64.752  17.662 0.6000000238
12313  -13.258  -60.494  19.364 0.6000000238
12333  -15.075  -60.777  17.072 0.6000000238
117248  -16.443  -60.420  15.887 0.5000000000
9765  -20.287  -64.548  15.043 0.6000000238
12321  -14.248  -60.565  17.907 0.6000000238
9797  -21.304  -64.594  13.848 0.6000000238
9781  -21.574  -64.413  14.549 0.6000000238
9768  -22.008  -64.196  15.049 0.5000000000
9035  -22.275  -65.169  15.209 0.5000000000
8366  -22.239  -65.877  14.543 0.5000000000
8356  -22.493  -66.364  15.521 0.5000000000
11664  -20.213  -61.011  17.265 0.6000000238
11680  -20.256  -60.823  16.186 0.6999999881
14740  -10.004  -57.828  23.676 0.6000000238
13906  -11.672  -58.873  24.024 0.6000000238
129878  -19.054  -60.401  14.159 0.8000000119
8960  -19.612  -65.781  20.982 0.5000000000
13916  -12.107  -58.695  23.040 0.6000000238
13186  -18.614  -59.958  14.711 0.8000000119
8975  -19.969  -65.160  20.293 0.5000000000
13917  -13.169  -59.192  22.987 0.6999999881
13184  -17.365  -59.493  15.318 0.8000000119
8993  -20.137  -64.630  18.593 0.6000000238
120890  -19.724  -65.272  19.390 0.6000000238
13103  -14.767  -59.420  21.196 0.8000000119
12347  -16.470  -60.254  16.700 0.6999999881
131079  -19.608  -64.999  16.635 0.6000000238
9733  -20.761  -64.121  17.774 0.6000000238
12306  -15.134  -59.844  20.744 0.6999999881
12315  -15.499  -60.339  19.237 0.6999999881
12334  -16.052  -60.514  17.517 0.6000000238
9750  -20.400  -64.352  15.882 0.6000000238
132030  -21.398  -63.778  17.126 0.6000000238
125616  -14.587  -60.545  18.937 0.6000000238
10429  -21.577  -63.740  16.395 0.5000000000
10467  -22.033  -63.831  15.781 0.5000000000
12336  -20.582  -60.263  16.853 0.6000000238
12325  -20.759  -60.399  17.843 0.5000000000
15516  -7.873  -56.345  24.454 0.6000000238
13141  -20.096  -59.657  16.466 0.6999999881
137233  -9.075  -57.512  24.808 0.6000000238
13153  -19.854  -59.806  15.516 0.6999999881
13152  -19.201  -59.210  16.022 0.6000000238
13905  -10.958  -58.313  23.397 0.6000000238
14739  -9.193  -57.320  23.944 0.6000000238
13167  -18.888  -59.506  15.261 0.6000000238
14005  -18.228  -58.785  15.647 0.6999999881
13923  -12.842  -58.687  22.257 0.8000000119
14019  -17.408  -58.801  15.457 0.6999999881
14004  -17.348  -58.267  15.557 0.6000000238
13925  -14.306  -58.943  21.550 0.8000000119
13151  -16.636  -59.589  16.070 0.8000000119
13989  -16.459  -58.508  15.582 0.6999999881
13934  -15.333  -58.970  20.075 0.6999999881
13120  -16.021  -59.573  19.127 0.6999999881
13958  -16.244  -59.147  17.678 0.6000000238
13975  -16.264  -58.957  16.443 0.8000000119
125115  -6.880  -55.448  24.949 0.6000000238
15526  -7.851  -56.049  23.351 0.6000000238
14747  -9.931  -57.678  22.334 0.6999999881
129311  -17.109  -57.568  15.615 0.6000000238
13915  -10.848  -58.145  22.079 0.6999999881
13931  -11.948  -58.296  20.947 0.6999999881
14837  -16.727  -57.530  15.533 0.6999999881
14002  -16.220  -57.692  15.571 0.6000000238
130558  -12.706  -58.288  20.513 0.8000000119
13940  -13.866  -58.206  19.647 0.6000000238
13941  -14.903  -58.460  19.519 0.5000000000
13988  -15.693  -58.025  15.859 0.6999999881
14823  -15.486  -57.072  15.876 0.6999999881
15620  -15.994  -56.096  15.812 0.6000000238
13933  -14.746  -58.800  20.590 0.8000000119
13956  -14.893  -58.255  18.368 0.6000000238
13974  -15.582  -58.479  16.812 0.6000000238
16298  -6.508  -55.222  25.815 0.6000000238
16308  -6.681  -54.459  25.016 0.6000000238
16319  -7.642  -55.316  22.997 0.6999999881
15515  -7.219  -55.513  23.866 0.6000000238
15539  -8.522  -56.493  21.934 0.6999999881
14754  -9.158  -57.028  21.517 0.6999999881
14755  -9.941  -57.534  21.208 0.6999999881
14765  -10.994  -57.688  20.156 0.6000000238
15628  -16.805  -57.006  15.690 0.6000000238
14766  -11.787  -57.915  19.847 0.6000000238
13955  -13.888  -57.920  18.544 0.6000000238
15608  -16.650  -55.817  16.217 0.5000000000
15619  -15.097  -56.109  16.151 0.6000000238
16397  -16.332  -55.555  16.177 0.5000000000
17130  -16.051  -54.825  16.553 0.5000000000
15607  -14.161  -56.216  16.805 0.6000000238
16396  -15.713  -55.328  16.213 0.5000000000
17026  -7.451  -53.323  26.846 0.6000000238
17025  -6.883  -53.374  25.981 0.6000000238
16318  -7.262  -54.789  23.422 0.6999999881
17049  -7.010  -53.766  24.454 0.6999999881
16331  -8.179  -55.111  22.406 0.6999999881
15545  -8.518  -55.691  21.780 0.6999999881
15560  -9.555  -56.162  20.865 0.6000000238
14764  -10.219  -57.305  20.462 0.5000000000
15562  -10.659  -57.061  19.849 0.6999999881
16372  -11.488  -56.132  19.372 0.6000000238
14780  -11.893  -57.344  19.010 0.6000000238
14795  -12.360  -57.017  18.340 0.6000000238
16381  -12.339  -55.913  18.337 0.6000000238
14810  -13.763  -57.025  17.037 0.6000000238
16389  -13.779  -55.422  17.297 0.5000000000
17122  -14.308  -54.525  17.190 0.5000000000
17123  -15.017  -54.092  16.871 0.5000000000
16998  -10.998  -54.203  29.544 0.6999999881
17007  -10.752  -53.840  28.641 0.6999999881
17008  -11.599  -53.997  29.138 0.6999999881
119141  -8.453  -53.342  26.580 0.6000000238
17015  -10.217  -53.747  27.727 0.6999999881
117283  -11.878  -54.178  28.308 0.6999999881
17010  -13.035  -53.795  28.449 0.6999999881
128946  -13.285  -53.472  28.267 0.6000000238
17751  -7.574  -53.110  25.958 0.6999999881
17027  -9.742  -53.878  26.671 0.6999999881
17028  -10.682  -54.262  27.018 0.6999999881
16280  -12.089  -54.854  27.275 0.6999999881
17051  -8.758  -53.712  24.671 0.6999999881
17038  -9.025  -53.664  25.732 0.6999999881
16288  -11.479  -55.235  26.636 0.6999999881
17083  -8.764  -54.921  21.910 0.6999999881
16346  -9.971  -55.463  21.182 0.6000000238
16361  -10.378  -56.033  20.495 0.6000000238
17107  -11.716  -55.433  20.144 0.6000000238
17097  -12.445  -54.976  19.968 0.6000000238
15581  -11.956  -56.491  18.712 0.6000000238
16373  -12.050  -55.650  18.933 0.6000000238
17108  -12.442  -54.997  19.336 0.6000000238
17115  -12.654  -55.172  18.531 0.5000000000
17109  -13.094  -54.353  18.863 0.6000000238
17820  -13.397  -53.630  19.230 0.6000000238
16382  -12.908  -55.693  17.885 0.5000000000
17116  -13.509  -54.600  17.963 0.5000000000
17826  -13.776  -53.556  18.491 0.5000000000
16999  -11.803  -54.138  29.926 0.6999999881
17745  -12.863  -53.599  29.254 0.6999999881
17746  -13.166  -53.351  29.051 0.6000000238
18474  -13.352  -52.955  28.705 0.6000000238
18478  -13.406  -53.185  27.623 0.6000000238
17753  -13.547  -53.929  26.285 0.4000000060
16289  -12.364  -55.670  26.514 0.6000000238
16281  -12.769  -54.981  26.870 0.5000000000
17018  -13.245  -54.171  27.221 0.5000000000
126968  -13.991  -54.791  25.901 0.4000000060
17758  -13.970  -53.829  25.824 0.5000000000
17059  -8.066  -53.871  23.247 0.6999999881
16299  -9.916  -54.644  25.431 0.8000000119
119358  -11.075  -55.786  25.736 0.6999999881
15487  -12.891  -56.282  26.052 0.5000000000
139728  -13.723  -55.566  26.040 0.4000000060
17759  -14.879  -54.278  25.810 0.4000000060
16310  -9.397  -54.411  23.979 0.8000000119
16320  -10.195  -55.046  23.501 0.8000000119
16311  -10.501  -55.413  24.669 0.8000000119
15502  -11.958  -56.377  25.394 0.8000000119
15503  -12.644  -56.510  25.667 0.6000000238
126196  -14.117  -56.532  25.349 0.5000000000
17039  -14.436  -55.550  25.760 0.4000000060
128454  -14.890  -54.943  25.749 0.4000000060
17070  -9.236  -54.526  22.298 0.6999999881
16332  -9.976  -54.931  21.743 0.8000000119
16333  -10.981  -55.335  22.025 0.6999999881
135728  -11.593  -55.411  21.346 0.5000000000
15520  -14.564  -56.450  24.832 0.5000000000
16303  -15.291  -55.641  25.111 0.4000000060
17760  -15.535  -54.573  25.599 0.4000000060
16347  -10.767  -55.378  21.221 0.6000000238
17084  -11.719  -55.374  20.627 0.5000000000
141488  -12.420  -55.138  20.471 0.5000000000
17085  -13.114  -54.862  20.572 0.6000000238
141141  -12.993  -54.421  19.463 0.6000000238
17814  -13.590  -53.151  19.599 0.6000000238
17000  -12.459  -53.781  29.846 0.6000000238
17734  -12.467  -53.473  30.471 0.5000000000
18473  -13.126  -52.382  29.098 0.5000000000
19214  -12.848  -51.886  28.474 0.4000000060
18477  -13.088  -52.238  27.589 0.5000000000
18483  -13.168  -52.889  26.460 0.5000000000
17752  -13.267  -53.183  25.612 0.5000000000
18488  -13.513  -52.943  25.371 0.5000000000
18501  -12.876  -52.457  24.632 0.5000000000
18489  -14.598  -53.505  25.830 0.5000000000
19240  -13.579  -52.203  24.972 0.5000000000
15528  -11.038  -55.871  24.066 0.6999999881
15518  -12.789  -56.657  24.878 0.6000000238
15530  -13.308  -56.473  23.923 0.5000000000
15519  -13.785  -56.690  24.820 0.5000000000
135762  -15.331  -53.012  25.968 0.5000000000
126771  -14.471  -52.668  25.635 0.5000000000
118534  -10.038  -54.782  22.470 0.8000000119
16321  -10.950  -55.530  23.071 0.6999999881
16334  -12.162  -55.613  22.076 0.6000000238
15531  -14.188  -56.424  24.010 0.5000000000
16313  -15.442  -55.567  24.564 0.4000000060
17041  -15.787  -54.937  25.108 0.5000000000
120490  -15.728  -53.677  25.814 0.4000000060
18490  -16.117  -52.743  26.065 0.5000000000
16348  -12.528  -55.365  21.193 0.5000000000
133879  -13.926  -55.604  22.330 0.5000000000
16324  -14.481  -55.972  23.249 0.6000000238
16325  -15.188  -55.460  23.627 0.5000000000
17061  -15.879  -54.797  24.153 0.5000000000
17780  -16.503  -53.746  24.196 0.5000000000
16349  -13.374  -55.264  21.566 0.5000000000
123237  -14.004  -54.782  21.484 0.5000000000
138495  -14.643  -55.185  22.611 0.5000000000
17071  -15.384  -54.657  23.024 0.5000000000
17098  -13.661  -53.930  20.372 0.6000000238
17086  -14.336  -53.871  21.106 0.6000000238
18463  -12.337  -52.789  30.617 0.5000000000
19193  -12.084  -52.048  30.091 0.5000000000
19207  -12.518  -51.877  29.325 0.5000000000
19213  -11.952  -51.478  28.615 0.4000000060
19220  -12.297  -51.560  27.698 0.4000000060
134485  -11.203  -51.806  30.057 0.5000000000
19206  -11.576  -51.603  29.437 0.4000000060
119146  -12.483  -51.935  26.619 0.5000000000
19230  -12.540  -52.547  25.481 0.6000000238
19239  -11.801  -52.182  24.783 0.5000000000
18487  -12.650  -52.646  24.930 0.5000000000
18486  -12.127  -52.000  24.260 0.4000000060
19259  -12.777  -51.760  24.280 0.4000000060
20085  -12.746  -50.972  23.762 0.4000000060
19212  -10.819  -51.321  28.766 0.4000000060
19219  -10.981  -51.287  27.823 0.4000000060
130716  -11.477  -51.392  26.878 0.5000000000
19229  -11.645  -51.678  25.787 0.5000000000
19238  -10.807  -51.342  24.965 0.5000000000
132434  -10.389  -51.171  27.046 0.4000000060
20063  -9.962  -50.730  25.638 0.4000000060
19256  -10.771  -51.188  24.008 0.4000000060
19257  -11.540  -51.486  23.680 0.4000000060
19268  -11.709  -51.117  23.260 0.4000000060
20939  -11.725  -49.792  23.027 0.4000000060
20032  -9.833  -51.008  28.934 0.4000000060
20044  -10.012  -51.088  28.179 0.4000000060
20882  -9.631  -49.735  28.194 0.4000000060
20888  -9.951  -50.096  27.323 0.4000000060
20051  -9.928  -50.802  26.795 0.4000000060
20901  -9.877  -50.134  26.259 0.4000000060
20906  -9.852  -49.949  25.150 0.5000000000
20068  -10.118  -50.576  24.586 0.5000000000
20082  -10.353  -50.407  23.732 0.4000000060
20098  -10.885  -50.099  23.187 0.4000000060
136262  -10.116  -49.192  25.813 0.4000000060
22654  -10.310  -48.209  24.346 0.4000000060
21774  -9.980  -48.939  23.787 0.4000000060
20938  -10.274  -49.657  23.542 0.4000000060
21795  -10.839  -49.062  23.185 0.4000000060
20870  -8.980  -49.703  28.726 0.4000000060
21733  -9.814  -48.721  28.424 0.3000000119
21755  -10.416  -49.113  27.100 0.3000000119
139626  -10.148  -48.143  28.359 0.4000000060
21741  -10.462  -48.499  28.013 0.3000000119
22648  -11.324  -47.383  26.828 0.5000000000
124387  -10.837  -47.804  25.501 0.4000000060
22671  -10.900  -47.669  23.577 0.4000000060
22697  -11.695  -47.261  22.784 0.3000000119
23494  -11.971  -46.491  26.777 0.5000000000
23500  -11.556  -46.976  25.757 0.5000000000
22655  -11.049  -47.385  24.544 0.4000000060
23519  -11.338  -46.855  23.623 0.4000000060
124092  -9.727  -46.747  28.448 0.4000000060
22634  -10.428  -47.582  28.219 0.4000000060
22635  -10.993  -47.238  27.712 0.5000000000
23485  -10.580  -46.615  28.107 0.4000000060
23486  -11.318  -46.515  27.585 0.5000000000
122823  -11.576  -45.504  27.436 0.5000000000
23495  -12.273  -46.210  25.668 0.4000000060
23501  -11.852  -46.174  24.188 0.3000000119
25220  -12.260  -44.895  26.916 0.3000000119
24376  -12.338  -45.737  26.712 0.3000000119
22620  -9.495  -47.744  28.612 0.4000000060
24359  -9.867  -45.838  28.213 0.3000000119
139619  -10.002  -45.258  28.023 0.4000000060
24385  -12.621  -45.508  24.908 0.3000000119
24358  -9.022  -45.909  28.406 0.3000000119
25206  -9.094  -44.289  28.193 0.3000000119
132405  -13.195  -68.528  17.126 0.6000000238
140852  -12.711  -67.297  17.638 0.5000000000
123928  -14.497  -57.018  16.386 0.6000000238
14797  -14.040  -57.590  17.530 0.6000000238
4259  -17.683  -72.763  21.041 0.5000000000
4798  -20.190  -71.756  19.288 0.6000000238
131907  -18.106  -71.653  16.669 0.5000000000
4818  -20.313  -72.551  17.362 0.6999999881
141561  -19.256  -73.909  16.367 0.6999999881
4315  -19.162  -73.252  14.848 0.6999999881
5920  -20.262  -69.811  15.655 0.6999999881
4845  -19.315  -72.243  14.667 0.6999999881
7038  -15.889  -69.198  16.060 0.5000000000
3830  -18.566  -73.833  11.364 0.6999999881
124918  -19.504  -68.999  14.001 0.6999999881
5931  -19.668  -69.651  13.940 0.6999999881
4339  -18.773  -73.095  11.254 0.6999999881
5961  -19.075  -69.569  11.618 0.6999999881
7022  -13.684  -68.778  17.119 0.6000000238
7072  -18.949  -68.496  12.513 0.6000000238
6529  -19.586  -69.346  10.739 0.6000000238
5408  -19.867  -71.068  10.514 0.5000000000
9022  -12.718  -65.733  15.953 0.6999999881
6517  -19.076  -68.565  11.480 0.6000000238
3850  -21.659  -75.555  8.984 0.6000000238
2503  -20.754  -77.164  9.231 0.6000000238
7109  -20.350  -68.767  10.176 0.5000000000
5969  -22.544  -70.206  10.641 0.5000000000
3354  -21.446  -76.107  11.327 0.5000000000
9023  -12.972  -65.426  16.537 0.6000000238
9778  -12.441  -64.653  14.762 0.6999999881
7639  -16.588  -67.036  17.805 0.6000000238
7710  -18.566  -66.932  11.345 0.5000000000
140410  -19.572  -68.005  10.760 0.5000000000
7734  -21.017  -68.062  10.008 0.6000000238
7100  -20.297  -67.978  10.252 0.5000000000
7111  -21.978  -68.627  10.213 0.5000000000
117407  -21.046  -78.355  10.595 0.6000000238
2476  -21.947  -77.288  12.137 0.6000000238
2886  -22.337  -76.251  13.040 0.5000000000
10480  -16.813  -63.270  13.427 0.6000000238
8281  -19.118  -66.608  20.539 0.5000000000
12304  -13.206  -60.448  21.485 0.6000000238
121172  -12.504  -60.595  18.195 0.6000000238
9053  -20.288  -64.907  12.652 0.6000000238
129755  -13.880  -60.417  20.626 0.6000000238
12364  -17.504  -60.244  14.618 0.8000000119
12314  -14.765  -60.479  19.961 0.6000000238
9751  -20.635  -64.165  16.766 0.6000000238
12322  -15.420  -60.556  18.253 0.6000000238
10451  -21.681  -63.813  15.757 0.6000000238
14003  -16.833  -58.388  15.434 0.8000000119
9690  -20.586  -64.458  19.538 0.6000000238
13139  -16.523  -59.732  17.236 0.6000000238
12324  -16.321  -59.823  18.390 0.6999999881
13942  -15.673  -58.914  19.204 0.6000000238
14781  -12.895  -57.578  18.758 0.6000000238
14811  -14.867  -57.743  16.285 0.6999999881
14796  -13.114  -57.173  17.852 0.6000000238
16395  -14.780  -55.103  16.562 0.5000000000
16362  -10.927  -55.591  20.636 0.5000000000
15606  -13.287  -56.401  17.473 0.6000000238
17117  -14.439  -53.730  17.632 0.5000000000
118112  -9.762  -53.698  28.374 0.6999999881
17014  -9.207  -53.531  27.666 0.6000000238
17016  -11.212  -54.174  27.638 0.6999999881
15486  -12.056  -56.189  26.106 0.6000000238
17741  -12.975  -53.374  29.787 0.6000000238
138444  -13.437  -54.522  26.292 0.5000000000
16290  -13.101  -55.727  26.292 0.5000000000
17761  -16.176  -54.065  25.353 0.5000000000
18469  -12.856  -52.477  29.914 0.5000000000
15529  -12.393  -56.299  23.805 0.6000000238
15540  -12.795  -56.115  22.951 0.6000000238
134429  -14.829  -54.315  22.019 0.5000000000
19205  -10.508  -51.438  29.554 0.5000000000
131159  -11.404  -51.714  24.258 0.5000000000
19228  -10.491  -51.215  26.182 0.6000000238
20043  -9.495  -50.433  28.462 0.4000000060
128500  -9.877  -50.614  27.752 0.4000000060
132635  -10.045  -51.089  27.502 0.4000000060
127659  -10.233  -49.282  27.905 0.3000000119
21760  -9.891  -49.053  24.678 0.5000000000
20924  -9.892  -49.748  24.197 0.4000000060
140138  -10.256  -48.498  25.248 0.4000000060
21775  -10.570  -48.355  23.512 0.4000000060
21796  -11.643  -48.607  23.038 0.4000000060
21742  -10.754  -48.006  27.441 0.5000000000
22647  -10.619  -48.308  26.342 0.4000000060
125621  -11.194  -47.990  22.990 0.4000000060
140578  -11.578  -46.688  24.785 0.4000000060
122126  -10.666  -45.743  27.934 0.5000000000
24377  -12.830  -45.350  26.107 0.4000000060
24369  -10.329  -44.712  27.736 0.4000000060
24368  -9.440  -44.963  28.115 0.3000000119
122758  -9.695  -44.044  27.728 0.3000000119
1772  -19.590  -80.011  13.702 0.5000000000
1429  -20.138  -79.891  14.312 0.5000000000
1755  -21.035  -79.208  15.646 0.5000000000
1430  -21.088  -80.776  14.186 0.5000000000
123959  -21.891  -79.634  15.494 0.5000000000
1417  -21.513  -80.165  14.939 0.5000000000
1756  -22.761  -79.913  15.739 0.6000000238
1439  -19.567  -80.498  12.794 0.5000000000
139318  -21.105  -81.322  13.543 0.5000000000
1442  -21.722  -81.329  13.626 0.5000000000
1409  -23.741  -80.270  16.033 0.6000000238
1162  -22.499  -81.107  14.004 0.6000000238
1418  -22.445  -80.641  15.138 0.6000000238
1777  -18.640  -79.858  12.330 0.4000000060
2488  -16.350  -77.573  10.571 0.4000000060
2141  -16.854  -78.120  10.147 0.4000000060
131090  -16.249  -78.569  10.705 0.5000000000
1790  -17.146  -78.593  10.401 0.5000000000
130466  -17.418  -79.261  11.447 0.5000000000
1785  -17.895  -79.169  10.631 0.5000000000
1791  -17.977  -78.975  10.027 0.5000000000
1776  -17.742  -79.487  12.200 0.5000000000
127278  -18.173  -79.625  11.395 0.5000000000
1411  -25.410  -80.168  16.829 0.6000000238
131966  -26.015  -80.775  16.404 0.6000000238
125191  -18.998  -80.353  11.317 0.5000000000
1450  -19.622  -80.803  11.802 0.5000000000
1464  -20.280  -80.653  10.888 0.5000000000
1420  -24.366  -80.840  15.655 0.6000000238
1451  -20.380  -81.332  12.375 0.5000000000
1171  -22.241  -81.307  13.365 0.6000000238
1156  -23.717  -80.858  15.062 0.6000000238
1150  -26.024  -80.987  15.989 0.6000000238
1164  -24.074  -80.768  14.711 0.6000000238
1166  -25.623  -80.684  15.428 0.6000000238
1421  -26.459  -80.579  15.669 0.6999999881
1433  -25.171  -80.374  14.704 0.6000000238
1434  -25.934  -80.118  14.891 0.6999999881
123392  -16.611  -75.480  11.291 0.6000000238
3361  -16.820  -75.840  10.684 0.6000000238
3362  -17.635  -75.632  10.279 0.6000000238
2901  -16.542  -76.688  10.607 0.5000000000
2489  -16.998  -77.383  10.055 0.5000000000
2910  -18.001  -76.642  9.783 0.6000000238
2142  -17.780  -78.423  9.815 0.5000000000
2149  -17.669  -77.854  9.692 0.5000000000
2150  -18.525  -78.112  9.483 0.5000000000
1792  -18.521  -79.338  10.168 0.5000000000
2151  -19.159  -78.546  9.618 0.5000000000
1463  -19.746  -80.153  10.521 0.5000000000
1400  -27.490  -80.248  16.983 0.6999999881
1151  -26.859  -80.560  16.197 0.6000000238
132047  -27.715  -80.248  16.428 0.8000000119
1458  -20.500  -81.181  11.492 0.5000000000
1177  -21.694  -81.467  12.446 0.5000000000
1178  -22.296  -81.292  12.829 0.6000000238
1422  -27.302  -80.290  15.836 0.6999999881
1163  -23.252  -80.914  14.352 0.6000000238
1766  -26.119  -79.453  14.472 0.6999999881
1443  -24.209  -80.412  13.480 0.6000000238
1444  -24.855  -80.132  13.850 0.6000000238
1445  -25.270  -79.501  13.351 0.6999999881
2128  -26.100  -78.470  13.971 0.6000000238
3343  -16.345  -75.540  12.206 0.5000000000
119722  -17.141  -75.189  10.719 0.6000000238
3368  -18.608  -76.036  9.760 0.6000000238
2496  -18.283  -77.471  9.520 0.6000000238
125076  -19.341  -78.016  9.355 0.6000000238
136398  -19.634  -78.817  9.829 0.5000000000
2152  -20.119  -78.625  9.911 0.6000000238
1413  -28.562  -80.008  16.645 0.6999999881
1800  -19.972  -79.427  10.229 0.5000000000
1801  -20.666  -79.352  10.547 0.5000000000
1424  -28.778  -79.696  16.188 0.5000000000
1749  -30.259  -79.015  17.084 0.6000000238
1465  -20.995  -80.654  11.037 0.6000000238
1460  -22.455  -80.655  11.674 0.5000000000
1758  -28.295  -79.539  15.594 0.6000000238
1182  -22.927  -80.724  12.049 0.5000000000
1435  -26.895  -79.974  15.190 0.6999999881
1757  -27.660  -79.856  15.450 0.6000000238
137160  -24.061  -80.282  12.755 0.5000000000
136975  -26.669  -79.240  14.750 0.6000000238
2124  -26.680  -78.734  14.625 0.6000000238
1462  -24.340  -79.876  12.118 0.5000000000
137552  -25.138  -79.396  12.338 0.6000000238
2127  -26.085  -78.370  13.027 0.5000000000
126912  -26.831  -78.080  11.767 0.5000000000
2876  -26.901  -77.155  13.497 0.5000000000
118730  -16.994  -75.327  12.888 0.6000000238
3344  -17.064  -75.030  12.054 0.6000000238
3325  -17.111  -75.489  13.754 0.4000000060
2153  -20.549  -78.429  10.173 0.5000000000
2115  -29.612  -78.958  16.489 0.6000000238
123532  -21.563  -79.706  10.986 0.5000000000
2114  -28.792  -78.614  15.888 0.5000000000
1461  -23.276  -80.179  11.673 0.5000000000
2121  -28.191  -78.896  15.376 0.5000000000
2466  -27.700  -77.998  15.471 0.5000000000
2461  -28.278  -77.750  16.143 0.5000000000
1796  -24.247  -79.037  10.939 0.5000000000
2120  -27.024  -78.296  14.904 0.5000000000
130221  -26.613  -77.475  14.401 0.5000000000
1788  -24.911  -79.177  11.476 0.6000000238
2147  -25.373  -78.031  10.591 0.6000000238
2469  -26.296  -77.964  14.104 0.5000000000
2148  -26.200  -77.964  10.844 0.6000000238
2139  -26.986  -77.807  11.196 0.5000000000
3322  -17.854  -75.614  15.480 0.4000000060
125966  -22.066  -79.317  11.280 0.5000000000
2868  -27.859  -76.851  16.460 0.5000000000
2144  -22.905  -79.279  11.234 0.5000000000
2145  -23.633  -78.796  10.973 0.5000000000
2872  -27.241  -76.511  15.173 0.5000000000
2867  -27.493  -76.288  15.959 0.5000000000
3313  -27.604  -75.360  17.172 0.5000000000
3774  -27.577  -74.621  17.638 0.5000000000
4812  -28.315  -72.464  17.976 0.5000000000
2146  -24.519  -78.146  10.625 0.6000000238
2154  -25.110  -77.343  10.335 0.6000000238
129811  -27.034  -76.800  14.385 0.5000000000
2501  -25.816  -77.339  10.345 0.6000000238
3337  -28.529  -76.185  13.327 0.5000000000
2907  -27.080  -76.676  10.249 0.5000000000
2495  -27.854  -76.729  10.794 0.5000000000
2895  -23.267  -77.161  11.898 0.5000000000
3323  -27.500  -75.848  15.445 0.5000000000
3795  -27.723  -75.354  15.741 0.5000000000
3782  -27.745  -74.930  16.545 0.5000000000
3775  -27.922  -74.168  17.217 0.5000000000
2484  -22.971  -77.898  11.579 0.5000000000
2896  -24.141  -76.677  11.046 0.6000000238
3327  -27.398  -76.031  14.617 0.5000000000
3796  -28.014  -74.908  15.602 0.5000000000
4291  -28.755  -73.657  16.944 0.5000000000
136606  -29.285  -72.850  17.337 0.5000000000
4813  -29.022  -71.871  17.638 0.5000000000
125241  -25.493  -76.783  10.123 0.5000000000
3328  -27.952  -75.644  14.107 0.5000000000
3813  -29.688  -74.928  14.787 0.5000000000
2887  -22.864  -76.562  12.755 0.5000000000
136315  -30.323  -73.928  16.194 0.5000000000
3784  -29.314  -73.977  16.216 0.5000000000
4292  -29.924  -73.447  16.724 0.5000000000
5348  -30.592  -71.350  17.039 0.4000000060
4283  -30.586  -72.960  16.928 0.4000000060
7062  -14.940  -68.670  12.946 0.4000000060
12270  -12.349  -60.002  23.621 0.5000000000
14730  -9.016  -57.954  25.279 0.5000000000
13894  -10.376  -58.843  24.968 0.5000000000
15500  -7.048  -56.403  25.540 0.5000000000
15501  -7.743  -56.811  25.356 0.5000000000
13079  -11.806  -59.505  24.134 0.5000000000
16277  -9.910  -53.969  29.145 0.5000000000
16267  -11.096  -54.541  30.352 0.5000000000
16992  -11.981  -54.042  30.500 0.5000000000
2483  -22.182  -77.976  11.716 0.5000000000
2136  -22.743  -78.716  11.365 0.5000000000
1419  -23.364  -80.781  15.351 0.6000000238
1170  -21.823  -81.478  13.023 0.6000000238
1157  -24.444  -80.753  15.288 0.6000000238
1179  -22.950  -80.969  12.604 0.6000000238
124703  -25.385  -79.936  14.204 0.6999999881
2902  -17.204  -76.523  10.133 0.6000000238
1466  -21.852  -80.333  11.220 0.5000000000
125789  -24.621  -79.882  12.978 0.6000000238
1773  -25.731  -78.953  13.398 0.6000000238
2131  -26.214  -78.507  12.267 0.6000000238
1414  -29.285  -79.746  16.804 0.6999999881
1467  -22.700  -80.116  11.352 0.5000000000
1787  -24.008  -79.645  11.505 0.5000000000
2137  -25.628  -78.512  11.185 0.6000000238
2138  -26.367  -78.338  11.507 0.6000000238
2132  -26.811  -78.045  12.208 0.5000000000
2877  -27.462  -76.374  13.755 0.5000000000
2460  -27.492  -77.085  15.692 0.5000000000
2494  -27.273  -77.277  10.781 0.5000000000
2491  -23.843  -77.980  10.812 0.5000000000
2914  -25.072  -76.756  10.152 0.5000000000
140701  -24.306  -77.357  10.581 0.5000000000
3783  -28.306  -74.361  16.322 0.5000000000
3812  -28.464  -75.067  14.748 0.5000000000
3797  -28.856  -74.499  15.485 0.5000000000
4814  -30.070  -72.160  17.263 0.5000000000
125362  -31.118  -72.341  16.947 0.4000000060
2842  -31.096  -76.605  19.926 0.5000000000
3292  -30.032  -76.386  19.469 0.6000000238
2852  -29.562  -76.775  18.622 0.6000000238
2447  -31.219  -77.624  18.618 0.6000000238
2448  -31.679  -77.775  18.979 0.4000000060
3303  -27.819  -75.611  18.530 0.4000000060
2862  -28.111  -76.606  17.278 0.4000000060
2851  -28.341  -76.377  18.152 0.5000000000
2864  -30.299  -77.446  18.188 0.6000000238
2863  -29.145  -77.135  17.742 0.5000000000
2452  -28.751  -77.457  16.909 0.4000000060
2454  -30.880  -78.033  17.813 0.5000000000
2462  -29.337  -78.260  16.586 0.5000000000
2104  -30.756  -78.687  17.640 0.6000000238
1402  -29.204  -79.730  17.609 0.6000000238
1401  -28.359  -79.649  18.036 0.6000000238
1738  -27.641  -79.383  18.429 0.6000000238
1399  -26.627  -80.104  17.257 0.6000000238
2103  -26.078  -78.553  18.679 0.6000000238
1736  -25.910  -79.256  17.817 0.5000000000
1747  -24.202  -79.398  16.786 0.5000000000
2112  -23.397  -78.358  17.245 0.4000000060
1745  -21.933  -78.827  16.213 0.5000000000
120149  -20.157  -79.516  15.239 0.4000000060
132620  -21.292  -64.131  20.065 0.4000000060
9691  -21.741  -63.712  19.150 0.4000000060
9712  -20.994  -64.086  18.586 0.5000000000
17821  -13.769  -52.741  18.970 0.5000000000
123924  -13.901  -52.229  19.438 0.5000000000
136146  -14.097  -51.573  19.292 0.5000000000
18540  -14.119  -51.703  19.856 0.4000000060
17802  -14.992  -53.267  21.516 0.4000000060
20142  -16.334  -50.473  18.654 0.4000000060
17789  -15.826  -53.239  22.507 0.4000000060
117808  -15.528  -52.364  21.716 0.4000000060
122462  -15.190  -51.364  21.107 0.4000000060
17779  -16.018  -54.021  23.395 0.4000000060
18520  -16.384  -52.415  22.710 0.4000000060
20123  -15.355  -50.072  20.021 0.4000000060
18511  -16.861  -52.855  24.091 0.4000000060
19269  -17.028  -51.846  23.456 0.4000000060
20114  -16.829  -49.571  21.430 0.4000000060
17770  -16.690  -53.541  25.013 0.4000000060
19270  -17.348  -52.110  24.616 0.4000000060
117354  -16.474  -53.177  25.560 0.4000000060
18502  -17.052  -52.746  25.203 0.4000000060
20069  -13.632  -51.129  24.747 0.3000000119
19241  -14.641  -51.581  25.653 0.4000000060
20940  -12.339  -49.116  23.234 0.3000000119
131641  -12.916  -49.445  23.803 0.3000000119
140295  -14.403  -50.819  25.424 0.3000000119
20907  -13.267  -50.159  24.214 0.3000000119
19306  -14.649  -50.693  19.070 0.4000000060
19298  -14.758  -50.563  19.741 0.4000000060
18541  -14.564  -51.127  20.207 0.4000000060
19297  -14.302  -51.079  19.493 0.4000000060
19288  -15.185  -50.597  20.524 0.4000000060
18519  -15.875  -51.659  21.887 0.4000000060
20968  -16.441  -49.434  20.113 0.4000000060
20113  -15.977  -50.032  20.828 0.4000000060
19277  -16.449  -51.324  22.413 0.4000000060
5291  -31.116  -71.429  22.910 0.3000000119
5298  -31.494  -71.583  22.183 0.3000000119
5290  -30.309  -71.204  23.511 0.4000000060
4748  -31.059  -72.182  22.717 0.4000000060
123818  -29.889  -73.504  24.164 0.3000000119
136018  -30.819  -72.620  23.178 0.3000000119
4757  -30.833  -72.876  22.805 0.4000000060
4224  -29.210  -73.957  24.500 0.3000000119
128140  -30.548  -73.086  23.524 0.3000000119
4243  -30.769  -73.576  22.860 0.3000000119
4235  -29.924  -74.267  24.152 0.3000000119
4236  -30.471  -73.913  23.607 0.3000000119
3732  -30.771  -74.268  22.811 0.3000000119
136449  -30.007  -74.866  24.082 0.3000000119
137653  -30.839  -74.859  23.104 0.3000000119
3742  -30.738  -74.897  22.413 0.3000000119
124538  -30.435  -75.315  23.629 0.3000000119
122600  -30.930  -75.424  22.830 0.3000000119
2400  -28.834  -77.365  23.669 0.3000000119
3254  -29.969  -76.078  23.933 0.3000000119
3266  -30.707  -76.062  23.269 0.3000000119
2826  -31.168  -76.128  22.439 0.3000000119
3274  -30.972  -75.575  21.894 0.3000000119
2401  -29.713  -77.423  23.457 0.4000000060
4769  -31.263  -71.896  21.978 0.3000000119
118262  -29.713  -71.803  23.859 0.4000000060
4768  -30.836  -72.400  21.976 0.4000000060
4732  -29.104  -73.125  24.485 0.3000000119
4253  -30.478  -73.103  22.103 0.4000000060
3235  -29.348  -74.723  24.409 0.3000000119
4252  -30.120  -73.723  21.874 0.4000000060
3741  -30.204  -74.303  21.787 0.4000000060
3234  -28.761  -75.314  24.564 0.3000000119
3273  -30.322  -74.956  21.512 0.4000000060
2399  -27.878  -77.281  23.713 0.3000000119
2799  -27.505  -76.583  24.160 0.4000000060
3275  -31.142  -76.028  21.145 0.4000000060
2827  -31.499  -76.430  21.488 0.3000000119
2398  -26.987  -77.094  23.536 0.3000000119
5306  -31.667  -71.413  21.406 0.3000000119
5307  -32.278  -71.107  20.995 0.3000000119
5305  -31.004  -71.706  21.379 0.3000000119
5318  -30.436  -71.221  20.770 0.3000000119
4745  -27.818  -71.721  23.943 0.4000000060
123427  -30.229  -72.593  21.457 0.3000000119
4778  -29.627  -72.283  20.967 0.3000000119
4223  -28.379  -73.651  24.650 0.3000000119
4746  -28.946  -72.271  24.219 0.4000000060
4767  -29.722  -72.989  21.373 0.4000000060
121524  -28.976  -72.584  20.939 0.3000000119
3740  -29.055  -73.908  21.268 0.4000000060
3716  -28.544  -74.511  24.657 0.3000000119
3714  -26.666  -73.925  24.158 0.3000000119
3283  -29.362  -74.545  21.064 0.4000000060
3752  -28.345  -74.186  20.629 0.4000000060
3233  -27.859  -75.140  24.629 0.3000000119
3724  -25.881  -74.487  23.777 0.3000000119
3282  -28.741  -74.984  20.342 0.4000000060
3291  -28.253  -75.347  19.430 0.5000000000
3232  -26.899  -74.862  24.323 0.3000000119
139165  -30.353  -76.034  20.146 0.4000000060
130155  -29.373  -75.722  19.885 0.4000000060
3304  -28.827  -76.085  19.041 0.5000000000
134822  -26.515  -77.427  22.769 0.3000000119
5319  -31.395  -71.185  20.884 0.3000000119
5320  -32.180  -71.031  20.682 0.3000000119
4234  -27.106  -72.477  24.005 0.4000000060
4777  -28.049  -72.434  20.642 0.4000000060
4263  -27.180  -73.178  20.242 0.4000000060
3751  -27.587  -73.806  20.278 0.4000000060
3760  -27.114  -73.699  19.710 0.5000000000
3302  -27.437  -74.979  18.177 0.4000000060
127034  -25.697  -73.562  23.781 0.3000000119
133930  -27.513  -74.955  18.924 0.4000000060
128022  -24.839  -74.111  23.482 0.3000000119
3314  -27.656  -75.829  17.667 0.4000000060
3250  -26.178  -75.446  23.825 0.3000000119
2814  -26.123  -76.850  23.081 0.3000000119
2411  -24.788  -77.187  22.508 0.3000000119
125839  -29.542  -70.747  20.462 0.3000000119
5316  -28.723  -71.819  20.665 0.3000000119
4776  -27.157  -72.030  20.331 0.3000000119
4744  -26.139  -72.353  23.799 0.4000000060
4799  -26.803  -72.777  19.197 0.5000000000
4274  -27.065  -73.486  18.694 0.4000000060
4232  -25.039  -73.113  23.750 0.4000000060
3713  -23.823  -74.323  24.078 0.3000000119
4231  -24.468  -73.559  23.972 0.3000000119
3248  -24.364  -75.032  23.156 0.3000000119
3264  -24.148  -75.774  22.892 0.3000000119
2059  -24.519  -77.977  22.476 0.3000000119
2812  -24.109  -76.516  22.753 0.3000000119
132415  -28.575  -70.775  20.331 0.3000000119
133510  -27.007  -71.405  19.740 0.4000000060
134909  -27.078  -72.598  18.784 0.4000000060
128252  -23.715  -74.995  24.613 0.3000000119
3216  -23.575  -75.611  25.156 0.3000000119
3247  -23.857  -75.379  23.280 0.3000000119
122480  -23.421  -75.776  24.448 0.3000000119
2811  -23.617  -76.707  23.138 0.3000000119
3207  -23.753  -75.922  25.839 0.3000000119
2761  -23.422  -76.650  26.104 0.3000000119
2771  -23.246  -76.417  25.294 0.3000000119
134164  -22.801  -77.356  25.299 0.3000000119
2390  -23.201  -77.019  23.801 0.3000000119
5884  -28.272  -70.068  18.223 0.3000000119
4800  -27.508  -71.898  18.553 0.4000000060
2366  -23.823  -77.107  26.717 0.3000000119
2365  -22.989  -77.263  26.493 0.3000000119
141991  -29.530  -68.523  18.992 0.3000000119
6426  -28.768  -69.144  18.809 0.3000000119
5342  -28.626  -70.895  17.847 0.3000000119
7013  -29.706  -68.662  18.125 0.3000000119
6434  -28.906  -69.287  18.243 0.3000000119
6435  -29.750  -69.384  17.589 0.3000000119
134441  -14.099  -52.848  20.288 0.5000000000
119830  -15.508  -52.199  26.077 0.5000000000
18484  -16.389  -51.873  26.177 0.4000000060
18533  -14.683  -52.059  20.736 0.4000000060
1403  -29.800  -79.631  17.510 0.6000000238
2116  -30.184  -78.506  17.147 0.5000000000
2861  -27.641  -76.065  16.781 0.4000000060
4281  -27.505  -73.848  18.005 0.4000000060
4811  -27.571  -72.965  18.324 0.4000000060
4801  -28.267  -71.621  18.101 0.4000000060
5343  -29.579  -71.118  17.404 0.3000000119
18555  -14.775  -51.863  18.318 0.5000000000
19313  -14.956  -51.193  18.419 0.4000000060
20967  -15.768  -49.857  19.752 0.4000000060
127873  -30.630  -72.206  23.477 0.3000000119
135346  -29.614  -75.399  24.225 0.3000000119
2800  -28.446  -76.700  24.138 0.3000000119
140950  -28.772  -71.454  23.865 0.4000000060
3293  -29.971  -75.363  20.682 0.4000000060
4222  -27.437  -73.358  24.385 0.3000000119
3715  -27.655  -74.253  24.570 0.3000000119
4264  -28.014  -73.355  20.671 0.4000000060
3249  -25.197  -75.076  23.256 0.3000000119
3768  -27.143  -74.224  18.964 0.4000000060
2813  -24.704  -76.295  22.704 0.3000000119
5335  -27.268  -71.098  18.960 0.4000000060
4208  -24.150  -73.709  24.427 0.3000000119
2397  -23.443  -77.550  23.275 0.3000000119
5876  -27.481  -70.695  19.249 0.3000000119
2376  -22.953  -77.056  25.881 0.3000000119
2102  -24.649  -78.196  18.187 0.5000000000
2438  -25.034  -77.962  19.157 0.5000000000
1728  -26.881  -78.746  19.130 0.5000000000
127593  -28.945  -79.650  18.453 0.5000000000
1404  -30.197  -79.646  18.272 0.4000000060
2888  -23.681  -76.346  12.168 0.4000000060
2843  -31.485  -77.328  19.412 0.5000000000
120864  -31.708  -77.079  20.074 0.3000000119
2426  -31.796  -77.266  21.552 0.3000000119
2834  -31.447  -76.529  20.649 0.4000000060
2815  -30.994  -76.754  22.859 0.3000000119
2816  -31.492  -76.728  22.154 0.3000000119
4742  -24.887  -72.612  24.133 0.3000000119
4730  -24.869  -72.015  24.575 0.3000000119
4743  -25.374  -72.406  23.876 0.3000000119
5247  -24.859  -71.812  25.450 0.3000000119
5286  -26.143  -70.948  24.026 0.3000000119
131648  -26.618  -71.656  23.776 0.3000000119
5287  -27.004  -70.831  23.680 0.3000000119
125354  -28.739  -69.874  23.478 0.3000000119
122948  -27.781  -69.577  23.619 0.3000000119
5822  -25.498  -70.964  25.240 0.3000000119
5275  -26.119  -70.403  24.708 0.3000000119
5829  -26.612  -70.180  24.012 0.3000000119
6370  -27.080  -69.516  23.985 0.3000000119
5289  -29.250  -70.864  23.651 0.3000000119
5830  -29.799  -70.236  23.450 0.3000000119
5810  -26.127  -70.320  25.433 0.3000000119
6383  -29.354  -69.363  23.353 0.3000000119
6382  -28.515  -68.822  23.551 0.3000000119
2119  -21.104  -78.709  16.482 0.3000000119
1740  -31.224  -78.915  18.120 0.5000000000
136527  -29.752  -79.687  18.226 0.4000000060
1389  -28.292  -79.466  19.195 0.5000000000
2427  -31.919  -77.550  20.804 0.3000000119
21816  -17.182  -48.998  20.458 0.3000000119
20959  -16.584  -49.402  20.601 0.3000000119
19260  -17.682  -51.572  25.001 0.3000000119
119144  -23.758  -77.884  18.043 0.4000000060
1716  -24.487  -78.692  19.564 0.4000000060
684  -27.326  -82.689  21.642 0.4000000060
138587  -27.118  -82.099  20.088 0.4000000060
118407  -27.809  -81.616  20.341 0.4000000060
1131  -28.904  -80.499  20.165 0.4000000060
1391  -29.442  -79.741  19.022 0.4000000060
1376  -26.168  -80.220  19.900 0.4000000060
1719  -27.599  -79.508  19.616 0.4000000060
1390  -28.782  -79.899  19.647 0.4000000060
506  -27.151  -83.485  22.976 0.3000000119
685  -28.089  -82.576  22.060 0.4000000060
896  -28.712  -81.709  21.009 0.4000000060
122900  -26.301  -79.306  19.841 0.4000000060
132319  -26.858  -82.600  20.899 0.4000000060
1130  -26.404  -81.631  19.634 0.4000000060
518  -27.430  -82.958  22.390 0.3000000119
697  -27.503  -82.376  20.963 0.4000000060
895  -27.964  -81.964  20.788 0.4000000060
1121  -27.302  -80.882  19.876 0.4000000060
907  -28.710  -81.360  20.559 0.4000000060
1132  -29.586  -80.166  19.738 0.4000000060
497  -27.651  -83.188  23.329 0.3000000119
507  -27.838  -82.927  22.748 0.3000000119
699  -28.746  -81.915  21.526 0.3000000119
686  -28.699  -82.217  21.992 0.3000000119
139004  -30.239  -80.493  20.224 0.3000000119
1393  -31.068  -79.641  19.315 0.3000000119
1123  -29.366  -81.127  20.613 0.3000000119
1720  -31.692  -79.200  19.832 0.3000000119
2096  -31.897  -77.937  19.233 0.3000000119
1731  -31.540  -79.040  18.844 0.3000000119
1133  -29.930  -80.390  19.920 0.3000000119
1392  -30.384  -79.773  19.117 0.3000000119
127248  -29.906  -79.815  19.027 0.3000000119
1283  -30.611  -80.678  29.937 0.3000000119
1295  -31.191  -80.103  29.626 0.3000000119
2763  -25.829  -75.839  27.089 0.3000000119
1635  -31.605  -79.522  28.484 0.3000000119
1651  -30.434  -79.110  27.818 0.3000000119
2015  -30.065  -78.969  27.639 0.3000000119
2355  -29.487  -78.341  27.818 0.3000000119
2339  -28.846  -77.565  28.048 0.3000000119
2338  -28.208  -76.752  28.009 0.3000000119
3196  -27.366  -75.534  27.629 0.3000000119
1653  -32.081  -79.186  28.007 0.3000000119
119958  -31.583  -78.836  27.592 0.3000000119
2016  -31.056  -78.654  27.422 0.3000000119
2356  -30.437  -78.196  27.534 0.3000000119
1111  -29.467  -81.475  21.156 0.3000000119
1294  -30.464  -80.410  28.990 0.3000000119
1650  -29.355  -79.525  27.680 0.3000000119
1306  -30.774  -79.759  28.430 0.3000000119
121155  -31.219  -79.929  28.893 0.3000000119
1317  -30.365  -79.563  28.091 0.3000000119
1652  -31.167  -79.274  28.051 0.3000000119
131894  -32.599  -78.732  27.361 0.3000000119
670  -28.105  -82.707  23.575 0.3000000119
679  -28.456  -82.478  22.563 0.3000000119
698  -28.121  -82.239  21.365 0.4000000060
711  -27.178  -82.282  20.396 0.4000000060
906  -26.492  -82.262  19.974 0.4000000060
914  -27.031  -81.741  19.902 0.4000000060
1113  -30.547  -80.548  20.534 0.3000000119
1122  -28.044  -80.785  20.080 0.4000000060
1149  -25.293  -80.876  16.070 0.6000000238
1158  -25.133  -80.817  15.621 0.6000000238
1165  -24.837  -80.671  15.075 0.6000000238
1172  -22.927  -81.084  13.434 0.6000000238
1173  -23.727  -80.742  13.906 0.6000000238
1174  -24.460  -80.536  14.325 0.6000000238
1180  -23.581  -80.716  13.050 0.6000000238
1181  -22.322  -81.142  12.175 0.6000000238
1377  -27.109  -79.850  19.998 0.4000000060
1378  -27.981  -80.005  19.870 0.4000000060
1379  -30.563  -80.159  19.843 0.3000000119
1410  -24.618  -80.501  16.223 0.6000000238
1412  -26.556  -80.616  16.392 0.6000000238
1423  -28.107  -80.078  15.965 0.8000000119
1431  -22.061  -81.022  14.480 0.5000000000
1432  -22.886  -80.981  14.755 0.6000000238
1440  -20.413  -80.908  13.397 0.5000000000
1441  -21.188  -81.514  12.915 0.6000000238
1452  -21.043  -81.544  12.157 0.5000000000
1453  -23.577  -80.437  12.271 0.5000000000
1457  -19.637  -80.716  11.041 0.5000000000
1459  -21.566  -81.173  11.677 0.5000000000
1707  -31.882  -78.418  19.350 0.3000000119
1717  -25.475  -78.770  19.628 0.4000000060
1718  -27.039  -79.136  19.622 0.4000000060
1729  -27.564  -79.195  19.291 0.5000000000
1730  -30.882  -79.439  18.449 0.3000000119
1735  -24.978  -78.986  17.519 0.5000000000
1737  -26.776  -79.059  18.388 0.6000000238
1739  -30.476  -79.313  17.640 0.6000000238
1746  -23.074  -79.049  16.433 0.4000000060
1748  -29.862  -79.412  16.889 0.6999999881
1759  -28.954  -79.192  15.879 0.5000000000
1765  -20.704  -79.773  14.904 0.5000000000
1767  -27.505  -79.252  15.098 0.6000000238
1774  -25.953  -78.866  14.004 0.6000000238
1778  -25.732  -78.859  11.854 0.6000000238
1779  -25.615  -78.986  12.597 0.6000000238
1786  -18.888  -79.974  10.631 0.5000000000
1793  -21.134  -80.075  10.822 0.6000000238
1794  -22.434  -79.764  11.225 0.5000000000
1795  -23.343  -79.536  11.256 0.5000000000
1797  -24.952  -78.630  10.849 0.6000000238
1798  -18.514  -78.852  9.805 0.5000000000
1799  -19.184  -79.401  10.032 0.5000000000
2058  -23.847  -78.002  22.842 0.3000000119
2087  -24.786  -78.220  19.412 0.4000000060
2088  -25.496  -78.393  19.360 0.5000000000
2089  -26.251  -78.716  19.500 0.4000000060
2093  -25.258  -78.082  18.807 0.5000000000
2094  -25.844  -78.369  19.130 0.5000000000
2095  -31.647  -78.303  18.669 0.4000000060
2105  -31.271  -78.350  18.086 0.5000000000
2113  -24.200  -78.498  17.512 0.5000000000
2389  -22.912  -77.410  24.474 0.3000000119
2402  -30.236  -76.785  23.481 0.4000000060
2410  -24.005  -77.307  22.715 0.3000000119
2412  -25.733  -77.370  22.451 0.3000000119
2432  -31.774  -77.038  20.755 0.3000000119
2433  -31.929  -77.491  20.193 0.3000000119
2439  -31.833  -77.592  19.601 0.3000000119
2440  -32.032  -77.925  19.751 0.3000000119
2445  -23.282  -77.692  18.545 0.4000000060
2453  -29.859  -77.860  17.351 0.5000000000
2455  -31.439  -77.984  18.396 0.4000000060
2465  -27.029  -77.337  14.997 0.5000000000
2487  -15.683  -77.742  11.083 0.4000000060
2492  -24.613  -77.339  10.465 0.5000000000
2493  -26.635  -77.339  10.513 0.5000000000
2497  -19.111  -77.557  9.323 0.6000000238
2502  -26.192  -76.564  10.061 0.5000000000
2750  -27.531  -76.242  27.727 0.3000000119
2785  -23.166  -76.668  24.466 0.3000000119
2796  -23.469  -76.048  23.633 0.3000000119
2797  -25.533  -76.055  23.156 0.3000000119
2801  -29.380  -76.757  23.904 0.3000000119
2853  -30.695  -77.052  19.065 0.6000000238
2903  -21.344  -76.592  10.302 0.6000000238
2904  -23.886  -77.413  10.864 0.5000000000
2911  -18.833  -76.888  9.454 0.6999999881
3231  -23.632  -75.091  23.833 0.3000000119
3252  -28.115  -75.961  24.500 0.4000000060
3253  -29.055  -76.050  24.310 0.3000000119
3263  -23.772  -76.034  23.031 0.3000000119
3265  -24.725  -75.608  22.941 0.3000000119
3284  -30.679  -75.541  21.141 0.4000000060
3301  -18.543  -75.058  17.910 0.5000000000
3312  -18.350  -75.397  17.243 0.5000000000
3319  -27.604  -75.632  16.253 0.5000000000
3324  -27.750  -75.422  15.009 0.5000000000
3333  -16.243  -75.680  13.063 0.5000000000
3346  -21.915  -75.797  12.730 0.5000000000
3723  -24.055  -74.467  23.673 0.3000000119
3725  -30.474  -74.586  23.614 0.3000000119
3757  -17.870  -74.100  19.887 0.5000000000
3759  -26.912  -73.450  19.271 0.4000000060
3761  -27.690  -74.506  19.781 0.5000000000
3772  -18.888  -74.712  17.421 0.5000000000
3781  -19.142  -74.259  16.801 0.6999999881
3794  -18.919  -74.432  15.901 0.6999999881
3807  -18.516  -74.666  14.322 0.6999999881
3817  -17.654  -74.959  12.905 0.6999999881
3824  -18.422  -74.090  12.158 0.6999999881
3844  -21.988  -74.707  8.984 0.6000000238
4230  -23.994  -73.978  23.934 0.3000000119
4233  -26.442  -73.081  23.978 0.4000000060
4251  -16.918  -72.586  21.331 0.5000000000
4260  -18.554  -72.755  20.599 0.5000000000
4262  -26.779  -72.992  19.761 0.5000000000
4267  -18.076  -73.415  20.524 0.5000000000
4269  -19.243  -72.776  20.060 0.5000000000
4272  -19.251  -73.551  19.311 0.6000000238
4273  -19.876  -72.631  19.461 0.6000000238
4282  -28.183  -73.327  17.689 0.5000000000
4301  -19.334  -73.464  15.862 0.6999999881
4722  -24.673  -72.116  25.127 0.3000000119
4731  -28.171  -72.761  24.443 0.3000000119
4747  -29.868  -72.690  24.033 0.3000000119
4766  -28.926  -73.247  21.110 0.3000000119
4773  -17.390  -72.028  21.121 0.5000000000
4774  -18.378  -72.102  20.895 0.5000000000
4775  -26.888  -72.485  20.171 0.4000000060
4779  -30.321  -71.978  21.120 0.3000000119
4786  -18.981  -71.796  20.442 0.5000000000
4787  -19.587  -72.064  20.033 0.5000000000
4788  -26.723  -72.237  19.698 0.5000000000
4797  -17.717  -72.110  18.642 0.5000000000
4810  -20.560  -71.828  18.233 0.6999999881
4819  -20.504  -71.756  17.124 0.6999999881
4843  -17.036  -72.439  14.124 0.5000000000
4858  -18.940  -71.915  13.853 0.6999999881
5248  -25.165  -71.533  25.799 0.3000000119
5262  -24.965  -71.556  25.078 0.3000000119
5274  -25.429  -71.351  24.549 0.3000000119
5285  -25.725  -71.720  23.938 0.3000000119
5288  -28.038  -70.601  23.627 0.3000000119
5314  -18.156  -71.778  20.654 0.5000000000
5315  -27.727  -71.434  20.368 0.3000000119
5317  -29.550  -71.481  20.689 0.3000000119
5324  -17.826  -71.571  20.198 0.5000000000
5326  -19.534  -71.547  19.732 0.6000000238
5330  -18.315  -71.561  19.400 0.5000000000
5331  -19.298  -71.220  19.117 0.6000000238
5333  -20.345  -71.180  18.685 0.6999999881
5334  -26.913  -71.943  19.109 0.4000000060
5336  -27.873  -70.911  18.399 0.4000000060
5340  -19.074  -70.805  18.246 0.6999999881
5341  -20.461  -70.940  18.180 0.6999999881
5357  -20.422  -70.648  15.830 0.6999999881
5375  -16.749  -71.203  12.929 0.5000000000
5411  -22.410  -71.354  10.283 0.5000000000
5832  -31.328  -70.705  22.757 0.3000000119
5874  -19.781  -70.555  18.454 0.6999999881
5875  -20.139  -70.615  18.335 0.6000000238
5877  -27.781  -70.349  18.795 0.3000000119
5882  -19.953  -70.066  17.804 0.6999999881
5885  -29.116  -70.106  17.669 0.3000000119
5889  -18.760  -69.964  16.900 0.6999999881
5891  -20.362  -69.850  16.877 0.6999999881
5905  -20.425  -69.948  16.314 0.6999999881
5919  -19.980  -69.764  14.883 0.6999999881
5968  -19.634  -70.243  10.651 0.6000000238
6414  -27.935  -70.069  19.195 0.3000000119
6425  -28.308  -69.678  18.728 0.3000000119
6430  -20.034  -69.661  17.119 0.6999999881
6457  -14.491  -69.695  15.836 0.6000000238
6477  -14.618  -69.735  15.034 0.6000000238
6479  -19.632  -69.261  14.740 0.6999999881
6537  -21.483  -69.485  10.052 0.5000000000
6970  -16.812  -67.969  20.022 0.5000000000
6979  -15.438  -68.104  19.895 0.6000000238
6980  -16.122  -68.052  19.710 0.5000000000
6996  -14.311  -68.308  18.720 0.6999999881
6998  -29.296  -68.747  18.719 0.3000000119
6999  -29.998  -68.282  18.706 0.3000000119
7005  -12.888  -68.089  17.603 0.6000000238
7006  -13.437  -68.480  17.629 0.6000000238
7007  -13.937  -68.592  17.861 0.6000000238
7020  -12.864  -68.197  16.728 0.6000000238
7041  -19.033  -68.851  14.400 0.6999999881
7050  -14.470  -69.107  14.344 0.5000000000
7061  -14.163  -68.303  13.602 0.4000000060
7098  -19.430  -68.564  10.926 0.6000000238
7101  -21.737  -67.993  10.130 0.6000000238
7110  -21.649  -68.667  10.072 0.5000000000
7593  -15.508  -67.692  20.316 0.5000000000
7595  -17.155  -67.611  20.534 0.5000000000
7597  -18.705  -67.161  20.277 0.5000000000
7604  -14.907  -67.910  20.079 0.5000000000
7622  -12.998  -67.476  18.375 0.5000000000
7625  -17.612  -67.533  19.228 0.6000000238
7667  -13.033  -67.650  15.247 0.6000000238
7698  -17.999  -66.756  11.891 0.5000000000
7723  -19.822  -67.505  10.540 0.5000000000
7724  -20.554  -67.298  10.209 0.6000000238
8269  -17.784  -66.463  21.436 0.5000000000
8270  -18.392  -66.458  21.352 0.5000000000
8278  -15.578  -67.070  20.555 0.5000000000
8280  -18.552  -66.929  20.828 0.5000000000
8306  -13.239  -66.787  18.885 0.6000000238
8307  -13.924  -65.948  18.950 0.6000000238
8308  -17.517  -67.069  18.419 0.6000000238
8309  -18.260  -66.697  18.299 0.6000000238
8310  -18.904  -66.155  18.387 0.6000000238
8343  -16.973  -66.235  16.393 0.5000000000
8354  -16.337  -66.458  14.889 0.5000000000
8363  -15.975  -66.838  14.813 0.6000000238
8374  -16.928  -66.654  13.292 0.5000000000
8394  -20.957  -66.095  10.725 0.6000000238
8396  -21.846  -66.196  11.513 0.5000000000
8404  -21.365  -66.734  10.422 0.6000000238
8959  -15.774  -66.303  20.411 0.5000000000
8990  -13.381  -66.106  18.349 0.6000000238
9007  -12.968  -65.976  17.215 0.5000000000
9032  -12.638  -65.324  15.312 0.6999999881
9054  -21.053  -64.817  12.840 0.5000000000
9062  -18.511  -65.746  12.443 0.5000000000
9065  -21.119  -65.193  11.964 0.6000000238
9066  -21.989  -65.769  12.484 0.5000000000
9078  -21.273  -65.694  11.313 0.5000000000
9666  -20.679  -64.561  20.590 0.5000000000
9689  -16.622  -64.909  19.772 0.5000000000
9713  -21.797  -63.573  17.888 0.6000000238
9748  -14.059  -64.106  16.507 0.5000000000
9749  -14.655  -64.054  16.886 0.5000000000
9763  -12.882  -64.201  15.398 0.6999999881
9766  -21.115  -64.070  15.320 0.6000000238
9767  -21.658  -64.118  15.148 0.6000000238
9780  -20.986  -64.329  14.462 0.6000000238
9798  -21.603  -64.574  14.269 0.5000000000
10448  -15.387  -63.866  16.737 0.6000000238
10449  -16.219  -63.698  16.464 0.6000000238
10465  -16.355  -63.549  15.339 0.6000000238
10466  -17.348  -63.339  15.084 0.6999999881
10479  -15.042  -63.292  13.712 0.6000000238
10493  -15.534  -63.035  13.116 0.6000000238
10494  -16.392  -63.020  12.893 0.6000000238
10495  -17.244  -62.894  12.847 0.6000000238
10503  -16.845  -62.675  12.667 0.6999999881
11060  -18.376  -62.803  19.423 0.5000000000
11076  -18.108  -63.113  17.706 0.6999999881
11108  -18.107  -62.963  14.457 0.6999999881
11109  -18.823  -62.330  13.610 0.6999999881
11122  -18.074  -62.387  12.802 0.6999999881
11123  -18.843  -61.730  12.947 0.6999999881
11131  -16.579  -62.222  12.724 0.6999999881
11679  -19.360  -61.940  15.514 0.8000000119
11696  -19.470  -61.781  14.531 0.8000000119
11697  -19.878  -61.180  14.500 0.8000000119
11709  -16.682  -61.115  13.321 0.6000000238
11717  -13.084  -61.993  13.719 0.6000000238
11719  -15.178  -61.857  13.226 0.6000000238
11728  -17.410  -62.179  12.676 0.6999999881
12283  -13.429  -60.064  22.716 0.6000000238
12294  -13.238  -60.289  22.429 0.6000000238
12305  -14.257  -60.202  21.434 0.6000000238
12307  -15.567  -59.596  19.924 0.6999999881
12316  -15.924  -60.037  19.263 0.6999999881
12323  -16.067  -60.261  18.464 0.6999999881
12335  -16.348  -60.185  17.726 0.6999999881
12346  -15.975  -60.662  16.481 0.5000000000
12348  -20.337  -60.180  15.999 0.6999999881
12362  -15.898  -60.802  15.316 0.6000000238
12365  -20.159  -60.571  15.135 0.6999999881
12376  -17.900  -60.642  13.948 0.8000000119
12390  -18.424  -60.944  13.177 0.8000000119
12391  -18.912  -61.195  12.973 0.8000000119
13064  -11.183  -59.094  24.643 0.5000000000
13093  -13.657  -59.699  22.573 0.6000000238
13112  -15.200  -59.341  20.593 0.8000000119
13128  -16.114  -59.223  18.580 0.6000000238
13140  -19.459  -58.977  16.981 0.6000000238
13166  -16.901  -60.095  15.495 0.6999999881
13168  -19.446  -60.113  14.750 0.8000000119
13185  -17.814  -59.868  15.021 0.8000000119
13922  -11.704  -58.365  21.865 0.8000000119
13924  -13.810  -59.066  22.333 0.6999999881
13932  -13.760  -58.478  20.684 0.8000000119
13939  -12.767  -58.004  19.674 0.6000000238
13957  -15.725  -58.656  18.060 0.6000000238
13973  -14.768  -58.080  17.169 0.6999999881
14018  -17.149  -59.129  15.255 0.6999999881
14020  -18.007  -59.185  15.268 0.6999999881
14729  -8.473  -57.213  25.060 0.5000000000
14731  -9.815  -58.086  24.837 0.5000000000
14738  -8.524  -56.820  24.166 0.6000000238
14746  -9.070  -57.155  22.590 0.6000000238
14756  -10.800  -58.007  20.986 0.6999999881
14779  -11.196  -57.371  19.529 0.6000000238
14824  -17.261  -57.230  16.056 0.6000000238
14836  -16.357  -56.871  15.674 0.6000000238
14838  -16.942  -57.620  15.526 0.6999999881
14845  -17.033  -58.122  15.428 0.6000000238
15504  -13.383  -56.610  25.523 0.5000000000
15505  -15.096  -56.082  24.880 0.5000000000
15517  -11.854  -56.311  24.486 0.6999999881
15527  -8.407  -56.611  22.937 0.6000000238
15538  -8.070  -55.896  22.448 0.6999999881
15546  -8.934  -56.320  21.250 0.6000000238
15547  -9.492  -56.866  20.814 0.5000000000
15561  -10.123  -56.673  20.392 0.5000000000
15579  -10.826  -56.461  19.915 0.6999999881
15580  -11.277  -56.815  19.343 0.6999999881
15594  -12.585  -56.472  18.055 0.6000000238
15621  -16.559  -56.259  15.919 0.5000000000
16287  -10.588  -54.897  26.319 0.6999999881
16300  -11.263  -56.096  24.937 0.8000000119
16301  -13.800  -56.177  25.832 0.5000000000
16302  -14.730  -56.070  25.371 0.4000000060
16309  -6.916  -54.615  24.088 0.6000000238
16312  -14.919  -56.110  24.217 0.5000000000
16322  -11.834  -55.886  22.901 0.6000000238
16323  -13.693  -56.178  23.047 0.6000000238
16335  -13.124  -55.702  22.202 0.6000000238
16345  -9.144  -55.537  21.390 0.6999999881
17009  -12.381  -53.856  28.966 0.6999999881
17012  -7.344  -54.020  27.641 0.6000000238
17017  -12.643  -54.329  27.818 0.6999999881
17024  -6.279  -55.205  26.792 0.6000000238
17029  -13.323  -54.986  26.336 0.5000000000
17036  -6.766  -53.679  25.244 0.6000000238
17037  -8.095  -53.228  25.330 0.6999999881
17040  -15.184  -55.323  25.486 0.4000000060
17050  -7.755  -53.424  24.183 0.6999999881
17052  -16.327  -54.273  24.797 0.5000000000
17058  -7.768  -54.545  22.997 0.6999999881
17060  -8.796  -54.071  23.033 0.6999999881
17069  -8.476  -54.447  22.643 0.6999999881
17733  -11.885  -53.809  30.880 0.5000000000
17735  -12.949  -52.985  30.178 0.6000000238
17742  -13.204  -52.919  29.541 0.5000000000
17757  -7.237  -53.216  25.125 0.6999999881
17790  -16.384  -53.290  23.363 0.4000000060
17813  -13.206  -54.123  19.761 0.6000000238
18491  -16.759  -52.373  25.787 0.4000000060
18492  -17.283  -51.994  25.425 0.3000000119
18549  -14.152  -51.955  18.842 0.5000000000
19215  -13.258  -52.491  28.347 0.6000000238
19258  -12.170  -51.462  23.565 0.4000000060
19276  -15.790  -50.813  21.476 0.4000000060
19305  -14.396  -51.307  18.888 0.4000000060
20083  -11.081  -50.883  23.391 0.4000000060
20084  -12.110  -50.757  23.192 0.4000000060
20103  -16.507  -50.374  21.954 0.4000000060
20124  -15.961  -49.721  20.191 0.4000000060
20133  -15.151  -50.210  19.396 0.4000000060
20134  -15.829  -49.991  19.117 0.4000000060
20141  -15.329  -50.517  18.686 0.4000000060
20908  -14.246  -50.045  25.175 0.3000000119
20925  -12.538  -50.099  23.388 0.3000000119
117565  -25.672  -79.546  14.110 0.6999999881
118508  -15.372  -60.149  20.055 0.6999999881
118566  -8.471  -53.755  23.709 0.6999999881
119077  -20.304  -72.499  18.815 0.6999999881
119108  -11.323  -47.287  23.021 0.4000000060
119737  -17.015  -71.701  13.481 0.5000000000
120186  -28.404  -80.002  17.215 0.6999999881
120676  -7.385  -54.090  23.658 0.6999999881
121010  -25.398  -78.541  18.223 0.5000000000
121013  -27.376  -72.678  20.448 0.4000000060
122148  -22.282  -69.920  10.491 0.5000000000
123187  -11.506  -50.569  23.117 0.4000000060
123738  -15.438  -53.922  22.474 0.4000000060
123929  -27.304  -74.254  18.350 0.4000000060
124366  -16.729  -63.683  17.038 0.6000000238
124427  -10.760  -58.560  24.412 0.6000000238
124528  -13.384  -58.629  21.511 0.8000000119
124577  -16.165  -61.662  13.026 0.6000000238
125102  -29.351  -80.704  20.286 0.3000000119
125245  -30.034  -74.390  15.588 0.5000000000
125521  -29.951  -80.867  20.616 0.3000000119
126113  -17.708  -65.886  21.716 0.5000000000
128158  -20.491  -80.105  10.616 0.6000000238
128306  -21.117  -63.940  15.968 0.6000000238
129371  -7.288  -56.048  24.796 0.6000000238
130167  -17.594  -63.671  18.884 0.6999999881
130690  -18.773  -72.762  11.811 0.6999999881
131578  -6.571  -54.277  25.922 0.6000000238
131946  -14.814  -60.210  20.805 0.6000000238
132007  -16.025  -63.425  14.087 0.6000000238
132078  -29.322  -79.415  16.423 0.5000000000
132247  -21.540  -64.813  13.537 0.5000000000
133475  -26.634  -80.882  19.747 0.4000000060
133751  -9.404  -54.970  21.663 0.6999999881
133883  -13.179  -60.558  17.696 0.6000000238
134608  -11.736  -47.758  22.909 0.3000000119
135004  -27.224  -70.099  23.670 0.3000000119
135074  -19.194  -66.100  11.164 0.5000000000
135289  -16.924  -59.150  15.397 0.8000000119
135730  -12.763  -66.086  16.610 0.6000000238
136174  -14.353  -67.042  20.146 0.6000000238
136278  -11.947  -60.573  16.153 0.6000000238
136435  -30.860  -76.029  20.622 0.4000000060
136637  -11.855  -55.523  19.617 0.6000000238
136789  -25.359  -76.752  22.690 0.3000000119
136827  -19.901  -69.016  10.440 0.5000000000
136944  -11.164  -55.840  20.023 0.6000000238
137320  -9.458  -54.405  22.953 0.8000000119
137508  -11.618  -56.053  23.655 0.6999999881
137765  -12.808  -66.928  15.412 0.6000000238
138147  -13.271  -65.858  17.772 0.6000000238
138521  -16.378  -78.740  10.744 0.5000000000
139030  -17.623  -77.238  9.796 0.5000000000
139081  -27.296  -79.626  15.155 0.6000000238
139310  -16.252  -54.243  24.190 0.5000000000
139329  -21.370  -78.175  11.064 0.6000000238
139667  -23.823  -80.054  11.849 0.5000000000
139692  -25.697  -72.884  23.805 0.4000000060
140259  -25.182  -71.980  24.197 0.3000000119
140484  -12.147  -55.234  19.798 0.6000000238
140822  -14.295  -57.475  16.767 0.6000000238
140833  -17.450  -75.208  13.360 0.6000000238
140900  -17.609  -75.410  14.301 0.4000000060
140992  -28.428  -82.247  21.729 0.3000000119
141634  -17.014  -67.008  12.976 0.5000000000
141702  -26.659  -69.703  24.487 0.3000000119
141818  -12.287  -63.558  14.034 0.6000000238
141893  -26.823  -72.001  20.091 0.4000000060
141965  -17.921  -61.194  13.004 0.6999999881
142066  -16.382  -65.852  20.588 0.5000000000
