#!ascii label  , from subject sub-v2s4x29607_ses-1 vox2ras=TkReg
1229
50302  12.783  -23.545  98.450 0.0000000000
44714  4.128  -27.084  81.621 0.0000000000
42262  3.824  -29.361  95.616 0.0000000000
49124  4.990  -23.641  93.896 0.0000000000
52760  5.339  -20.714  85.419 0.0000000000
43388  7.883  -26.986  98.892 0.0000000000
49090  5.324  -23.200  99.350 0.0000000000
46841  14.993  -23.904  96.782 0.0000000000
42259  11.155  -29.126  96.130 0.0000000000
132541  6.992  -31.591  94.812 0.0000000000
56690  4.448  -17.199  93.274 0.0000000000
51568  6.147  -21.229  90.747 0.0000000000
56741  4.547  -16.398  89.257 0.0000000000
41115  1.664  -31.067  90.966 0.0000000000
45742  2.493  -26.879  89.537 0.0000000000
46854  2.501  -25.863  94.697 0.0000000000
141715  4.238  -19.462  97.017 0.0000000000
49245  4.096  -24.045  87.089 0.0000000000
49288  7.964  -22.724  84.914 0.0000000000
123913  10.427  -20.852  81.028 0.0000000000
118247  4.482  -18.493  81.286 0.0000000000
46830  10.212  -25.519  99.737 0.0000000000
50294  8.773  -22.897  99.577 0.0000000000
49095  14.325  -23.819  98.257 0.0000000000
44531  13.434  -26.419  96.492 0.0000000000
44513  12.109  -26.321  98.772 0.0000000000
43400  9.645  -28.184  98.256 0.0000000000
56718  4.479  -17.039  91.285 0.0000000000
41086  3.044  -30.232  93.708 0.0000000000
124841  2.379  -28.369  93.040 0.0000000000
124783  3.336  -27.934  95.167 0.0000000000
54716  7.138  -19.321  98.214 0.0000000000
121658  4.690  -20.770  98.076 0.0000000000
38951  5.028  -31.136  95.450 0.0000000000
134024  5.069  -32.584  93.157 0.0000000000
38976  3.598  -31.838  94.149 0.0000000000
37895  2.503  -32.794  91.383 0.0000000000
47975  2.999  -24.751  91.610 0.0000000000
46873  2.843  -25.614  88.595 0.0000000000
135502  4.368  -23.768  90.298 0.0000000000
121836  6.209  -21.092  87.716 0.0000000000
50384  8.975  -22.194  88.579 0.0000000000
52743  9.238  -21.107  86.232 0.0000000000
130497  9.033  -22.461  82.881 0.0000000000
53869  8.941  -19.821  83.534 0.0000000000
121821  5.269  -28.761  97.618 0.0000000000
136878  3.979  -26.759  98.224 0.0000000000
46826  6.446  -24.862  99.706 0.0000000000
122471  7.597  -20.968  99.319 0.0000000000
46848  15.587  -23.698  94.708 0.0000000000
45720  14.808  -26.200  91.991 0.0000000000
44541  14.019  -25.968  94.475 0.0000000000
42275  12.749  -28.698  93.875 0.0000000000
39955  8.829  -31.008  95.795 0.0000000000
41062  7.439  -30.039  96.917 0.0000000000
52697  4.585  -19.900  93.946 0.0000000000
51531  6.503  -22.476  93.450 0.0000000000
53823  4.680  -19.411  91.413 0.0000000000
53831  4.479  -19.574  89.562 0.0000000000
54799  4.266  -18.429  87.063 0.0000000000
53756  14.752  -20.423  97.241 0.0000000000
51544  17.999  -20.927  92.613 0.0000000000
52684  19.680  -18.763  94.093 0.0000000000
50315  16.746  -21.350  96.785 0.0000000000
121465  16.017  -20.060  97.582 0.0000000000
125140  1.154  -32.224  89.130 0.0000000000
41159  2.304  -30.325  87.994 0.0000000000
42313  2.176  -29.491  90.529 0.0000000000
45721  2.293  -26.479  92.568 0.0000000000
47955  3.007  -24.657  94.344 0.0000000000
47945  3.249  -24.914  97.315 0.0000000000
49106  3.852  -23.512  96.592 0.0000000000
51505  4.302  -21.375  95.807 0.0000000000
141115  4.401  -18.373  95.220 0.0000000000
125379  2.460  -28.483  86.730 0.0000000000
45797  2.923  -26.739  85.453 0.0000000000
134994  3.735  -25.859  83.993 0.0000000000
49184  6.838  -23.469  89.702 0.0000000000
49267  5.966  -23.451  86.055 0.0000000000
49312  4.917  -24.490  83.131 0.0000000000
49342  6.058  -24.879  81.434 0.0000000000
49374  7.932  -24.675  79.833 0.0000000000
57742  5.736  -15.689  87.192 0.0000000000
55693  4.155  -17.386  84.921 0.0000000000
57767  4.852  -16.110  83.231 0.0000000000
52799  4.996  -19.887  82.848 0.0000000000
118423  7.800  -19.308  81.124 0.0000000000
49088  11.198  -24.472  99.352 0.0000000000
50304  10.546  -23.527  98.812 0.0000000000
51490  11.570  -22.400  97.920 0.0000000000
50301  13.603  -23.327  98.206 0.0000000000
46835  13.021  -25.189  98.602 0.0000000000
47931  12.395  -24.874  99.358 0.0000000000
127768  11.064  -25.883  99.638 0.0000000000
120553  4.468  -27.456  80.167 0.0000000000
45879  4.293  -26.428  80.463 0.0000000000
41080  3.313  -30.045  94.471 0.0000000000
42277  3.089  -29.423  94.052 0.0000000000
43415  3.465  -28.779  95.271 0.0000000000
46861  15.839  -24.637  90.723 0.0000000000
41071  4.220  -30.398  95.681 0.0000000000
124277  4.456  -31.584  95.062 0.0000000000
39961  3.970  -30.895  95.060 0.0000000000
39979  3.318  -31.341  93.958 0.0000000000
49141  4.046  -23.711  92.920 0.0000000000
49173  3.374  -24.279  91.340 0.0000000000
133772  4.496  -23.640  92.304 0.0000000000
119509  5.863  -21.007  86.771 0.0000000000
52733  7.943  -21.259  87.453 0.0000000000
118673  6.996  -20.993  85.691 0.0000000000
52772  9.124  -20.412  85.084 0.0000000000
117357  7.267  -20.609  84.815 0.0000000000
42241  6.752  -27.923  98.042 0.0000000000
44517  5.726  -26.906  98.814 0.0000000000
45686  6.784  -26.066  99.234 0.0000000000
51469  8.426  -22.012  99.557 0.0000000000
54715  8.096  -19.455  98.017 0.0000000000
47947  15.412  -23.324  96.330 0.0000000000
45705  14.742  -24.825  94.706 0.0000000000
45702  14.051  -25.232  95.921 0.0000000000
43410  12.194  -28.126  96.241 0.0000000000
43413  12.894  -27.883  95.095 0.0000000000
42266  12.032  -29.031  95.028 0.0000000000
41068  10.096  -30.152  96.063 0.0000000000
43393  8.701  -27.608  98.580 0.0000000000
42246  8.506  -28.794  97.800 0.0000000000
42247  7.772  -28.674  97.640 0.0000000000
41056  6.384  -29.324  97.286 0.0000000000
54771  4.466  -18.288  94.267 0.0000000000
53813  4.816  -19.601  92.999 0.0000000000
54786  4.467  -18.067  92.322 0.0000000000
56731  4.455  -16.391  90.113 0.0000000000
55675  4.386  -17.983  90.459 0.0000000000
56749  4.433  -17.547  89.309 0.0000000000
53835  4.530  -19.073  88.549 0.0000000000
55682  4.504  -17.546  88.290 0.0000000000
126743  17.078  -21.491  95.713 0.0000000000
40015  1.331  -31.757  90.350 0.0000000000
122473  1.590  -30.891  89.897 0.0000000000
125675  1.777  -30.701  90.868 0.0000000000
131081  2.226  -26.940  93.773 0.0000000000
44560  2.280  -27.937  92.502 0.0000000000
124852  2.209  -26.472  93.272 0.0000000000
47966  2.643  -25.346  92.788 0.0000000000
47956  2.642  -25.376  94.503 0.0000000000
46833  4.558  -24.921  99.182 0.0000000000
119311  3.339  -25.832  97.924 0.0000000000
49096  4.320  -23.870  98.885 0.0000000000
53768  4.476  -20.167  97.617 0.0000000000
51499  4.071  -21.700  98.148 0.0000000000
51502  3.991  -21.389  97.081 0.0000000000
118987  4.208  -21.966  96.427 0.0000000000
52657  3.990  -20.657  96.434 0.0000000000
53795  4.305  -19.356  95.605 0.0000000000
54744  4.494  -18.573  96.191 0.0000000000
44568  14.002  -27.292  91.708 0.0000000000
43442  14.315  -26.854  90.333 0.0000000000
37869  7.665  -32.310  93.536 0.0000000000
37893  7.118  -32.599  92.287 0.0000000000
37870  6.900  -32.247  93.632 0.0000000000
36838  4.106  -33.075  92.412 0.0000000000
36846  5.038  -33.162  92.410 0.0000000000
38997  1.951  -32.001  91.125 0.0000000000
131021  1.272  -32.705  90.618 0.0000000000
42336  2.389  -29.056  88.403 0.0000000000
131722  2.436  -30.117  87.271 0.0000000000
123641  2.402  -28.068  88.168 0.0000000000
48016  3.143  -25.064  88.138 0.0000000000
46891  2.866  -26.298  86.610 0.0000000000
46890  3.220  -25.831  86.298 0.0000000000
46914  3.240  -26.420  85.056 0.0000000000
48053  3.865  -24.831  85.726 0.0000000000
51557  6.647  -21.603  92.420 0.0000000000
49152  7.638  -23.183  91.832 0.0000000000
50370  8.186  -22.628  91.056 0.0000000000
49242  8.575  -22.821  86.269 0.0000000000
49219  7.818  -23.394  87.360 0.0000000000
49266  6.709  -23.245  85.681 0.0000000000
119199  4.865  -24.097  83.899 0.0000000000
49310  6.175  -23.534  83.406 0.0000000000
117296  5.806  -24.567  82.140 0.0000000000
117007  6.959  -23.291  82.983 0.0000000000
50473  9.995  -21.902  81.904 0.0000000000
49340  8.754  -23.465  81.425 0.0000000000
50509  9.897  -22.780  80.454 0.0000000000
57754  5.727  -15.230  85.554 0.0000000000
56757  4.538  -16.954  85.437 0.0000000000
56756  4.828  -16.374  84.865 0.0000000000
57780  4.154  -15.852  81.632 0.0000000000
55719  3.994  -17.846  81.896 0.0000000000
55708  3.850  -17.772  83.284 0.0000000000
53895  4.735  -18.937  81.745 0.0000000000
53882  5.629  -19.597  81.953 0.0000000000
53893  5.987  -19.045  81.135 0.0000000000
44509  9.086  -26.395  99.519 0.0000000000
127145  8.528  -24.962  100.303 0.0000000000
49078  9.508  -24.347  99.583 0.0000000000
139378  14.808  -24.193  97.629 0.0000000000
45698  14.093  -25.156  96.642 0.0000000000
46839  13.935  -24.993  97.644 0.0000000000
44520  12.603  -26.559  98.101 0.0000000000
43397  11.800  -27.712  97.825 0.0000000000
42243  10.675  -28.533  97.615 0.0000000000
43390  10.874  -27.488  98.695 0.0000000000
44508  10.070  -26.764  99.598 0.0000000000
57686  4.499  -16.352  92.622 0.0000000000
126741  4.523  -16.900  92.069 0.0000000000
125973  4.956  -15.778  91.437 0.0000000000
57711  4.815  -15.823  90.499 0.0000000000
120554  5.595  -15.386  89.406 0.0000000000
41103  2.504  -30.675  92.143 0.0000000000
119611  2.589  -29.800  92.476 0.0000000000
42287  2.869  -29.540  93.397 0.0000000000
133764  2.602  -28.257  94.111 0.0000000000
45707  2.804  -26.773  94.846 0.0000000000
52627  6.593  -20.851  98.942 0.0000000000
51484  5.275  -21.959  98.651 0.0000000000
53759  5.937  -20.050  98.282 0.0000000000
55589  5.886  -18.785  97.647 0.0000000000
141669  5.101  -18.391  97.221 0.0000000000
56653  5.059  -17.509  96.563 0.0000000000
38949  6.305  -31.410  95.533 0.0000000000
37861  5.890  -32.088  94.435 0.0000000000
38964  5.062  -31.755  95.115 0.0000000000
37864  3.994  -32.215  94.144 0.0000000000
36839  3.818  -32.594  92.575 0.0000000000
36849  3.442  -32.873  92.036 0.0000000000
38977  3.330  -31.683  93.467 0.0000000000
131758  2.843  -31.396  92.688 0.0000000000
46866  2.396  -25.909  90.701 0.0000000000
46874  2.614  -26.182  89.018 0.0000000000
122629  2.861  -24.855  90.080 0.0000000000
48000  3.458  -24.331  89.586 0.0000000000
49201  4.030  -23.927  89.034 0.0000000000
52718  5.926  -21.155  89.173 0.0000000000
117910  8.532  -21.931  90.023 0.0000000000
51583  8.142  -21.468  88.314 0.0000000000
51590  9.216  -21.718  87.415 0.0000000000
50421  9.298  -22.292  85.977 0.0000000000
50455  8.659  -22.505  83.595 0.0000000000
130538  9.800  -21.570  84.801 0.0000000000
51638  10.220  -20.920  83.620 0.0000000000
53867  9.870  -20.055  82.852 0.0000000000
141665  4.496  -17.655  80.164 0.0000000000
53915  6.149  -18.534  80.204 0.0000000000
138088  5.789  -18.184  79.047 0.0000000000
42255  4.621  -29.280  96.830 0.0000000000
43408  3.935  -28.127  96.956 0.0000000000
44523  4.855  -27.656  98.214 0.0000000000
45688  5.315  -25.934  99.167 0.0000000000
47928  6.033  -23.800  99.740 0.0000000000
123418  7.880  -24.253  100.511 0.0000000000
50296  7.377  -22.895  100.274 0.0000000000
132302  6.709  -21.841  99.919 0.0000000000
53758  7.448  -19.828  98.498 0.0000000000
47957  16.192  -23.814  93.128 0.0000000000
46858  15.715  -24.418  91.562 0.0000000000
46856  15.323  -24.689  93.596 0.0000000000
44535  13.484  -26.642  95.663 0.0000000000
43421  13.544  -27.489  93.797 0.0000000000
42295  12.654  -28.811  92.252 0.0000000000
38959  8.792  -31.505  94.562 0.0000000000
39969  8.113  -31.313  95.427 0.0000000000
42254  9.481  -29.347  97.391 0.0000000000
41070  8.530  -30.522  96.466 0.0000000000
39957  7.303  -31.036  96.044 0.0000000000
39952  6.148  -30.560  96.582 0.0000000000
41065  5.135  -29.821  96.778 0.0000000000
51519  5.031  -21.863  94.897 0.0000000000
50343  6.098  -22.918  93.751 0.0000000000
51548  5.462  -21.174  93.295 0.0000000000
51558  5.586  -21.019  92.322 0.0000000000
51569  5.169  -20.729  91.362 0.0000000000
55670  4.416  -17.835  91.067 0.0000000000
119379  4.488  -19.441  90.652 0.0000000000
52720  4.770  -20.493  89.784 0.0000000000
133538  4.759  -20.328  88.965 0.0000000000
52737  4.777  -19.973  87.557 0.0000000000
53842  4.194  -19.564  86.188 0.0000000000
51478  13.385  -22.423  97.556 0.0000000000
49136  17.087  -22.350  92.427 0.0000000000
52693  21.507  -19.088  92.494 0.0000000000
53801  20.759  -18.260  93.714 0.0000000000
52695  19.382  -19.543  92.930 0.0000000000
51516  18.510  -20.053  93.831 0.0000000000
51530  18.116  -21.094  93.512 0.0000000000
49120  17.072  -22.432  93.720 0.0000000000
49105  16.255  -22.516  96.240 0.0000000000
49101  16.172  -22.626  96.901 0.0000000000
51485  16.406  -20.939  97.351 0.0000000000
49093  15.775  -22.834  97.726 0.0000000000
50300  14.983  -22.200  97.571 0.0000000000
124560  14.328  -22.856  97.813 0.0000000000
42324  1.977  -30.420  89.561 0.0000000000
44576  2.347  -28.151  90.528 0.0000000000
43445  2.302  -28.568  91.790 0.0000000000
44569  2.291  -27.741  91.626 0.0000000000
124379  2.287  -26.969  91.225 0.0000000000
132625  2.427  -25.880  91.413 0.0000000000
47965  2.973  -24.749  92.485 0.0000000000
133628  4.007  -23.851  93.921 0.0000000000
44529  3.199  -27.020  96.730 0.0000000000
45701  3.042  -26.413  96.758 0.0000000000
47949  2.945  -25.486  95.847 0.0000000000
50313  4.104  -22.506  98.342 0.0000000000
49103  3.639  -24.126  97.434 0.0000000000
47948  3.021  -24.775  96.037 0.0000000000
133826  3.372  -24.232  95.165 0.0000000000
49112  4.512  -23.381  95.275 0.0000000000
50329  5.096  -22.867  95.125 0.0000000000
51520  4.404  -20.896  95.099 0.0000000000
53806  4.348  -18.989  95.071 0.0000000000
56681  4.414  -17.312  94.207 0.0000000000
56671  4.499  -16.992  95.407 0.0000000000
56680  4.432  -16.858  94.607 0.0000000000
57674  4.477  -16.327  93.403 0.0000000000
36861  6.285  -32.901  91.186 0.0000000000
37883  5.596  -32.386  92.979 0.0000000000
136774  2.421  -26.796  87.742 0.0000000000
120561  2.450  -28.260  85.926 0.0000000000
45846  3.990  -26.393  82.488 0.0000000000
49154  6.233  -23.479  92.229 0.0000000000
118032  6.226  -23.476  90.342 0.0000000000
136675  5.340  -23.555  88.662 0.0000000000
49182  8.578  -22.983  89.661 0.0000000000
118530  6.672  -23.447  88.230 0.0000000000
127515  4.970  -23.654  87.036 0.0000000000
49268  4.317  -24.197  85.405 0.0000000000
135323  4.272  -25.385  83.285 0.0000000000
46962  4.112  -26.055  81.974 0.0000000000
48098  4.390  -25.705  81.863 0.0000000000
49324  8.196  -23.260  82.039 0.0000000000
49357  7.698  -24.503  80.589 0.0000000000
57732  5.898  -15.321  88.687 0.0000000000
58742  6.626  -14.711  87.521 0.0000000000
56746  5.407  -16.303  87.795 0.0000000000
55685  4.739  -17.193  86.979 0.0000000000
54804  4.047  -18.393  86.099 0.0000000000
53862  3.753  -18.914  85.126 0.0000000000
56765  4.260  -16.991  84.190 0.0000000000
135727  4.008  -19.027  83.907 0.0000000000
52789  4.661  -20.041  83.779 0.0000000000
52787  6.319  -20.325  83.281 0.0000000000
53881  7.583  -19.894  82.503 0.0000000000
53889  9.568  -19.643  81.179 0.0000000000
53901  9.373  -19.449  80.177 0.0000000000
49087  12.161  -24.063  99.068 0.0000000000
50303  11.723  -23.582  98.630 0.0000000000
51479  12.395  -22.963  98.031 0.0000000000
129642  12.759  -24.396  99.115 0.0000000000
130448  12.084  -24.580  99.373 0.0000000000
43556  4.228  -27.540  81.161 0.0000000000
136527  4.205  -26.775  80.981 0.0000000000
41072  3.780  -30.140  95.178 0.0000000000
42268  3.478  -29.540  95.051 0.0000000000
137670  16.287  -23.414  91.813 0.0000000000
128048  16.109  -23.204  91.107 0.0000000000
47974  15.940  -23.934  91.308 0.0000000000
42261  4.091  -29.836  95.824 0.0000000000
39971  3.518  -30.819  94.558 0.0000000000
120761  5.135  -23.565  93.073 0.0000000000
52747  5.171  -20.751  86.078 0.0000000000
135263  6.745  -21.136  86.391 0.0000000000
52746  5.979  -21.031  85.895 0.0000000000
52759  6.132  -20.772  85.084 0.0000000000
43395  7.344  -27.380  98.485 0.0000000000
43389  7.204  -26.705  98.914 0.0000000000
44511  7.798  -26.656  99.258 0.0000000000
46845  14.767  -23.799  96.023 0.0000000000
46846  14.425  -24.562  96.435 0.0000000000
42251  11.583  -28.508  96.594 0.0000000000
42258  11.823  -28.799  95.813 0.0000000000
42267  11.414  -29.443  95.368 0.0000000000
41067  10.809  -29.875  95.759 0.0000000000
42260  10.501  -29.483  96.467 0.0000000000
43387  8.458  -27.095  98.908 0.0000000000
42239  8.275  -28.106  98.122 0.0000000000
43394  8.049  -27.523  98.532 0.0000000000
42240  7.559  -28.001  98.043 0.0000000000
55640  4.459  -17.682  93.760 0.0000000000
54780  4.475  -17.948  93.285 0.0000000000
55651  4.476  -17.605  92.768 0.0000000000
56742  4.377  -17.019  89.762 0.0000000000
55683  4.442  -17.997  88.745 0.0000000000
56748  4.485  -17.033  88.818 0.0000000000
40006  1.438  -31.632  90.724 0.0000000000
41124  1.489  -31.147  90.484 0.0000000000
135268  2.456  -26.432  94.464 0.0000000000
46857  2.273  -26.018  93.942 0.0000000000
47935  4.858  -24.318  99.357 0.0000000000
47939  4.406  -24.388  99.115 0.0000000000
49091  4.757  -23.711  99.200 0.0000000000
54735  4.411  -19.433  97.280 0.0000000000
142060  4.233  -20.473  97.575 0.0000000000
53773  4.183  -19.916  97.287 0.0000000000
52651  4.015  -20.518  97.135 0.0000000000
122289  4.027  -19.865  96.800 0.0000000000
122525  4.284  -19.274  96.517 0.0000000000
38974  7.442  -31.861  94.316 0.0000000000
38975  6.604  -31.927  94.297 0.0000000000
36847  4.336  -33.683  92.346 0.0000000000
39995  1.774  -31.486  91.041 0.0000000000
39008  1.459  -32.159  90.748 0.0000000000
39021  1.260  -32.237  90.545 0.0000000000
135705  2.434  -27.969  89.640 0.0000000000
43466  2.396  -28.285  88.835 0.0000000000
44592  2.408  -27.510  88.772 0.0000000000
48031  3.622  -24.643  87.631 0.0000000000
48032  3.292  -25.239  87.310 0.0000000000
48044  3.687  -24.850  86.670 0.0000000000
48045  3.516  -25.340  86.018 0.0000000000
124228  6.948  -21.472  91.608 0.0000000000
51555  8.001  -22.219  91.578 0.0000000000
126253  7.709  -21.779  91.476 0.0000000000
139027  8.040  -22.820  85.597 0.0000000000
49265  7.610  -23.075  86.027 0.0000000000
129161  7.315  -22.942  85.278 0.0000000000
49290  6.517  -23.153  84.847 0.0000000000
124553  6.483  -23.075  84.133 0.0000000000
49309  7.003  -22.908  83.728 0.0000000000
51664  10.386  -21.392  81.418 0.0000000000
49339  9.651  -22.694  81.387 0.0000000000
50492  10.243  -22.113  81.005 0.0000000000
58753  6.149  -14.763  85.771 0.0000000000
57755  5.281  -15.824  85.183 0.0000000000
57760  5.626  -15.061  84.747 0.0000000000
132580  4.101  -17.794  81.203 0.0000000000
56781  4.173  -16.912  81.626 0.0000000000
54824  4.114  -18.527  82.123 0.0000000000
53894  5.410  -19.088  81.441 0.0000000000
135717  5.201  -18.823  81.136 0.0000000000
45678  9.579  -25.678  99.775 0.0000000000
46821  9.378  -25.157  99.731 0.0000000000
47922  9.991  -24.937  99.525 0.0000000000
51480  11.111  -22.951  98.388 0.0000000000
47937  14.724  -23.996  98.026 0.0000000000
135576  14.365  -24.532  97.925 0.0000000000
47938  14.046  -24.318  98.384 0.0000000000
46836  12.504  -25.537  99.020 0.0000000000
45690  12.778  -25.877  98.431 0.0000000000
44528  12.408  -27.171  97.516 0.0000000000
44521  12.021  -27.079  98.270 0.0000000000
43398  11.140  -27.974  98.059 0.0000000000
44522  11.508  -27.009  98.821 0.0000000000
46829  10.928  -25.226  99.588 0.0000000000
44507  10.714  -26.590  99.550 0.0000000000
45683  10.254  -26.175  99.810 0.0000000000
123424  9.428  -26.811  99.408 0.0000000000
134285  4.720  -15.871  92.338 0.0000000000
57710  5.281  -15.346  90.858 0.0000000000
58715  5.751  -14.817  90.641 0.0000000000
57723  5.359  -15.344  90.167 0.0000000000
58726  5.942  -14.881  89.877 0.0000000000
41092  2.768  -30.442  93.003 0.0000000000
43423  3.035  -28.594  94.464 0.0000000000
43430  2.819  -28.834  93.842 0.0000000000
44537  2.815  -27.648  94.557 0.0000000000
126624  3.274  -27.111  95.250 0.0000000000
54708  6.651  -19.874  98.489 0.0000000000
53749  6.388  -20.329  98.636 0.0000000000
54717  6.581  -19.366  98.129 0.0000000000
55588  6.372  -18.774  97.743 0.0000000000
55600  5.550  -18.253  97.355 0.0000000000
56642  5.790  -17.694  97.113 0.0000000000
56652  5.542  -17.275  96.706 0.0000000000
38950  5.686  -31.359  95.539 0.0000000000
38963  5.724  -31.754  95.055 0.0000000000
38965  3.959  -31.872  94.693 0.0000000000
124669  3.704  -32.044  93.412 0.0000000000
37874  3.458  -32.108  92.672 0.0000000000
121195  2.966  -31.008  93.377 0.0000000000
132425  3.095  -31.433  93.327 0.0000000000
39985  2.693  -31.003  92.677 0.0000000000
47988  2.650  -25.263  90.948 0.0000000000
48002  2.607  -25.511  90.224 0.0000000000
47987  2.985  -24.644  90.873 0.0000000000
49172  3.811  -23.945  91.083 0.0000000000
49187  3.373  -24.244  90.516 0.0000000000
48015  3.524  -24.496  88.580 0.0000000000
52725  6.512  -21.249  88.564 0.0000000000
51584  7.511  -21.439  88.889 0.0000000000
52724  7.224  -21.304  88.014 0.0000000000
52732  8.499  -21.207  87.023 0.0000000000
51591  8.702  -21.509  87.680 0.0000000000
52731  9.025  -21.331  86.948 0.0000000000
50404  9.481  -21.902  86.396 0.0000000000
51601  9.529  -21.359  85.925 0.0000000000
50420  9.611  -21.699  85.612 0.0000000000
51614  9.835  -21.141  85.184 0.0000000000
53860  8.847  -20.119  84.317 0.0000000000
52771  9.563  -20.408  84.650 0.0000000000
53859  9.450  -20.060  83.908 0.0000000000
52785  10.073  -20.430  83.381 0.0000000000
53868  9.384  -19.829  83.149 0.0000000000
56789  4.201  -16.692  80.103 0.0000000000
55732  4.706  -17.470  79.511 0.0000000000
54845  5.452  -18.025  79.311 0.0000000000
55742  5.045  -17.691  78.881 0.0000000000
41058  5.056  -29.197  97.189 0.0000000000
42250  4.721  -28.751  97.346 0.0000000000
123720  4.913  -28.316  97.779 0.0000000000
45687  5.904  -26.199  99.103 0.0000000000
45692  5.191  -26.561  98.982 0.0000000000
46831  5.879  -25.480  99.337 0.0000000000
46832  5.070  -25.331  99.267 0.0000000000
47927  6.187  -24.308  99.743 0.0000000000
47924  8.424  -24.492  100.278 0.0000000000
47925  7.998  -24.818  100.530 0.0000000000
49080  8.031  -23.709  100.220 0.0000000000
50295  7.683  -22.562  100.023 0.0000000000
51471  7.328  -22.133  100.069 0.0000000000
51472  6.940  -22.212  100.162 0.0000000000
51482  7.385  -21.539  99.789 0.0000000000
52626  6.978  -21.041  99.290 0.0000000000
52639  7.918  -20.406  98.764 0.0000000000
47954  16.083  -23.333  94.178 0.0000000000
138301  15.704  -24.365  93.189 0.0000000000
46852  15.750  -24.076  93.844 0.0000000000
45709  14.549  -25.451  94.165 0.0000000000
45708  14.985  -24.988  94.017 0.0000000000
44549  14.303  -26.134  93.495 0.0000000000
45699  13.714  -25.696  96.825 0.0000000000
45703  13.794  -25.866  96.182 0.0000000000
42265  12.557  -28.524  94.641 0.0000000000
43422  13.094  -28.037  94.280 0.0000000000
43429  13.194  -28.144  93.440 0.0000000000
42285  12.772  -28.742  93.089 0.0000000000
42286  12.273  -29.198  93.489 0.0000000000
41091  11.324  -30.233  93.254 0.0000000000
39954  9.630  -30.701  95.607 0.0000000000
39968  9.193  -31.081  95.073 0.0000000000
126474  8.598  -31.278  95.130 0.0000000000
42244  9.943  -28.744  97.816 0.0000000000
42253  10.225  -29.140  97.179 0.0000000000
41054  7.997  -29.379  97.328 0.0000000000
41061  8.245  -30.031  96.989 0.0000000000
39950  7.713  -30.592  96.539 0.0000000000
39951  6.867  -30.689  96.495 0.0000000000
41063  6.638  -30.019  96.898 0.0000000000
42249  6.046  -28.583  97.704 0.0000000000
41064  5.893  -29.961  96.931 0.0000000000
41057  5.623  -29.280  97.251 0.0000000000
51534  4.665  -20.786  94.371 0.0000000000
51533  5.271  -21.536  94.148 0.0000000000
52696  4.926  -20.497  93.557 0.0000000000
53819  4.876  -19.542  92.175 0.0000000000
52706  5.163  -20.232  92.639 0.0000000000
52710  5.030  -20.119  91.749 0.0000000000
56719  4.476  -17.413  91.526 0.0000000000
54792  4.399  -18.499  89.977 0.0000000000
54789  4.409  -18.325  90.674 0.0000000000
53828  4.393  -19.070  90.194 0.0000000000
53827  4.439  -19.871  90.019 0.0000000000
52721  4.567  -20.022  89.296 0.0000000000
53839  4.451  -19.035  87.594 0.0000000000
120266  4.677  -19.600  88.025 0.0000000000
53838  4.527  -19.574  87.065 0.0000000000
52749  4.565  -19.985  86.606 0.0000000000
53843  4.210  -19.004  86.613 0.0000000000
51488  13.693  -21.768  97.225 0.0000000000
52635  13.922  -21.059  97.003 0.0000000000
53765  14.407  -20.424  97.147 0.0000000000
129225  17.747  -20.708  91.612 0.0000000000
131228  17.314  -21.363  90.985 0.0000000000
132198  17.485  -21.589  92.335 0.0000000000
53789  19.760  -18.353  94.798 0.0000000000
117860  20.561  -18.842  93.218 0.0000000000
137831  19.480  -19.175  93.486 0.0000000000
51517  18.030  -21.159  94.436 0.0000000000
50351  17.532  -21.901  93.127 0.0000000000
50341  17.716  -21.936  94.043 0.0000000000
124496  16.881  -21.358  96.337 0.0000000000
50319  16.560  -21.859  96.162 0.0000000000
50316  16.445  -22.000  96.667 0.0000000000
52632  16.752  -19.533  97.809 0.0000000000
125947  16.384  -20.200  97.512 0.0000000000
49092  16.163  -22.506  97.620 0.0000000000
50309  16.049  -22.025  97.768 0.0000000000
50310  15.532  -22.611  97.758 0.0000000000
51475  15.849  -21.000  97.557 0.0000000000
53755  15.397  -19.980  97.426 0.0000000000
52622  14.948  -21.101  97.299 0.0000000000
52634  14.630  -20.896  97.201 0.0000000000
51487  14.211  -21.764  97.323 0.0000000000
117524  1.335  -32.308  88.255 0.0000000000
40037  1.571  -31.606  88.785 0.0000000000
42314  1.865  -30.402  90.342 0.0000000000
42323  2.207  -29.689  89.833 0.0000000000
43460  2.314  -28.846  90.095 0.0000000000
43454  2.251  -28.786  90.703 0.0000000000
124313  2.397  -28.843  92.467 0.0000000000
42303  2.328  -29.472  91.744 0.0000000000
124563  2.313  -27.087  92.103 0.0000000000
141982  2.285  -27.675  91.010 0.0000000000
45728  2.361  -26.425  91.757 0.0000000000
135547  2.289  -26.304  91.122 0.0000000000
46863  2.492  -25.933  92.244 0.0000000000
47958  2.926  -24.732  93.359 0.0000000000
49142  3.309  -24.113  93.115 0.0000000000
49125  3.336  -24.224  93.866 0.0000000000
43403  3.764  -27.590  97.381 0.0000000000
124290  3.583  -27.687  96.613 0.0000000000
137852  3.334  -27.191  97.228 0.0000000000
46840  3.380  -25.276  97.774 0.0000000000
46844  3.074  -25.735  97.188 0.0000000000
45704  3.033  -25.976  96.164 0.0000000000
46847  2.992  -25.222  96.580 0.0000000000
52630  4.979  -21.302  98.414 0.0000000000
50311  4.336  -22.545  98.584 0.0000000000
51497  4.218  -21.993  98.451 0.0000000000
132415  3.941  -21.804  97.603 0.0000000000
50318  3.874  -23.399  97.305 0.0000000000
121362  3.409  -24.082  96.696 0.0000000000
138499  3.341  -24.041  95.922 0.0000000000
139159  3.850  -23.570  96.133 0.0000000000
135600  4.584  -22.678  95.815 0.0000000000
50322  4.800  -21.996  95.465 0.0000000000
54755  4.368  -18.873  95.451 0.0000000000
52671  4.310  -19.549  95.291 0.0000000000
54761  4.387  -18.554  95.049 0.0000000000
135222  4.418  -17.981  94.671 0.0000000000
56663  4.749  -17.171  96.057 0.0000000000
46859  15.289  -24.920  91.978 0.0000000000
46862  15.533  -25.239  91.075 0.0000000000
45727  15.162  -25.955  91.069 0.0000000000
129355  7.043  -32.597  91.589 0.0000000000
138521  5.431  -32.404  93.872 0.0000000000
37871  6.129  -32.269  93.731 0.0000000000
39048  0.894  -32.992  89.481 0.0000000000
133584  0.971  -32.774  88.765 0.0000000000
122352  2.490  -29.375  86.998 0.0000000000
134537  2.522  -29.904  86.608 0.0000000000
43498  2.500  -29.132  86.297 0.0000000000
45753  2.442  -26.784  88.529 0.0000000000
46884  2.579  -26.206  88.152 0.0000000000
45780  2.678  -26.810  86.112 0.0000000000
44648  2.678  -27.367  85.491 0.0000000000
127660  2.665  -28.078  85.113 0.0000000000
44663  2.872  -27.434  84.719 0.0000000000
46913  3.557  -25.995  84.551 0.0000000000
45817  3.315  -26.559  84.232 0.0000000000
45833  3.517  -26.641  83.492 0.0000000000
134693  3.733  -26.658  82.931 0.0000000000
46929  3.977  -26.152  83.025 0.0000000000
49122  6.424  -23.162  93.372 0.0000000000
49139  6.944  -23.252  92.923 0.0000000000
49169  7.175  -23.391  91.123 0.0000000000
141586  6.958  -23.439  90.394 0.0000000000
49185  5.775  -23.535  89.433 0.0000000000
117666  6.237  -23.507  88.782 0.0000000000
128692  8.731  -21.961  89.208 0.0000000000
50376  8.751  -22.334  89.457 0.0000000000
49197  8.814  -22.858  88.829 0.0000000000
121340  6.993  -23.377  86.596 0.0000000000
49220  6.773  -23.455  87.505 0.0000000000
49243  5.937  -23.546  86.897 0.0000000000
134682  5.248  -23.596  86.383 0.0000000000
49244  4.542  -23.882  86.297 0.0000000000
123997  5.050  -23.640  85.674 0.0000000000
134766  4.467  -24.808  83.538 0.0000000000
48080  4.528  -25.271  82.808 0.0000000000
48082  4.202  -25.778  82.823 0.0000000000
48081  4.296  -25.761  82.344 0.0000000000
46961  4.130  -26.002  81.994 0.0000000000
118071  4.588  -25.457  82.263 0.0000000000
48119  6.204  -25.132  80.642 0.0000000000
50475  8.364  -22.821  82.720 0.0000000000
49356  8.608  -24.065  80.499 0.0000000000
119996  7.939  -24.048  81.204 0.0000000000
48141  7.251  -25.124  79.256 0.0000000000
58741  7.192  -14.151  87.032 0.0000000000
57749  6.171  -15.063  87.078 0.0000000000
57741  6.084  -15.164  87.870 0.0000000000
56752  4.997  -16.816  87.363 0.0000000000
56751  5.342  -16.378  86.974 0.0000000000
129506  4.276  -17.508  85.675 0.0000000000
55694  4.013  -17.885  85.527 0.0000000000
53852  3.918  -18.955  85.786 0.0000000000
54811  3.789  -18.374  85.325 0.0000000000
57774  4.592  -15.810  82.393 0.0000000000
58764  5.211  -15.551  83.556 0.0000000000
56764  4.730  -16.344  84.089 0.0000000000
123603  4.483  -16.651  83.640 0.0000000000
53873  4.039  -18.910  83.245 0.0000000000
133924  3.807  -18.372  83.680 0.0000000000
53872  4.383  -19.465  83.209 0.0000000000
52790  4.232  -19.650  84.163 0.0000000000
52788  5.405  -20.327  83.532 0.0000000000
52798  5.691  -20.125  82.752 0.0000000000
53891  7.136  -19.612  81.667 0.0000000000
52797  6.501  -20.022  82.331 0.0000000000
117511  8.007  -19.518  81.902 0.0000000000
53890  8.752  -19.416  81.614 0.0000000000
53914  6.725  -18.679  80.091 0.0000000000
47921  10.814  -24.830  99.500 0.0000000000
49077  10.309  -24.552  99.433 0.0000000000
126605  11.173  -24.011  99.087 0.0000000000
49085  13.873  -23.693  98.443 0.0000000000
47930  13.306  -24.600  98.682 0.0000000000
140219  13.187  -24.015  98.947 0.0000000000
46827  12.809  -25.026  99.125 0.0000000000
141542  12.317  -25.271  99.340 0.0000000000
45691  11.404  -26.441  99.279 0.0000000000
46828  11.752  -25.305  99.516 0.0000000000
47932  11.583  -24.884  99.527 0.0000000000
44726  4.474  -26.919  79.926 0.0000000000
42269  3.261  -29.288  94.653 0.0000000000
39960  4.904  -30.455  96.022 0.0000000000
38952  4.405  -30.993  95.382 0.0000000000
126584  4.103  -31.416  94.966 0.0000000000
38966  3.720  -31.439  94.574 0.0000000000
39972  3.237  -30.730  94.009 0.0000000000
49157  3.382  -24.217  92.220 0.0000000000
49156  3.845  -23.867  91.877 0.0000000000
49155  4.474  -23.680  91.496 0.0000000000
52735  5.370  -20.708  87.457 0.0000000000
52734  6.989  -21.197  87.146 0.0000000000
52745  7.909  -21.023  86.475 0.0000000000
52758  8.815  -20.722  85.798 0.0000000000
127156  9.554  -20.805  85.409 0.0000000000
140269  7.920  -20.702  85.581 0.0000000000
117075  8.376  -20.441  85.004 0.0000000000
52773  7.966  -20.301  84.310 0.0000000000
42242  6.046  -27.829  98.065 0.0000000000
43401  5.440  -28.120  97.981 0.0000000000
44516  6.436  -27.240  98.503 0.0000000000
44512  6.398  -26.608  98.892 0.0000000000
46825  6.682  -25.445  99.571 0.0000000000
128454  8.134  -22.680  99.824 0.0000000000
52638  8.605  -20.846  98.668 0.0000000000
123946  8.380  -20.128  98.280 0.0000000000
47951  15.421  -23.428  95.578 0.0000000000
46853  15.283  -24.415  94.338 0.0000000000
46849  15.083  -24.116  95.186 0.0000000000
46850  14.434  -24.596  95.563 0.0000000000
45706  14.194  -25.311  95.015 0.0000000000
43404  12.579  -27.476  96.635 0.0000000000
44532  13.130  -27.126  96.202 0.0000000000
43409  12.777  -27.749  95.876 0.0000000000
43414  12.358  -28.326  95.433 0.0000000000
42276  12.177  -29.153  94.242 0.0000000000
41079  10.314  -30.441  95.302 0.0000000000
42238  8.941  -28.210  98.240 0.0000000000
42245  9.215  -28.860  97.903 0.0000000000
41055  7.198  -29.342  97.261 0.0000000000
42248  6.958  -28.624  97.635 0.0000000000
53814  4.497  -18.789  94.217 0.0000000000
52698  4.579  -19.116  93.559 0.0000000000
53820  4.627  -18.826  92.293 0.0000000000
139932  4.503  -18.338  91.707 0.0000000000
56732  4.401  -17.068  90.556 0.0000000000
56733  4.414  -17.544  90.851 0.0000000000
56743  4.379  -17.580  90.189 0.0000000000
55678  4.415  -18.038  89.724 0.0000000000
54794  4.479  -18.528  89.114 0.0000000000
53834  4.602  -19.609  88.898 0.0000000000
54797  4.431  -18.473  88.137 0.0000000000
55687  4.344  -17.968  87.649 0.0000000000
51543  18.614  -19.979  92.031 0.0000000000
52665  19.105  -19.045  94.872 0.0000000000
50321  17.382  -21.850  94.904 0.0000000000
51498  17.281  -20.692  96.530 0.0000000000
120933  16.085  -20.051  97.668 0.0000000000
39035  1.144  -32.263  89.937 0.0000000000
40026  1.385  -31.536  89.699 0.0000000000
42304  2.123  -29.985  91.003 0.0000000000
44551  2.249  -27.759  93.347 0.0000000000
45713  2.159  -27.107  92.941 0.0000000000
46860  2.346  -25.909  93.081 0.0000000000
47959  2.570  -25.340  93.661 0.0000000000
45693  4.062  -26.247  98.615 0.0000000000
45697  3.579  -26.371  98.091 0.0000000000
134463  3.744  -25.849  98.410 0.0000000000
45694  3.807  -25.226  98.382 0.0000000000
47941  3.780  -24.589  97.993 0.0000000000
53761  5.057  -20.162  97.875 0.0000000000
123758  4.328  -20.913  97.952 0.0000000000
50320  4.027  -22.538  97.051 0.0000000000
49108  4.220  -23.062  96.323 0.0000000000
52670  4.196  -20.161  95.635 0.0000000000
53779  4.171  -19.679  96.140 0.0000000000
53780  4.357  -18.984  95.950 0.0000000000
54754  4.428  -18.436  95.592 0.0000000000
122452  14.522  -26.835  91.922 0.0000000000
44566  14.839  -26.418  90.663 0.0000000000
44567  14.375  -26.849  91.175 0.0000000000
38986  8.422  -32.198  93.340 0.0000000000
37881  7.115  -32.608  92.997 0.0000000000
37894  6.563  -32.551  92.431 0.0000000000
38996  2.628  -31.937  91.741 0.0000000000
136672  2.058  -32.558  91.122 0.0000000000
130891  1.018  -32.874  90.293 0.0000000000
136867  2.310  -29.879  88.360 0.0000000000
43483  2.432  -28.748  87.521 0.0000000000
133137  2.691  -26.255  87.366 0.0000000000
133135  3.062  -25.784  87.010 0.0000000000
46902  3.045  -26.321  85.847 0.0000000000
131223  3.023  -26.916  84.801 0.0000000000
46901  3.389  -25.890  85.497 0.0000000000
48054  3.703  -25.410  85.159 0.0000000000
51546  7.086  -22.365  92.946 0.0000000000
50352  7.280  -22.911  92.884 0.0000000000
51545  7.568  -22.598  92.365 0.0000000000
50361  7.875  -22.835  91.821 0.0000000000
49168  7.951  -23.128  91.204 0.0000000000
49218  8.721  -23.064  87.227 0.0000000000
120290  8.431  -23.220  88.080 0.0000000000
140825  8.004  -23.243  86.695 0.0000000000
49292  4.905  -23.810  84.776 0.0000000000
117983  5.797  -23.431  85.203 0.0000000000
49291  5.683  -23.541  84.227 0.0000000000
49311  5.366  -23.905  83.457 0.0000000000
49343  5.074  -24.955  82.398 0.0000000000
49327  5.528  -24.135  82.821 0.0000000000
49326  6.325  -23.880  82.587 0.0000000000
125877  6.606  -24.245  81.899 0.0000000000
50474  9.549  -22.176  82.530 0.0000000000
50493  9.063  -22.777  82.123 0.0000000000
141380  9.601  -22.398  81.995 0.0000000000
49355  9.340  -23.350  80.764 0.0000000000
49372  9.414  -23.546  79.979 0.0000000000
58752  6.618  -14.646  86.430 0.0000000000
57750  5.951  -15.219  86.373 0.0000000000
56754  4.904  -16.760  86.347 0.0000000000
57751  5.440  -15.978  86.148 0.0000000000
121269  4.969  -16.413  85.550 0.0000000000
119930  4.474  -16.828  84.684 0.0000000000
139549  4.325  -16.493  82.291 0.0000000000
56771  4.502  -16.612  82.978 0.0000000000
119823  4.139  -17.129  83.530 0.0000000000
133998  3.856  -17.966  82.575 0.0000000000
53884  4.287  -19.025  82.539 0.0000000000
53883  4.875  -19.361  82.232 0.0000000000
53892  6.353  -19.423  81.414 0.0000000000
118422  6.897  -19.158  80.908 0.0000000000
44510  8.213  -26.738  99.287 0.0000000000
44506  7.976  -26.464  99.601 0.0000000000
44505  8.473  -26.258  99.667 0.0000000000
128395  8.787  -24.897  100.006 0.0000000000
50293  9.127  -23.685  99.604 0.0000000000
49089  10.149  -24.034  99.289 0.0000000000
50306  9.142  -22.406  99.143 0.0000000000
47944  14.961  -24.139  97.251 0.0000000000
46842  14.639  -24.686  97.009 0.0000000000
137354  14.544  -24.645  97.412 0.0000000000
46843  14.088  -25.056  97.117 0.0000000000
44526  13.263  -26.202  97.188 0.0000000000
45689  13.302  -25.417  98.000 0.0000000000
45696  13.076  -26.080  97.827 0.0000000000
124263  12.923  -26.808  96.926 0.0000000000
43405  12.024  -27.907  97.078 0.0000000000
43406  11.360  -28.239  97.359 0.0000000000
42252  10.958  -28.901  96.941 0.0000000000
43399  10.392  -28.082  98.196 0.0000000000
44514  10.989  -26.941  99.141 0.0000000000
44515  10.420  -27.139  99.218 0.0000000000
43391  10.088  -27.653  98.773 0.0000000000
43392  9.377  -27.662  98.684 0.0000000000
43386  9.097  -27.166  98.987 0.0000000000
56702  4.462  -16.769  92.899 0.0000000000
56703  4.499  -17.261  92.352 0.0000000000
57699  4.607  -16.437  91.794 0.0000000000
57712  4.640  -16.479  90.950 0.0000000000
58703  5.518  -14.856  91.511 0.0000000000
57724  4.789  -15.802  89.679 0.0000000000
41104  2.094  -30.982  91.387 0.0000000000
41114  2.185  -30.444  91.453 0.0000000000
135029  2.667  -28.947  93.089 0.0000000000
139837  2.766  -28.906  93.508 0.0000000000
132690  2.477  -28.390  93.609 0.0000000000
44543  2.337  -27.711  94.000 0.0000000000
124781  2.476  -27.106  94.330 0.0000000000
46851  2.709  -26.041  95.259 0.0000000000
51483  5.946  -21.987  99.209 0.0000000000
50307  5.372  -22.616  99.012 0.0000000000
52629  5.768  -21.224  98.719 0.0000000000
53750  5.949  -20.488  98.557 0.0000000000
52640  5.325  -20.650  98.318 0.0000000000
54718  6.090  -19.314  97.896 0.0000000000
54719  5.761  -19.483  97.840 0.0000000000
54730  4.787  -19.522  97.503 0.0000000000
55601  4.737  -18.853  97.240 0.0000000000
128968  4.517  -18.839  96.869 0.0000000000
135397  4.944  -18.200  96.952 0.0000000000
38962  6.389  -31.655  94.941 0.0000000000
37862  5.188  -32.179  94.574 0.0000000000
37863  4.488  -32.087  94.679 0.0000000000
37872  4.672  -32.412  93.868 0.0000000000
37873  4.199  -32.351  93.125 0.0000000000
38987  3.063  -31.711  92.732 0.0000000000
39994  2.451  -31.298  91.766 0.0000000000
129758  2.394  -26.537  90.524 0.0000000000
46869  2.547  -26.076  89.925 0.0000000000
46868  2.744  -25.529  89.487 0.0000000000
48001  3.048  -24.956  89.068 0.0000000000
49223  3.987  -23.997  88.078 0.0000000000
51576  6.589  -21.308  89.990 0.0000000000
51567  7.324  -21.488  90.824 0.0000000000
51574  7.725  -21.542  89.912 0.0000000000
118910  8.341  -21.688  89.188 0.0000000000
51582  8.702  -21.804  88.522 0.0000000000
50392  9.206  -22.171  87.773 0.0000000000
49217  9.254  -22.498  86.763 0.0000000000
49264  8.719  -22.539  85.442 0.0000000000
50439  7.843  -22.680  84.091 0.0000000000
50438  8.704  -22.455  84.572 0.0000000000
50437  9.397  -22.042  84.249 0.0000000000
50454  9.483  -22.049  83.357 0.0000000000
51613  9.927  -20.749  84.815 0.0000000000
51626  10.090  -21.019  84.472 0.0000000000
51639  10.030  -21.485  82.901 0.0000000000
51650  10.329  -21.246  82.149 0.0000000000
52806  10.380  -20.701  81.729 0.0000000000
123057  4.189  -17.203  80.764 0.0000000000
55724  4.532  -18.144  80.623 0.0000000000
54828  5.273  -18.574  80.634 0.0000000000
54833  5.280  -18.182  79.977 0.0000000000
54856  5.581  -18.139  78.731 0.0000000000
42256  4.216  -29.265  96.276 0.0000000000
43407  4.222  -28.721  96.938 0.0000000000
43402  4.336  -28.098  97.562 0.0000000000
44524  4.149  -27.346  97.998 0.0000000000
44518  5.134  -27.159  98.723 0.0000000000
44519  4.569  -26.855  98.608 0.0000000000
140018  4.595  -25.425  99.091 0.0000000000
129156  5.044  -24.729  99.389 0.0000000000
49084  5.942  -23.257  99.704 0.0000000000
46824  7.815  -25.351  100.238 0.0000000000
47926  7.267  -24.941  100.136 0.0000000000
124120  7.430  -24.307  100.446 0.0000000000
140828  7.908  -23.052  100.018 0.0000000000
49081  7.441  -23.725  100.408 0.0000000000
49082  6.949  -23.793  100.376 0.0000000000
49083  6.530  -23.331  100.182 0.0000000000
50298  6.354  -22.732  100.017 0.0000000000
51474  6.267  -22.267  99.751 0.0000000000
52620  6.601  -21.358  99.465 0.0000000000
53748  6.768  -20.402  98.759 0.0000000000
54707  7.099  -19.945  98.598 0.0000000000
134498  8.065  -19.896  98.349 0.0000000000
49137  16.585  -23.152  92.548 0.0000000000
47964  16.128  -23.860  92.154 0.0000000000
46855  15.751  -24.350  92.478 0.0000000000
45719  14.964  -25.502  92.443 0.0000000000
45712  14.858  -25.373  93.335 0.0000000000
130700  14.668  -25.990  92.773 0.0000000000
44558  14.408  -26.569  92.612 0.0000000000
43435  13.662  -27.628  92.251 0.0000000000
44534  13.809  -25.895  95.366 0.0000000000
123909  13.592  -26.443  94.849 0.0000000000
44536  13.115  -27.333  95.535 0.0000000000
43412  13.301  -27.201  94.743 0.0000000000
44542  13.789  -26.710  94.082 0.0000000000
43436  13.172  -28.166  92.505 0.0000000000
140267  12.992  -28.361  91.933 0.0000000000
41090  11.937  -29.748  93.038 0.0000000000
38972  9.067  -31.781  93.859 0.0000000000
38973  8.250  -31.910  94.073 0.0000000000
38960  8.147  -31.695  94.829 0.0000000000
38961  7.572  -31.554  95.100 0.0000000000
41059  9.806  -29.811  96.784 0.0000000000
41069  9.331  -30.378  96.300 0.0000000000
41053  8.747  -29.453  97.472 0.0000000000
41060  9.041  -29.995  96.982 0.0000000000
39956  8.018  -30.999  96.024 0.0000000000
39970  7.575  -31.255  95.596 0.0000000000
38948  6.976  -31.367  95.446 0.0000000000
131125  6.748  -31.159  95.953 0.0000000000
39958  6.255  -31.012  96.044 0.0000000000
39959  5.625  -30.807  96.040 0.0000000000
39953  5.575  -30.347  96.523 0.0000000000
41066  4.494  -29.848  96.255 0.0000000000
49111  5.431  -23.220  94.311 0.0000000000
49123  5.768  -23.328  93.643 0.0000000000
51518  5.521  -22.570  94.439 0.0000000000
51532  5.887  -22.161  93.780 0.0000000000
51547  6.287  -21.782  93.163 0.0000000000
125638  5.878  -21.110  91.530 0.0000000000
55663  4.472  -17.692  91.831 0.0000000000
53824  4.475  -18.724  91.125 0.0000000000
52711  4.745  -20.174  90.741 0.0000000000
52715  5.186  -20.910  90.646 0.0000000000
52719  5.481  -21.037  89.883 0.0000000000
125204  5.105  -20.765  89.044 0.0000000000
52726  5.582  -20.926  88.343 0.0000000000
52728  4.717  -20.000  88.492 0.0000000000
52727  5.000  -20.379  88.145 0.0000000000
52736  4.928  -20.269  87.085 0.0000000000
52748  4.733  -20.329  86.260 0.0000000000
52762  4.269  -20.016  85.792 0.0000000000
141230  13.257  -23.069  97.942 0.0000000000
51489  12.697  -22.305  97.507 0.0000000000
51495  13.007  -21.893  97.134 0.0000000000
51529  18.552  -20.123  92.914 0.0000000000
121087  16.974  -22.596  93.048 0.0000000000
49121  16.546  -23.012  93.462 0.0000000000
49104  16.579  -22.130  95.586 0.0000000000
49107  16.243  -22.751  95.489 0.0000000000
47950  15.935  -23.169  95.150 0.0000000000
47946  15.899  -23.009  95.953 0.0000000000
47942  15.924  -23.007  96.575 0.0000000000
138668  15.534  -23.355  96.798 0.0000000000
127051  17.652  -19.670  97.355 0.0000000000
51493  17.192  -20.482  97.001 0.0000000000
51494  17.072  -20.526  97.086 0.0000000000
50312  16.638  -21.254  97.081 0.0000000000
129007  16.364  -22.116  97.161 0.0000000000
142042  16.132  -22.707  97.339 0.0000000000
47943  15.341  -23.598  97.112 0.0000000000
47936  15.306  -23.490  97.542 0.0000000000
128823  15.043  -23.328  97.745 0.0000000000
49094  14.685  -23.143  97.833 0.0000000000
51476  15.472  -21.521  97.541 0.0000000000
51477  14.922  -21.944  97.503 0.0000000000
123103  13.948  -22.581  97.705 0.0000000000
41133  1.764  -30.997  89.212 0.0000000000
42337  2.168  -30.437  88.786 0.0000000000
124610  2.281  -29.771  89.049 0.0000000000
122419  2.359  -28.939  89.301 0.0000000000
123926  2.241  -29.106  91.156 0.0000000000
133482  2.267  -28.327  91.143 0.0000000000
132348  2.397  -27.330  90.437 0.0000000000
47976  2.762  -25.379  91.900 0.0000000000
121660  4.727  -23.531  94.647 0.0000000000
42257  3.918  -28.542  96.184 0.0000000000
43411  3.598  -28.062  95.820 0.0000000000
44533  3.500  -27.391  95.915 0.0000000000
45700  3.171  -26.534  97.444 0.0000000000
44530  3.288  -26.694  96.034 0.0000000000
138572  3.056  -26.470  95.475 0.0000000000
128325  4.515  -23.175  98.871 0.0000000000
49099  4.212  -23.312  98.496 0.0000000000
49100  3.936  -23.871  98.077 0.0000000000
50314  3.924  -23.284  97.956 0.0000000000
119437  3.210  -24.605  96.812 0.0000000000
47953  2.790  -25.420  95.250 0.0000000000
47952  3.010  -24.785  95.187 0.0000000000
126187  3.998  -23.622  95.664 0.0000000000
49113  3.784  -23.903  94.730 0.0000000000
118479  4.447  -20.181  94.639 0.0000000000
52687  4.364  -20.140  95.007 0.0000000000
52688  4.437  -19.459  94.615 0.0000000000
55611  4.725  -17.969  96.417 0.0000000000
55620  4.538  -17.752  95.799 0.0000000000
55631  4.409  -17.653  95.095 0.0000000000
56689  4.433  -16.745  93.753 0.0000000000
57685  4.650  -15.912  93.151 0.0000000000
46865  15.778  -25.358  90.227 0.0000000000
126279  15.560  -25.646  89.674 0.0000000000
44575  14.857  -26.418  89.835 0.0000000000
37882  6.363  -32.400  92.969 0.0000000000
36845  5.815  -32.838  92.206 0.0000000000
131203  5.762  -33.312  91.511 0.0000000000
41179  2.495  -30.587  86.892 0.0000000000
134283  2.348  -27.313  88.114 0.0000000000
44609  2.413  -27.672  87.355 0.0000000000
45768  2.523  -26.854  86.921 0.0000000000
44631  2.454  -27.556  86.405 0.0000000000
43505  2.549  -28.902  85.536 0.0000000000
135653  2.706  -29.482  85.177 0.0000000000
45834  3.108  -27.090  84.027 0.0000000000
45867  4.119  -26.563  81.826 0.0000000000
119112  5.271  -23.535  92.241 0.0000000000
117826  5.317  -23.525  91.343 0.0000000000
49153  7.097  -23.378  92.090 0.0000000000
49170  6.256  -23.471  91.301 0.0000000000
49171  5.457  -23.524  90.627 0.0000000000
49186  5.302  -23.580  89.969 0.0000000000
49200  4.606  -23.717  88.489 0.0000000000
49222  4.673  -23.703  87.779 0.0000000000
51565  8.322  -22.156  90.788 0.0000000000
120502  8.500  -22.476  90.273 0.0000000000
49183  7.884  -23.364  89.705 0.0000000000
119306  7.540  -23.421  88.158 0.0000000000
49199  7.239  -23.473  88.906 0.0000000000
49221  5.691  -23.507  87.874 0.0000000000
120429  4.071  -24.378  86.245 0.0000000000
48060  3.991  -24.886  84.816 0.0000000000
49293  4.365  -24.453  84.381 0.0000000000
124018  4.131  -25.141  83.945 0.0000000000
48070  3.977  -25.743  83.523 0.0000000000
141154  4.127  -26.098  82.271 0.0000000000
45856  4.109  -26.306  82.053 0.0000000000
45866  4.129  -26.265  81.388 0.0000000000
46981  4.188  -25.934  81.448 0.0000000000
46980  4.437  -25.773  80.771 0.0000000000
50476  7.716  -22.868  83.273 0.0000000000
49325  7.605  -23.271  82.513 0.0000000000
49341  7.493  -23.840  81.844 0.0000000000
137598  8.110  -23.685  81.683 0.0000000000
117040  6.982  -24.549  81.111 0.0000000000
49358  7.063  -25.020  80.220 0.0000000000
58725  6.483  -14.529  89.492 0.0000000000
58734  6.150  -14.997  89.238 0.0000000000
57733  5.236  -15.947  88.753 0.0000000000
128556  5.695  -15.708  88.083 0.0000000000
56747  4.881  -16.653  88.324 0.0000000000
55681  4.675  -17.167  87.836 0.0000000000
55686  4.515  -17.575  87.229 0.0000000000
55689  4.505  -17.338  86.308 0.0000000000
55690  4.238  -17.884  86.458 0.0000000000
53851  3.942  -19.489  85.407 0.0000000000
52761  4.655  -20.355  85.390 0.0000000000
55701  3.856  -17.665  84.165 0.0000000000
54810  3.748  -18.477  84.530 0.0000000000
53861  3.893  -19.271  84.658 0.0000000000
52776  4.473  -20.120  84.567 0.0000000000
52775  5.148  -20.484  84.546 0.0000000000
52774  6.215  -20.531  84.187 0.0000000000
52786  7.171  -20.335  83.878 0.0000000000
53870  8.073  -20.060  83.478 0.0000000000
53871  7.126  -20.195  83.083 0.0000000000
53880  8.660  -19.630  82.651 0.0000000000
53879  9.444  -19.688  82.247 0.0000000000
53878  10.082  -20.033  81.976 0.0000000000
53888  10.195  -20.271  81.114 0.0000000000
53906  5.852  -18.730  80.759 0.0000000000
53904  6.744  -18.838  80.402 0.0000000000
122155  8.652  -19.218  80.663 0.0000000000
52812  10.263  -20.671  80.286 0.0000000000
42301  12.816  -28.512  91.495 0.0000000000
42355  2.380  -29.621  87.709 0.0000000000
43385  9.762  -27.230  99.185 0.0000000000
43396  5.570  -27.486  98.435 0.0000000000
44525  3.575  -26.982  97.754 0.0000000000
44527  12.893  -26.607  97.582 0.0000000000
45679  9.025  -25.823  99.695 0.0000000000
45680  7.929  -25.953  99.885 0.0000000000
45681  7.362  -25.664  99.775 0.0000000000
45682  11.891  -25.766  99.317 0.0000000000
45684  9.629  -26.301  99.699 0.0000000000
45685  7.539  -26.280  99.464 0.0000000000
45695  13.553  -25.557  97.419 0.0000000000
45816  3.659  -26.186  83.740 0.0000000000
46822  8.893  -25.244  99.863 0.0000000000
46823  8.395  -25.440  100.113 0.0000000000
46834  13.742  -25.024  97.965 0.0000000000
46837  4.675  -26.005  99.010 0.0000000000
46838  4.135  -25.526  98.901 0.0000000000
46883  2.897  -25.680  87.748 0.0000000000
46946  4.112  -26.043  82.327 0.0000000000
47923  9.061  -24.658  99.816 0.0000000000
47929  13.637  -24.155  98.712 0.0000000000
47933  5.645  -24.822  99.471 0.0000000000
47934  5.452  -24.293  99.535 0.0000000000
47940  4.063  -24.511  98.715 0.0000000000
48061  3.842  -25.507  84.310 0.0000000000
49079  8.717  -24.058  99.941 0.0000000000
49086  13.180  -23.916  98.820 0.0000000000
49097  4.076  -24.044  98.479 0.0000000000
49098  15.921  -22.974  97.520 0.0000000000
49102  15.817  -23.110  97.134 0.0000000000
49138  7.504  -23.071  92.434 0.0000000000
49140  6.045  -23.429  93.016 0.0000000000
49167  8.283  -23.058  90.455 0.0000000000
49198  8.167  -23.306  88.908 0.0000000000
49289  7.154  -22.838  84.494 0.0000000000
50297  6.770  -22.748  100.300 0.0000000000
50299  5.900  -22.678  99.513 0.0000000000
50308  4.800  -22.570  98.727 0.0000000000
50317  3.897  -22.514  97.810 0.0000000000
50342  6.825  -22.916  93.267 0.0000000000
50393  9.031  -22.747  88.010 0.0000000000
51470  7.780  -22.080  99.867 0.0000000000
51473  6.410  -21.822  99.676 0.0000000000
51486  16.060  -20.966  97.568 0.0000000000
51492  4.612  -21.954  98.492 0.0000000000
51556  7.503  -21.971  92.179 0.0000000000
51566  8.088  -21.823  90.841 0.0000000000
51575  6.853  -21.356  89.303 0.0000000000
51627  9.949  -21.488  83.939 0.0000000000
52619  6.960  -21.645  99.911 0.0000000000
52621  15.575  -20.808  97.457 0.0000000000
52628  6.314  -20.934  98.909 0.0000000000
52643  17.173  -19.870  97.493 0.0000000000
52744  8.768  -21.048  86.515 0.0000000000
52770  9.980  -20.496  84.102 0.0000000000
52777  4.149  -19.892  84.984 0.0000000000
53747  7.240  -20.426  98.825 0.0000000000
53760  5.604  -20.087  98.106 0.0000000000
53832  4.469  -19.076  89.385 0.0000000000
53858  9.766  -20.135  83.509 0.0000000000
53905  6.315  -18.758  80.566 0.0000000000
54709  6.394  -19.817  98.365 0.0000000000
54720  5.286  -19.657  97.710 0.0000000000
54729  5.264  -18.948  97.499 0.0000000000
54820  3.894  -18.468  82.912 0.0000000000
54832  5.900  -18.422  80.128 0.0000000000
54844  5.721  -18.164  79.450 0.0000000000
55610  5.326  -17.888  96.973 0.0000000000
55702  3.801  -17.893  84.898 0.0000000000
55713  4.087  -17.225  82.641 0.0000000000
117359  7.003  -23.694  82.369 0.0000000000
118343  6.398  -18.981  80.857 0.0000000000
118968  7.607  -23.347  90.457 0.0000000000
119170  9.038  -21.841  88.011 0.0000000000
120146  15.125  -25.583  91.691 0.0000000000
120195  5.131  -20.609  86.707 0.0000000000
121440  9.346  -21.590  86.701 0.0000000000
122080  6.845  -19.315  98.175 0.0000000000
122236  6.545  -23.880  100.101 0.0000000000
123368  8.403  -23.377  99.869 0.0000000000
123435  4.193  -26.063  80.713 0.0000000000
124255  6.982  -23.274  100.424 0.0000000000
124658  9.360  -22.124  85.138 0.0000000000
125721  9.389  -22.073  87.117 0.0000000000
125956  8.783  -26.764  99.273 0.0000000000
126815  15.763  -21.743  97.716 0.0000000000
127877  10.266  -20.659  82.678 0.0000000000
128191  4.119  -21.084  97.653 0.0000000000
128792  4.515  -18.450  93.322 0.0000000000
129188  4.412  -21.432  98.262 0.0000000000
129288  5.335  -23.781  99.498 0.0000000000
129307  4.121  -24.921  98.972 0.0000000000
129699  4.900  -23.066  99.057 0.0000000000
130094  6.842  -24.315  100.143 0.0000000000
130266  15.264  -24.822  92.842 0.0000000000
131802  6.591  -22.248  100.050 0.0000000000
132040  4.856  -23.664  89.292 0.0000000000
132100  4.431  -18.102  91.377 0.0000000000
132961  16.290  -21.858  97.431 0.0000000000
134948  13.038  -24.514  99.024 0.0000000000
136634  14.759  -26.486  91.394 0.0000000000
137812  3.371  -25.406  86.675 0.0000000000
138685  6.261  -21.433  99.224 0.0000000000
138835  6.290  -25.798  99.295 0.0000000000
139118  5.050  -23.572  88.191 0.0000000000
140713  11.470  -27.453  98.337 0.0000000000
142118  9.203  -22.550  87.397 0.0000000000
