#!ascii label  , from subject sub-v2s4x29603_ses-1 vox2ras=TkReg
1488
99162  48.799  41.405  27.646 0.0000000000
140765  49.611  52.238  30.786 0.0000000000
96949  56.146  38.680  34.389 0.0000000000
133306  44.167  39.260  33.297 0.0000000000
95713  47.190  35.963  34.068 0.0000000000
104324  49.013  49.929  25.674 0.0000000000
106767  44.952  54.042  30.898 0.0000000000
109492  42.972  60.390  27.445 0.0000000000
93640  53.845  33.271  36.640 0.0000000000
92382  56.005  31.491  27.291 0.0000000000
102557  54.502  46.794  25.148 0.0000000000
98392  53.011  41.022  31.208 0.0000000000
100667  50.454  43.487  30.531 0.0000000000
98319  48.722  40.066  36.407 0.0000000000
105521  45.670  51.544  23.766 0.0000000000
106833  48.702  55.296  24.716 0.0000000000
128376  51.843  33.458  30.541 0.0000000000
98405  45.930  40.286  30.540 0.0000000000
96326  45.681  37.784  33.741 0.0000000000
96984  47.784  39.195  31.632 0.0000000000
101978  49.198  45.477  27.200 0.0000000000
100733  46.063  43.252  27.615 0.0000000000
124414  39.230  56.636  29.569 0.0000000000
94323  55.425  34.913  40.093 0.0000000000
92302  57.252  30.785  36.764 0.0000000000
92270  54.881  31.690  39.353 0.0000000000
103765  48.177  49.181  17.776 0.0000000000
103703  51.994  49.464  28.600 0.0000000000
101399  51.986  44.448  27.646 0.0000000000
124948  49.344  46.963  28.975 0.0000000000
101337  44.240  44.869  36.954 0.0000000000
100622  44.999  43.160  34.067 0.0000000000
98322  44.660  40.798  36.735 0.0000000000
96263  47.194  37.344  38.098 0.0000000000
108944  46.804  58.824  29.216 0.0000000000
108466  47.130  58.116  25.892 0.0000000000
126294  47.629  53.861  27.764 0.0000000000
130560  52.074  50.995  26.752 0.0000000000
97626  55.710  40.507  33.227 0.0000000000
129181  52.344  36.557  32.784 0.0000000000
94425  54.963  34.967  31.127 0.0000000000
94380  45.231  34.516  34.441 0.0000000000
93689  45.587  33.197  32.448 0.0000000000
104923  49.440  51.349  21.611 0.0000000000
103727  46.497  48.421  23.454 0.0000000000
107900  47.561  56.463  32.888 0.0000000000
104270  46.723  50.486  30.945 0.0000000000
138076  36.372  55.275  27.574 0.0000000000
107955  40.314  55.992  27.902 0.0000000000
108443  43.091  57.603  28.715 0.0000000000
95101  54.805  35.707  34.291 0.0000000000
94431  56.827  33.936  30.509 0.0000000000
93007  57.112  32.049  32.819 0.0000000000
91682  55.607  30.545  31.223 0.0000000000
100769  52.268  43.184  25.461 0.0000000000
98424  51.735  40.499  27.773 0.0000000000
99182  54.427  41.493  26.008 0.0000000000
99904  54.175  42.802  30.439 0.0000000000
128460  53.558  42.675  34.187 0.0000000000
101364  46.810  45.136  30.937 0.0000000000
99842  49.362  42.477  33.522 0.0000000000
97589  52.094  40.029  35.993 0.0000000000
95678  50.706  36.807  36.610 0.0000000000
94327  50.575  34.714  39.370 0.0000000000
104955  45.628  50.292  18.619 0.0000000000
105543  48.531  52.221  19.548 0.0000000000
106186  47.521  54.906  23.995 0.0000000000
139241  50.876  55.198  20.097 0.0000000000
106185  51.555  52.840  24.100 0.0000000000
103709  52.288  48.695  25.465 0.0000000000
96335  49.933  37.817  32.701 0.0000000000
94414  49.645  34.099  32.785 0.0000000000
93727  47.389  33.242  30.108 0.0000000000
93756  53.810  33.487  27.209 0.0000000000
98428  47.743  40.509  28.904 0.0000000000
97657  47.360  39.873  30.396 0.0000000000
98415  48.435  40.175  29.391 0.0000000000
101400  49.107  43.810  27.211 0.0000000000
124661  47.825  44.838  27.491 0.0000000000
99950  47.340  42.165  27.697 0.0000000000
99136  46.209  40.985  28.921 0.0000000000
94309  55.413  35.305  41.568 0.0000000000
92939  56.199  33.150  40.108 0.0000000000
92929  54.916  33.311  41.216 0.0000000000
93730  42.674  33.666  29.395 0.0000000000
104866  50.103  50.674  29.410 0.0000000000
103123  50.442  48.476  28.763 0.0000000000
123503  48.527  50.049  29.580 0.0000000000
100595  44.247  43.661  38.209 0.0000000000
100614  43.954  43.099  36.625 0.0000000000
129797  47.564  56.078  30.606 0.0000000000
107944  47.386  56.316  29.399 0.0000000000
106778  48.063  53.856  30.115 0.0000000000
105466  50.190  51.368  28.970 0.0000000000
98370  56.535  40.612  33.914 0.0000000000
96970  55.716  38.664  32.785 0.0000000000
95719  56.467  37.219  32.585 0.0000000000
96951  43.045  38.792  34.319 0.0000000000
128964  43.514  38.065  34.538 0.0000000000
126834  46.500  36.610  34.050 0.0000000000
95700  45.678  36.313  34.344 0.0000000000
94379  46.074  34.709  34.300 0.0000000000
93668  45.252  33.490  33.317 0.0000000000
94399  46.609  34.068  33.951 0.0000000000
105519  49.282  51.526  23.632 0.0000000000
140800  47.840  49.673  22.554 0.0000000000
104333  47.572  49.701  24.810 0.0000000000
98387  43.946  40.255  32.019 0.0000000000
97631  42.731  39.929  33.282 0.0000000000
123036  46.075  55.734  31.525 0.0000000000
107349  47.406  55.214  33.930 0.0000000000
106740  45.800  54.514  33.802 0.0000000000
107388  41.735  54.883  29.459 0.0000000000
129601  41.063  57.991  29.415 0.0000000000
131442  43.375  55.490  29.114 0.0000000000
107946  45.090  56.543  29.072 0.0000000000
93653  53.753  33.890  34.937 0.0000000000
93664  55.895  33.236  33.694 0.0000000000
92992  55.811  32.394  34.686 0.0000000000
91628  55.917  29.912  35.950 0.0000000000
91654  56.987  29.561  33.521 0.0000000000
118401  55.306  30.323  33.867 0.0000000000
138320  53.590  44.304  24.795 0.0000000000
99982  53.639  42.263  25.066 0.0000000000
134502  54.617  43.906  24.948 0.0000000000
141165  50.816  44.103  28.656 0.0000000000
100710  53.341  42.945  28.163 0.0000000000
139524  52.619  43.183  30.165 0.0000000000
99860  53.947  43.267  31.952 0.0000000000
100633  51.345  43.136  32.052 0.0000000000
103658  45.193  48.942  32.333 0.0000000000
103112  46.154  47.854  30.239 0.0000000000
102534  44.624  46.674  31.840 0.0000000000
128038  47.256  41.323  35.125 0.0000000000
99825  47.661  42.333  33.797 0.0000000000
99068  49.318  41.473  34.998 0.0000000000
99045  51.149  41.375  35.364 0.0000000000
98317  50.798  40.151  36.253 0.0000000000
96922  51.357  38.446  36.340 0.0000000000
96291  49.848  38.186  36.995 0.0000000000
121084  47.208  35.667  39.336 0.0000000000
116957  49.119  35.344  39.009 0.0000000000
141032  46.037  50.819  21.366 0.0000000000
104954  47.315  50.880  19.038 0.0000000000
105528  47.188  52.018  22.013 0.0000000000
127899  41.411  58.140  27.696 0.0000000000
129367  42.213  56.051  27.543 0.0000000000
127881  42.874  57.725  27.417 0.0000000000
107423  47.674  56.113  25.405 0.0000000000
107431  46.793  56.065  25.274 0.0000000000
131735  48.262  56.570  24.064 0.0000000000
107462  49.384  55.922  21.349 0.0000000000
107441  49.803  56.283  22.957 0.0000000000
106858  51.057  54.562  22.639 0.0000000000
106838  50.780  54.250  23.977 0.0000000000
104303  53.753  49.133  25.976 0.0000000000
104893  52.914  50.189  25.211 0.0000000000
121468  53.755  47.078  24.874 0.0000000000
101428  52.193  45.369  25.591 0.0000000000
123367  52.388  40.542  28.777 0.0000000000
98402  50.405  40.066  30.421 0.0000000000
97645  51.298  39.676  31.783 0.0000000000
94411  52.337  34.713  32.311 0.0000000000
95110  51.111  35.809  32.918 0.0000000000
93683  50.979  33.770  31.975 0.0000000000
140365  48.805  33.205  31.437 0.0000000000
120106  49.531  33.327  30.113 0.0000000000
93736  56.565  32.745  28.582 0.0000000000
93738  55.410  33.554  28.439 0.0000000000
93780  54.311  33.043  25.882 0.0000000000
97650  44.960  39.881  31.705 0.0000000000
96965  44.651  38.644  33.641 0.0000000000
97639  46.325  39.209  32.103 0.0000000000
96339  47.035  38.207  33.012 0.0000000000
96338  47.818  38.062  32.903 0.0000000000
126835  49.367  47.659  26.758 0.0000000000
98418  45.232  41.004  30.024 0.0000000000
93624  54.404  33.783  38.521 0.0000000000
92975  56.244  32.223  36.711 0.0000000000
93628  56.627  32.819  38.378 0.0000000000
91574  56.895  30.992  37.990 0.0000000000
103126  53.828  48.126  26.867 0.0000000000
139195  53.693  45.432  26.480 0.0000000000
102549  52.045  46.663  27.776 0.0000000000
102544  50.679  46.772  28.452 0.0000000000
101962  49.037  45.311  29.452 0.0000000000
124377  43.900  45.965  34.672 0.0000000000
101347  44.289  44.754  33.538 0.0000000000
100624  43.930  43.795  35.057 0.0000000000
99051  44.744  41.800  35.744 0.0000000000
98320  46.496  40.396  36.351 0.0000000000
96906  47.847  38.812  37.339 0.0000000000
96908  45.694  38.728  37.704 0.0000000000
96258  45.094  37.248  38.694 0.0000000000
95034  45.332  35.572  40.529 0.0000000000
105490  44.187  51.768  25.653 0.0000000000
134832  44.515  60.702  28.080 0.0000000000
108977  44.585  59.785  26.827 0.0000000000
109488  46.680  59.840  27.323 0.0000000000
130161  47.496  55.901  27.011 0.0000000000
106820  48.274  53.655  26.177 0.0000000000
106166  50.445  53.229  25.182 0.0000000000
106142  49.683  52.019  27.140 0.0000000000
104885  52.111  50.342  27.920 0.0000000000
98385  54.595  41.547  32.303 0.0000000000
97628  52.801  39.807  32.788 0.0000000000
121697  53.603  39.269  33.026 0.0000000000
95120  53.834  35.873  32.313 0.0000000000
93699  53.336  33.996  30.886 0.0000000000
92384  54.195  31.527  27.905 0.0000000000
118650  52.592  31.866  26.589 0.0000000000
94364  43.070  34.882  35.107 0.0000000000
96313  44.958  37.117  34.307 0.0000000000
95106  43.925  35.000  34.920 0.0000000000
93656  42.936  33.699  33.995 0.0000000000
93669  44.201  33.355  33.073 0.0000000000
139650  43.881  33.181  31.647 0.0000000000
93706  44.860  33.213  30.197 0.0000000000
120686  49.084  49.436  20.901 0.0000000000
103733  47.368  47.992  22.169 0.0000000000
131295  49.078  54.273  32.128 0.0000000000
105444  48.596  51.632  30.946 0.0000000000
126318  48.446  52.414  32.535 0.0000000000
104837  46.833  50.730  32.792 0.0000000000
104236  46.454  49.562  33.709 0.0000000000
103622  46.113  48.095  35.016 0.0000000000
102501  45.607  46.594  36.658 0.0000000000
127859  37.869  55.312  27.755 0.0000000000
108981  39.125  58.324  28.144 0.0000000000
109494  41.077  60.615  27.939 0.0000000000
109478  43.004  60.933  28.239 0.0000000000
108963  44.936  58.865  28.463 0.0000000000
108410  47.021  57.696  30.606 0.0000000000
95698  55.558  36.845  34.221 0.0000000000
95118  56.756  36.158  32.612 0.0000000000
94393  56.699  35.372  32.849 0.0000000000
93006  57.249  32.875  31.907 0.0000000000
92362  56.905  31.437  29.461 0.0000000000
92317  57.427  30.443  34.499 0.0000000000
91680  57.267  29.922  31.658 0.0000000000
92350  55.587  31.262  29.469 0.0000000000
99965  50.113  42.378  26.655 0.0000000000
98440  50.175  40.754  27.666 0.0000000000
99174  51.248  41.290  26.375 0.0000000000
98437  53.358  40.510  26.912 0.0000000000
98411  54.097  41.088  28.496 0.0000000000
139854  53.819  43.055  26.749 0.0000000000
99934  54.293  42.352  28.530 0.0000000000
99126  54.510  42.026  30.350 0.0000000000
99103  54.807  42.412  32.112 0.0000000000
99837  55.330  42.567  33.486 0.0000000000
99042  55.412  41.530  34.903 0.0000000000
104287  47.330  49.254  29.796 0.0000000000
102541  47.368  46.293  29.924 0.0000000000
101362  48.425  44.490  30.570 0.0000000000
100637  45.842  44.128  32.444 0.0000000000
116845  47.576  43.681  32.028 0.0000000000
100634  49.368  43.208  32.035 0.0000000000
99840  51.605  42.688  33.642 0.0000000000
133365  53.472  41.485  35.250 0.0000000000
119524  54.729  39.067  35.235 0.0000000000
96302  53.398  37.521  35.324 0.0000000000
123268  52.562  35.963  35.452 0.0000000000
94354  51.885  34.787  36.516 0.0000000000
95658  49.389  36.586  37.595 0.0000000000
95059  50.528  35.362  37.483 0.0000000000
93626  51.900  34.243  38.153 0.0000000000
94315  53.273  35.018  40.507 0.0000000000
104379  46.639  50.050  17.561 0.0000000000
129913  48.197  50.644  18.102 0.0000000000
105563  50.150  51.725  18.236 0.0000000000
128578  45.386  56.572  26.389 0.0000000000
106205  46.986  53.084  23.755 0.0000000000
106224  48.310  53.755  21.793 0.0000000000
106907  49.889  54.077  19.426 0.0000000000
106255  51.362  53.043  18.811 0.0000000000
106236  50.899  53.088  21.181 0.0000000000
106223  50.657  52.855  22.348 0.0000000000
105488  51.108  51.729  24.470 0.0000000000
106164  52.083  51.997  25.357 0.0000000000
104898  52.392  50.983  25.064 0.0000000000
104312  50.559  49.434  25.913 0.0000000000
140023  50.564  47.196  26.473 0.0000000000
101993  50.528  44.890  26.539 0.0000000000
116926  49.344  40.235  29.194 0.0000000000
96974  48.998  38.717  32.201 0.0000000000
139571  48.623  37.026  33.279 0.0000000000
96961  51.343  38.284  32.630 0.0000000000
95710  49.852  36.398  33.120 0.0000000000
95113  48.674  35.447  33.607 0.0000000000
93665  47.929  33.657  33.152 0.0000000000
93705  46.741  33.053  30.986 0.0000000000
94433  56.123  34.744  30.521 0.0000000000
93720  54.879  33.887  29.594 0.0000000000
126735  52.807  33.628  29.096 0.0000000000
93069  51.323  33.047  25.452 0.0000000000
118538  50.521  33.569  29.185 0.0000000000
92263  53.345  32.055  40.186 0.0000000000
91578  52.795  31.100  38.177 0.0000000000
99149  48.265  40.838  28.189 0.0000000000
100730  49.332  42.817  27.107 0.0000000000
100731  48.540  43.207  27.397 0.0000000000
137710  48.089  41.961  27.602 0.0000000000
99150  47.300  40.995  28.373 0.0000000000
93595  55.624  34.349  41.358 0.0000000000
105453  49.632  51.916  30.260 0.0000000000
104867  49.135  50.645  29.705 0.0000000000
105443  49.395  51.808  30.565 0.0000000000
107373  48.047  54.907  30.979 0.0000000000
106777  49.085  52.924  30.447 0.0000000000
106097  49.346  52.249  29.741 0.0000000000
97617  56.643  39.830  33.861 0.0000000000
96969  56.398  38.523  32.997 0.0000000000
96956  56.558  38.229  33.214 0.0000000000
97630  43.322  39.342  33.632 0.0000000000
96966  43.865  38.732  33.986 0.0000000000
119469  47.284  36.917  33.670 0.0000000000
95103  46.321  35.660  34.289 0.0000000000
95115  46.951  34.952  34.176 0.0000000000
104906  48.795  50.945  24.396 0.0000000000
104915  48.361  50.694  23.698 0.0000000000
104901  48.419  50.253  25.020 0.0000000000
97642  43.608  39.819  32.878 0.0000000000
107374  45.526  54.958  31.038 0.0000000000
107357  46.308  55.409  33.225 0.0000000000
106758  45.262  54.267  31.716 0.0000000000
137692  42.724  54.753  29.329 0.0000000000
107930  42.395  55.587  29.301 0.0000000000
128704  43.703  54.661  29.317 0.0000000000
107385  45.344  55.285  30.180 0.0000000000
93646  53.320  33.759  35.796 0.0000000000
93652  54.557  33.444  34.675 0.0000000000
93645  54.212  33.199  35.605 0.0000000000
118117  55.621  30.113  34.861 0.0000000000
134619  54.452  45.317  24.813 0.0000000000
101426  54.170  43.932  24.670 0.0000000000
102004  54.625  45.174  24.959 0.0000000000
101373  50.381  43.944  29.217 0.0000000000
100712  51.293  43.590  29.053 0.0000000000
100691  50.911  43.498  29.781 0.0000000000
100649  52.214  43.304  31.371 0.0000000000
100650  50.941  43.277  31.275 0.0000000000
103645  44.757  48.172  32.714 0.0000000000
103109  44.813  47.674  31.504 0.0000000000
102532  44.281  46.887  32.597 0.0000000000
98343  48.288  40.572  35.857 0.0000000000
99048  47.992  41.146  35.248 0.0000000000
98342  49.119  40.620  35.926 0.0000000000
98341  49.747  40.693  35.941 0.0000000000
98318  49.521  40.191  36.317 0.0000000000
127759  49.956  39.075  36.789 0.0000000000
97592  49.229  39.448  36.752 0.0000000000
118405  47.186  35.345  40.125 0.0000000000
104917  45.205  51.008  23.398 0.0000000000
104927  45.053  50.703  22.693 0.0000000000
105530  45.754  51.226  22.971 0.0000000000
105537  46.583  51.231  21.526 0.0000000000
105529  46.441  51.580  22.482 0.0000000000
108979  42.277  58.970  27.528 0.0000000000
108978  43.457  59.324  27.209 0.0000000000
106834  48.028  55.929  25.123 0.0000000000
107428  48.042  56.482  24.515 0.0000000000
106840  48.527  56.548  24.029 0.0000000000
140147  49.196  57.006  23.037 0.0000000000
106839  49.490  55.396  24.011 0.0000000000
107434  50.103  55.466  23.379 0.0000000000
106832  49.903  54.081  24.603 0.0000000000
103143  54.339  47.709  25.128 0.0000000000
136740  54.132  48.126  24.998 0.0000000000
102566  54.256  46.974  24.899 0.0000000000
102005  54.113  45.987  24.732 0.0000000000
140581  52.916  40.797  29.550 0.0000000000
98401  51.918  40.546  30.650 0.0000000000
98393  52.064  40.383  31.501 0.0000000000
93682  51.936  33.977  31.926 0.0000000000
94412  51.382  34.475  32.452 0.0000000000
93701  51.460  33.468  31.254 0.0000000000
93702  50.431  33.267  31.074 0.0000000000
93724  50.215  33.415  29.956 0.0000000000
92381  56.284  31.809  27.075 0.0000000000
93771  55.968  32.928  26.694 0.0000000000
92408  55.184  32.216  26.197 0.0000000000
97649  45.802  39.902  31.224 0.0000000000
97640  45.744  39.483  31.909 0.0000000000
122272  48.055  39.554  30.816 0.0000000000
96985  47.007  39.205  31.920 0.0000000000
96976  47.556  38.703  32.370 0.0000000000
96975  48.249  38.876  32.032 0.0000000000
121312  49.766  47.057  26.743 0.0000000000
103128  48.839  46.991  27.120 0.0000000000
138586  48.789  46.158  27.305 0.0000000000
100732  47.080  43.154  27.583 0.0000000000
124468  46.879  44.821  27.579 0.0000000000
98416  46.370  40.691  29.383 0.0000000000
99137  45.644  41.110  29.308 0.0000000000
128601  45.431  40.594  30.402 0.0000000000
98395  45.239  40.302  30.942 0.0000000000
93613  55.000  34.410  39.356 0.0000000000
93623  55.489  33.603  38.324 0.0000000000
93612  55.927  34.415  39.521 0.0000000000
92952  55.581  32.347  39.772 0.0000000000
92268  56.703  32.091  38.902 0.0000000000
92282  55.434  31.235  38.753 0.0000000000
91594  55.264  30.502  37.668 0.0000000000
91576  54.839  30.828  38.288 0.0000000000
103759  46.519  48.678  17.780 0.0000000000
128333  46.416  47.754  18.465 0.0000000000
103127  52.960  48.320  27.809 0.0000000000
102548  53.133  47.241  27.338 0.0000000000
103121  52.192  47.657  28.115 0.0000000000
119742  49.329  47.939  28.984 0.0000000000
102545  49.817  46.396  28.796 0.0000000000
101387  49.600  45.453  28.990 0.0000000000
102539  48.994  46.129  29.274 0.0000000000
101936  44.192  45.428  36.272 0.0000000000
101339  43.784  45.138  34.938 0.0000000000
101937  43.853  44.551  36.132 0.0000000000
99035  43.932  41.909  36.990 0.0000000000
99809  44.272  42.165  35.995 0.0000000000
99033  45.125  41.137  36.132 0.0000000000
98345  46.081  40.898  35.949 0.0000000000
98321  45.638  40.412  36.578 0.0000000000
97577  46.339  39.235  37.332 0.0000000000
97578  45.358  39.419  37.419 0.0000000000
96259  44.489  37.807  38.556 0.0000000000
95644  44.456  36.952  39.137 0.0000000000
95042  44.818  36.266  39.552 0.0000000000
95637  44.113  36.345  39.825 0.0000000000
108962  46.121  59.504  28.475 0.0000000000
109475  46.039  60.252  27.836 0.0000000000
108961  46.642  59.486  28.332 0.0000000000
128719  47.373  55.415  28.406 0.0000000000
107950  47.401  56.782  27.884 0.0000000000
133900  47.458  54.780  27.698 0.0000000000
107406  47.620  55.065  26.573 0.0000000000
106802  47.814  53.788  26.851 0.0000000000
106801  48.282  53.038  26.956 0.0000000000
106124  48.849  52.422  27.529 0.0000000000
104875  51.323  50.457  28.751 0.0000000000
105465  50.910  51.014  28.469 0.0000000000
127387  51.868  50.003  28.653 0.0000000000
103702  52.720  49.123  28.144 0.0000000000
98372  54.974  41.242  32.887 0.0000000000
98373  53.674  40.708  32.619 0.0000000000
97627  54.216  40.250  32.999 0.0000000000
95119  54.952  36.163  32.065 0.0000000000
95721  54.233  36.857  32.452 0.0000000000
95128  54.446  35.366  31.780 0.0000000000
94410  53.377  35.019  32.095 0.0000000000
94426  53.916  34.630  31.396 0.0000000000
94365  42.167  34.704  35.184 0.0000000000
96964  45.402  38.505  33.357 0.0000000000
96327  45.051  38.063  33.929 0.0000000000
95104  45.501  35.383  34.506 0.0000000000
95701  44.904  36.000  34.668 0.0000000000
94381  44.376  34.400  34.525 0.0000000000
94382  43.498  34.301  34.616 0.0000000000
93655  43.879  33.765  34.009 0.0000000000
93670  43.209  33.414  33.151 0.0000000000
93654  44.826  33.830  34.034 0.0000000000
126733  44.784  33.171  32.452 0.0000000000
119223  44.842  33.004  31.474 0.0000000000
93707  44.079  33.299  30.564 0.0000000000
120091  45.750  33.028  31.269 0.0000000000
105535  50.417  51.961  20.657 0.0000000000
104936  49.058  50.435  21.289 0.0000000000
119830  47.455  49.554  23.130 0.0000000000
104350  47.739  49.022  22.214 0.0000000000
103726  47.048  48.730  22.902 0.0000000000
103152  46.177  47.781  23.180 0.0000000000
107898  48.246  55.860  32.379 0.0000000000
106746  49.046  54.117  32.599 0.0000000000
107348  48.322  55.521  33.154 0.0000000000
106052  48.002  53.512  33.977 0.0000000000
104245  46.285  50.043  32.844 0.0000000000
103630  46.512  48.668  34.684 0.0000000000
102519  45.503  47.058  35.959 0.0000000000
107414  37.386  54.483  27.616 0.0000000000
127858  36.963  55.282  27.644 0.0000000000
108982  38.074  58.157  28.102 0.0000000000
109495  38.643  59.360  28.272 0.0000000000
131410  39.966  58.899  28.068 0.0000000000
108424  42.236  57.382  29.121 0.0000000000
108945  41.783  58.666  29.124 0.0000000000
109461  41.417  60.126  28.943 0.0000000000
108965  42.715  58.600  28.686 0.0000000000
129252  43.310  59.884  28.396 0.0000000000
108964  43.685  58.660  28.451 0.0000000000
107918  46.153  56.160  30.981 0.0000000000
108411  46.575  57.164  30.569 0.0000000000
107917  46.919  57.159  31.446 0.0000000000
107906  47.678  56.578  32.221 0.0000000000
95699  54.564  36.605  34.576 0.0000000000
95707  56.150  36.257  33.681 0.0000000000
94377  55.583  35.085  33.765 0.0000000000
125217  56.541  32.852  33.235 0.0000000000
93681  56.911  33.497  32.509 0.0000000000
93021  57.163  31.677  30.168 0.0000000000
120776  57.383  30.997  30.992 0.0000000000
92974  57.030  31.537  36.912 0.0000000000
132974  56.603  31.773  36.132 0.0000000000
92308  57.362  30.728  35.270 0.0000000000
91668  56.529  30.003  31.879 0.0000000000
90952  57.198  29.733  32.989 0.0000000000
119568  56.801  30.132  30.962 0.0000000000
91693  56.882  30.592  30.244 0.0000000000
91694  56.227  30.779  30.244 0.0000000000
91695  55.049  30.977  30.443 0.0000000000
100754  50.721  42.963  26.301 0.0000000000
99964  50.925  41.986  26.210 0.0000000000
99963  51.835  41.710  25.810 0.0000000000
99183  54.215  41.490  25.575 0.0000000000
123555  53.157  40.897  25.738 0.0000000000
99171  54.286  40.949  26.147 0.0000000000
98436  54.075  40.664  26.690 0.0000000000
98421  54.461  41.016  26.994 0.0000000000
101976  52.849  45.223  27.011 0.0000000000
101416  53.634  44.672  26.494 0.0000000000
101398  52.821  44.081  27.134 0.0000000000
125245  53.651  42.791  29.002 0.0000000000
99919  54.250  42.484  29.592 0.0000000000
99933  54.591  42.050  29.092 0.0000000000
99918  54.434  42.264  30.019 0.0000000000
99117  54.552  42.314  31.229 0.0000000000
99903  54.411  42.576  30.886 0.0000000000
140571  53.451  43.287  32.639 0.0000000000
124155  54.377  43.188  32.596 0.0000000000
99838  54.597  43.008  33.412 0.0000000000
99063  55.630  42.120  34.249 0.0000000000
99064  54.668  41.954  34.845 0.0000000000
104843  47.567  51.319  31.380 0.0000000000
104269  47.367  50.144  30.151 0.0000000000
123671  46.686  49.647  30.343 0.0000000000
130171  45.874  46.113  30.773 0.0000000000
102542  46.850  47.145  29.953 0.0000000000
101959  47.211  45.518  30.395 0.0000000000
101958  47.982  45.119  30.177 0.0000000000
101363  47.552  44.725  30.895 0.0000000000
100628  44.588  43.895  33.795 0.0000000000
101346  45.059  44.219  32.958 0.0000000000
100627  45.873  43.578  32.943 0.0000000000
99843  48.324  42.643  33.312 0.0000000000
138886  47.276  43.321  32.651 0.0000000000
99864  48.898  42.952  32.712 0.0000000000
100635  48.495  43.383  32.027 0.0000000000
99863  49.841  42.883  32.713 0.0000000000
136725  50.682  42.940  32.604 0.0000000000
99841  50.545  42.643  33.389 0.0000000000
98339  51.608  40.529  35.927 0.0000000000
99044  52.147  41.281  35.420 0.0000000000
98338  52.608  40.656  35.644 0.0000000000
98337  54.316  40.421  35.415 0.0000000000
97605  53.904  39.616  35.475 0.0000000000
96938  53.814  38.787  35.415 0.0000000000
96939  52.987  39.029  35.721 0.0000000000
96289  51.548  37.428  36.158 0.0000000000
95692  52.112  36.652  35.736 0.0000000000
95677  51.389  36.368  36.198 0.0000000000
95088  52.176  35.288  35.853 0.0000000000
95071  51.532  35.526  36.331 0.0000000000
96271  47.363  38.101  37.762 0.0000000000
96270  48.260  38.098  37.576 0.0000000000
96262  47.857  37.321  37.923 0.0000000000
94328  49.819  35.053  39.148 0.0000000000
95046  49.605  35.382  38.528 0.0000000000
94339  50.322  34.971  38.398 0.0000000000
94348  51.102  34.670  37.833 0.0000000000
94338  51.192  34.493  38.731 0.0000000000
94337  52.094  34.295  39.042 0.0000000000
117277  44.652  50.171  20.355 0.0000000000
104355  43.981  49.865  19.214 0.0000000000
118057  44.880  50.113  18.952 0.0000000000
118265  46.153  50.290  17.973 0.0000000000
105544  47.639  51.446  20.015 0.0000000000
118271  47.801  50.826  18.446 0.0000000000
105551  49.004  52.068  18.829 0.0000000000
105564  48.941  51.412  18.417 0.0000000000
106257  49.472  52.889  19.067 0.0000000000
108976  45.740  59.706  26.646 0.0000000000
136846  44.868  58.570  26.659 0.0000000000
108468  45.636  58.084  26.355 0.0000000000
106841  47.303  55.484  24.685 0.0000000000
106168  46.554  54.216  25.062 0.0000000000
106204  47.546  53.715  23.173 0.0000000000
106859  48.067  54.076  22.607 0.0000000000
107461  49.983  56.147  20.881 0.0000000000
106889  49.823  55.198  20.265 0.0000000000
128437  50.342  54.759  19.677 0.0000000000
106906  50.636  54.083  19.165 0.0000000000
106887  51.151  54.473  19.775 0.0000000000
106247  51.318  53.473  19.391 0.0000000000
106235  51.280  53.944  20.386 0.0000000000
106202  51.192  53.700  23.563 0.0000000000
124295  51.194  53.727  22.787 0.0000000000
106203  51.126  53.030  23.345 0.0000000000
105518  50.088  52.329  23.167 0.0000000000
105503  50.796  52.263  23.910 0.0000000000
106141  51.367  51.960  26.063 0.0000000000
106165  51.400  52.634  25.107 0.0000000000
105473  52.266  51.447  25.645 0.0000000000
104321  52.817  49.641  25.114 0.0000000000
127988  52.525  50.241  25.121 0.0000000000
104311  51.833  49.556  25.424 0.0000000000
104322  51.605  50.318  25.247 0.0000000000
103710  50.939  48.663  26.135 0.0000000000
103135  51.244  47.851  26.182 0.0000000000
101427  52.496  44.215  25.389 0.0000000000
120511  51.374  44.634  26.108 0.0000000000
101417  51.444  43.580  25.923 0.0000000000
98439  50.967  40.687  27.235 0.0000000000
98426  49.747  40.526  28.404 0.0000000000
98414  50.221  40.374  28.961 0.0000000000
97646  50.297  39.589  31.293 0.0000000000
97654  49.851  39.744  30.649 0.0000000000
125148  49.674  38.412  32.430 0.0000000000
96337  48.642  37.886  32.908 0.0000000000
96336  49.322  38.056  32.734 0.0000000000
96960  52.185  38.242  32.876 0.0000000000
97629  52.001  38.895  32.667 0.0000000000
135136  51.763  37.027  32.830 0.0000000000
94395  49.999  34.890  33.043 0.0000000000
95111  50.314  35.697  33.058 0.0000000000
95112  49.516  35.586  33.331 0.0000000000
94396  49.185  34.696  33.314 0.0000000000
94397  48.332  34.492  33.535 0.0000000000
94415  48.804  33.869  32.984 0.0000000000
93704  48.160  33.138  30.827 0.0000000000
126734  47.614  33.078  31.363 0.0000000000
117476  45.777  33.288  29.763 0.0000000000
93728  46.579  33.452  29.212 0.0000000000
94423  56.796  35.218  31.589 0.0000000000
95131  56.382  35.331  31.292 0.0000000000
93755  54.956  33.419  27.244 0.0000000000
93739  54.084  33.608  28.520 0.0000000000
119220  52.916  33.613  27.773 0.0000000000
93047  51.355  32.298  25.768 0.0000000000
92410  52.937  32.367  25.858 0.0000000000
136928  47.026  40.467  29.350 0.0000000000
97658  46.568  39.927  30.807 0.0000000000
98403  47.559  40.177  29.660 0.0000000000
97661  48.145  39.885  30.081 0.0000000000
101419  49.709  44.554  26.887 0.0000000000
120030  48.758  44.721  27.316 0.0000000000
120617  48.261  44.038  27.441 0.0000000000
133586  47.853  43.457  27.516 0.0000000000
99951  46.451  42.379  27.767 0.0000000000
99935  46.043  41.778  28.125 0.0000000000
99164  46.854  41.579  27.998 0.0000000000
98429  46.832  40.760  28.883 0.0000000000
94313  55.552  35.231  40.766 0.0000000000
94322  56.020  34.664  40.172 0.0000000000
117026  56.026  34.270  40.759 0.0000000000
93601  55.872  33.729  40.714 0.0000000000
92953  54.409  32.199  39.960 0.0000000000
104865  50.827  50.439  29.132 0.0000000000
103704  51.376  49.029  28.753 0.0000000000
104284  50.463  49.948  29.223 0.0000000000
103694  49.838  49.090  28.975 0.0000000000
103695  48.789  48.771  29.208 0.0000000000
101326  44.281  44.236  37.607 0.0000000000
101327  43.919  43.950  36.761 0.0000000000
100607  44.001  43.391  37.415 0.0000000000
98305  44.156  40.516  37.307 0.0000000000
107926  47.339  57.047  30.276 0.0000000000
108420  47.311  57.621  29.300 0.0000000000
107384  47.534  55.042  29.751 0.0000000000
106796  48.211  53.078  29.060 0.0000000000
106115  48.905  52.339  28.597 0.0000000000
106114  49.571  51.833  29.099 0.0000000000
121877  50.078  51.136  29.405 0.0000000000
124296  56.252  40.877  33.611 0.0000000000
96958  54.981  39.558  33.053 0.0000000000
96957  56.156  39.441  33.164 0.0000000000
96332  56.104  37.882  32.580 0.0000000000
95728  55.759  36.287  31.879 0.0000000000
96325  46.572  37.543  33.604 0.0000000000
95714  45.886  37.098  34.045 0.0000000000
94400  45.730  33.913  34.044 0.0000000000
93667  46.159  33.528  33.363 0.0000000000
104914  49.454  51.667  22.612 0.0000000000
104924  48.705  50.788  22.272 0.0000000000
137711  48.689  50.984  23.078 0.0000000000
104916  47.776  50.123  23.628 0.0000000000
104341  47.323  49.729  24.017 0.0000000000
98397  43.240  40.824  31.846 0.0000000000
98388  43.020  40.419  32.539 0.0000000000
97619  42.512  39.422  34.024 0.0000000000
96952  42.265  38.865  34.683 0.0000000000
107908  46.605  56.433  31.946 0.0000000000
107894  47.851  55.940  33.366 0.0000000000
107356  47.160  55.940  33.438 0.0000000000
137672  46.594  55.249  33.859 0.0000000000
108426  40.641  56.190  29.534 0.0000000000
133067  40.453  57.246  29.530 0.0000000000
107931  41.494  55.814  29.440 0.0000000000
126388  42.090  56.366  29.286 0.0000000000
108423  43.005  56.508  28.956 0.0000000000
108442  43.916  57.442  28.594 0.0000000000
107929  44.383  55.486  29.158 0.0000000000
95102  53.701  34.871  34.751 0.0000000000
94378  54.530  34.425  34.310 0.0000000000
130616  55.227  33.062  34.410 0.0000000000
92999  56.722  31.843  33.781 0.0000000000
90931  56.938  29.655  35.931 0.0000000000
90919  57.241  29.793  35.625 0.0000000000
123090  56.625  29.674  35.177 0.0000000000
91655  56.156  30.068  33.011 0.0000000000
133144  55.480  30.404  32.170 0.0000000000
99983  52.615  42.365  25.409 0.0000000000
100768  53.391  43.293  24.929 0.0000000000
100767  54.283  43.094  24.784 0.0000000000
99980  54.377  42.125  25.532 0.0000000000
101967  51.071  44.891  28.202 0.0000000000
100729  52.429  43.530  27.850 0.0000000000
101385  51.561  43.789  28.307 0.0000000000
100711  52.444  43.212  28.798 0.0000000000
100689  53.311  42.947  29.805 0.0000000000
99884  54.195  43.094  31.198 0.0000000000
100665  53.256  43.196  30.721 0.0000000000
100632  52.618  43.278  32.216 0.0000000000
99861  52.529  43.072  33.109 0.0000000000
104255  46.068  50.159  31.823 0.0000000000
104271  45.866  49.513  30.903 0.0000000000
103672  45.154  48.687  31.335 0.0000000000
102537  45.275  46.855  31.055 0.0000000000
101956  45.268  46.062  31.323 0.0000000000
99826  46.340  42.278  34.217 0.0000000000
99846  45.903  42.921  33.637 0.0000000000
138474  47.075  42.120  34.159 0.0000000000
99069  48.619  41.561  34.759 0.0000000000
99823  49.350  41.920  34.390 0.0000000000
139840  50.061  42.191  34.078 0.0000000000
125506  50.299  41.043  35.678 0.0000000000
98340  50.916  40.791  35.936 0.0000000000
97590  51.387  39.763  36.262 0.0000000000
96921  52.025  39.245  36.141 0.0000000000
120886  51.190  39.120  36.403 0.0000000000
96923  50.590  38.692  36.626 0.0000000000
96290  50.651  37.805  36.631 0.0000000000
95049  46.920  36.161  38.850 0.0000000000
95649  48.240  36.431  38.207 0.0000000000
95040  47.829  35.468  39.489 0.0000000000
95039  48.624  35.211  39.740 0.0000000000
104938  44.846  50.428  21.694 0.0000000000
136565  45.554  50.542  21.040 0.0000000000
104948  45.735  50.402  19.817 0.0000000000
118434  46.404  50.510  18.894 0.0000000000
105545  46.957  51.123  20.712 0.0000000000
105536  47.410  51.730  21.092 0.0000000000
106249  48.130  52.375  20.511 0.0000000000
108453  40.908  57.060  27.815 0.0000000000
107954  41.292  55.963  27.747 0.0000000000
108452  41.913  57.156  27.612 0.0000000000
136400  42.520  56.780  27.480 0.0000000000
107966  47.309  57.257  25.479 0.0000000000
130742  47.109  57.332  25.413 0.0000000000
107970  47.409  56.591  25.174 0.0000000000
107437  47.902  56.417  24.473 0.0000000000
107442  48.150  56.441  23.844 0.0000000000
106847  48.082  55.199  23.215 0.0000000000
106846  48.619  56.463  23.028 0.0000000000
107448  49.584  56.524  21.911 0.0000000000
107991  50.043  56.488  21.480 0.0000000000
107447  50.780  55.610  21.650 0.0000000000
107440  50.552  55.570  22.670 0.0000000000
106845  50.838  54.651  23.270 0.0000000000
104884  52.570  50.509  26.685 0.0000000000
104894  52.564  50.840  25.551 0.0000000000
104310  53.343  49.670  25.564 0.0000000000
103717  53.233  48.967  25.206 0.0000000000
103145  53.269  48.015  25.219 0.0000000000
102567  52.640  47.038  25.434 0.0000000000
131787  53.089  46.165  25.238 0.0000000000
102006  53.348  45.175  24.988 0.0000000000
120111  50.698  40.335  29.612 0.0000000000
139433  51.086  40.399  30.258 0.0000000000
98394  51.073  40.203  31.004 0.0000000000
97637  50.559  39.154  32.009 0.0000000000
95121  52.664  35.645  32.570 0.0000000000
95722  51.828  35.948  32.802 0.0000000000
95122  51.684  35.257  32.706 0.0000000000
94413  50.491  34.293  32.592 0.0000000000
93685  49.207  33.482  32.207 0.0000000000
93684  50.067  33.602  32.075 0.0000000000
93703  49.492  33.244  31.286 0.0000000000
120105  48.788  33.226  30.351 0.0000000000
122995  56.673  33.292  29.643 0.0000000000
137517  56.279  33.503  29.241 0.0000000000
93737  56.130  33.358  28.368 0.0000000000
133139  55.623  33.260  26.846 0.0000000000
93773  54.117  33.337  26.288 0.0000000000
97641  44.472  39.633  32.528 0.0000000000
96979  44.957  39.101  32.973 0.0000000000
122668  45.185  39.419  32.337 0.0000000000
96978  45.775  38.960  32.598 0.0000000000
96963  46.194  38.322  33.158 0.0000000000
129599  46.439  39.551  31.522 0.0000000000
96977  46.646  38.770  32.521 0.0000000000
128574  47.347  37.636  33.308 0.0000000000
96324  47.972  37.326  33.276 0.0000000000
104313  49.377  49.342  26.157 0.0000000000
104314  48.482  49.284  26.124 0.0000000000
103129  47.798  47.295  27.185 0.0000000000
101979  48.323  45.563  27.409 0.0000000000
99152  45.804  41.407  28.640 0.0000000000
99138  44.857  41.503  29.532 0.0000000000
98396  44.503  40.494  31.270 0.0000000000
107933  39.871  55.705  29.589 0.0000000000
107932  40.820  55.276  29.535 0.0000000000
134237  42.144  54.146  29.439 0.0000000000
124233  54.529  33.325  37.641 0.0000000000
93639  54.667  33.003  37.035 0.0000000000
92963  55.453  33.151  37.639 0.0000000000
92962  56.249  32.766  37.623 0.0000000000
92294  57.064  31.406  37.647 0.0000000000
93621  56.578  33.207  39.045 0.0000000000
92280  56.975  31.734  38.347 0.0000000000
91592  57.049  30.575  37.199 0.0000000000
91611  56.664  30.028  36.693 0.0000000000
91612  55.575  30.256  36.881 0.0000000000
137096  54.454  47.339  25.577 0.0000000000
102558  54.441  46.584  25.644 0.0000000000
101975  53.711  46.260  26.557 0.0000000000
122374  52.716  46.216  27.297 0.0000000000
101977  51.896  45.583  27.638 0.0000000000
103122  51.222  47.885  28.495 0.0000000000
102543  51.452  47.053  28.198 0.0000000000
123086  51.187  46.127  28.100 0.0000000000
101386  50.207  44.713  28.761 0.0000000000
101374  49.523  44.580  29.438 0.0000000000
102529  44.175  46.674  34.284 0.0000000000
131896  44.085  46.596  33.341 0.0000000000
101947  43.861  45.322  34.124 0.0000000000
101342  44.009  44.380  34.447 0.0000000000
100623  44.333  43.511  34.542 0.0000000000
100618  43.867  43.649  35.841 0.0000000000
100617  44.128  43.143  35.250 0.0000000000
99814  45.095  42.119  35.096 0.0000000000
99049  46.482  41.335  35.328 0.0000000000
98344  47.198  40.688  35.826 0.0000000000
137068  47.822  40.048  36.422 0.0000000000
97593  48.277  39.431  36.857 0.0000000000
97576  47.292  39.478  36.981 0.0000000000
125888  47.098  38.830  37.451 0.0000000000
129380  46.602  37.659  38.058 0.0000000000
96264  45.854  37.970  37.985 0.0000000000
95651  46.687  36.883  38.421 0.0000000000
95642  46.114  36.327  38.915 0.0000000000
95041  45.537  35.846  39.690 0.0000000000
117436  46.172  35.418  40.507 0.0000000000
105506  44.612  51.406  24.801 0.0000000000
110055  43.364  61.061  27.558 0.0000000000
109491  43.921  60.586  27.103 0.0000000000
109490  44.940  60.644  26.955 0.0000000000
109489  45.918  60.299  27.173 0.0000000000
108993  46.978  59.216  26.452 0.0000000000
108439  47.350  57.849  28.099 0.0000000000
108974  47.254  58.593  27.531 0.0000000000
108465  47.346  57.807  25.960 0.0000000000
131516  47.592  56.506  25.747 0.0000000000
106821  47.873  54.820  25.921 0.0000000000
126851  48.366  54.642  25.472 0.0000000000
106167  49.176  53.614  25.467 0.0000000000
118345  50.242  52.505  26.020 0.0000000000
105474  50.544  51.780  26.850 0.0000000000
106123  49.559  51.842  28.227 0.0000000000
133878  51.517  50.776  27.932 0.0000000000
104295  52.951  49.487  27.571 0.0000000000
103706  53.991  48.573  26.222 0.0000000000
98386  53.158  40.886  32.122 0.0000000000
97636  52.290  40.135  32.230 0.0000000000
138395  52.876  40.417  32.514 0.0000000000
141008  52.695  38.895  32.917 0.0000000000
96959  53.122  38.363  32.979 0.0000000000
96971  54.345  38.601  32.909 0.0000000000
96333  53.714  37.695  32.796 0.0000000000
125961  53.239  36.364  32.597 0.0000000000
94427  52.890  34.306  31.697 0.0000000000
93700  52.373  33.725  31.177 0.0000000000
92383  55.309  31.477  27.623 0.0000000000
92400  53.892  31.906  26.404 0.0000000000
139276  53.682  31.643  27.068 0.0000000000
94384  41.687  34.105  34.600 0.0000000000
96950  44.370  38.034  34.251 0.0000000000
127136  43.954  37.280  34.688 0.0000000000
95702  44.194  36.414  34.842 0.0000000000
121926  44.253  35.652  34.893 0.0000000000
95089  43.476  35.774  35.168 0.0000000000
94383  42.596  34.189  34.661 0.0000000000
93657  42.015  33.730  33.875 0.0000000000
93671  42.300  33.623  32.995 0.0000000000
138816  43.329  33.308  32.274 0.0000000000
93708  43.119  33.618  30.247 0.0000000000
104346  48.313  49.825  21.936 0.0000000000
137758  48.433  48.996  21.446 0.0000000000
104325  47.992  49.545  25.586 0.0000000000
104326  47.161  49.125  25.365 0.0000000000
140210  49.011  53.829  31.353 0.0000000000
105438  49.314  52.263  31.173 0.0000000000
106757  49.289  53.509  31.934 0.0000000000
105439  48.457  52.035  31.716 0.0000000000
106747  48.684  53.834  33.259 0.0000000000
105430  47.569  51.515  32.458 0.0000000000
104844  46.792  50.838  31.932 0.0000000000
104246  45.728  49.618  32.338 0.0000000000
104237  45.867  49.277  33.096 0.0000000000
103080  45.292  47.885  34.395 0.0000000000
102520  44.556  46.720  35.253 0.0000000000
102502  44.736  46.299  36.165 0.0000000000
101935  44.938  45.793  37.007 0.0000000000
107956  39.345  56.010  27.942 0.0000000000
108456  37.939  56.757  27.922 0.0000000000
108455  38.802  57.012  28.009 0.0000000000
108454  39.879  57.292  27.994 0.0000000000
122281  40.689  58.367  27.876 0.0000000000
133573  40.620  59.674  27.888 0.0000000000
109493  42.033  60.587  27.695 0.0000000000
134828  40.190  58.720  29.554 0.0000000000
130562  40.823  60.807  28.635 0.0000000000
137210  41.797  61.060  28.053 0.0000000000
110042  42.773  61.328  27.986 0.0000000000
109477  43.780  60.851  28.164 0.0000000000
130222  44.309  60.043  28.284 0.0000000000
108441  44.812  57.352  28.707 0.0000000000
108440  45.967  58.070  29.058 0.0000000000
108421  47.012  58.294  29.836 0.0000000000
107916  47.372  56.855  31.185 0.0000000000
107363  47.959  55.992  31.672 0.0000000000
96311  55.934  37.754  34.260 0.0000000000
96319  56.657  37.504  33.180 0.0000000000
95697  56.339  37.235  33.728 0.0000000000
95108  56.709  36.267  33.091 0.0000000000
140567  57.014  34.885  31.869 0.0000000000
94394  56.140  34.589  33.358 0.0000000000
93680  57.098  34.079  31.860 0.0000000000
93698  57.158  33.504  31.138 0.0000000000
93717  57.075  32.886  30.270 0.0000000000
93027  56.744  31.976  28.778 0.0000000000
117219  56.260  31.688  28.055 0.0000000000
92984  55.824  32.215  35.642 0.0000000000
92991  56.538  31.823  34.604 0.0000000000
92328  57.236  31.022  33.722 0.0000000000
91642  57.493  29.893  34.277 0.0000000000
91653  57.462  29.901  33.397 0.0000000000
92342  57.436  30.380  31.786 0.0000000000
91692  57.107  30.691  30.302 0.0000000000
91706  56.435  31.269  29.289 0.0000000000
92364  55.877  31.447  28.317 0.0000000000
92365  54.867  31.447  28.716 0.0000000000
99948  49.542  41.838  27.101 0.0000000000
99161  49.929  41.088  27.276 0.0000000000
99175  50.402  41.496  26.700 0.0000000000
131857  50.735  40.968  26.849 0.0000000000
99160  51.552  40.843  26.614 0.0000000000
99185  52.880  41.540  25.521 0.0000000000
99173  52.182  41.079  26.049 0.0000000000
98438  51.812  40.615  26.959 0.0000000000
98423  53.165  40.593  27.956 0.0000000000
98412  53.634  40.922  29.011 0.0000000000
99135  53.855  41.350  29.881 0.0000000000
119825  54.615  44.885  25.151 0.0000000000
100751  54.289  43.332  25.976 0.0000000000
99962  54.244  42.513  26.598 0.0000000000
100728  53.248  43.300  27.329 0.0000000000
99947  53.979  42.660  27.519 0.0000000000
99946  54.479  42.105  27.499 0.0000000000
99148  54.433  41.524  28.440 0.0000000000
99134  54.396  41.671  29.324 0.0000000000
99127  54.070  41.552  30.754 0.0000000000
99118  54.294  41.640  31.599 0.0000000000
126168  55.385  42.210  32.906 0.0000000000
99883  54.589  42.843  31.798 0.0000000000
99859  55.037  42.812  32.675 0.0000000000
98371  55.853  41.508  33.364 0.0000000000
99087  56.224  41.465  33.912 0.0000000000
98358  56.339  40.938  34.407 0.0000000000
97603  56.037  40.331  34.845 0.0000000000
104868  48.210  50.506  29.934 0.0000000000
104286  47.889  49.867  29.722 0.0000000000
103116  48.291  47.836  29.361 0.0000000000
103685  46.452  48.762  30.131 0.0000000000
103117  47.434  47.812  29.642 0.0000000000
125260  47.787  47.042  29.634 0.0000000000
101963  48.421  45.545  29.678 0.0000000000
101375  48.720  44.863  29.876 0.0000000000
101361  49.193  44.232  30.213 0.0000000000
101953  44.302  46.093  32.587 0.0000000000
101351  45.418  44.780  32.185 0.0000000000
101350  46.270  44.423  31.893 0.0000000000
100626  46.670  43.160  33.056 0.0000000000
100636  46.643  43.764  32.390 0.0000000000
101356  46.836  44.643  31.385 0.0000000000
100652  48.220  44.015  31.364 0.0000000000
123023  48.966  43.551  31.514 0.0000000000
100651  49.794  43.437  31.261 0.0000000000
123941  50.300  43.106  31.980 0.0000000000
99862  51.520  42.986  32.857 0.0000000000
125728  52.562  42.741  33.859 0.0000000000
99067  51.166  41.920  34.759 0.0000000000
134723  52.517  42.372  34.486 0.0000000000
124266  53.900  42.228  34.771 0.0000000000
99043  54.476  41.213  35.275 0.0000000000
97604  55.057  39.945  35.277 0.0000000000
96936  55.727  39.389  34.885 0.0000000000
96312  55.402  38.134  34.661 0.0000000000
96301  54.978  37.428  34.614 0.0000000000
95690  53.957  37.078  34.954 0.0000000000
96303  52.247  38.321  35.919 0.0000000000
95691  52.996  36.774  35.331 0.0000000000
95086  53.590  36.001  34.916 0.0000000000
95087  52.883  35.135  35.289 0.0000000000
94363  52.581  34.426  35.979 0.0000000000
93641  52.893  33.738  36.689 0.0000000000
96905  48.679  38.793  37.183 0.0000000000
127142  49.385  37.476  37.328 0.0000000000
96268  49.992  37.200  37.052 0.0000000000
95648  49.025  35.903  38.259 0.0000000000
95060  49.798  35.693  37.873 0.0000000000
95072  50.843  35.841  36.736 0.0000000000
95058  51.220  35.039  37.001 0.0000000000
94347  51.763  34.414  37.289 0.0000000000
93630  53.442  33.536  37.587 0.0000000000
93625  52.963  33.900  38.504 0.0000000000
93614  53.929  34.214  39.155 0.0000000000
94324  54.279  34.752  39.886 0.0000000000
94314  54.713  35.362  40.720 0.0000000000
132013  47.415  49.810  17.570 0.0000000000
139522  46.937  50.570  18.319 0.0000000000
104968  47.145  50.426  17.950 0.0000000000
104378  48.091  49.845  17.714 0.0000000000
104967  49.391  50.834  18.158 0.0000000000
105562  50.963  51.915  18.327 0.0000000000
105475  44.239  52.487  26.257 0.0000000000
105489  45.135  52.192  25.267 0.0000000000
126172  43.911  58.088  27.127 0.0000000000
108450  44.401  56.926  26.872 0.0000000000
123341  46.320  56.430  25.712 0.0000000000
106187  46.067  52.804  24.955 0.0000000000
105504  46.253  52.412  24.183 0.0000000000
106226  47.022  52.488  22.879 0.0000000000
106238  47.837  52.650  21.462 0.0000000000
106237  48.548  53.422  20.834 0.0000000000
123034  48.645  55.223  22.203 0.0000000000
139926  49.273  54.138  20.247 0.0000000000
106248  48.936  53.191  19.890 0.0000000000
106256  50.311  53.315  18.772 0.0000000000
106270  51.133  52.649  18.545 0.0000000000
105550  51.338  52.103  18.706 0.0000000000
123484  51.492  52.429  19.106 0.0000000000
106222  51.229  54.207  21.690 0.0000000000
140334  50.003  52.227  21.735 0.0000000000
104905  49.834  51.540  24.319 0.0000000000
104900  49.766  50.906  25.007 0.0000000000
106184  51.420  53.131  24.319 0.0000000000
105502  51.839  52.260  24.660 0.0000000000
105486  52.285  51.591  25.015 0.0000000000
127385  51.682  52.263  24.410 0.0000000000
104899  51.457  51.082  24.832 0.0000000000
104323  50.272  50.196  25.535 0.0000000000
103711  49.617  48.500  26.458 0.0000000000
103136  50.202  47.819  26.498 0.0000000000
102560  50.374  46.441  26.587 0.0000000000
102559  51.431  46.892  26.126 0.0000000000
101992  51.126  45.719  26.302 0.0000000000
132027  50.040  45.551  26.762 0.0000000000
100755  49.898  43.419  26.729 0.0000000000
98441  49.283  40.787  27.944 0.0000000000
97648  48.817  39.571  30.717 0.0000000000
97655  49.834  39.980  29.852 0.0000000000
125076  49.381  39.720  30.484 0.0000000000
96983  48.563  39.242  31.455 0.0000000000
140173  48.266  38.457  32.477 0.0000000000
95712  48.084  36.336  33.624 0.0000000000
123010  51.877  39.457  32.353 0.0000000000
96972  51.212  38.957  32.322 0.0000000000
96962  50.738  37.700  32.689 0.0000000000
95708  51.438  36.463  32.842 0.0000000000
96322  50.244  37.090  32.840 0.0000000000
96323  49.379  37.247  33.050 0.0000000000
95711  49.026  36.358  33.412 0.0000000000
95114  47.808  35.233  33.883 0.0000000000
94398  47.474  34.264  33.767 0.0000000000
93666  47.041  33.567  33.281 0.0000000000
93688  46.480  33.197  32.386 0.0000000000
93686  48.293  33.307  32.137 0.0000000000
93687  47.380  33.230  32.333 0.0000000000
95726  56.599  36.566  32.493 0.0000000000
95126  56.101  35.871  31.641 0.0000000000
94424  55.827  35.216  31.102 0.0000000000
93719  55.881  33.984  29.529 0.0000000000
94434  55.459  34.536  30.414 0.0000000000
94435  54.408  34.286  30.568 0.0000000000
93721  53.694  33.784  29.882 0.0000000000
93722  52.632  33.584  30.241 0.0000000000
121158  51.649  33.537  29.472 0.0000000000
92409  54.219  32.333  25.983 0.0000000000
93057  53.407  32.842  25.591 0.0000000000
93774  52.213  33.416  25.778 0.0000000000
93070  50.336  33.118  25.434 0.0000000000
93782  51.321  33.313  25.621 0.0000000000
93757  52.019  33.671  27.092 0.0000000000
93740  51.873  33.638  28.200 0.0000000000
117917  50.810  33.694  28.234 0.0000000000
93725  48.675  33.588  28.861 0.0000000000
92941  54.096  32.511  40.767 0.0000000000
92271  53.716  31.692  39.466 0.0000000000
92284  53.101  31.395  38.926 0.0000000000
92283  54.247  31.254  38.847 0.0000000000
90930  57.260  29.727  34.814 0.0000000000
90942  57.242  29.694  33.929 0.0000000000
90963  57.175  29.770  32.224 0.0000000000
91575  55.996  30.811  38.189 0.0000000000
91577  53.772  30.956  38.292 0.0000000000
91593  56.378  30.486  37.480 0.0000000000
91609  57.404  30.324  35.936 0.0000000000
91610  57.194  30.045  36.423 0.0000000000
91627  57.507  30.010  35.122 0.0000000000
91643  57.046  29.557  34.508 0.0000000000
91644  56.419  29.799  34.190 0.0000000000
91666  57.411  29.908  32.467 0.0000000000
91667  57.012  29.646  32.511 0.0000000000
91681  57.103  29.792  31.653 0.0000000000
92269  56.022  31.793  39.203 0.0000000000
92272  52.795  31.742  39.677 0.0000000000
92281  56.474  31.407  38.574 0.0000000000
92309  57.176  31.164  36.011 0.0000000000
92318  57.132  31.219  34.551 0.0000000000
92327  57.483  30.261  33.782 0.0000000000
92335  57.421  30.613  32.843 0.0000000000
92349  56.769  31.113  29.708 0.0000000000
92363  56.570  31.636  28.894 0.0000000000
92398  55.791  31.739  26.650 0.0000000000
92399  54.965  31.833  26.462 0.0000000000
92940  55.250  32.855  40.457 0.0000000000
92950  56.656  32.747  39.098 0.0000000000
92951  56.392  32.568  39.454 0.0000000000
92955  56.744  32.421  38.637 0.0000000000
92961  56.893  32.143  37.676 0.0000000000
92976  55.316  32.706  36.884 0.0000000000
92983  56.493  31.803  35.381 0.0000000000
92985  55.099  32.604  36.020 0.0000000000
93000  56.238  32.387  33.982 0.0000000000
93014  57.311  32.261  31.057 0.0000000000
93026  56.903  32.300  29.396 0.0000000000
93045  56.368  32.333  26.974 0.0000000000
93046  55.969  32.239  26.522 0.0000000000
93056  54.497  32.668  25.904 0.0000000000
93058  51.997  32.774  25.525 0.0000000000
93059  50.798  32.766  25.431 0.0000000000
93060  49.839  32.896  25.313 0.0000000000
93600  56.247  34.067  40.263 0.0000000000
93610  56.447  33.334  39.578 0.0000000000
93611  56.297  33.987  39.602 0.0000000000
93622  56.251  33.743  38.874 0.0000000000
93629  56.156  33.329  38.179 0.0000000000
93631  52.483  33.918  37.512 0.0000000000
93651  55.262  33.892  33.964 0.0000000000
93663  56.560  34.109  32.962 0.0000000000
93718  56.390  34.115  30.041 0.0000000000
93723  51.037  33.370  30.315 0.0000000000
93753  56.330  32.821  27.480 0.0000000000
93754  55.906  33.323  27.369 0.0000000000
93772  55.113  33.140  26.452 0.0000000000
93775  51.425  33.669  26.108 0.0000000000
93779  55.202  32.706  26.272 0.0000000000
93781  52.254  33.133  25.566 0.0000000000
94312  55.886  34.699  40.749 0.0000000000
94325  53.098  34.394  39.487 0.0000000000
94346  52.262  34.198  36.780 0.0000000000
94362  53.194  34.387  35.317 0.0000000000
94408  56.974  34.498  31.286 0.0000000000
94409  56.847  35.455  32.229 0.0000000000
94432  56.594  34.733  30.860 0.0000000000
95012  55.122  35.932  42.064 0.0000000000
95035  44.734  35.844  40.200 0.0000000000
95038  49.371  35.116  39.670 0.0000000000
95047  48.385  35.638  38.861 0.0000000000
95048  47.643  35.929  38.787 0.0000000000
95105  44.722  35.139  34.725 0.0000000000
95109  56.386  35.581  33.325 0.0000000000
95123  50.835  35.046  32.877 0.0000000000
95125  56.623  35.945  31.978 0.0000000000
95127  55.409  35.666  31.570 0.0000000000
95643  45.297  36.594  39.019 0.0000000000
95650  47.419  36.669  38.358 0.0000000000
95652  45.859  37.187  38.461 0.0000000000
95657  50.154  36.220  37.189 0.0000000000
95659  48.700  37.232  37.680 0.0000000000
95706  56.662  36.874  33.269 0.0000000000
95709  50.656  36.416  32.926 0.0000000000
95718  56.787  36.926  32.885 0.0000000000
95720  55.632  37.015  32.229 0.0000000000
95727  56.232  36.517  32.131 0.0000000000
96265  45.293  37.702  38.343 0.0000000000
96269  49.037  38.111  37.312 0.0000000000
96320  52.515  37.496  32.871 0.0000000000
96321  51.582  37.616  32.802 0.0000000000
96330  56.721  37.556  32.947 0.0000000000
96331  56.544  37.852  32.893 0.0000000000
96334  53.180  36.984  32.733 0.0000000000
96904  49.355  38.744  37.045 0.0000000000
96907  46.519  38.427  37.713 0.0000000000
96937  55.336  38.668  34.885 0.0000000000
96948  56.572  39.000  33.765 0.0000000000
96973  50.435  38.461  32.419 0.0000000000
97591  50.647  39.438  36.480 0.0000000000
97594  46.446  39.893  36.815 0.0000000000
97595  45.769  39.803  37.065 0.0000000000
97606  52.935  39.928  35.726 0.0000000000
97618  56.428  39.621  34.322 0.0000000000
97625  56.387  40.071  33.593 0.0000000000
97638  49.848  39.010  31.999 0.0000000000
97647  49.390  39.409  31.272 0.0000000000
97656  48.936  39.871  29.985 0.0000000000
98304  44.986  40.075  37.077 0.0000000000
98335  55.928  41.089  34.882 0.0000000000
98336  55.274  40.805  35.220 0.0000000000
98400  52.906  40.945  30.296 0.0000000000
98404  46.665  40.286  29.989 0.0000000000
98406  44.845  40.759  30.617 0.0000000000
98413  51.195  40.453  28.764 0.0000000000
98417  45.883  40.655  29.930 0.0000000000
98422  54.151  40.857  27.604 0.0000000000
98425  50.640  40.550  28.086 0.0000000000
98427  48.817  40.480  28.657 0.0000000000
98446  53.607  40.617  26.139 0.0000000000
98447  52.570  40.637  26.415 0.0000000000
99029  44.009  41.272  37.115 0.0000000000
99034  44.346  41.598  36.435 0.0000000000
99046  49.586  41.113  35.499 0.0000000000
99047  48.823  41.086  35.399 0.0000000000
99050  45.553  41.514  35.511 0.0000000000
99062  56.005  41.502  34.499 0.0000000000
99065  52.916  42.068  34.961 0.0000000000
99066  51.923  41.904  34.923 0.0000000000
99070  47.711  41.736  34.526 0.0000000000
99071  46.804  41.749  34.678 0.0000000000
99072  45.947  41.891  34.855 0.0000000000
99088  55.782  42.046  33.568 0.0000000000
99147  54.476  41.361  27.746 0.0000000000
99151  46.489  41.217  28.495 0.0000000000
99163  47.751  41.421  27.898 0.0000000000
99170  54.480  41.326  26.564 0.0000000000
99172  53.849  40.967  25.686 0.0000000000
99184  53.728  41.498  25.385 0.0000000000
99810  44.025  42.338  36.544 0.0000000000
99815  44.454  42.451  35.450 0.0000000000
99816  44.041  42.784  35.932 0.0000000000
99820  54.731  42.582  34.221 0.0000000000
99821  51.747  42.347  34.341 0.0000000000
99822  50.866  42.300  34.223 0.0000000000
99824  48.511  42.132  34.063 0.0000000000
99827  45.473  42.503  34.418 0.0000000000
99828  44.681  42.779  34.766 0.0000000000
99839  53.553  43.128  33.318 0.0000000000
99844  47.471  42.852  33.170 0.0000000000
99845  46.843  42.564  33.629 0.0000000000
99865  48.007  43.134  32.643 0.0000000000
99932  54.569  41.845  28.176 0.0000000000
99945  54.512  41.568  27.286 0.0000000000
99949  48.698  42.303  27.394 0.0000000000
99961  54.471  41.902  26.431 0.0000000000
99981  54.267  42.223  25.100 0.0000000000
100648  53.342  43.318  31.482 0.0000000000
100653  46.961  44.139  31.824 0.0000000000
100666  51.752  43.316  30.489 0.0000000000
100668  49.649  43.736  30.563 0.0000000000
100669  49.021  43.909  30.925 0.0000000000
100690  52.017  43.280  29.663 0.0000000000
100692  49.959  43.812  29.911 0.0000000000
100750  54.425  42.782  25.634 0.0000000000
100752  53.657  43.755  26.588 0.0000000000
100753  51.557  42.573  25.776 0.0000000000
100766  54.555  43.150  25.023 0.0000000000
100771  54.549  43.898  24.859 0.0000000000
101340  43.810  44.402  35.318 0.0000000000
101352  44.605  45.173  32.730 0.0000000000
101355  47.442  44.250  31.503 0.0000000000
101357  45.949  45.251  31.329 0.0000000000
101401  47.408  44.067  27.537 0.0000000000
101414  54.608  43.846  25.150 0.0000000000
101415  54.267  44.300  25.727 0.0000000000
101418  50.591  44.002  26.464 0.0000000000
101425  54.618  44.405  24.944 0.0000000000
101433  54.523  44.625  24.823 0.0000000000
101949  44.060  45.649  33.342 0.0000000000
101952  44.930  45.636  31.939 0.0000000000
101960  46.480  45.630  30.726 0.0000000000
101964  47.792  45.721  29.899 0.0000000000
101968  50.390  45.711  28.551 0.0000000000
101990  54.621  45.848  25.140 0.0000000000
101991  54.329  45.478  25.760 0.0000000000
102536  46.616  46.250  30.331 0.0000000000
102540  48.634  47.011  29.297 0.0000000000
102547  54.200  47.335  26.351 0.0000000000
102561  49.511  46.277  27.024 0.0000000000
102572  54.519  46.014  24.964 0.0000000000
103064  45.435  47.496  35.207 0.0000000000
103065  44.739  47.268  34.631 0.0000000000
103081  44.520  47.350  33.879 0.0000000000
103110  44.478  47.560  32.264 0.0000000000
103113  45.418  47.779  30.788 0.0000000000
103118  46.771  47.981  29.867 0.0000000000
103133  54.378  48.005  25.904 0.0000000000
103134  52.160  47.720  25.621 0.0000000000
103144  54.079  47.816  24.871 0.0000000000
103673  44.720  48.275  31.999 0.0000000000
103686  45.711  48.565  30.622 0.0000000000
103693  50.760  49.361  28.970 0.0000000000
103696  47.854  48.562  29.502 0.0000000000
103697  47.142  48.453  29.738 0.0000000000
103707  53.452  48.958  27.119 0.0000000000
103708  54.091  48.450  25.428 0.0000000000
103716  53.829  48.416  25.099 0.0000000000
103734  46.692  48.100  22.817 0.0000000000
103740  48.273  48.228  21.484 0.0000000000
103758  47.771  48.495  17.934 0.0000000000
103766  47.038  49.359  17.528 0.0000000000
104256  45.518  49.443  31.709 0.0000000000
104285  49.301  49.821  29.313 0.0000000000
104296  52.414  49.734  28.181 0.0000000000
104297  51.326  49.895  28.997 0.0000000000
104304  53.309  49.640  26.544 0.0000000000
104305  52.767  50.003  27.209 0.0000000000
104319  53.504  49.006  25.386 0.0000000000
104320  53.196  49.565  25.180 0.0000000000
104334  46.900  49.210  24.527 0.0000000000
104342  46.869  49.098  23.700 0.0000000000
104851  49.579  51.336  29.841 0.0000000000
104852  48.835  51.185  30.264 0.0000000000
104876  50.651  50.877  29.140 0.0000000000
104883  53.087  50.229  25.954 0.0000000000
104907  47.979  50.250  24.280 0.0000000000
104925  48.084  50.258  22.920 0.0000000000
104926  45.776  50.846  22.009 0.0000000000
104935  49.782  50.970  20.706 0.0000000000
104937  46.265  50.773  20.765 0.0000000000
104947  46.759  50.748  19.907 0.0000000000
104974  48.616  50.230  17.906 0.0000000000
104975  47.586  50.214  17.751 0.0000000000
105429  47.859  51.994  33.372 0.0000000000
105468  51.900  51.559  26.132 0.0000000000
105469  51.245  51.339  27.192 0.0000000000
105470  50.337  51.500  27.844 0.0000000000
105487  52.063  51.759  24.681 0.0000000000
105505  45.462  51.847  24.529 0.0000000000
105520  46.347  51.999  23.352 0.0000000000
105522  44.973  51.108  24.058 0.0000000000
105552  48.205  51.461  19.032 0.0000000000
106064  48.958  53.277  32.552 0.0000000000
106076  49.157  52.780  31.831 0.0000000000
106085  49.575  52.825  31.218 0.0000000000
106096  49.690  51.556  29.593 0.0000000000
106116  48.080  52.984  27.766 0.0000000000
106143  48.977  52.758  26.504 0.0000000000
106170  44.824  52.475  25.835 0.0000000000
106225  47.638  53.027  22.348 0.0000000000
106271  50.639  52.601  18.451 0.0000000000
106272  49.821  52.359  18.517 0.0000000000
106738  48.627  54.742  33.189 0.0000000000
106739  48.076  54.474  33.769 0.0000000000
106748  45.512  54.485  32.787 0.0000000000
106779  43.999  53.865  29.678 0.0000000000
106831  50.970  53.426  24.616 0.0000000000
106873  51.133  55.014  20.621 0.0000000000
106874  49.031  54.685  21.048 0.0000000000
106888  50.427  55.353  20.200 0.0000000000
106905  51.119  53.919  19.125 0.0000000000
106922  50.970  53.356  18.699 0.0000000000
107355  48.683  55.128  32.642 0.0000000000
107362  48.598  55.004  31.934 0.0000000000
107364  46.016  55.403  32.175 0.0000000000
107375  44.818  54.343  30.240 0.0000000000
107386  44.607  54.808  29.615 0.0000000000
107387  43.042  53.976  29.442 0.0000000000
107400  47.542  54.216  28.806 0.0000000000
107429  47.714  56.463  24.897 0.0000000000
107430  47.086  55.811  24.989 0.0000000000
107435  49.159  56.655  23.449 0.0000000000
107436  48.774  56.707  23.546 0.0000000000
107449  48.986  56.343  22.155 0.0000000000
107472  50.787  54.679  19.641 0.0000000000
107899  48.118  56.101  32.881 0.0000000000
107907  47.193  56.783  32.202 0.0000000000
107927  45.805  56.220  30.166 0.0000000000
107928  45.184  55.772  29.571 0.0000000000
107945  45.923  56.943  29.712 0.0000000000
107947  44.107  56.348  28.823 0.0000000000
107957  38.452  55.978  27.894 0.0000000000
107958  37.233  56.216  27.769 0.0000000000
107967  47.153  56.876  25.225 0.0000000000
107977  50.175  56.435  22.121 0.0000000000
107978  49.229  56.888  22.813 0.0000000000
107981  49.568  56.673  22.390 0.0000000000
108404  47.046  57.150  31.392 0.0000000000
108409  47.113  57.732  30.395 0.0000000000
108422  46.814  58.018  29.966 0.0000000000
108425  41.368  56.876  29.397 0.0000000000
108427  39.598  57.553  29.599 0.0000000000
108449  47.398  57.769  26.907 0.0000000000
108467  46.502  57.643  25.827 0.0000000000
108942  47.134  58.367  29.617 0.0000000000
108943  46.984  58.914  29.123 0.0000000000
108960  47.213  58.579  28.758 0.0000000000
108966  40.059  60.307  28.152 0.0000000000
108975  47.065  59.260  27.061 0.0000000000
108980  41.331  59.486  27.702 0.0000000000
108992  47.218  58.555  26.421 0.0000000000
108994  46.649  58.921  26.209 0.0000000000
109460  42.367  59.899  28.595 0.0000000000
109474  47.030  59.300  28.070 0.0000000000
109476  45.261  60.271  28.141 0.0000000000
110025  42.057  60.841  28.276 0.0000000000
110026  39.860  60.991  28.846 0.0000000000
110039  44.988  60.657  27.644 0.0000000000
110040  43.977  61.062  27.977 0.0000000000
110041  43.372  61.315  28.052 0.0000000000
110043  40.600  60.783  28.445 0.0000000000
110054  44.021  60.963  27.425 0.0000000000
110056  42.736  61.183  27.771 0.0000000000
110559  43.470  61.225  27.810 0.0000000000
110560  43.145  61.341  27.844 0.0000000000
117147  57.369  31.506  31.897 0.0000000000
117652  52.839  33.537  26.416 0.0000000000
117738  46.504  35.699  39.523 0.0000000000
118284  53.223  33.219  25.770 0.0000000000
118577  48.256  49.375  29.480 0.0000000000
118851  51.880  35.947  35.818 0.0000000000
119607  52.551  37.488  35.648 0.0000000000
121055  53.555  40.673  35.495 0.0000000000
121109  50.120  47.405  28.699 0.0000000000
121168  46.856  56.313  32.782 0.0000000000
122181  56.900  34.671  32.378 0.0000000000
122449  50.217  41.678  34.895 0.0000000000
122664  56.517  39.184  33.456 0.0000000000
122736  54.641  31.565  26.981 0.0000000000
123087  54.091  44.917  24.667 0.0000000000
124154  56.416  38.102  33.677 0.0000000000
124182  50.055  39.794  36.471 0.0000000000
124976  55.045  37.819  32.570 0.0000000000
125876  52.471  40.509  27.122 0.0000000000
126373  54.356  38.101  35.092 0.0000000000
126872  45.978  46.964  30.432 0.0000000000
126878  44.081  45.803  35.521 0.0000000000
127157  47.937  42.713  27.545 0.0000000000
127797  50.220  40.461  36.153 0.0000000000
127860  38.832  55.126  27.822 0.0000000000
128179  47.208  39.566  31.190 0.0000000000
128394  52.144  48.638  28.429 0.0000000000
128511  51.057  37.032  32.784 0.0000000000
129351  47.539  57.091  26.241 0.0000000000
129476  57.135  30.115  30.961 0.0000000000
129482  51.810  40.536  29.683 0.0000000000
129486  48.388  52.898  33.320 0.0000000000
130108  48.155  46.268  29.605 0.0000000000
130832  53.207  38.197  35.542 0.0000000000
131237  49.584  52.369  30.580 0.0000000000
131667  39.373  59.509  28.185 0.0000000000
131887  54.547  32.938  36.399 0.0000000000
132023  57.001  32.107  38.184 0.0000000000
132082  50.534  55.792  20.703 0.0000000000
132963  52.031  46.236  25.693 0.0000000000
133111  55.050  32.781  35.155 0.0000000000
133345  45.255  43.526  33.446 0.0000000000
133490  47.797  50.946  30.562 0.0000000000
133727  57.311  30.254  31.083 0.0000000000
133853  56.529  32.076  27.836 0.0000000000
134510  36.517  54.688  27.556 0.0000000000
134666  56.511  40.291  34.244 0.0000000000
134755  57.017  31.363  35.192 0.0000000000
135502  46.499  59.680  26.750 0.0000000000
135529  47.072  40.105  36.506 0.0000000000
136040  39.940  56.592  29.594 0.0000000000
136237  53.641  40.171  35.541 0.0000000000
137199  55.558  34.079  38.937 0.0000000000
137289  50.466  40.862  27.220 0.0000000000
137844  55.477  31.524  26.917 0.0000000000
137905  38.738  57.736  29.619 0.0000000000
138132  48.495  39.717  30.380 0.0000000000
138258  57.084  29.615  35.258 0.0000000000
138657  48.814  36.522  37.912 0.0000000000
138671  41.617  57.651  29.300 0.0000000000
139647  43.837  45.056  35.635 0.0000000000
139707  43.866  46.045  33.931 0.0000000000
140103  37.883  56.009  27.841 0.0000000000
140490  51.440  40.995  35.709 0.0000000000
140791  46.457  50.470  32.353 0.0000000000
141088  48.111  55.266  33.529 0.0000000000
