#!ascii label  , from subject sub-v2s4x29594_ses-1 vox2ras=TkReg
455
150772  -24.593  2.243  -17.123 0.0000000000
68884  -19.846  -1.933  -12.546 0.0000000000
68905  -26.959  -1.086  -13.385 0.0000000000
65850  -22.977  -4.991  -11.089 0.0000000000
85951  -27.142  15.386  -19.412 0.0000000000
82164  -27.746  11.650  -15.904 0.0000000000
138662  -19.956  7.827  -18.712 0.0000000000
61649  -21.671  -8.136  -8.257 0.0000000000
66851  -21.528  -3.171  -12.052 0.0000000000
65834  -20.083  -4.264  -9.398 0.0000000000
84968  -27.614  14.087  -17.037 0.0000000000
82218  -24.077  10.915  -18.569 0.0000000000
72942  -19.724  2.059  -16.166 0.0000000000
76035  -17.295  5.452  -16.362 0.0000000000
75015  -22.798  4.549  -18.837 0.0000000000
153512  -24.916  6.755  -18.074 0.0000000000
75007  -26.868  4.191  -17.540 0.0000000000
72945  -27.968  2.856  -15.801 0.0000000000
70880  -18.306  0.806  -13.079 0.0000000000
69938  -21.825  -0.231  -15.449 0.0000000000
70935  -25.239  0.899  -15.467 0.0000000000
68901  -23.062  -1.629  -13.820 0.0000000000
66854  -24.206  -3.540  -12.514 0.0000000000
64891  -25.633  -5.368  -11.691 0.0000000000
136634  -18.970  11.172  -19.515 0.0000000000
80122  -23.530  9.275  -18.507 0.0000000000
79108  -27.866  9.264  -15.650 0.0000000000
64841  -20.127  -5.877  -8.343 0.0000000000
62798  -22.471  -7.388  -9.740 0.0000000000
66802  -19.903  -3.471  -9.766 0.0000000000
65826  -19.639  -4.471  -8.769 0.0000000000
83163  -23.887  11.711  -18.651 0.0000000000
83160  -21.498  12.742  -19.394 0.0000000000
72964  -21.366  2.569  -16.914 0.0000000000
73936  -20.886  3.764  -17.946 0.0000000000
139006  -22.994  3.958  -17.885 0.0000000000
135856  -24.497  4.232  -17.735 0.0000000000
134928  -25.604  3.343  -17.571 0.0000000000
73909  -27.712  3.467  -16.281 0.0000000000
72969  -25.613  2.433  -16.923 0.0000000000
69906  -19.436  -0.587  -13.275 0.0000000000
69921  -19.790  -0.058  -14.455 0.0000000000
69908  -21.005  -0.860  -14.232 0.0000000000
68913  -22.512  -0.993  -14.518 0.0000000000
68899  -21.233  -1.484  -13.592 0.0000000000
65870  -22.618  -4.263  -11.371 0.0000000000
66853  -23.331  -3.369  -12.362 0.0000000000
65871  -23.389  -4.570  -11.697 0.0000000000
65872  -25.165  -4.921  -12.172 0.0000000000
64890  -24.721  -5.360  -11.507 0.0000000000
85950  -26.711  15.229  -19.434 0.0000000000
85958  -26.485  15.682  -19.663 0.0000000000
86909  -27.216  16.394  -20.143 0.0000000000
87828  -28.049  17.873  -21.140 0.0000000000
86894  -28.513  16.581  -18.940 0.0000000000
84049  -27.626  13.288  -16.586 0.0000000000
77065  -18.375  6.490  -17.539 0.0000000000
79118  -17.913  8.257  -17.992 0.0000000000
130451  -18.931  9.371  -18.992 0.0000000000
80121  -20.960  9.942  -18.730 0.0000000000
145801  -21.633  8.192  -18.634 0.0000000000
139319  -27.676  6.822  -16.306 0.0000000000
78114  -26.670  7.698  -16.890 0.0000000000
79099  -28.924  8.468  -14.936 0.0000000000
69926  -25.840  -0.148  -14.518 0.0000000000
70912  -27.488  0.792  -14.211 0.0000000000
62778  -20.271  -7.491  -7.333 0.0000000000
62789  -21.337  -7.269  -8.466 0.0000000000
63835  -21.366  -6.532  -9.038 0.0000000000
62790  -21.945  -7.929  -9.169 0.0000000000
67829  -19.799  -2.184  -11.684 0.0000000000
67831  -20.962  -2.754  -12.527 0.0000000000
66836  -20.398  -3.262  -10.706 0.0000000000
65869  -21.123  -3.647  -10.915 0.0000000000
64867  -21.886  -5.084  -10.130 0.0000000000
84982  -26.367  13.687  -18.765 0.0000000000
128144  -27.520  15.257  -18.194 0.0000000000
148632  -26.133  12.966  -18.764 0.0000000000
83144  -26.119  12.313  -18.407 0.0000000000
154297  -25.977  11.132  -17.873 0.0000000000
72940  -17.732  2.825  -15.311 0.0000000000
140980  -18.181  3.891  -16.440 0.0000000000
74999  -19.587  4.774  -17.657 0.0000000000
77067  -20.574  6.202  -18.280 0.0000000000
140329  -22.779  6.714  -19.012 0.0000000000
76063  -23.174  5.124  -18.996 0.0000000000
76053  -26.461  5.566  -17.531 0.0000000000
76038  -28.330  5.683  -16.322 0.0000000000
74976  -29.324  4.713  -15.515 0.0000000000
60616  -22.846  -9.260  -8.359 0.0000000000
61651  -23.101  -9.064  -9.182 0.0000000000
71915  -18.877  1.112  -14.716 0.0000000000
71937  -20.991  1.132  -16.015 0.0000000000
71956  -22.448  1.611  -16.582 0.0000000000
71939  -25.004  1.557  -15.943 0.0000000000
70933  -23.391  0.751  -15.879 0.0000000000
69924  -24.159  -0.193  -14.820 0.0000000000
68903  -25.247  -1.214  -13.663 0.0000000000
67832  -22.164  -2.569  -12.683 0.0000000000
67846  -23.487  -2.141  -13.054 0.0000000000
67835  -25.267  -2.691  -12.907 0.0000000000
66856  -25.894  -3.484  -12.763 0.0000000000
65874  -26.819  -4.812  -11.968 0.0000000000
86874  -29.050  16.157  -18.031 0.0000000000
82197  -20.879  11.603  -19.440 0.0000000000
81189  -23.703  10.150  -18.605 0.0000000000
80113  -26.019  10.329  -17.744 0.0000000000
78127  -24.070  8.045  -18.410 0.0000000000
79121  -26.147  8.875  -17.382 0.0000000000
81162  -27.793  10.891  -15.797 0.0000000000
140272  -26.617  1.594  -15.578 0.0000000000
72922  -28.765  1.874  -14.564 0.0000000000
135272  -19.677  -5.203  -8.269 0.0000000000
64852  -20.300  -5.168  -8.951 0.0000000000
64853  -21.435  -5.677  -9.451 0.0000000000
63856  -22.822  -6.263  -10.413 0.0000000000
61659  -23.592  -8.528  -9.555 0.0000000000
62814  -23.767  -7.220  -10.295 0.0000000000
142616  -24.166  -6.650  -10.473 0.0000000000
84070  -20.395  14.161  -19.442 0.0000000000
72966  -23.090  2.271  -16.983 0.0000000000
72981  -22.036  3.232  -17.403 0.0000000000
144303  -23.564  2.729  -17.272 0.0000000000
73940  -24.455  3.168  -17.496 0.0000000000
72984  -24.839  2.626  -17.357 0.0000000000
72985  -25.348  2.719  -17.356 0.0000000000
72968  -25.041  2.259  -17.085 0.0000000000
68867  -19.389  -1.476  -11.763 0.0000000000
68897  -19.430  -1.148  -12.560 0.0000000000
68898  -19.896  -1.438  -13.257 0.0000000000
69907  -20.103  -0.741  -13.918 0.0000000000
143278  -20.514  -1.316  -13.559 0.0000000000
68885  -20.506  -2.098  -13.055 0.0000000000
132489  -24.250  -4.805  -12.001 0.0000000000
64889  -23.806  -5.230  -11.316 0.0000000000
86893  -27.485  16.194  -19.609 0.0000000000
87812  -28.004  16.970  -19.866 0.0000000000
85952  -27.908  15.996  -18.524 0.0000000000
83119  -27.688  12.477  -16.212 0.0000000000
84036  -28.342  13.090  -15.930 0.0000000000
83102  -28.557  12.248  -15.575 0.0000000000
78126  -18.870  7.289  -18.058 0.0000000000
78125  -18.108  7.432  -17.734 0.0000000000
78137  -18.513  7.907  -18.209 0.0000000000
79128  -18.544  8.649  -18.565 0.0000000000
79129  -19.440  8.593  -18.764 0.0000000000
79130  -20.290  8.466  -18.823 0.0000000000
78139  -21.041  7.648  -18.626 0.0000000000
78116  -28.227  6.876  -15.768 0.0000000000
146142  -27.755  7.440  -15.853 0.0000000000
69910  -26.485  -0.312  -13.788 0.0000000000
70896  -27.003  0.341  -13.914 0.0000000000
69911  -27.319  -0.338  -13.560 0.0000000000
61641  -22.054  -8.832  -7.909 0.0000000000
61640  -21.299  -8.371  -7.439 0.0000000000
62779  -21.031  -7.654  -7.642 0.0000000000
62788  -20.617  -7.019  -7.744 0.0000000000
67813  -19.674  -2.291  -10.806 0.0000000000
67814  -20.138  -2.752  -11.305 0.0000000000
67795  -19.847  -2.879  -10.377 0.0000000000
65848  -20.710  -3.880  -10.087 0.0000000000
65849  -21.527  -4.284  -10.407 0.0000000000
65835  -21.044  -4.678  -9.684 0.0000000000
84074  -26.061  13.540  -18.922 0.0000000000
140054  -25.736  12.750  -18.631 0.0000000000
83143  -25.622  12.132  -18.422 0.0000000000
82200  -25.437  11.466  -18.271 0.0000000000
82201  -25.859  11.645  -18.204 0.0000000000
137353  -24.952  10.888  -18.308 0.0000000000
72941  -18.762  2.356  -15.773 0.0000000000
72963  -19.376  2.814  -16.616 0.0000000000
75001  -21.994  4.306  -18.043 0.0000000000
73935  -19.859  3.925  -17.837 0.0000000000
75000  -20.691  4.578  -18.120 0.0000000000
76047  -20.039  5.494  -18.029 0.0000000000
76048  -21.799  5.052  -18.283 0.0000000000
77082  -22.590  5.911  -18.813 0.0000000000
76062  -22.831  5.027  -19.097 0.0000000000
75005  -25.398  4.213  -17.721 0.0000000000
76051  -24.650  4.958  -17.945 0.0000000000
140304  -27.118  5.015  -17.488 0.0000000000
76054  -27.177  5.850  -17.213 0.0000000000
76037  -27.746  5.363  -16.999 0.0000000000
76022  -28.800  5.152  -15.926 0.0000000000
138006  -28.191  4.902  -16.507 0.0000000000
73910  -28.405  3.587  -15.840 0.0000000000
72946  -28.807  2.815  -15.146 0.0000000000
60606  -22.523  -9.379  -7.420 0.0000000000
60607  -23.374  -9.889  -7.779 0.0000000000
151783  -18.161  1.291  -13.646 0.0000000000
71914  -18.343  1.381  -14.243 0.0000000000
70907  -18.697  0.891  -13.991 0.0000000000
70909  -20.454  0.082  -15.092 0.0000000000
70929  -19.688  0.675  -15.116 0.0000000000
70931  -21.249  0.312  -15.631 0.0000000000
71938  -21.809  0.908  -16.223 0.0000000000
146170  -21.986  0.276  -15.948 0.0000000000
70932  -22.565  0.817  -16.176 0.0000000000
69939  -22.509  0.110  -15.674 0.0000000000
68914  -23.588  -0.921  -14.371 0.0000000000
68915  -24.586  -0.810  -14.252 0.0000000000
68902  -24.182  -1.553  -13.590 0.0000000000
137509  -21.614  -2.785  -12.497 0.0000000000
67833  -23.819  -2.794  -12.648 0.0000000000
67834  -24.550  -2.964  -12.710 0.0000000000
67847  -24.382  -2.300  -12.951 0.0000000000
144560  -26.221  -2.700  -12.946 0.0000000000
66855  -25.038  -3.567  -12.659 0.0000000000
65873  -26.063  -4.925  -12.229 0.0000000000
64892  -26.314  -5.215  -11.717 0.0000000000
147592  -27.342  14.576  -17.859 0.0000000000
85932  -28.486  15.591  -17.557 0.0000000000
84984  -28.040  14.903  -17.217 0.0000000000
74973  -16.939  4.542  -15.285 0.0000000000
82194  -17.413  11.515  -18.561 0.0000000000
82195  -18.489  12.237  -19.135 0.0000000000
145778  -19.568  12.311  -19.367 0.0000000000
82196  -20.017  11.482  -19.477 0.0000000000
131792  -22.320  9.230  -18.551 0.0000000000
131856  -22.860  9.871  -18.789 0.0000000000
80123  -24.329  9.628  -18.290 0.0000000000
80124  -25.196  10.099  -18.103 0.0000000000
77069  -24.000  6.552  -18.421 0.0000000000
78142  -23.622  7.435  -18.760 0.0000000000
137825  -24.465  7.437  -18.239 0.0000000000
79107  -26.978  8.351  -16.541 0.0000000000
149668  -26.469  8.433  -16.970 0.0000000000
142372  -27.281  8.972  -16.192 0.0000000000
80100  -27.286  9.728  -16.310 0.0000000000
80101  -27.791  10.132  -15.757 0.0000000000
134799  -29.121  10.110  -14.800 0.0000000000
70934  -24.383  1.111  -15.826 0.0000000000
132720  -25.776  1.480  -15.610 0.0000000000
71917  -28.042  1.236  -14.867 0.0000000000
63826  -20.095  -6.406  -7.744 0.0000000000
64828  -19.795  -5.803  -7.682 0.0000000000
63844  -21.999  -6.619  -9.676 0.0000000000
64854  -22.203  -6.008  -10.113 0.0000000000
147642  -22.503  -6.714  -10.106 0.0000000000
66801  -19.449  -3.262  -9.166 0.0000000000
65833  -19.585  -3.865  -9.148 0.0000000000
83142  -24.734  12.116  -18.434 0.0000000000
84090  -22.788  12.293  -19.288 0.0000000000
83161  -22.350  12.193  -19.208 0.0000000000
82215  -21.996  11.986  -19.079 0.0000000000
139297  -20.368  2.598  -16.873 0.0000000000
72980  -21.106  3.172  -17.446 0.0000000000
73937  -21.781  3.703  -17.735 0.0000000000
75002  -22.844  4.393  -18.415 0.0000000000
76049  -23.000  4.640  -18.873 0.0000000000
75003  -23.235  4.240  -18.063 0.0000000000
137073  -24.861  3.554  -17.628 0.0000000000
154300  -26.144  3.937  -17.651 0.0000000000
73926  -27.237  3.670  -17.028 0.0000000000
73941  -26.425  3.491  -17.426 0.0000000000
73925  -26.624  3.106  -17.028 0.0000000000
144902  -27.478  2.355  -15.776 0.0000000000
69894  -19.012  -0.489  -12.482 0.0000000000
70881  -18.760  0.060  -12.812 0.0000000000
70895  -19.147  0.187  -13.724 0.0000000000
153400  -19.623  -0.331  -13.881 0.0000000000
69922  -20.492  -0.416  -14.579 0.0000000000
70910  -21.136  -0.386  -15.034 0.0000000000
150041  -22.320  -0.469  -15.175 0.0000000000
69923  -21.752  -0.759  -14.863 0.0000000000
68912  -21.733  -1.117  -14.168 0.0000000000
68900  -22.102  -1.544  -13.679 0.0000000000
66837  -22.149  -3.619  -11.676 0.0000000000
66852  -22.351  -3.141  -12.255 0.0000000000
66838  -22.939  -3.867  -11.975 0.0000000000
65879  -23.792  -4.128  -12.249 0.0000000000
65880  -24.674  -4.266  -12.414 0.0000000000
85002  -25.875  14.282  -18.945 0.0000000000
85959  -26.968  15.804  -20.037 0.0000000000
87797  -29.137  17.212  -19.276 0.0000000000
84969  -28.541  14.411  -16.492 0.0000000000
138799  -28.224  13.751  -16.332 0.0000000000
79106  -16.644  8.288  -16.783 0.0000000000
79117  -17.167  8.807  -17.548 0.0000000000
147371  -18.232  9.442  -18.877 0.0000000000
81184  -18.347  10.276  -19.270 0.0000000000
154868  -19.750  10.647  -19.432 0.0000000000
131036  -19.775  9.264  -18.986 0.0000000000
131054  -21.531  9.015  -18.633 0.0000000000
147280  -22.901  9.001  -18.573 0.0000000000
78130  -27.059  6.764  -16.885 0.0000000000
78129  -26.288  7.113  -17.339 0.0000000000
78115  -27.268  7.530  -16.418 0.0000000000
78102  -27.604  8.267  -15.824 0.0000000000
79098  -28.291  8.607  -15.399 0.0000000000
69942  -25.429  0.260  -15.050 0.0000000000
70936  -26.111  0.507  -15.118 0.0000000000
146698  -26.484  0.164  -14.463 0.0000000000
70897  -27.719  0.329  -13.720 0.0000000000
62777  -19.965  -6.992  -7.176 0.0000000000
63834  -20.739  -6.495  -8.349 0.0000000000
62797  -21.807  -7.199  -9.297 0.0000000000
141979  -19.415  -1.726  -11.081 0.0000000000
67830  -20.325  -2.532  -12.224 0.0000000000
67815  -20.808  -3.110  -11.668 0.0000000000
150816  -21.886  -3.970  -11.082 0.0000000000
130910  -22.276  -4.642  -10.738 0.0000000000
85003  -26.309  14.407  -19.023 0.0000000000
85004  -26.829  14.566  -18.884 0.0000000000
84983  -26.884  13.874  -18.103 0.0000000000
152175  -25.993  12.584  -18.683 0.0000000000
84057  -26.545  12.993  -18.144 0.0000000000
84058  -27.103  13.401  -17.374 0.0000000000
83129  -26.549  12.164  -17.625 0.0000000000
82162  -26.599  11.514  -17.327 0.0000000000
74988  -17.899  4.672  -16.598 0.0000000000
74989  -19.075  3.634  -16.980 0.0000000000
148902  -18.561  4.238  -16.912 0.0000000000
74998  -18.696  4.828  -17.173 0.0000000000
76046  -19.057  5.611  -17.536 0.0000000000
77066  -19.547  6.524  -17.977 0.0000000000
77079  -20.305  7.068  -18.394 0.0000000000
77081  -21.933  6.784  -18.663 0.0000000000
77083  -23.023  5.794  -19.061 0.0000000000
134891  -24.837  5.902  -18.120 0.0000000000
76050  -23.698  4.674  -18.129 0.0000000000
77068  -23.863  5.519  -18.320 0.0000000000
77070  -25.751  6.338  -17.706 0.0000000000
77071  -26.573  6.325  -17.348 0.0000000000
77057  -27.756  6.129  -16.755 0.0000000000
77047  -28.676  6.254  -15.799 0.0000000000
149003  -28.933  5.726  -15.783 0.0000000000
76023  -29.409  5.430  -15.470 0.0000000000
74975  -28.663  4.399  -15.941 0.0000000000
67849  -26.626  -1.929  -13.172 0.0000000000
61650  -22.365  -8.626  -8.808 0.0000000000
71934  -18.230  1.869  -14.852 0.0000000000
71935  -19.205  1.531  -15.421 0.0000000000
70908  -19.229  0.531  -14.443 0.0000000000
71954  -20.687  1.912  -16.367 0.0000000000
71958  -24.584  1.812  -16.659 0.0000000000
142995  -23.928  1.440  -16.449 0.0000000000
69940  -23.954  0.403  -15.364 0.0000000000
150397  -23.179  -0.187  -15.117 0.0000000000
69941  -24.708  0.397  -15.211 0.0000000000
69925  -25.024  -0.203  -14.702 0.0000000000
68916  -25.316  -0.628  -14.227 0.0000000000
67844  -21.519  -2.236  -13.050 0.0000000000
67845  -22.535  -2.103  -13.132 0.0000000000
145066  -22.939  -2.656  -12.633 0.0000000000
149871  -24.964  -1.914  -13.230 0.0000000000
67848  -25.744  -1.911  -13.185 0.0000000000
67836  -27.058  -2.734  -12.953 0.0000000000
65881  -25.576  -4.281  -12.523 0.0000000000
65882  -26.558  -4.124  -12.492 0.0000000000
85933  -29.663  15.645  -17.184 0.0000000000
147526  -20.261  13.229  -19.522 0.0000000000
83141  -21.196  12.370  -19.591 0.0000000000
81196  -22.592  11.449  -19.137 0.0000000000
81187  -21.336  10.785  -18.838 0.0000000000
81188  -22.252  10.763  -18.829 0.0000000000
81197  -23.140  10.813  -18.939 0.0000000000
81190  -24.453  10.339  -18.375 0.0000000000
81175  -26.383  10.965  -17.472 0.0000000000
132259  -26.886  11.013  -16.873 0.0000000000
78140  -22.155  7.534  -18.714 0.0000000000
79133  -23.369  8.319  -18.674 0.0000000000
79134  -24.158  8.775  -18.265 0.0000000000
134675  -26.115  8.032  -17.364 0.0000000000
79120  -25.574  8.539  -17.736 0.0000000000
80111  -24.961  9.121  -17.979 0.0000000000
140776  -26.244  9.603  -17.386 0.0000000000
81160  -26.633  10.205  -16.962 0.0000000000
151658  -27.389  11.149  -16.359 0.0000000000
82141  -28.485  11.352  -15.452 0.0000000000
71959  -25.243  2.033  -16.405 0.0000000000
72943  -25.957  2.221  -15.997 0.0000000000
71916  -27.240  0.982  -15.184 0.0000000000
71941  -27.426  1.666  -15.496 0.0000000000
71942  -28.141  2.025  -15.394 0.0000000000
65812  -19.493  -4.498  -8.117 0.0000000000
64842  -20.809  -5.942  -8.822 0.0000000000
64868  -22.564  -5.449  -10.557 0.0000000000
61658  -22.756  -8.256  -9.445 0.0000000000
62799  -23.308  -7.750  -9.901 0.0000000000
63845  -23.032  -7.015  -10.230 0.0000000000
63857  -23.533  -6.469  -10.481 0.0000000000
64869  -23.293  -5.696  -10.764 0.0000000000
64870  -24.228  -5.908  -10.795 0.0000000000
68904  -26.132  -1.120  -13.453 0.0000000000
69909  -25.818  -0.659  -13.866 0.0000000000
70911  -26.879  0.518  -14.877 0.0000000000
70930  -20.484  0.670  -15.535 0.0000000000
71936  -20.101  1.296  -15.794 0.0000000000
71940  -26.594  0.935  -15.261 0.0000000000
71955  -21.606  1.781  -16.525 0.0000000000
71957  -23.263  1.471  -16.519 0.0000000000
72908  -17.770  1.786  -13.889 0.0000000000
72944  -26.761  2.284  -15.905 0.0000000000
72962  -18.464  3.167  -16.172 0.0000000000
72965  -22.267  2.504  -16.967 0.0000000000
72967  -23.947  1.995  -17.026 0.0000000000
72970  -26.322  2.654  -16.630 0.0000000000
72971  -27.135  2.935  -16.331 0.0000000000
72982  -22.883  3.227  -17.452 0.0000000000
72983  -24.214  2.670  -17.298 0.0000000000
73923  -20.075  3.285  -17.434 0.0000000000
73924  -26.001  2.865  -17.292 0.0000000000
73927  -27.936  4.131  -16.444 0.0000000000
73938  -22.503  3.877  -17.824 0.0000000000
73939  -23.595  3.474  -17.546 0.0000000000
74974  -17.522  4.179  -15.916 0.0000000000
74987  -17.251  4.857  -15.914 0.0000000000
74990  -27.552  4.550  -17.098 0.0000000000
75004  -23.989  3.899  -17.659 0.0000000000
75006  -26.309  4.663  -17.650 0.0000000000
76052  -25.600  5.251  -17.779 0.0000000000
76061  -21.627  5.924  -18.501 0.0000000000
77048  -29.444  6.196  -15.362 0.0000000000
77080  -21.099  6.749  -18.475 0.0000000000
78103  -28.409  7.742  -15.408 0.0000000000
78128  -25.427  7.502  -17.769 0.0000000000
78138  -19.142  7.935  -18.488 0.0000000000
78141  -22.972  7.499  -19.031 0.0000000000
79119  -24.785  8.242  -18.058 0.0000000000
79131  -20.999  8.461  -18.750 0.0000000000
79132  -22.419  8.379  -18.639 0.0000000000
80099  -26.635  9.179  -16.791 0.0000000000
80110  -17.774  9.103  -18.405 0.0000000000
80112  -25.755  9.425  -17.782 0.0000000000
81161  -27.316  10.516  -16.375 0.0000000000
81174  -25.594  10.951  -18.063 0.0000000000
81185  -19.283  10.074  -19.405 0.0000000000
81186  -20.499  10.726  -19.204 0.0000000000
82163  -27.120  11.792  -16.772 0.0000000000
82180  -26.188  11.642  -17.866 0.0000000000
82198  -21.705  11.511  -19.057 0.0000000000
82199  -24.817  11.544  -18.394 0.0000000000
82216  -22.750  11.835  -19.322 0.0000000000
82217  -23.227  11.523  -19.087 0.0000000000
83118  -27.065  12.699  -17.102 0.0000000000
83159  -20.967  13.490  -19.964 0.0000000000
83162  -23.126  11.945  -19.317 0.0000000000
85925  -28.967  15.118  -16.769 0.0000000000
130394  -20.529  12.486  -19.653 0.0000000000
131049  -20.589  9.156  -18.833 0.0000000000
132148  -29.977  5.723  -14.843 0.0000000000
136806  -21.862  9.947  -18.609 0.0000000000
138475  -25.051  3.005  -17.551 0.0000000000
142887  -17.977  11.363  -19.266 0.0000000000
143231  -23.222  6.689  -18.997 0.0000000000
148437  -20.115  9.947  -19.114 0.0000000000
149659  -20.925  5.424  -18.250 0.0000000000
150186  -23.381  5.937  -18.710 0.0000000000
151440  -19.561  7.350  -18.342 0.0000000000
151975  -19.149  4.271  -17.299 0.0000000000
152897  -28.137  6.318  -16.205 0.0000000000
153692  -22.405  5.294  -18.660 0.0000000000
154015  -21.489  -3.499  -11.484 0.0000000000
154977  -28.389  9.853  -15.365 0.0000000000
