#!ascii label  , from subject sub-v2s4x29594_ses-1 vox2ras=TkReg
1291
34591  -33.277  -36.322  1.581 0.5000000000
34607  -33.300  -36.434  0.600 0.4000000060
146911  -32.983  -37.079  0.235 0.6000000238
36260  -33.830  -35.018  1.228 0.6000000238
35439  -33.538  -35.728  1.008 0.5000000000
144976  -33.384  -36.609  -0.414 0.6999999881
33744  -33.008  -37.269  -0.439 0.6999999881
35449  -33.659  -35.874  0.104 0.6999999881
153110  -33.794  -35.300  0.498 0.6999999881
36268  -34.063  -34.686  0.438 0.6999999881
36261  -34.126  -34.254  1.288 0.5000000000
36251  -34.007  -34.701  2.025 0.5000000000
28245  -27.072  -43.565  -3.564 0.5000000000
33759  -33.166  -37.186  -1.163 0.6999999881
35458  -33.766  -35.833  -0.817 0.6999999881
35459  -33.971  -35.225  -0.232 0.6999999881
35468  -33.943  -35.736  -1.803 0.6999999881
35469  -34.182  -35.128  -1.128 0.6999999881
37174  -34.410  -33.804  0.356 0.6000000238
31920  -31.833  -39.968  -5.341 0.6999999881
32876  -32.243  -39.450  -5.762 0.6999999881
33768  -33.297  -37.071  -2.180 0.6999999881
27318  -27.418  -44.395  -2.021 0.4000000060
34626  -33.551  -36.473  -1.455 0.6999999881
36276  -34.321  -34.506  -0.461 0.6999999881
37193  -34.930  -33.746  -1.635 0.6999999881
38175  -34.660  -32.962  0.783 0.6000000238
127802  -31.499  -40.527  -6.661 0.6999999881
31944  -31.973  -40.136  -6.954 0.6999999881
32869  -32.131  -39.094  -4.528 0.6999999881
31931  -32.140  -39.957  -6.596 0.6999999881
30055  -26.580  -42.007  -4.314 0.6000000238
32877  -32.475  -38.545  -5.387 0.6999999881
132628  -33.425  -36.925  -3.366 0.6999999881
33775  -32.459  -38.250  -3.832 0.6999999881
31932  -32.298  -39.247  -6.491 0.6999999881
32884  -32.209  -39.036  -6.758 0.6999999881
28221  -26.238  -43.292  -2.215 0.5000000000
28233  -26.903  -43.743  -2.642 0.5000000000
34632  -33.704  -36.366  -2.494 0.6999999881
32885  -32.376  -38.398  -6.234 0.6999999881
151449  -26.861  -43.792  -1.741 0.4000000060
36284  -34.572  -34.403  -1.404 0.6999999881
34633  -33.813  -36.283  -3.467 0.6999999881
33776  -33.061  -37.535  -4.575 0.6999999881
33782  -32.741  -37.748  -5.676 0.6999999881
27298  -26.868  -44.538  0.176 0.4000000060
35474  -34.169  -35.664  -2.947 0.6999999881
33783  -33.295  -37.080  -5.592 0.6999999881
33792  -32.688  -37.451  -5.854 0.6999999881
129648  -34.414  -35.017  -2.128 0.6999999881
34648  -34.132  -36.037  -4.928 0.6999999881
34647  -33.522  -36.384  -5.597 0.6999999881
129553  -34.685  -33.733  -0.770 0.6999999881
148582  -34.868  -32.492  0.343 0.6000000238
37194  -35.122  -32.876  -1.302 0.6999999881
37202  -35.234  -33.435  -2.386 0.6999999881
40064  -35.345  -30.683  -0.137 0.5000000000
39179  -35.372  -31.226  0.565 0.5000000000
40010  -37.127  -31.013  2.232 0.4000000060
148396  -36.153  -30.986  1.876 0.5000000000
149432  -30.750  -38.728  -6.430 0.6999999881
30050  -25.899  -41.686  -3.987 0.6000000238
28232  -26.001  -43.352  -3.149 0.5000000000
33791  -31.990  -38.164  -6.381 0.6999999881
132119  -34.618  -34.863  -3.309 0.6999999881
34640  -34.081  -35.844  -4.066 0.6999999881
36292  -34.859  -34.246  -2.366 0.6999999881
133215  -34.405  -35.195  -4.503 0.6999999881
39202  -35.262  -31.408  -1.556 0.6999999881
37184  -34.800  -33.037  -0.162 0.6999999881
38186  -35.271  -31.923  -0.996 0.6999999881
39191  -35.262  -31.212  -0.809 0.6999999881
150488  -27.063  -39.494  -4.131 0.6999999881
31918  -27.539  -39.112  -3.985 0.6999999881
32867  -28.373  -38.518  -4.487 0.8000000119
32868  -28.942  -37.975  -4.521 0.8000000119
31909  -26.833  -39.838  -3.521 0.6000000238
32875  -29.091  -38.155  -5.139 0.8000000119
30961  -26.222  -40.318  -3.556 0.6000000238
33789  -30.014  -37.992  -5.713 0.6999999881
30971  -26.047  -40.789  -3.907 0.6000000238
29177  -25.389  -42.284  -3.551 0.6000000238
30049  -25.388  -41.417  -3.539 0.6000000238
33790  -30.969  -38.023  -6.349 0.6999999881
28220  -25.409  -42.912  -2.765 0.5000000000
28231  -25.438  -42.843  -3.207 0.6000000238
33781  -30.335  -37.339  -5.540 0.6999999881
153665  -34.350  -35.407  -3.678 0.6999999881
33793  -33.214  -36.748  -5.782 0.6999999881
38197  -35.391  -32.626  -2.360 0.8000000119
34658  -33.389  -36.271  -5.687 0.6999999881
39214  -35.302  -31.759  -2.497 0.8000000119
36302  -35.149  -33.938  -3.493 0.6999999881
36301  -34.798  -34.519  -4.242 0.6999999881
40048  -35.654  -30.516  0.749 0.5000000000
40927  -36.777  -29.875  1.542 0.5000000000
40032  -37.340  -30.434  1.915 0.4000000060
31910  -27.947  -39.767  -2.927 0.6000000238
32860  -28.321  -38.811  -3.559 0.6999999881
33765  -28.932  -38.295  -3.037 0.8000000119
33773  -28.647  -38.122  -3.975 0.8999999762
33774  -29.270  -37.602  -3.745 0.8000000119
33780  -29.546  -37.483  -4.872 0.8000000119
30945  -26.231  -40.358  -2.568 0.6000000238
30960  -25.591  -40.745  -3.266 0.6000000238
30045  -24.871  -41.811  -3.270 0.6000000238
30959  -24.879  -41.193  -2.926 0.6000000238
34644  -30.171  -36.992  -4.692 0.6999999881
146367  -25.686  -42.825  -1.681 0.5000000000
34646  -31.579  -36.595  -5.289 0.6999999881
34645  -30.726  -36.702  -5.053 0.6999999881
148600  -25.783  -43.093  -0.577 0.5000000000
29151  -25.036  -42.429  -1.114 0.5000000000
34656  -32.214  -37.178  -5.804 0.6999999881
39230  -35.292  -31.834  -3.548 0.8000000119
38206  -35.465  -33.077  -3.250 0.8000000119
36316  -34.525  -34.535  -5.122 0.6999999881
35488  -33.672  -35.803  -5.608 0.6999999881
40030  -36.160  -30.456  1.459 0.5000000000
134938  -28.668  -39.197  -1.215 0.6999999881
32850  -28.534  -39.058  -2.371 0.6999999881
32851  -29.138  -38.490  -1.855 0.8000000119
33766  -29.396  -37.677  -2.557 0.8000000119
31896  -27.173  -40.110  -2.127 0.6999999881
34637  -29.839  -36.979  -3.938 0.6999999881
29170  -24.850  -42.329  -3.026 0.6000000238
30044  -24.411  -41.641  -2.756 0.6000000238
34638  -30.354  -36.387  -3.934 0.8000000119
29160  -24.904  -42.334  -2.268 0.6000000238
29141  -25.032  -42.816  0.015 0.4000000060
34657  -33.012  -36.727  -5.857 0.6999999881
35502  -32.498  -36.392  -5.528 0.6999999881
35485  -31.100  -36.114  -4.343 0.6999999881
27284  -24.508  -44.681  1.218 0.4000000060
35487  -32.721  -35.567  -5.291 0.6999999881
37212  -35.306  -33.300  -4.319 0.8000000119
151115  -33.583  -35.843  -5.611 0.6999999881
35505  -34.219  -34.391  -5.674 0.6999999881
40086  -35.102  -30.874  -2.151 0.8000000119
40075  -35.189  -30.507  -1.159 0.6999999881
41819  -37.219  -29.111  1.235 0.5000000000
40938  -36.045  -29.852  0.973 0.5000000000
40929  -38.360  -29.712  1.326 0.4000000060
34624  -29.892  -37.123  -2.055 0.8000000119
31895  -26.392  -40.183  -1.545 0.6999999881
34630  -29.564  -36.875  -3.035 0.8000000119
30944  -25.494  -40.544  -2.220 0.6000000238
31908  -24.484  -40.261  -2.029 0.6000000238
135354  -30.114  -36.230  -2.432 0.8000000119
34631  -29.919  -36.383  -3.291 0.8000000119
29169  -24.356  -41.991  -2.576 0.6000000238
35473  -30.156  -35.762  -3.058 0.8000000119
35486  -31.886  -35.794  -4.802 0.8000000119
36313  -31.163  -35.185  -4.020 0.8000000119
36314  -32.000  -34.719  -4.555 0.8000000119
29140  -23.998  -42.471  0.149 0.4000000060
39229  -35.021  -31.245  -4.107 0.8000000119
37228  -35.012  -33.382  -5.325 0.8000000119
36315  -33.004  -34.706  -5.232 0.6999999881
39213  -35.072  -31.110  -3.090 0.8000000119
37227  -34.628  -33.937  -5.444 0.8000000119
36330  -33.823  -34.635  -5.625 0.6999999881
37248  -34.581  -33.479  -5.752 0.8000000119
40085  -34.751  -30.402  -2.752 0.8000000119
37249  -34.986  -32.779  -5.820 0.8000000119
131680  -35.325  -29.927  -0.441 0.6000000238
40939  -36.497  -29.176  1.011 0.5000000000
32839  -28.286  -39.077  -0.183 0.6000000238
33756  -29.735  -37.950  -1.450 0.6999999881
31882  -27.195  -39.800  -1.088 0.6000000238
33741  -29.884  -37.908  -0.427 0.6999999881
34625  -30.358  -36.723  -1.327 0.6999999881
32838  -27.163  -39.166  -0.141 0.6000000238
131468  -25.496  -39.965  -1.273 0.6000000238
30958  -24.000  -40.841  -2.485 0.6000000238
30032  -23.866  -41.540  -2.306 0.5000000000
35466  -30.248  -35.180  -2.300 0.8000000119
30019  -23.245  -41.330  -1.695 0.3000000119
36300  -30.481  -34.596  -3.326 0.8000000119
143904  -30.256  -35.090  -2.930 0.8000000119
37226  -32.442  -34.005  -4.859 0.8000000119
38236  -35.251  -32.709  -5.040 0.8000000119
37247  -34.121  -33.670  -5.790 0.8000000119
38252  -34.486  -32.717  -6.020 0.8000000119
40074  -34.858  -30.033  -1.950 0.6999999881
40952  -35.506  -29.157  -0.126 0.6000000238
41831  -38.564  -28.448  0.712 0.3000000119
32822  -28.596  -38.471  0.450 0.6000000238
32823  -29.396  -38.185  0.244 0.6999999881
33742  -30.282  -37.178  -0.366 0.6999999881
32833  -21.990  -37.257  -1.912 0.5000000000
31881  -26.322  -39.602  -0.684 0.6000000238
34616  -30.642  -36.449  -0.415 0.6999999881
31907  -23.484  -39.540  -2.225 0.5000000000
31894  -24.580  -38.975  -1.420 0.5000000000
32837  -26.089  -38.506  -0.144 0.6000000238
35457  -31.125  -35.368  -0.686 0.6999999881
30943  -22.454  -39.943  -1.953 0.3000000119
30043  -23.751  -41.183  -2.380 0.5000000000
35456  -30.667  -35.833  -1.328 0.8000000119
35467  -30.804  -34.807  -1.427 0.8000000119
37224  -30.952  -34.143  -4.034 0.8999999762
135628  -30.211  -33.983  -2.917 0.8999999762
36291  -30.224  -34.512  -2.640 0.8000000119
36283  -30.273  -34.429  -2.117 0.8000000119
149023  -24.355  -42.196  -0.621 0.4000000060
37225  -31.549  -33.610  -4.574 0.8999999762
39244  -35.255  -31.978  -4.622 0.8000000119
37246  -33.250  -33.820  -5.398 0.8000000119
40098  -34.728  -30.563  -3.589 0.8000000119
40961  -34.419  -29.633  -2.737 0.6999999881
144064  -35.104  -29.468  -1.096 0.6000000238
42736  -36.438  -27.659  0.362 0.6000000238
41829  -36.835  -28.445  0.839 0.6000000238
33727  -28.877  -37.788  0.917 0.6000000238
33728  -29.776  -37.495  0.557 0.6999999881
32821  -27.554  -38.403  0.447 0.6000000238
34606  -30.357  -36.776  0.494 0.6999999881
32820  -26.676  -38.164  0.284 0.6000000238
35447  -30.823  -36.135  0.413 0.8000000119
31893  -23.760  -38.490  -2.204 0.6000000238
31906  -22.772  -39.052  -2.335 0.4000000060
30031  -23.158  -40.935  -2.111 0.4000000060
37201  -30.206  -33.312  -2.889 0.8000000119
147452  -30.566  -33.965  -1.775 0.8000000119
38235  -31.309  -32.513  -4.865 0.8999999762
37210  -30.456  -33.631  -3.441 0.8000000119
137284  -30.244  -33.902  -2.417 0.8000000119
38234  -30.739  -33.130  -4.169 0.8000000119
139664  -34.891  -32.215  -6.063 0.8000000119
134667  -33.414  -31.839  -6.132 0.8000000119
39243  -34.964  -31.397  -5.204 0.8000000119
38251  -33.457  -32.821  -5.781 0.8000000119
154671  -34.502  -30.126  -3.202 0.8000000119
39255  -34.812  -31.570  -5.978 0.8000000119
41850  -34.860  -28.655  -1.411 0.6999999881
130691  -35.247  -28.706  -0.730 0.6999999881
143184  -35.602  -26.649  -0.486 0.6000000238
43665  -36.146  -26.801  0.056 0.6000000238
43667  -37.585  -26.241  0.390 0.6000000238
33711  -29.734  -36.751  1.180 0.8000000119
33723  -24.252  -36.989  -0.486 0.5000000000
32836  -25.240  -37.466  -0.613 0.5000000000
142993  -30.959  -35.858  -0.358 0.6999999881
149210  -23.484  -36.701  -2.219 0.5000000000
32849  -24.647  -37.789  -1.240 0.5000000000
134404  -30.944  -35.782  1.045 0.8000000119
36267  -31.482  -34.596  0.660 0.8000000119
33737  -22.825  -36.648  -2.232 0.5000000000
35448  -31.238  -35.427  0.307 0.8000000119
36275  -31.374  -34.722  -0.394 0.8000000119
135927  -31.596  -33.938  0.016 0.8000000119
37192  -31.115  -33.422  -1.426 0.8000000119
138572  -31.323  -34.042  -1.008 0.8000000119
38216  -30.441  -32.612  -3.545 0.8000000119
37191  -30.553  -33.174  -2.129 0.8000000119
39254  -34.372  -31.835  -6.206 0.8000000119
38250  -32.326  -32.239  -5.576 0.8999999762
144307  -34.691  -30.630  -4.632 0.8000000119
40107  -34.574  -30.768  -5.646 0.8000000119
40958  -34.677  -29.285  -1.891 0.6999999881
41851  -35.174  -28.019  -0.860 0.6999999881
41861  -34.371  -28.593  -2.350 0.6999999881
42760  -34.687  -27.840  -1.600 0.6999999881
42761  -35.127  -27.219  -1.011 0.6999999881
34588  -27.859  -36.294  1.513 0.8000000119
33709  -28.311  -37.092  1.256 0.6000000238
34589  -28.853  -36.533  1.508 0.6000000238
33685  -24.637  -37.543  2.649 0.6000000238
33695  -24.779  -37.130  1.762 0.5000000000
33725  -26.738  -37.247  0.596 0.6000000238
34605  -27.313  -36.778  1.124 0.6000000238
35437  -30.468  -35.529  1.571 0.8000000119
34565  -24.031  -36.858  3.667 0.6000000238
142476  -24.685  -36.898  3.004 0.6000000238
34566  -24.956  -36.184  2.544 0.6000000238
34586  -25.819  -35.994  1.105 0.5000000000
33724  -25.868  -36.731  0.334 0.5000000000
151572  -22.500  -34.610  3.667 0.5000000000
34564  -23.232  -36.232  3.964 0.5000000000
146058  -24.172  -35.324  3.580 0.6000000238
152587  -24.763  -36.924  -0.577 0.5000000000
34603  -25.623  -36.517  0.544 0.5000000000
35438  -31.150  -35.151  1.293 0.8000000119
132201  -23.322  -35.420  3.790 0.5000000000
33739  -25.197  -36.805  -0.262 0.5000000000
35407  -21.332  -34.900  3.738 0.4000000060
133924  -31.635  -33.157  0.486 0.6999999881
38195  -30.811  -32.406  -2.078 0.8000000119
153191  -31.529  -32.619  -0.739 0.8000000119
37183  -31.510  -33.188  -0.610 0.6999999881
130406  -30.752  -32.278  -4.303 0.8000000119
38196  -31.281  -32.692  -1.374 0.8000000119
137629  -30.671  -31.827  -2.434 0.8000000119
40992  -34.312  -29.972  -5.151 0.8999999762
39270  -34.243  -30.870  -6.125 0.8999999762
146334  -32.441  -31.447  -5.802 0.8000000119
39252  -31.457  -31.586  -5.382 0.8000000119
40973  -34.362  -29.870  -3.891 0.8000000119
41878  -34.067  -28.995  -3.425 0.6999999881
35434  -27.471  -35.505  1.758 0.8000000119
35435  -28.477  -35.757  1.855 0.8000000119
35424  -29.867  -35.209  2.020 0.8000000119
35410  -24.869  -35.147  3.189 0.6000000238
34587  -26.930  -35.950  1.306 0.6000000238
35436  -29.577  -35.921  1.707 0.8000000119
35409  -23.944  -36.000  3.709 0.5000000000
127769  -24.618  -36.011  3.222 0.6000000238
136805  -25.369  -35.527  2.530 0.6000000238
148839  -26.284  -35.805  1.251 0.6000000238
150895  -30.576  -34.716  1.970 0.8000000119
36259  -31.275  -34.348  1.562 0.6999999881
34576  -25.909  -35.560  1.678 0.6000000238
34604  -26.328  -36.319  0.836 0.6000000238
153751  -21.559  -34.067  3.462 0.4000000060
146515  -23.061  -33.999  3.577 0.4000000060
36235  -23.576  -34.655  3.654 0.4000000060
36236  -24.403  -34.556  3.497 0.4000000060
37173  -31.580  -33.815  1.021 0.6999999881
141185  -23.835  -33.860  3.590 0.4000000060
35411  -25.529  -34.838  2.874 0.4000000060
38185  -31.663  -32.395  -0.042 0.6999999881
144604  -23.944  -32.940  3.456 0.4000000060
37142  -24.770  -33.736  3.394 0.5000000000
38123  -23.211  -32.513  3.174 0.3000000119
38124  -24.833  -32.667  3.312 0.5000000000
37143  -25.611  -33.352  3.154 0.5000000000
140361  -30.400  -31.808  -3.191 0.8000000119
143035  -31.570  -32.202  -0.871 0.8000000119
39201  -31.331  -31.814  -1.579 0.8000000119
41011  -34.151  -30.061  -5.943 0.8000000119
39269  -33.827  -31.198  -6.283 1.0000000000
40121  -32.008  -30.710  -5.803 0.8000000119
39251  -30.863  -30.847  -5.369 0.8000000119
39242  -30.741  -31.618  -4.891 0.8000000119
39228  -30.627  -31.510  -4.083 0.8000000119
136913  -30.457  -30.996  -3.380 0.8000000119
40140  -33.588  -30.485  -6.286 1.0000000000
40106  -30.433  -30.746  -4.852 0.8000000119
40138  -32.091  -29.984  -6.269 0.8000000119
41896  -33.983  -29.169  -4.551 0.8999999762
133800  -34.064  -28.113  -3.250 0.6999999881
42774  -34.324  -27.575  -2.435 0.6999999881
132714  -34.668  -26.973  -1.748 0.6999999881
43693  -35.145  -26.403  -1.164 0.6999999881
43666  -36.621  -26.164  0.142 0.6000000238
43681  -35.626  -25.886  -0.592 0.6999999881
43692  -34.641  -26.101  -1.865 0.6999999881
45474  -37.672  -24.779  -0.033 0.6000000238
44566  -36.283  -25.567  -0.191 0.6000000238
35423  -29.072  -35.193  2.214 0.8000000119
35421  -27.011  -34.761  2.181 0.8000000119
36247  -27.760  -34.215  2.495 0.8000000119
35422  -28.095  -34.984  2.188 0.8000000119
36249  -29.654  -34.566  2.320 0.8000000119
36245  -26.190  -34.439  2.641 0.5000000000
137935  -25.045  -34.512  3.245 0.5000000000
35433  -26.589  -35.384  1.660 0.6999999881
37155  -30.304  -33.951  2.349 0.6999999881
36250  -30.986  -34.026  2.126 0.6999999881
38162  -31.429  -32.698  1.982 0.6999999881
143799  -23.122  -33.249  3.439 0.3000000119
139559  -31.575  -33.153  1.335 0.6999999881
38174  -31.706  -32.485  1.099 0.6999999881
135639  -32.061  -30.826  0.392 0.6999999881
38138  -23.870  -31.931  2.927 0.4000000060
38139  -25.013  -31.779  2.983 0.4000000060
39200  -30.987  -31.123  -2.142 0.8000000119
39190  -31.750  -31.491  -0.464 0.6999999881
39212  -30.536  -31.277  -2.768 0.8000000119
40960  -30.752  -29.829  -2.583 0.6999999881
142325  -31.263  -30.100  -5.827 0.8000000119
40097  -30.339  -30.509  -4.121 0.8000000119
40991  -33.961  -29.286  -5.674 0.8999999762
41010  -33.698  -29.442  -6.215 0.8999999762
41024  -33.355  -29.732  -6.413 0.8000000119
41009  -30.853  -29.407  -5.715 0.8000000119
41895  -33.718  -28.366  -5.097 0.8999999762
153636  -33.858  -28.495  -4.053 0.8999999762
41877  -33.813  -27.791  -4.111 0.8000000119
136011  -38.646  -26.011  0.322 0.4000000060
42788  -34.052  -27.259  -3.314 0.8000000119
43707  -34.302  -26.686  -2.557 0.6999999881
46476  -37.808  -23.834  -0.789 0.5000000000
37153  -28.428  -33.613  2.615 0.6999999881
36248  -28.729  -34.426  2.472 0.8000000119
37152  -27.481  -33.400  2.679 0.6999999881
37154  -29.378  -33.791  2.532 0.6999999881
150649  -26.514  -33.126  2.891 0.6000000238
37156  -30.948  -33.361  2.318 0.6999999881
38125  -25.718  -32.462  3.086 0.5000000000
133230  -31.666  -31.793  1.733 0.6999999881
39178  -31.860  -31.666  0.731 0.6999999881
39135  -24.433  -31.317  2.249 0.3000000119
128725  -25.832  -31.835  2.817 0.5000000000
40084  -30.658  -30.621  -2.676 0.6999999881
40073  -31.537  -30.889  -1.324 0.6999999881
39136  -25.495  -31.369  2.389 0.4000000060
40072  -31.191  -30.302  -1.975 0.6999999881
137146  -31.893  -30.649  -0.505 0.6999999881
143258  -30.412  -29.520  -3.152 0.6999999881
40120  -30.404  -30.119  -5.331 0.8000000119
41008  -30.077  -29.392  -5.155 0.8000000119
41919  -33.185  -28.902  -6.582 0.8000000119
41909  -33.552  -28.659  -6.132 0.8000000119
42797  -33.635  -27.532  -4.902 0.8999999762
43719  -33.811  -27.009  -4.217 0.8000000119
43720  -34.029  -26.411  -3.465 0.8000000119
44565  -35.790  -25.064  -0.701 0.6999999881
45489  -36.717  -24.731  -0.347 0.6000000238
44590  -34.254  -25.797  -2.675 0.6999999881
44577  -34.626  -25.198  -1.977 0.6999999881
44600  -34.119  -25.502  -3.727 0.6999999881
137102  -27.860  -32.074  2.614 0.6000000238
136902  -28.148  -32.816  2.660 0.6999999881
136033  -29.101  -32.988  2.623 0.6999999881
38143  -29.810  -32.320  2.559 0.6999999881
38144  -30.077  -33.156  2.495 0.6999999881
38140  -26.487  -32.206  2.864 0.5000000000
36246  -26.852  -33.997  2.645 0.6000000238
39140  -30.550  -31.672  2.540 0.6999999881
38145  -30.794  -32.526  2.454 0.6999999881
38141  -27.258  -32.590  2.743 0.6000000238
40004  -26.070  -30.972  1.778 0.4000000060
39137  -26.525  -31.511  2.503 0.5000000000
39138  -27.468  -31.411  2.522 0.6000000238
141319  -31.951  -30.964  1.426 0.6999999881
141627  -32.190  -30.064  -0.019 0.6999999881
40047  -32.212  -30.067  1.048 0.6999999881
40027  -25.451  -30.416  1.305 0.3000000119
40956  -31.286  -29.417  -1.871 0.6999999881
40990  -30.028  -29.855  -4.771 0.8000000119
40972  -30.181  -29.681  -3.886 0.8000000119
142637  -30.579  -28.938  -2.554 0.6999999881
40989  -29.838  -29.019  -4.341 0.8000000119
131340  -33.149  -28.153  -6.421 0.8000000119
41023  -32.645  -29.499  -6.535 0.8000000119
41022  -31.771  -29.435  -6.313 0.8000000119
42808  -33.476  -27.655  -5.915 0.8000000119
42818  -32.423  -27.322  -6.712 0.8000000119
42807  -31.054  -27.896  -5.911 0.8000000119
42816  -30.676  -27.195  -5.751 0.8000000119
43747  -30.763  -26.589  -6.105 0.8000000119
46475  -36.930  -23.967  -0.831 0.6000000238
45502  -35.267  -24.660  -1.417 0.6999999881
129173  -34.304  -24.914  -2.791 0.6000000238
44610  -34.245  -24.933  -4.524 0.6999999881
45522  -34.253  -24.580  -3.568 0.6000000238
45501  -34.672  -24.233  -2.211 0.6000000238
39139  -28.370  -31.442  2.542 0.6000000238
40008  -30.386  -30.732  2.590 0.6999999881
153867  -31.120  -31.179  2.499 0.6999999881
39164  -31.582  -31.097  2.163 0.6999999881
40028  -26.295  -30.294  1.638 0.4000000060
154974  -26.988  -30.737  2.181 0.4000000060
132004  -28.311  -30.223  2.514 0.5000000000
141563  -27.678  -30.077  2.351 0.5000000000
40029  -31.835  -30.291  1.956 0.6999999881
40905  -27.031  -29.840  1.991 0.4000000060
40926  -32.283  -29.316  1.060 0.6999999881
40923  -25.719  -29.846  1.198 0.3000000119
40924  -26.443  -29.452  1.604 0.3000000119
40951  -32.156  -29.308  -0.351 0.6999999881
41849  -31.326  -28.410  -1.638 0.6999999881
41841  -32.115  -28.471  -0.636 0.6999999881
155047  -29.844  -29.285  -4.852 0.8000000119
42750  -31.861  -27.583  -0.869 0.6999999881
133546  -30.393  -28.021  -2.368 0.6999999881
42759  -30.922  -27.426  -1.668 0.6999999881
41918  -32.394  -28.793  -6.612 0.8000000119
41908  -30.411  -28.561  -5.408 0.8000000119
41860  -30.082  -28.387  -3.019 0.6999999881
42773  -30.195  -27.214  -2.447 0.6999999881
43690  -30.696  -26.620  -1.790 0.6999999881
129956  -32.826  -28.103  -6.665 0.8000000119
41917  -31.431  -28.717  -6.180 0.8000000119
41907  -29.674  -28.031  -4.957 0.8000000119
41894  -29.493  -28.227  -4.399 0.8000000119
43705  -29.552  -26.979  -3.171 0.8000000119
44589  -30.229  -25.696  -2.597 0.6999999881
42806  -30.185  -27.605  -5.325 0.8000000119
43729  -29.361  -26.863  -4.803 0.8000000119
43718  -29.314  -26.707  -4.136 0.8000000119
133332  -33.127  -27.259  -6.586 0.8000000119
42817  -31.475  -27.282  -6.346 0.8000000119
43738  -29.773  -26.645  -5.334 0.8000000119
138329  -29.298  -25.754  -4.287 0.8000000119
43739  -33.569  -26.685  -6.186 0.8000000119
43748  -31.720  -26.582  -6.726 0.8000000119
146654  -30.098  -25.950  -5.867 0.8000000119
44619  -29.317  -25.604  -5.360 0.8000000119
44608  -28.987  -25.272  -4.913 0.8000000119
44609  -33.791  -26.088  -5.465 0.8000000119
46490  -37.381  -23.341  -1.401 0.5000000000
46488  -35.467  -23.803  -1.650 0.6000000238
44620  -33.755  -25.852  -6.336 0.8000000119
46489  -36.365  -23.518  -1.378 0.6000000238
45512  -34.273  -24.213  -2.889 0.6000000238
46495  -34.441  -23.688  -2.734 0.6000000238
38142  -28.791  -32.181  2.592 0.6999999881
129501  -29.464  -31.385  2.575 0.6999999881
40005  -27.909  -30.782  2.470 0.6000000238
40007  -29.481  -30.570  2.595 0.6999999881
40908  -30.707  -29.844  2.590 0.6999999881
40907  -29.831  -29.959  2.620 0.6999999881
41800  -27.155  -29.039  1.918 0.4000000060
147542  -27.603  -29.424  2.228 0.5000000000
40909  -31.466  -29.629  2.316 0.6999999881
40925  -31.998  -29.466  1.698 0.6999999881
41817  -26.543  -28.588  1.719 0.3000000119
131283  -27.257  -28.208  2.174 0.3000000119
41801  -27.867  -28.767  2.308 0.5000000000
41805  -31.648  -28.687  2.095 0.6999999881
41818  -32.153  -28.835  1.386 0.6999999881
41816  -25.820  -28.998  1.278 0.3000000119
42728  -26.646  -27.805  1.956 0.3000000119
41827  -32.322  -28.740  0.488 0.6999999881
43657  -26.351  -27.087  1.881 0.3000000119
139256  -32.031  -26.952  -0.076 0.6999999881
41876  -29.652  -28.325  -3.664 0.8000000119
43691  -31.478  -26.722  -0.968 0.6999999881
42772  -29.768  -27.753  -3.065 0.6999999881
131887  -30.583  -26.017  -1.992 0.6999999881
135259  -32.003  -28.035  -6.479 0.8000000119
42805  -29.584  -27.325  -4.977 0.8000000119
43706  -30.107  -26.437  -2.561 0.8000000119
44598  -29.939  -25.355  -3.186 0.8000000119
137647  -29.210  -26.140  -4.847 0.8000000119
45520  -29.275  -24.982  -4.378 0.8000000119
43749  -32.722  -26.543  -6.975 0.8000000119
43750  -33.365  -26.284  -6.741 0.8000000119
45548  -29.130  -24.651  -5.374 0.8000000119
45533  -29.009  -24.592  -4.879 0.8000000119
43758  -33.075  -25.781  -7.142 0.8000000119
44630  -30.860  -25.867  -6.549 0.8000000119
139684  -30.951  -25.067  -6.799 0.8000000119
46515  -29.133  -23.941  -5.081 0.8000000119
44621  -34.061  -25.247  -5.582 0.8000000119
40006  -28.742  -30.742  2.564 0.6000000238
129510  -28.976  -30.044  2.615 0.6000000238
136032  -29.275  -29.333  2.572 0.6000000238
40906  -28.336  -29.498  2.460 0.5000000000
41803  -29.667  -28.615  2.573 0.6999999881
138905  -30.145  -29.231  2.609 0.6999999881
142765  -30.949  -29.031  2.534 0.6999999881
41802  -28.750  -28.650  2.490 0.6000000238
142356  -30.204  -27.986  2.559 0.6999999881
146776  -30.408  -28.614  2.570 0.6999999881
42710  -31.445  -27.732  2.116 0.6999999881
42727  -25.849  -27.950  1.497 0.3000000119
42705  -27.265  -27.217  2.277 0.3000000119
44512  -27.276  -25.642  2.218 0.3000000119
128825  -31.653  -27.161  1.529 0.6999999881
137781  -25.369  -24.869  1.159 0.3000000119
44534  -25.642  -25.559  1.559 0.3000000119
44535  -26.420  -25.574  1.952 0.3000000119
44536  -27.003  -24.909  1.958 0.3000000119
45471  -25.245  -24.089  0.803 0.3000000119
45521  -29.941  -24.729  -3.593 0.8000000119
45534  -29.574  -24.159  -4.389 0.8000000119
44631  -31.969  -25.739  -7.065 0.8000000119
45561  -30.222  -24.286  -6.437 0.8000000119
45560  -29.470  -24.270  -5.909 0.8000000119
46531  -29.267  -23.939  -5.563 0.8000000119
44632  -33.618  -25.521  -6.862 0.8000000119
45562  -31.172  -24.305  -7.014 0.8000000119
44633  -33.947  -25.108  -6.491 0.8000000119
142088  -34.270  -24.673  -6.080 0.6999999881
45549  -34.387  -24.381  -5.267 0.6000000238
42708  -29.928  -27.197  2.537 0.6000000238
42709  -30.834  -27.414  2.468 0.6999999881
43635  -27.674  -26.347  2.376 0.4000000060
43636  -29.562  -26.392  2.476 0.6000000238
44514  -29.159  -25.526  2.423 0.4000000060
43638  -31.254  -27.015  2.162 0.6999999881
43658  -31.359  -26.380  1.765 0.6999999881
150160  -32.030  -27.277  0.732 0.6999999881
137336  -27.481  -23.705  1.517 0.3000000119
45441  -29.253  -24.766  2.253 0.4000000060
44538  -30.860  -25.564  1.927 0.6000000238
44539  -31.502  -25.682  1.037 0.6999999881
43680  -31.647  -26.075  -0.105 0.6999999881
138744  -31.548  -24.880  -0.039 0.6999999881
44576  -31.206  -25.898  -1.173 0.6999999881
129715  -31.519  -24.946  -1.017 0.6999999881
44588  -29.637  -26.045  -3.361 0.8000000119
44597  -29.560  -25.361  -3.748 0.8000000119
46503  -30.355  -23.565  -3.925 0.8000000119
44629  -29.915  -25.101  -6.078 0.8000000119
46532  -29.384  -23.312  -5.467 0.8000000119
44643  -33.453  -25.070  -7.160 0.8000000119
150058  -31.770  -24.939  -7.177 0.8000000119
46546  -30.479  -23.528  -6.732 0.8000000119
46545  -29.545  -23.518  -6.072 0.8000000119
128656  -34.257  -23.724  -3.427 0.6000000238
46533  -34.502  -23.629  -5.420 0.6000000238
45563  -34.212  -24.469  -6.718 0.6999999881
129237  -34.557  -23.369  -6.247 0.6999999881
135956  -29.262  -27.888  2.543 0.6000000238
42707  -28.924  -27.094  2.501 0.6000000238
44513  -28.140  -25.620  2.381 0.3000000119
43637  -30.648  -26.501  2.366 0.6000000238
45457  -27.810  -24.338  1.882 0.3000000119
45440  -28.486  -24.893  2.267 0.3000000119
44515  -30.068  -25.792  2.331 0.5000000000
45458  -28.844  -24.190  2.013 0.3000000119
45459  -29.776  -24.334  1.884 0.5000000000
151360  -31.147  -25.182  1.378 0.6999999881
46458  -26.894  -22.749  0.984 0.3000000119
46441  -27.584  -23.097  1.248 0.3000000119
45472  -31.031  -24.131  0.930 0.4000000060
150012  -31.544  -25.397  0.244 0.6999999881
48447  -26.370  -21.729  0.353 0.3000000119
45500  -31.727  -24.058  -1.197 0.6000000238
45510  -31.210  -24.560  -1.974 0.8000000119
46487  -31.837  -23.278  -1.423 0.6000000238
144194  -30.495  -24.968  -2.698 0.8000000119
45511  -31.512  -23.874  -2.007 0.6999999881
151965  -30.220  -24.148  -3.752 0.8000000119
46493  -30.900  -24.064  -2.998 0.8000000119
46504  -31.289  -23.068  -3.253 0.6999999881
46494  -31.606  -23.310  -2.369 0.6999999881
46516  -29.573  -23.154  -4.772 0.8000000119
48533  -30.795  -22.013  -4.429 0.6999999881
47518  -31.425  -22.267  -3.615 0.6999999881
44642  -32.648  -25.096  -7.263 0.8000000119
47530  -29.979  -22.395  -4.828 0.8000000119
45573  -32.175  -24.367  -7.346 0.8000000119
137027  -29.560  -22.749  -5.980 0.8000000119
45574  -33.188  -24.479  -7.397 0.8000000119
46557  -31.503  -23.602  -7.283 0.8000000119
154245  -29.970  -22.302  -6.879 0.8000000119
44644  -33.884  -24.840  -7.003 0.8000000119
45575  -33.760  -24.508  -7.268 0.8000000119
46560  -34.080  -24.171  -7.269 0.6999999881
46517  -34.262  -23.542  -4.118 0.6000000238
46505  -34.239  -22.914  -3.801 0.6000000238
46547  -34.376  -23.779  -6.936 0.6999999881
47554  -34.504  -23.017  -7.109 0.6999999881
142204  -30.683  -24.699  1.534 0.5000000000
45460  -31.322  -24.881  0.819 0.6000000238
47451  -28.282  -22.796  1.176 0.3000000119
45473  -31.424  -24.323  0.381 0.6000000238
47463  -28.662  -22.115  0.833 0.3000000119
47452  -29.123  -22.892  1.251 0.3000000119
46461  -31.402  -23.551  0.377 0.6000000238
48448  -27.043  -21.386  0.279 0.3000000119
49450  -27.771  -20.971  0.158 0.3000000119
47464  -29.810  -22.310  0.887 0.3000000119
46474  -31.765  -23.378  -0.482 0.6000000238
48462  -26.304  -21.121  -0.153 0.3000000119
47503  -31.850  -22.387  -2.750 0.6999999881
48545  -29.631  -21.425  -6.012 0.8000000119
48532  -30.166  -21.764  -5.235 0.6999999881
146082  -29.676  -21.853  -6.479 0.8000000119
48555  -29.467  -21.005  -6.613 0.6999999881
128938  -31.965  -22.911  -7.639 0.6999999881
46556  -30.640  -22.779  -7.140 0.8000000119
48564  -29.530  -21.015  -7.131 0.6000000238
48518  -34.506  -21.751  -3.598 0.6000000238
46559  -33.771  -23.823  -7.625 0.6999999881
137239  -33.197  -23.274  -7.885 0.6999999881
47545  -34.418  -22.893  -5.408 0.6999999881
47563  -34.245  -23.234  -7.666 0.6999999881
49552  -35.049  -21.452  -9.021 0.5000000000
49543  -35.096  -21.372  -8.517 0.5000000000
47466  -31.575  -22.785  0.074 0.6000000238
47480  -32.048  -21.742  -1.281 0.6000000238
47492  -31.979  -22.553  -1.862 0.6999999881
47493  -32.156  -21.753  -2.124 0.6999999881
48498  -32.032  -21.690  -3.029 0.6999999881
49476  -25.507  -20.068  -1.264 0.3000000119
48515  -31.607  -21.535  -3.895 0.6999999881
47559  -30.154  -21.923  -7.351 0.6999999881
49523  -30.292  -20.912  -5.633 0.6999999881
132187  -31.037  -21.285  -4.726 0.6000000238
46558  -32.686  -23.742  -7.586 0.6999999881
153319  -31.001  -22.429  -7.572 0.6999999881
48565  -30.425  -21.024  -7.841 0.6000000238
47561  -33.033  -22.641  -8.245 0.6999999881
47531  -34.168  -22.361  -4.530 0.6000000238
48517  -34.172  -21.822  -4.147 0.5000000000
129049  -34.597  -22.631  -7.862 0.6999999881
47574  -34.528  -22.481  -8.311 0.6999999881
48557  -34.631  -22.268  -7.288 0.6999999881
48556  -34.405  -21.493  -7.006 0.6000000238
48452  -31.344  -22.026  0.047 0.5000000000
48465  -30.944  -21.191  -0.202 0.4000000060
48466  -31.670  -21.552  -0.611 0.5000000000
154039  -31.982  -21.122  -1.057 0.6000000238
48467  -32.192  -21.097  -1.639 0.6000000238
50387  -25.900  -19.259  -1.609 0.3000000119
49497  -31.784  -20.828  -4.120 0.6000000238
48516  -32.107  -20.969  -3.282 0.6000000238
128790  -30.861  -20.219  -5.659 0.6000000238
130519  -29.603  -20.778  -6.372 0.6000000238
47560  -31.534  -22.013  -8.053 0.6999999881
48574  -31.674  -21.074  -8.491 0.6000000238
47544  -34.172  -22.197  -5.380 0.6000000238
49512  -34.256  -20.672  -4.525 0.5000000000
48546  -34.109  -21.645  -6.012 0.6000000238
49511  -33.852  -20.912  -5.317 0.6000000238
48577  -34.962  -22.144  -8.870 0.6000000238
48566  -34.984  -22.252  -8.341 0.5000000000
49536  -34.540  -20.969  -7.414 0.5000000000
49524  -33.932  -20.678  -6.217 0.5000000000
49542  -34.597  -20.263  -7.861 0.5000000000
49461  -30.923  -20.566  -0.557 0.4000000060
49462  -31.508  -20.842  -0.762 0.4000000060
50367  -31.268  -20.140  -0.933 0.4000000060
50365  -29.110  -19.750  -0.577 0.4000000060
51380  -26.535  -18.582  -1.814 0.3000000119
51381  -27.338  -18.459  -1.580 0.3000000119
50389  -27.769  -19.040  -1.118 0.3000000119
49492  -32.318  -20.269  -2.685 0.6000000238
52438  -26.613  -17.451  -2.722 0.3000000119
49510  -32.004  -20.111  -4.205 0.6000000238
49535  -29.454  -20.314  -6.880 0.6000000238
49522  -29.980  -20.248  -6.335 0.6000000238
49541  -29.851  -20.169  -7.533 0.6000000238
50446  -30.772  -19.609  -6.136 0.6000000238
50464  -29.857  -19.645  -7.297 0.6000000238
47572  -32.956  -21.860  -8.663 0.6999999881
49550  -30.641  -20.004  -8.310 0.6000000238
47573  -34.136  -22.388  -8.674 0.6999999881
138895  -35.153  -21.934  -8.702 0.5000000000
49537  -35.040  -21.816  -7.990 0.5000000000
127788  -35.117  -20.769  -8.982 0.5000000000
137530  -30.382  -20.631  -0.306 0.4000000060
50366  -30.393  -20.029  -0.648 0.4000000060
51384  -30.570  -18.695  -1.383 0.4000000060
142079  -31.955  -20.457  -1.350 0.4000000060
49478  -32.273  -20.536  -1.949 0.4000000060
48499  -32.252  -21.045  -2.408 0.5000000000
51402  -27.001  -17.890  -2.063 0.3000000119
52420  -27.722  -17.838  -1.871 0.3000000119
133130  -28.187  -18.322  -1.494 0.4000000060
52439  -27.606  -17.204  -2.464 0.3000000119
51382  -28.945  -18.188  -1.527 0.4000000060
152264  -32.169  -20.389  -3.530 0.6000000238
50432  -31.688  -19.655  -5.094 0.5000000000
50458  -29.916  -19.592  -6.856 0.6000000238
51439  -31.534  -18.790  -5.858 0.5000000000
50470  -30.068  -19.307  -7.903 0.6000000238
48575  -32.840  -21.143  -8.966 0.6000000238
50472  -31.521  -19.572  -8.671 0.6000000238
48576  -34.219  -21.604  -9.100 0.5000000000
49556  -34.565  -20.733  -9.363 0.5000000000
49557  -34.970  -20.444  -9.297 0.5000000000
50465  -34.897  -19.984  -8.611 0.5000000000
50393  -31.671  -19.634  -1.467 0.4000000060
50394  -32.221  -19.886  -1.950 0.4000000060
51385  -31.390  -18.857  -1.611 0.4000000060
51404  -32.336  -18.752  -2.591 0.4000000060
50410  -32.341  -19.426  -2.628 0.4000000060
50433  -32.256  -19.432  -4.116 0.4000000060
50421  -32.327  -19.747  -3.392 0.5000000000
53494  -27.072  -15.744  -3.312 0.3000000119
50459  -30.623  -19.029  -6.674 0.5000000000
52478  -31.721  -17.921  -6.160 0.4000000060
51455  -30.260  -18.864  -7.478 0.6000000238
50471  -30.643  -19.053  -8.339 0.6000000238
51456  -30.785  -18.266  -7.894 0.5000000000
150924  -30.822  -18.169  -7.424 0.5000000000
49551  -33.184  -20.492  -9.213 0.5000000000
153068  -32.267  -19.945  -8.940 0.6000000238
51464  -31.547  -18.909  -8.653 0.6000000238
51463  -31.201  -18.362  -8.328 0.6000000238
50478  -32.468  -19.424  -9.054 0.6000000238
144005  -34.814  -19.999  -9.763 0.5000000000
135115  -35.191  -19.418  -8.775 0.5000000000
50479  -33.704  -19.827  -9.520 0.5000000000
55552  -26.727  -14.236  -4.120 0.3000000119
56656  -27.802  -13.587  -3.964 0.4000000060
56657  -28.668  -13.580  -3.603 0.4000000060
57668  -26.750  -13.016  -4.682 0.4000000060
51470  -32.220  -18.440  -8.918 0.5000000000
53534  -31.517  -17.003  -8.067 0.5000000000
136478  -31.789  -16.555  -7.713 0.5000000000
131653  -32.941  -18.349  -9.530 0.5000000000
53541  -31.855  -16.992  -8.780 0.5000000000
51471  -33.957  -19.074  -9.936 0.6000000238
51465  -35.527  -18.601  -8.942 0.5000000000
50480  -35.407  -19.714  -9.740 0.6000000238
50481  -35.983  -19.362  -10.177 0.5000000000
50474  -35.876  -19.474  -9.739 0.6000000238
51473  -36.372  -18.900  -9.862 0.4000000060
56674  -28.289  -12.930  -4.285 0.4000000060
144070  -29.462  -13.397  -3.668 0.4000000060
52503  -32.416  -17.631  -9.227 0.5000000000
52504  -33.377  -17.814  -9.848 0.5000000000
137407  -33.395  -16.878  -9.844 0.5000000000
51472  -35.217  -19.438  -10.114 0.5000000000
51479  -34.713  -18.624  -10.271 0.5000000000
149255  -36.604  -18.512  -10.375 0.4000000060
51480  -35.714  -19.095  -10.395 0.5000000000
154670  -36.266  -19.074  -10.190 0.5000000000
56675  -29.110  -12.855  -4.121 0.4000000060
57688  -27.947  -12.038  -5.638 0.4000000060
53535  -31.830  -16.381  -8.366 0.4000000060
52515  -35.651  -18.358  -10.603 0.4000000060
51481  -36.348  -18.774  -10.473 0.5000000000
51474  -36.817  -18.119  -10.663 0.3000000119
54543  -32.621  -15.856  -9.414 0.4000000060
52514  -34.404  -17.511  -10.260 0.4000000060
52516  -36.593  -18.001  -10.909 0.5000000000
52517  -37.276  -17.560  -11.145 0.4000000060
53566  -36.858  -17.059  -11.384 0.4000000060
53564  -34.005  -16.286  -10.204 0.4000000060
54545  -37.393  -16.290  -10.344 0.4000000060
53565  -35.481  -17.118  -10.877 0.4000000060
53579  -37.694  -16.664  -11.728 0.4000000060
54560  -33.997  -15.291  -10.455 0.4000000060
53580  -37.912  -16.205  -11.803 0.4000000060
54546  -38.004  -15.945  -11.177 0.4000000060
55597  -37.341  -15.282  -10.003 0.4000000060
55589  -36.831  -14.682  -8.774 0.4000000060
54561  -34.913  -15.778  -10.829 0.4000000060
53578  -36.020  -16.295  -11.321 0.3000000119
54571  -36.940  -16.075  -11.761 0.4000000060
55611  -34.601  -14.595  -10.880 0.4000000060
56735  -34.076  -13.802  -10.881 0.4000000060
133648  -36.903  -15.484  -11.698 0.3000000119
54573  -37.738  -15.658  -11.747 0.4000000060
55612  -37.878  -15.123  -11.401 0.4000000060
55590  -37.329  -14.269  -9.766 0.4000000060
54570  -35.897  -15.213  -11.244 0.3000000119
145201  -37.171  -14.121  -11.659 0.4000000060
141683  -37.726  -14.301  -11.372 0.5000000000
55622  -35.353  -14.179  -11.234 0.4000000060
56747  -36.637  -13.839  -11.566 0.4000000060
153916  -27.896  -39.447  -0.792 0.6000000238
32840  -29.300  -38.672  -0.585 0.6000000238
31892  -21.766  -38.589  -1.814 0.4000000060
39256  -35.138  -32.129  -5.664 0.8000000119
133307  -30.461  -30.188  -3.309 0.6999999881
39141  -31.282  -31.837  2.313 0.6999999881
44575  -30.888  -25.369  -1.913 0.6999999881
44564  -31.509  -25.455  -0.430 0.6999999881
46444  -30.326  -23.881  1.382 0.5000000000
49509  -31.366  -20.535  -4.940 0.6000000238
50392  -30.891  -19.423  -1.120 0.4000000060
50473  -35.204  -20.000  -9.342 0.5000000000
51386  -32.045  -19.101  -2.020 0.4000000060
35425  -33.665  -35.524  2.030 0.5000000000
154134  -32.744  -37.595  -0.069 0.6999999881
141497  -34.483  -33.495  1.427 0.5000000000
132747  -27.649  -43.724  -4.465 0.5000000000
32883  -31.821  -39.163  -6.943 0.6999999881
35489  -34.094  -35.188  -5.505 0.6999999881
34639  -33.636  -36.577  -4.634 0.6999999881
150014  -35.049  -32.296  -0.335 0.6999999881
129312  -35.690  -31.037  1.324 0.5000000000
144636  -35.198  -31.538  -0.212 0.6000000238
130081  -35.590  -29.901  0.272 0.5000000000
34655  -31.223  -37.317  -5.845 0.6999999881
144742  -35.340  -32.129  -1.733 0.6999999881
30972  -26.580  -39.997  -4.037 0.6000000238
40928  -37.653  -29.754  1.535 0.4000000060
38217  -35.421  -32.557  -3.974 0.8000000119
31897  -27.966  -39.605  -1.723 0.6999999881
29150  -24.115  -41.910  -1.763 0.5000000000
35479  -30.537  -35.546  -3.536 0.8000000119
149311  -35.923  -29.334  0.538 0.5000000000
41828  -36.108  -28.652  0.437 0.6000000238
33757  -30.123  -37.415  -1.140 0.6999999881
31880  -25.368  -38.888  -0.683 0.6000000238
37245  -32.282  -33.162  -5.243 0.8999999762
151250  -34.024  -32.312  -6.195 0.8000000119
41842  -35.619  -28.254  -0.158 0.6000000238
42737  -38.081  -27.711  0.666 0.4000000060
32832  -21.122  -38.065  -1.525 0.3000000119
30957  -23.243  -40.318  -2.235 0.5000000000
30942  -21.266  -39.737  -1.441 0.4000000060
33726  -27.866  -37.726  0.957 0.6000000238
33710  -29.151  -37.191  1.168 0.6000000238
34590  -30.415  -36.242  1.179 0.8000000119
33740  -25.893  -37.310  0.086 0.5000000000
32859  -23.167  -38.121  -2.544 0.4000000060
33754  -23.196  -36.851  -2.531 0.5000000000
33755  -23.955  -37.324  -2.227 0.5000000000
38205  -30.341  -32.529  -2.754 0.8000000119
149972  -36.016  -26.200  -0.146 0.6000000238
44552  -38.071  -25.392  0.263 0.4000000060
32819  -24.116  -37.305  0.493 0.5000000000
33738  -23.345  -36.764  -1.654 0.5000000000
32835  -24.279  -37.025  -1.236 0.5000000000
132760  -24.935  -36.650  2.186 0.5000000000
34585  -25.308  -36.444  1.139 0.6000000238
33708  -24.774  -36.858  0.684 0.5000000000
34575  -25.419  -36.009  1.834 0.6000000238
34602  -24.998  -36.658  0.118 0.5000000000
39253  -33.068  -30.977  -6.205 0.8999999762
35420  -26.081  -35.055  2.253 0.6000000238
36237  -26.161  -33.844  2.903 0.5000000000
140133  -25.578  -34.162  3.092 0.5000000000
40139  -32.819  -30.217  -6.366 0.8000000119
44578  -35.181  -25.554  -1.280 0.6999999881
39163  -24.985  -30.812  1.660 0.3000000119
40957  -31.783  -29.961  -1.074 0.6999999881
40937  -32.301  -29.499  0.459 0.6999999881
44599  -33.841  -26.237  -4.453 0.8000000119
43730  -33.622  -26.864  -5.202 0.8000000119
150216  -33.969  -25.600  -4.741 0.8000000119
151333  -27.116  -31.931  2.736 0.6000000238
133685  -31.821  -29.106  -1.177 0.6999999881
40009  -31.262  -30.472  2.455 0.6999999881
42735  -32.249  -27.796  0.135 0.6999999881
42796  -29.375  -27.471  -4.550 0.8000000119
42787  -29.389  -27.597  -3.797 0.8000000119
42706  -28.180  -27.822  2.440 0.5000000000
42729  -32.054  -28.005  1.285 0.6999999881
43656  -25.572  -26.967  1.434 0.3000000119
45439  -27.731  -25.067  2.193 0.3000000119
45455  -26.068  -24.718  1.645 0.3000000119
45456  -26.849  -24.152  1.615 0.3000000119
132793  -34.495  -24.083  -6.158 0.6999999881
138314  -28.583  -26.317  2.466 0.6000000238
43664  -31.788  -26.563  0.829 0.6999999881
47517  -30.547  -22.742  -4.166 0.8000000119
47543  -29.660  -22.389  -5.555 0.8000000119
129124  -29.896  -22.732  -6.487 0.8000000119
47532  -34.315  -23.177  -4.640 0.6000000238
44537  -29.994  -25.077  2.162 0.5000000000
131070  -26.972  -22.065  0.645 0.3000000119
46460  -30.767  -23.465  0.932 0.5000000000
45487  -31.723  -24.201  -0.285 0.6000000238
130037  -27.782  -21.700  0.544 0.3000000119
48463  -27.089  -20.837  -0.085 0.3000000119
48449  -28.570  -21.270  0.356 0.3000000119
150231  -31.868  -22.460  -0.727 0.6000000238
47562  -33.951  -22.990  -8.114 0.6999999881
48534  -33.991  -21.536  -4.818 0.5000000000
134454  -31.989  -20.361  -8.778 0.6000000238
50447  -34.135  -20.142  -6.797 0.4000000060
50390  -28.805  -18.912  -1.008 0.4000000060
52421  -28.563  -17.532  -1.944 0.4000000060
51426  -32.307  -18.716  -4.580 0.4000000060
51449  -30.927  -18.351  -6.818 0.5000000000
148677  -32.994  -19.000  -9.480 0.6000000238
56673  -27.070  -13.672  -4.313 0.3000000119
52502  -31.825  -17.770  -8.660 0.5000000000
55598  -37.747  -14.971  -10.728 0.4000000060
56736  -34.721  -13.773  -11.207 0.4000000060
56715  -37.230  -13.414  -9.264 0.3000000119
30034  -31.070  -41.105  -0.943 0.5000000000
30922  -31.455  -40.425  -0.130 0.5000000000
28247  -29.938  -43.241  -3.352 0.4000000060
29171  -30.215  -42.660  -2.695 0.5000000000
29161  -30.531  -42.605  -1.870 0.5000000000
30033  -30.738  -41.852  -1.440 0.5000000000
30947  -31.031  -40.515  -1.764 0.6000000238
136418  -31.403  -39.791  -1.615 0.6000000238
134177  -29.998  -43.080  -4.294 0.5000000000
29180  -30.147  -42.335  -3.666 0.5000000000
135913  -30.406  -41.446  -3.485 0.5000000000
28266  -29.868  -43.055  -5.181 0.5000000000
30962  -30.727  -40.833  -2.771 0.6000000238
30963  -31.095  -39.968  -2.726 0.6000000238
32852  -32.027  -38.720  -2.111 0.6000000238
31898  -31.619  -39.265  -2.361 0.6000000238
31899  -31.885  -39.085  -1.322 0.6000000238
33743  -32.693  -37.848  -0.796 0.6000000238
32853  -32.367  -38.377  -1.508 0.6000000238
29188  -30.078  -42.540  -4.893 0.5000000000
30051  -30.303  -41.643  -4.619 0.5000000000
30973  -30.612  -40.753  -4.163 0.6000000238
139541  -29.397  -42.975  -5.360 0.5000000000
151506  -30.019  -42.334  -5.161 0.5000000000
30974  -30.971  -40.029  -4.073 0.6000000238
28264  -28.967  -43.597  -5.487 0.5000000000
31911  -31.535  -39.428  -3.646 0.6000000238
32861  -31.971  -38.771  -3.114 0.6000000238
149291  -29.267  -42.215  -5.266 0.5000000000
30065  -29.874  -42.131  -5.218 0.5000000000
30058  -30.272  -41.629  -5.395 0.5000000000
31919  -31.270  -40.608  -5.356 0.6000000238
29187  -28.516  -42.695  -5.190 0.5000000000
28263  -28.436  -43.569  -5.250 0.5000000000
30057  -27.934  -41.775  -4.796 0.5000000000
33758  -32.795  -37.714  -1.832 0.6000000238
32862  -32.426  -38.234  -2.518 0.6000000238
30064  -29.525  -41.542  -5.431 0.5000000000
130107  -30.235  -41.261  -5.779 0.5000000000
30994  -30.996  -40.898  -6.171 0.6000000238
136005  -30.750  -40.695  -6.359 0.6000000238
30063  -28.702  -41.639  -5.067 0.5000000000
30985  -30.913  -41.089  -5.609 0.6000000238
28256  -27.810  -43.217  -4.899 0.5000000000
29179  -26.960  -42.892  -4.155 0.5000000000
33767  -32.929  -37.624  -3.014 0.6000000238
143155  -28.139  -40.055  -4.717 0.5000000000
30993  -28.934  -40.785  -5.253 0.5000000000
143451  -29.734  -40.636  -5.821 0.5000000000
31943  -29.829  -39.799  -5.919 0.6000000238
29186  -27.470  -42.334  -4.653 0.5000000000
30056  -27.117  -41.439  -4.501 0.6000000238
31942  -28.812  -39.813  -5.294 0.5000000000
30984  -27.816  -40.833  -4.672 0.6000000238
138083  -31.127  -39.886  -6.661 0.6000000238
30982  -26.412  -41.265  -4.237 0.5000000000
30983  -26.750  -40.583  -4.287 0.6000000238
28244  -26.012  -43.037  -3.573 0.4000000060
31929  -27.213  -39.847  -4.343 0.6000000238
31930  -27.937  -39.273  -4.454 0.6000000238
32874  -28.814  -38.904  -5.216 0.5000000000
32882  -29.876  -38.833  -5.843 0.6000000238
42751  -35.628  -27.428  -0.299 0.5000000000
45535  -34.301  -24.165  -4.249 0.5000000000
48547  -34.459  -22.603  -6.257 0.5000000000
56722  -37.538  -13.487  -10.342 0.4000000060
57721  -37.376  -12.632  -9.700 0.3000000119
140238  -37.244  -12.097  -8.738 0.3000000119
58693  -37.367  -11.302  -8.485 0.3000000119
28234  -30.261  -43.400  -2.342 0.4000000060
28222  -30.609  -43.377  -1.405 0.5000000000
31870  -31.796  -39.588  0.029 0.5000000000
28246  -29.836  -43.893  -4.326 0.4000000060
31883  -31.627  -39.721  -0.741 0.6000000238
148213  -31.968  -39.186  -0.504 0.5000000000
31884  -32.293  -38.615  -0.651 0.5000000000
28257  -29.808  -43.862  -5.129 0.5000000000
27356  -29.115  -44.185  -5.522 0.5000000000
28265  -29.489  -43.728  -5.413 0.5000000000
27325  -27.539  -44.401  -3.142 0.4000000060
144570  -37.287  -27.871  0.690 0.4000000060
43668  -38.402  -26.858  0.500 0.4000000060
129888  -36.806  -26.798  0.328 0.4000000060
132081  -28.104  -26.955  2.442 0.4000000060
137173  -34.439  -23.071  -3.011 0.5000000000
47504  -34.861  -22.581  -2.804 0.5000000000
47520  -34.520  -22.378  -3.323 0.5000000000
58700  -37.428  -11.686  -9.557 0.3000000119
59660  -37.575  -10.433  -8.863 0.3000000119
133229  -29.892  -44.162  -3.081 0.4000000060
30986  -31.613  -40.578  -6.395 0.6000000238
29178  -26.100  -42.419  -3.911 0.5000000000
46496  -34.952  -23.248  -2.347 0.5000000000
30933  -31.337  -40.317  -1.015 0.6000000238
30046  -30.481  -41.829  -2.481 0.5000000000
30946  -30.790  -41.213  -1.833 0.6000000238
28258  -30.015  -43.325  -4.916 0.5000000000
153070  -29.654  -41.100  -5.684 0.5000000000
57727  -37.717  -12.907  -10.880 0.4000000060
27335  -29.718  -44.682  -4.987 0.4000000060
31871  -32.153  -38.898  0.121 0.4000000060
32824  -32.475  -38.176  0.036 0.4000000060
27349  -29.411  -44.455  -5.360 0.4000000060
32807  -23.577  -38.082  0.593 0.4000000060
32818  -23.275  -37.349  -0.658 0.3000000119
32834  -22.566  -36.807  -1.699 0.4000000060
33753  -22.606  -36.975  -2.414 0.4000000060
31856  -24.159  -38.393  1.553 0.4000000060
32774  -23.193  -38.505  4.351 0.4000000060
33684  -24.326  -37.746  3.328 0.4000000060
32792  -24.524  -38.037  2.214 0.4000000060
33677  -21.858  -37.523  4.618 0.3000000119
33678  -22.788  -37.717  4.435 0.3000000119
34555  -21.619  -36.727  4.407 0.4000000060
34556  -22.356  -37.077  4.392 0.4000000060
34557  -23.121  -37.021  4.167 0.5000000000
35398  -22.368  -36.408  4.200 0.4000000060
35408  -22.380  -35.574  3.940 0.4000000060
46443  -29.422  -23.631  1.577 0.3000000119
46459  -30.081  -23.116  1.178 0.3000000119
47465  -30.868  -22.685  0.649 0.3000000119
52497  -31.424  -17.661  -8.204 0.4000000060
48464  -30.027  -21.028  0.097 0.3000000119
49460  -29.621  -20.377  -0.287 0.3000000119
52488  -31.247  -17.667  -6.982 0.4000000060
53529  -31.591  -17.061  -7.317 0.3000000119
53550  -32.557  -16.748  -9.447 0.4000000060
53551  -33.064  -16.209  -9.739 0.3000000119
50391  -29.879  -19.277  -0.911 0.3000000119
51383  -29.678  -18.451  -1.371 0.3000000119
147129  -31.093  -18.230  -1.724 0.3000000119
51403  -31.852  -18.188  -2.199 0.3000000119
52423  -30.389  -17.955  -1.668 0.3000000119
52424  -31.096  -17.592  -2.019 0.3000000119
138248  -32.461  -18.918  -3.397 0.3000000119
52422  -29.538  -17.685  -1.727 0.3000000119
52440  -28.548  -16.665  -2.451 0.3000000119
54469  -28.595  -15.688  -2.708 0.3000000119
54484  -28.287  -14.915  -3.057 0.3000000119
51440  -32.208  -18.140  -5.325 0.3000000119
52479  -32.338  -17.427  -5.499 0.3000000119
52489  -31.968  -17.210  -6.449 0.3000000119
57669  -27.951  -12.503  -4.847 0.3000000119
145111  -27.268  -12.435  -5.059 0.3000000119
53542  -32.100  -16.167  -9.002 0.3000000119
139792  -31.666  -17.415  -2.481 0.3000000119
52442  -30.287  -17.200  -1.998 0.3000000119
52443  -32.159  -17.632  -2.770 0.3000000119
132671  -32.435  -18.198  -2.972 0.3000000119
144961  -32.511  -18.216  -3.750 0.3000000119
52441  -29.397  -16.954  -2.161 0.3000000119
134542  -30.159  -16.476  -2.344 0.3000000119
131502  -31.088  -16.796  -2.457 0.3000000119
53480  -32.013  -16.889  -3.006 0.3000000119
52458  -32.442  -17.554  -3.423 0.3000000119
52467  -32.520  -17.685  -4.460 0.3000000119
53478  -29.346  -16.173  -2.457 0.3000000119
129905  -30.060  -15.726  -2.584 0.3000000119
53479  -30.742  -16.058  -2.614 0.3000000119
54468  -27.856  -15.514  -3.050 0.3000000119
54485  -29.034  -14.873  -2.820 0.3000000119
54470  -29.372  -15.474  -2.634 0.3000000119
53520  -32.556  -16.701  -5.808 0.3000000119
136454  -28.683  -14.310  -3.151 0.3000000119
53530  -32.301  -16.481  -6.851 0.3000000119
57670  -28.742  -12.275  -4.911 0.3000000119
57671  -29.658  -12.315  -4.559 0.3000000119
140576  -32.207  -16.019  -7.696 0.3000000119
55587  -32.421  -15.478  -8.999 0.3000000119
55595  -32.816  -15.207  -9.396 0.3000000119
54544  -33.260  -15.408  -9.900 0.3000000119
54471  -31.492  -16.050  -2.922 0.3000000119
53495  -32.201  -16.064  -3.510 0.3000000119
53496  -32.514  -16.833  -3.859 0.3000000119
55518  -29.877  -14.944  -2.802 0.3000000119
54486  -30.860  -15.256  -2.879 0.3000000119
55533  -29.473  -14.126  -3.206 0.3000000119
55534  -30.465  -14.380  -3.224 0.3000000119
53510  -32.596  -16.785  -4.813 0.3000000119
146019  -32.857  -16.099  -6.085 0.3000000119
136490  -32.744  -16.035  -5.196 0.3000000119
57653  -29.922  -12.934  -4.013 0.3000000119
54524  -32.824  -15.633  -6.791 0.3000000119
57672  -30.456  -12.489  -4.413 0.3000000119
58655  -29.565  -11.755  -5.389 0.3000000119
58636  -30.252  -11.949  -4.834 0.3000000119
55580  -32.590  -15.330  -7.727 0.3000000119
54530  -32.191  -15.751  -8.445 0.3000000119
55535  -31.355  -14.559  -3.388 0.3000000119
54488  -32.426  -15.275  -3.878 0.3000000119
127842  -32.586  -16.034  -4.265 0.3000000119
56658  -30.179  -13.619  -3.592 0.3000000119
55553  -32.544  -14.534  -4.263 0.3000000119
56659  -31.041  -13.819  -3.614 0.3000000119
56676  -30.718  -13.150  -4.020 0.3000000119
58637  -31.098  -12.023  -4.806 0.3000000119
58657  -31.377  -11.492  -5.487 0.3000000119
55573  -33.011  -14.830  -6.913 0.3000000119
58656  -30.498  -11.542  -5.392 0.3000000119
139068  -32.566  -15.177  -8.427 0.3000000119
55588  -32.893  -14.684  -8.881 0.3000000119
55610  -33.695  -14.546  -10.382 0.3000000119
55536  -32.087  -14.569  -3.724 0.3000000119
56660  -31.722  -14.014  -3.739 0.3000000119
130472  -32.736  -15.274  -4.666 0.3000000119
137491  -32.241  -13.879  -4.090 0.3000000119
144553  -31.146  -12.699  -4.388 0.3000000119
58638  -31.848  -11.962  -5.086 0.3000000119
153039  -33.082  -15.065  -6.322 0.3000000119
59629  -31.054  -10.527  -6.819 0.3000000119
58658  -32.153  -11.640  -5.696 0.3000000119
58672  -30.756  -11.038  -6.072 0.3000000119
58673  -31.670  -11.013  -6.202 0.3000000119
55581  -32.925  -14.509  -7.799 0.3000000119
55596  -33.167  -14.566  -9.734 0.3000000119
55565  -32.876  -14.546  -5.046 0.3000000119
56678  -32.291  -13.207  -4.625 0.3000000119
56690  -32.760  -13.274  -5.186 0.3000000119
143709  -32.941  -13.920  -5.307 0.3000000119
57674  -32.410  -12.455  -5.241 0.3000000119
135379  -32.894  -12.847  -5.765 0.3000000119
56703  -33.163  -13.988  -6.753 0.3000000119
141753  -33.216  -13.656  -7.391 0.3000000119
142992  -32.009  -10.499  -6.963 0.3000000119
58674  -32.400  -11.211  -6.494 0.3000000119
57689  -32.798  -12.091  -6.197 0.3000000119
56710  -33.249  -13.780  -8.251 0.3000000119
129867  -33.379  -13.802  -9.273 0.3000000119
56721  -33.540  -13.716  -10.287 0.3000000119
129307  -35.438  -13.426  -11.450 0.3000000119
56746  -34.367  -13.210  -11.351 0.3000000119
56691  -33.082  -13.563  -5.882 0.3000000119
59643  -31.449  -10.067  -7.661 0.3000000119
57690  -33.187  -13.022  -6.602 0.3000000119
145412  -32.489  -10.081  -7.858 0.3000000119
58686  -32.613  -10.795  -7.199 0.3000000119
57700  -33.221  -12.272  -6.997 0.3000000119
134971  -33.577  -12.892  -8.594 0.3000000119
57720  -33.604  -12.878  -9.858 0.3000000119
57736  -33.893  -12.559  -11.380 0.3000000119
151857  -33.626  -13.122  -10.573 0.3000000119
57750  -34.634  -12.685  -11.517 0.3000000119
135975  -33.768  -13.170  -10.993 0.3000000119
60625  -31.749  -9.677  -8.622 0.3000000119
58687  -33.169  -10.866  -7.755 0.3000000119
58692  -33.490  -11.201  -8.477 0.3000000119
143849  -33.500  -11.916  -7.843 0.3000000119
57711  -33.356  -12.929  -7.580 0.3000000119
143768  -33.724  -11.944  -8.981 0.3000000119
58714  -33.652  -11.794  -11.244 0.3000000119
140321  -33.759  -11.834  -10.125 0.3000000119
143450  -34.063  -11.847  -11.523 0.3000000119
57726  -33.600  -12.599  -10.905 0.3000000119
57751  -35.401  -12.820  -11.575 0.3000000119
58727  -35.017  -12.251  -11.593 0.3000000119
56748  -36.940  -13.430  -11.623 0.3000000119
136857  -36.162  -13.134  -11.574 0.3000000119
56749  -37.491  -13.738  -11.473 0.3000000119
135244  -32.488  -9.786  -8.812 0.3000000119
59659  -33.123  -10.356  -8.720 0.3000000119
145900  -33.325  -10.401  -9.694 0.3000000119
58699  -33.600  -11.060  -9.345 0.3000000119
140566  -33.629  -10.922  -10.410 0.3000000119
148476  -36.588  -12.874  -11.604 0.3000000119
57737  -37.605  -12.945  -11.243 0.3000000119
59658  -32.771  -9.865  -9.614 0.3000000119
32773  -22.295  -38.341  4.747 0.3000000119
144098  -24.506  -37.497  1.397 0.4000000060
33679  -23.627  -37.757  4.002 0.4000000060
48451  -30.462  -21.764  0.396 0.3000000119
52493  -31.215  -17.654  -7.686 0.4000000060
55532  -28.024  -14.219  -3.424 0.3000000119
141426  -27.522  -13.007  -4.508 0.3000000119
32778  -23.901  -38.554  3.682 0.4000000060
31826  -24.423  -38.414  2.954 0.4000000060
33676  -20.929  -37.162  4.659 0.3000000119
128636  -28.767  -11.853  -5.813 0.3000000119
54487  -31.788  -15.295  -3.346 0.3000000119
54515  -32.999  -15.315  -5.694 0.3000000119
137243  -32.646  -13.862  -4.687 0.3000000119
56677  -31.605  -13.330  -4.140 0.3000000119
131199  -29.971  -11.236  -6.003 0.3000000119
57673  -31.789  -12.566  -4.667 0.3000000119
55566  -33.139  -14.457  -5.952 0.3000000119
58675  -32.985  -11.502  -7.037 0.3000000119
57752  -35.891  -12.545  -11.620 0.3000000119
59679  -33.675  -10.748  -11.144 0.3000000119
41830  -37.652  -28.443  0.905 0.4000000060
141924  -25.668  -44.006  0.714 0.3000000119
28202  -26.226  -44.052  0.411 0.3000000119
28200  -24.445  -43.304  0.630 0.3000000119
141780  -26.406  -43.470  -1.160 0.3000000119
34554  -20.724  -36.318  4.351 0.3000000119
35397  -21.492  -35.887  4.136 0.3000000119
31841  -23.854  -39.294  2.168 0.3000000119
31817  -23.453  -39.403  4.071 0.3000000119
31842  -24.276  -38.757  2.468 0.3000000119
31825  -24.031  -39.275  3.139 0.3000000119
41820  -38.039  -29.097  1.181 0.3000000119
27309  -27.165  -44.239  -0.840 0.4000000060
27334  -27.800  -44.373  -4.141 0.4000000060
27355  -28.726  -44.174  -5.409 0.5000000000
28189  -24.882  -44.016  0.919 0.4000000060
28201  -25.777  -43.531  0.243 0.3000000119
28211  -26.436  -43.788  -0.182 0.3000000119
29152  -30.761  -42.562  -1.019 0.5000000000
31905  -22.572  -37.725  -2.417 0.4000000060
32848  -21.967  -37.494  -2.037 0.3000000119
33763  -23.011  -37.217  -2.627 0.5000000000
33764  -23.335  -37.390  -2.532 0.5000000000
35503  -33.196  -36.098  -5.717 0.6999999881
35504  -33.849  -35.273  -5.608 0.6999999881
37166  -31.345  -33.584  1.801 0.6999999881
37211  -34.947  -33.954  -4.703 0.6999999881
40031  -36.688  -30.674  1.965 0.4000000060
40122  -33.841  -30.079  -6.187 1.0000000000
40971  -30.117  -28.974  -3.448 0.6999999881
41007  -29.744  -28.796  -4.915 0.8000000119
41804  -30.991  -28.222  2.506 0.6999999881
42738  -39.009  -27.534  0.468 0.4000000060
44551  -37.137  -25.446  0.123 0.6000000238
45488  -36.018  -24.247  -0.951 0.6000000238
47519  -34.230  -22.236  -3.860 0.5000000000
51462  -30.369  -18.726  -8.061 0.6000000238
52506  -37.147  -17.843  -10.817 0.3000000119
53568  -38.027  -16.548  -11.689 0.4000000060
54562  -38.005  -15.985  -11.819 0.4000000060
54572  -37.588  -15.924  -11.834 0.4000000060
55623  -36.331  -14.430  -11.434 0.3000000119
55624  -37.252  -14.952  -11.684 0.4000000060
55625  -37.560  -14.713  -11.586 0.5000000000
56737  -37.757  -13.581  -11.210 0.4000000060
57753  -37.211  -12.909  -11.513 0.3000000119
129315  -34.395  -23.785  -4.721 0.5000000000
133819  -37.831  -14.274  -10.928 0.4000000060
138725  -37.450  -24.296  -0.437 0.6000000238
141853  -37.421  -27.165  0.517 0.4000000060
144788  -33.252  -35.256  -5.802 0.6999999881
147007  -35.417  -32.381  -3.105 0.8000000119
148362  -25.200  -43.525  0.550 0.3000000119
151905  -31.721  -22.847  -2.562 0.6999999881
152013  -30.832  -40.349  -3.359 0.6000000238
152541  -36.625  -18.510  -9.981 0.4000000060
154758  -29.736  -19.851  -0.595 0.3000000119
154903  -32.174  -39.632  -6.938 0.6999999881
