#!ascii label  , from subject sub-v2s4x29594_ses-1 vox2ras=TkReg
494
143926  -36.163  -48.015  3.473 0.6999999881
25643  -37.122  -46.176  2.570 0.6000000238
133785  -37.290  -46.999  2.205 0.6000000238
24875  -37.632  -47.165  0.645 0.4000000060
26453  -30.688  -45.668  2.892 0.6999999881
27286  -30.741  -44.978  2.469 0.6999999881
26415  -30.945  -45.662  3.599 0.6999999881
26436  -30.851  -44.985  3.245 0.6000000238
25607  -30.989  -46.358  3.922 0.6999999881
26437  -31.196  -44.961  3.765 0.6000000238
25608  -31.695  -46.329  4.231 0.6000000238
27238  -31.646  -45.005  4.087 0.6000000238
139979  -33.645  -46.472  4.571 0.6000000238
140083  -32.874  -45.307  4.497 0.6000000238
27240  -33.106  -44.483  4.514 0.5000000000
26418  -34.282  -45.768  4.502 0.5000000000
130913  -33.965  -44.265  4.532 0.5000000000
133788  -35.248  -44.743  4.141 0.6000000238
25629  -35.967  -46.093  3.754 0.6000000238
143368  -35.886  -44.699  3.626 0.6000000238
26439  -36.247  -45.401  3.409 0.6000000238
26454  -36.849  -45.427  2.798 0.6000000238
134305  -30.850  -44.969  1.718 0.6000000238
27268  -30.738  -44.131  2.088 0.6000000238
28158  -30.752  -43.879  3.010 0.6000000238
27254  -30.944  -44.288  3.494 0.6000000238
154988  -31.488  -42.664  3.744 0.6000000238
27255  -31.534  -44.193  4.056 0.6000000238
28141  -32.451  -43.880  4.371 0.6000000238
129562  -32.701  -43.020  4.404 0.6000000238
134359  -33.600  -42.827  4.440 0.6000000238
137796  -34.515  -44.889  4.434 0.6000000238
28143  -34.232  -43.434  4.426 0.6999999881
28160  -35.097  -43.189  4.120 0.6000000238
27256  -35.500  -43.988  3.849 0.6000000238
26455  -37.332  -45.514  2.121 0.5000000000
25644  -37.470  -46.209  1.954 0.5000000000
26478  -31.165  -45.416  1.101 0.6000000238
27300  -30.987  -44.622  1.107 0.6000000238
28190  -30.764  -43.193  1.745 0.6000000238
28171  -30.750  -43.241  2.681 0.6000000238
29101  -31.009  -42.528  3.166 0.6000000238
29989  -31.085  -41.794  2.705 0.6000000238
29975  -31.585  -41.825  3.518 0.6000000238
29084  -32.123  -42.398  4.131 0.6000000238
29085  -32.988  -42.206  4.375 0.6000000238
137305  -33.856  -42.051  4.371 0.6999999881
143209  -36.120  -43.969  3.231 0.6000000238
27257  -36.511  -44.689  3.017 0.6000000238
26479  -37.572  -45.753  1.285 0.4000000060
148651  -31.220  -44.659  -0.274 0.6000000238
26498  -31.302  -45.089  0.405 0.6000000238
134653  -30.869  -43.822  1.105 0.6000000238
136972  -30.837  -42.492  2.294 0.6000000238
30886  -31.411  -41.141  2.975 0.6000000238
29962  -32.444  -41.595  4.035 0.6999999881
138299  -34.662  -41.909  4.216 0.6000000238
29086  -34.442  -42.636  4.318 0.6000000238
29087  -35.054  -42.432  4.108 0.6000000238
29102  -35.532  -42.563  3.707 0.6000000238
28161  -35.795  -43.254  3.512 0.6000000238
133790  -36.682  -43.953  2.559 0.6000000238
27269  -37.037  -44.728  2.335 0.6000000238
27270  -37.357  -44.843  1.548 0.4000000060
27320  -31.078  -44.982  -1.105 0.5000000000
28223  -30.857  -44.078  -0.871 0.6000000238
153956  -30.947  -43.621  0.485 0.6000000238
141310  -30.863  -43.089  0.169 0.6000000238
29126  -30.835  -42.434  1.438 0.5000000000
29142  -30.888  -42.365  0.584 0.5000000000
29114  -30.946  -41.873  1.949 0.5000000000
30902  -31.662  -40.363  2.719 0.6000000238
30887  -32.061  -40.866  3.525 0.6999999881
29976  -32.796  -40.957  4.008 0.6999999881
29963  -33.285  -41.450  4.276 0.6999999881
31818  -34.122  -40.130  4.230 0.6000000238
29964  -34.126  -41.309  4.313 0.6999999881
30875  -34.350  -40.674  4.264 0.6000000238
29965  -35.014  -41.133  4.135 0.6000000238
131361  -35.336  -41.902  3.869 0.6000000238
141257  -35.799  -42.052  3.440 0.6000000238
29115  -36.494  -42.481  2.599 0.6000000238
27287  -37.118  -44.004  1.809 0.5000000000
27288  -37.299  -44.149  0.950 0.4000000060
28212  -30.807  -43.228  -0.564 0.6000000238
29153  -30.892  -42.439  -0.237 0.6000000238
143074  -31.130  -41.515  0.109 0.5000000000
30008  -31.032  -41.647  1.194 0.6000000238
30913  -31.358  -40.683  1.032 0.5000000000
29998  -31.215  -41.092  2.093 0.6000000238
140550  -31.465  -40.331  1.907 0.5000000000
31844  -32.143  -39.468  2.787 0.5000000000
142169  -32.230  -40.102  3.286 0.6000000238
32793  -32.470  -38.620  2.593 0.5000000000
32779  -32.709  -38.970  3.216 0.5000000000
31827  -32.747  -39.612  3.477 0.6000000238
32794  -33.193  -38.276  3.238 0.4000000060
31828  -33.474  -39.852  3.954 0.6999999881
32780  -34.015  -38.499  3.872 0.4000000060
140740  -35.203  -39.350  4.093 0.5000000000
30876  -34.930  -40.153  4.204 0.6000000238
31830  -35.762  -39.873  3.827 0.5000000000
30889  -35.584  -40.610  3.866 0.6000000238
30890  -36.194  -40.528  3.398 0.5000000000
29978  -36.235  -41.894  3.010 0.6000000238
28192  -37.116  -43.321  1.199 0.5000000000
29990  -36.673  -41.769  2.423 0.6000000238
28191  -36.814  -43.113  2.082 0.6000000238
28222  -30.609  -43.377  -1.405 0.5000000000
29152  -30.761  -42.562  -1.019 0.5000000000
30020  -30.928  -41.892  -0.690 0.5000000000
142565  -31.615  -39.961  0.633 0.4000000060
31857  -31.610  -39.828  1.411 0.5000000000
31858  -31.907  -39.029  1.851 0.5000000000
33697  -33.503  -37.297  3.000 0.4000000060
33696  -32.775  -37.820  2.434 0.4000000060
137788  -33.879  -37.860  3.571 0.4000000060
139298  -34.478  -37.985  3.852 0.5000000000
32781  -34.972  -38.555  4.068 0.5000000000
32782  -35.959  -38.877  3.689 0.5000000000
29999  -37.065  -41.726  1.769 0.5000000000
29128  -37.040  -42.478  1.426 0.5000000000
143204  -36.481  -41.173  2.916 0.6000000238
29127  -36.832  -42.311  2.067 0.5000000000
140219  -31.836  -39.265  0.836 0.4000000060
32808  -32.217  -38.395  0.999 0.5000000000
141026  -32.317  -38.268  1.917 0.5000000000
33712  -32.563  -37.649  1.551 0.5000000000
33686  -34.350  -37.355  3.593 0.4000000060
146145  -35.518  -38.261  3.822 0.5000000000
30904  -37.271  -40.315  2.083 0.5000000000
30000  -37.366  -41.732  0.870 0.3000000119
33687  -35.145  -37.699  3.829 0.5000000000
31831  -36.471  -39.734  3.280 0.5000000000
30903  -36.768  -40.411  2.770 0.5000000000
33729  -32.611  -37.628  0.642 0.4000000060
33713  -32.971  -37.011  2.087 0.4000000060
33730  -32.880  -36.980  1.125 0.4000000060
34577  -33.563  -36.390  2.507 0.4000000060
34567  -34.183  -36.584  3.254 0.4000000060
35426  -34.144  -35.782  2.900 0.4000000060
131984  -34.949  -36.811  3.664 0.5000000000
135873  -37.626  -40.218  1.313 0.4000000060
30915  -37.333  -40.985  1.510 0.4000000060
32783  -36.761  -38.283  3.251 0.5000000000
140244  -35.994  -37.924  3.603 0.5000000000
32795  -36.784  -39.054  3.128 0.5000000000
31845  -37.091  -39.631  2.628 0.5000000000
34568  -34.814  -36.009  3.429 0.4000000060
31846  -37.600  -39.518  1.872 0.4000000060
32796  -37.427  -38.716  2.550 0.5000000000
33688  -35.775  -37.107  3.573 0.5000000000
35412  -34.787  -35.228  3.139 0.4000000060
32809  -38.023  -38.737  1.671 0.4000000060
34569  -35.576  -36.300  3.507 0.5000000000
33689  -36.708  -37.326  3.330 0.5000000000
129810  -34.195  -35.145  2.585 0.4000000060
32797  -38.067  -37.949  2.220 0.3000000119
32810  -38.443  -37.998  1.375 0.3000000119
35413  -35.438  -35.543  3.379 0.4000000060
140311  -37.492  -37.768  2.896 0.5000000000
35414  -36.294  -35.802  3.332 0.4000000060
34570  -36.272  -36.602  3.422 0.5000000000
33690  -37.452  -37.038  3.018 0.5000000000
36252  -34.583  -34.600  2.646 0.4000000060
33699  -38.540  -37.243  1.885 0.3000000119
33714  -38.822  -37.291  0.987 0.3000000119
34578  -37.721  -36.395  2.794 0.4000000060
36238  -35.894  -34.943  3.239 0.4000000060
34571  -36.975  -36.477  3.217 0.4000000060
136642  -34.434  -34.023  2.095 0.5000000000
34579  -38.471  -36.362  2.192 0.3000000119
34592  -38.905  -36.618  1.451 0.4000000060
34593  -39.337  -36.155  1.236 0.4000000060
34608  -39.305  -36.647  0.778 0.4000000060
146343  -35.227  -34.647  3.067 0.4000000060
35428  -37.189  -35.697  3.019 0.5000000000
35429  -37.981  -35.583  2.576 0.4000000060
36254  -36.572  -34.408  3.007 0.5000000000
35427  -36.667  -35.125  3.122 0.5000000000
36255  -37.385  -34.818  2.804 0.5000000000
36256  -38.194  -34.752  2.388 0.4000000060
35440  -38.686  -35.440  2.025 0.4000000060
35441  -39.368  -35.425  1.339 0.4000000060
34617  -39.748  -36.543  0.067 0.3000000119
129383  -35.049  -34.005  2.670 0.5000000000
36253  -35.785  -34.157  2.973 0.5000000000
37167  -38.846  -33.597  1.816 0.4000000060
37168  -39.561  -33.832  1.252 0.3000000119
38163  -34.888  -32.800  1.629 0.5000000000
37161  -38.186  -33.861  2.332 0.4000000060
36262  -38.931  -34.508  1.771 0.4000000060
36263  -39.583  -34.665  1.158 0.4000000060
35461  -40.442  -35.341  -0.266 0.3000000119
37157  -34.909  -33.371  2.192 0.5000000000
154904  -37.778  -34.318  2.570 0.5000000000
37158  -35.621  -33.450  2.596 0.5000000000
38166  -39.213  -32.949  1.574 0.4000000060
38177  -39.959  -32.966  0.997 0.4000000060
38164  -34.947  -32.297  1.048 0.5000000000
36270  -40.403  -34.558  0.103 0.3000000119
38146  -35.462  -32.774  2.216 0.5000000000
38147  -36.207  -32.876  2.505 0.5000000000
140950  -36.993  -33.037  2.647 0.5000000000
146916  -37.697  -33.210  2.495 0.5000000000
37159  -36.415  -33.626  2.788 0.5000000000
143618  -39.523  -32.329  1.310 0.4000000060
38176  -35.090  -31.904  0.436 0.5000000000
39143  -36.530  -31.423  2.245 0.5000000000
38178  -40.312  -32.668  0.392 0.3000000119
37175  -40.218  -33.728  0.508 0.3000000119
141050  -35.344  -31.675  1.196 0.5000000000
39165  -35.806  -31.531  1.883 0.5000000000
39142  -35.999  -32.138  2.265 0.5000000000
25630  -36.563  -46.093  3.186 0.6000000238
25666  -37.563  -46.644  1.398 0.5000000000
147382  -33.437  -45.776  4.556 0.6000000238
28172  -36.375  -43.224  2.883 0.6000000238
30888  -32.789  -40.328  3.752 0.6999999881
30874  -33.546  -40.655  4.187 0.6999999881
31829  -34.309  -39.364  4.121 0.5000000000
29977  -35.855  -41.338  3.556 0.6000000238
135051  -33.372  -39.078  3.697 0.4000000060
30914  -36.958  -41.068  2.254 0.5000000000
33698  -38.061  -37.153  2.584 0.4000000060
136783  -38.959  -35.999  1.656 0.4000000060
35450  -39.735  -35.997  0.738 0.3000000119
129226  -35.372  -32.178  1.759 0.5000000000
38148  -36.750  -32.242  2.488 0.5000000000
16400  -29.468  -56.560  2.706 0.5000000000
16426  -31.292  -56.479  1.597 0.5000000000
142312  -29.865  -56.876  2.201 0.5000000000
147040  -33.955  -54.766  -0.125 0.5000000000
16448  -32.264  -56.349  0.433 0.5000000000
16447  -31.546  -56.779  0.818 0.4000000060
151537  -30.544  -55.100  3.463 0.5000000000
17342  -31.725  -55.795  1.958 0.6000000238
17328  -31.392  -55.346  2.631 0.6000000238
17355  -32.639  -55.625  0.804 0.5000000000
17343  -32.377  -55.426  1.555 0.5000000000
18230  -35.515  -54.617  -0.291 0.4000000060
135857  -28.615  -53.187  4.590 0.6999999881
19041  -30.145  -53.172  4.484 0.6999999881
147676  -31.046  -54.199  3.751 0.6999999881
18193  -32.514  -54.401  2.501 0.5000000000
18192  -31.802  -54.609  2.866 0.6999999881
18218  -34.175  -54.351  0.540 0.5000000000
18205  -33.507  -54.433  1.332 0.5000000000
18204  -32.808  -54.797  1.868 0.5000000000
19087  -36.431  -53.872  0.575 0.5000000000
135501  -35.164  -54.337  0.392 0.5000000000
20895  -26.980  -51.843  3.327 0.5000000000
19955  -27.289  -52.200  4.070 0.6999999881
20883  -29.288  -51.893  4.463 0.6999999881
19935  -27.787  -52.845  4.452 0.6999999881
19937  -29.982  -52.253  4.537 0.6999999881
19053  -30.676  -53.809  4.174 0.6000000238
19957  -33.543  -52.908  2.778 0.6999999881
139376  -33.206  -52.456  3.263 0.6000000238
19073  -35.383  -53.496  1.469 0.5000000000
19072  -34.579  -53.558  1.697 0.6000000238
19064  -34.178  -53.070  2.346 0.6000000238
18207  -35.681  -53.959  0.847 0.5000000000
20001  -37.378  -52.948  0.294 0.5000000000
20896  -27.753  -51.657  3.597 0.5000000000
20897  -28.505  -51.380  3.906 0.6999999881
19938  -30.729  -52.460  4.429 0.6999999881
147489  -31.730  -50.873  4.467 0.6999999881
21891  -30.206  -50.776  4.423 0.6999999881
19956  -32.326  -52.831  3.676 0.8000000119
20898  -32.755  -51.928  3.842 0.6999999881
19972  -34.780  -52.402  2.612 0.6000000238
19958  -34.004  -52.346  2.916 0.6999999881
19974  -36.345  -52.214  1.902 0.6999999881
140928  -35.576  -52.258  2.378 0.6000000238
19981  -37.066  -52.614  0.864 0.6000000238
19980  -36.569  -52.768  1.341 0.6000000238
20952  -37.405  -51.975  0.480 0.6000000238
20932  -28.091  -51.032  2.230 0.5000000000
21916  -28.569  -50.484  2.678 0.6000000238
20914  -28.239  -51.140  3.146 0.5000000000
139846  -28.861  -50.639  3.556 0.6000000238
22879  -29.471  -50.061  3.877 0.6000000238
21890  -29.361  -51.011  4.216 0.6999999881
152079  -31.376  -50.285  4.561 0.6999999881
143456  -30.664  -49.986  4.479 0.6000000238
20887  -32.215  -51.428  4.245 0.6999999881
139737  -32.082  -50.212  4.523 0.6999999881
20899  -33.691  -51.584  3.500 0.6999999881
20917  -36.130  -51.595  2.379 0.6999999881
20934  -37.147  -51.313  1.175 0.6999999881
20933  -36.689  -51.514  1.831 0.6999999881
22908  -28.891  -49.796  2.166 0.5000000000
131343  -29.611  -49.230  3.490 0.6000000238
135175  -30.103  -49.493  4.145 0.6000000238
21894  -33.018  -50.257  4.381 0.8000000119
22871  -33.350  -49.385  4.399 0.5000000000
23858  -31.855  -48.740  4.601 0.6000000238
137092  -34.484  -50.909  3.531 0.6999999881
22873  -35.046  -49.184  3.998 0.6999999881
21918  -36.603  -50.265  2.373 0.6999999881
21905  -35.982  -50.120  3.079 0.6999999881
21940  -37.505  -50.884  0.431 0.5000000000
145814  -37.249  -50.619  1.179 0.6999999881
138148  -37.627  -49.509  0.193 0.5000000000
21929  -29.066  -49.972  1.210 0.5000000000
22909  -29.427  -49.210  1.614 0.5000000000
24842  -29.943  -47.812  2.524 0.6000000238
22894  -29.321  -49.097  2.620 0.6000000238
23870  -29.736  -48.318  3.073 0.6000000238
22880  -30.131  -48.609  3.879 0.6000000238
24808  -30.595  -47.163  3.602 0.6000000238
23857  -30.703  -47.956  4.080 0.6000000238
24809  -31.263  -47.192  4.209 0.6000000238
24812  -34.716  -47.877  4.321 0.6000000238
143310  -34.053  -48.089  4.457 0.5000000000
148795  -31.760  -47.533  4.458 0.5000000000
23872  -35.690  -48.559  3.705 0.6000000238
23861  -35.126  -48.399  4.119 0.6000000238
23884  -36.884  -48.685  2.418 0.6000000238
23873  -36.337  -48.644  3.138 0.6000000238
139093  -37.531  -48.154  0.984 0.5000000000
22910  -30.132  -48.710  1.048 0.5000000000
24856  -30.173  -47.743  1.948 0.6000000238
132516  -30.305  -46.886  3.052 0.6000000238
24810  -33.312  -47.963  4.575 0.5000000000
25609  -32.681  -46.232  4.499 0.5000000000
144077  -35.720  -46.844  3.922 0.4000000060
143580  -34.953  -47.091  4.291 0.5000000000
25610  -34.423  -46.568  4.462 0.5000000000
24844  -36.764  -47.784  2.839 0.6000000238
22922  -30.764  -49.030  0.220 0.5000000000
23895  -30.496  -48.057  1.317 0.6000000238
24857  -30.788  -47.407  1.464 0.6000000238
24843  -30.313  -47.183  2.375 0.6000000238
25611  -35.166  -46.171  4.241 0.5000000000
153136  -34.989  -45.398  4.308 0.4000000060
22937  -31.127  -49.551  -0.557 0.5000000000
23905  -31.479  -48.354  0.193 0.5000000000
24873  -31.303  -47.835  0.783 0.6000000238
26477  -30.799  -45.744  1.902 0.6000000238
22938  -31.715  -49.133  -0.980 0.5000000000
22923  -31.449  -48.861  -0.347 0.5000000000
24874  -31.922  -47.734  0.189 0.6000000238
25665  -31.366  -46.224  1.048 0.6000000238
144467  -31.883  -49.436  -1.765 0.5000000000
23938  -31.959  -48.698  -1.379 0.5000000000
24891  -32.130  -47.641  -0.480 0.5000000000
25686  -31.823  -46.525  0.299 0.6000000238
149439  -32.017  -48.441  -1.630 0.5000000000
24906  -32.026  -47.554  -1.250 0.5000000000
127858  -31.665  -48.303  -2.984 0.5000000000
136016  -31.514  -45.802  0.506 0.5000000000
24916  -31.723  -47.514  -2.216 0.5000000000
25702  -31.986  -46.853  -0.562 0.5000000000
23969  -31.259  -48.835  -3.951 0.5000000000
24928  -31.175  -47.469  -3.266 0.5000000000
25716  -31.697  -46.862  -1.561 0.5000000000
149260  -31.560  -45.725  -0.386 0.4000000060
139015  -31.067  -48.062  -3.939 0.5000000000
25726  -31.230  -46.796  -2.521 0.5000000000
26539  -31.215  -46.189  -1.830 0.4000000060
149942  -31.588  -46.269  -1.110 0.4000000060
25725  -30.540  -46.754  -3.553 0.4000000060
26538  -30.576  -46.060  -2.731 0.4000000060
26525  -30.750  -45.429  -1.908 0.4000000060
24827  -36.251  -47.311  3.490 0.6000000238
24845  -37.314  -47.978  1.973 0.5000000000
139980  -32.307  -47.872  4.587 0.6000000238
27319  -30.474  -44.379  -1.899 0.4000000060
19939  -31.482  -52.638  4.185 0.6999999881
21902  -33.769  -50.720  3.988 0.6999999881
21917  -35.934  -50.860  2.749 0.6999999881
20900  -35.230  -50.964  3.174 0.6999999881
140350  -32.817  -48.678  4.558 0.6000000238
130580  -30.868  -48.896  4.425 0.6000000238
21919  -37.114  -50.108  1.630 0.6999999881
22872  -34.181  -49.269  4.232 0.6999999881
22882  -35.824  -49.361  3.431 0.6999999881
22896  -36.986  -49.470  2.074 0.6000000238
22911  -37.276  -49.497  1.428 0.6000000238
16373  -29.817  -56.024  3.260 0.5000000000
16399  -28.633  -56.670  2.634 0.5000000000
16401  -30.248  -56.363  2.626 0.5000000000
16402  -31.004  -56.106  2.340 0.6000000238
16425  -30.536  -56.758  1.932 0.5000000000
16427  -31.984  -56.092  1.202 0.5000000000
16446  -30.812  -57.173  1.214 0.4000000060
16453  -31.857  -57.104  0.054 0.5000000000
17310  -30.609  -55.616  3.061 0.5000000000
17311  -31.057  -54.815  3.297 0.5000000000
17329  -32.110  -55.076  2.235 0.6000000238
17344  -32.942  -55.063  1.201 0.5000000000
17356  -33.388  -55.033  0.472 0.5000000000
17362  -32.969  -55.851  0.043 0.5000000000
18162  -29.922  -54.109  4.402 0.6999999881
18179  -31.528  -54.197  3.394 0.6999999881
18180  -32.219  -53.814  3.152 0.6999999881
18194  -33.223  -54.190  2.179 0.5000000000
18206  -34.858  -53.999  1.062 0.5000000000
18220  -36.028  -54.373  0.262 0.5000000000
19040  -29.313  -53.583  4.565 0.6999999881
19042  -30.923  -53.136  4.296 0.6999999881
19054  -31.468  -53.522  3.830 0.8000000119
19055  -32.929  -53.216  2.985 0.6999999881
19063  -33.435  -53.506  2.460 0.6000000238
19065  -35.077  -52.971  2.079 0.6000000238
19071  -33.841  -53.770  1.869 0.6000000238
19074  -36.164  -53.419  1.183 0.5000000000
19936  -29.319  -52.731  4.570 0.6999999881
19973  -35.875  -52.880  1.765 0.6999999881
20000  -36.827  -53.254  0.777 0.6000000238
20882  -28.618  -52.371  4.459 0.6999999881
20884  -29.949  -51.479  4.486 0.6999999881
20885  -30.566  -51.304  4.515 0.6999999881
20886  -31.288  -51.689  4.422 0.6999999881
20888  -32.995  -51.130  4.098 0.6999999881
20913  -27.523  -51.415  2.735 0.5000000000
20915  -34.678  -51.682  3.049 0.6999999881
20916  -35.457  -51.561  2.770 0.6999999881
21892  -30.956  -50.809  4.551 0.6999999881
21893  -32.418  -50.788  4.365 0.6999999881
21895  -33.895  -49.970  4.193 0.6999999881
21903  -34.394  -50.326  3.909 0.6999999881
21904  -35.179  -50.173  3.612 0.6999999881
21930  -36.914  -50.810  1.765 0.6999999881
22868  -29.954  -50.249  4.264 0.6999999881
22869  -31.507  -49.581  4.578 0.6000000238
22870  -32.437  -49.474  4.562 0.6000000238
22878  -29.038  -49.841  3.122 0.6000000238
22881  -34.565  -49.801  4.045 0.6999999881
22895  -36.469  -49.427  2.779 0.6999999881
22921  -29.805  -49.498  0.687 0.5000000000
22924  -37.430  -49.984  0.842 0.6999999881
23859  -33.698  -48.664  4.414 0.5000000000
23860  -34.482  -48.588  4.282 0.6000000238
23871  -30.218  -47.914  3.548 0.6000000238
23885  -37.281  -48.816  1.647 0.6000000238
23894  -29.740  -48.364  2.012 0.6000000238
23896  -37.469  -49.111  0.882 0.6000000238
23904  -30.878  -48.383  0.704 0.6000000238
23920  -31.923  -48.336  -0.550 0.5000000000
23921  -32.119  -48.128  -1.157 0.5000000000
23954  -32.030  -48.863  -2.212 0.5000000000
23955  -32.045  -48.144  -1.869 0.5000000000
24811  -34.022  -47.320  4.523 0.5000000000
24825  -30.070  -47.515  3.084 0.6000000238
24826  -35.550  -47.736  3.968 0.6000000238
24858  -31.626  -47.108  0.821 0.6000000238
25628  -30.624  -46.341  3.340 0.6999999881
25642  -30.549  -46.395  2.563 0.6999999881
25664  -30.844  -46.656  1.665 0.6000000238
25687  -37.628  -46.369  0.754 0.4000000060
26416  -31.347  -45.633  4.004 0.6999999881
26417  -32.070  -45.539  4.268 0.6000000238
26438  -35.617  -45.415  3.974 0.6000000238
26526  -31.292  -45.702  -1.274 0.4000000060
27239  -32.269  -44.730  4.324 0.6000000238
27241  -34.789  -44.081  4.306 0.6000000238
27267  -30.744  -44.436  2.912 0.6000000238
28142  -33.351  -43.647  4.499 0.5000000000
28159  -31.078  -43.406  3.566 0.6000000238
28203  -30.803  -43.086  0.910 0.6000000238
28213  -31.054  -43.816  -0.102 0.6000000238
29083  -31.825  -43.237  4.164 0.6000000238
29103  -36.061  -42.579  3.196 0.6000000238
31843  -31.693  -39.776  2.163 0.5000000000
36269  -39.961  -34.394  0.736 0.4000000060
37160  -37.293  -33.880  2.741 0.5000000000
128057  -32.092  -47.203  0.114 0.6000000238
133931  -33.701  -45.083  4.545 0.6000000238
134195  -34.159  -53.978  1.276 0.5000000000
134702  -39.955  -35.173  0.557 0.3000000119
136305  -30.498  -51.829  4.495 0.6999999881
137156  -31.110  -44.271  0.431 0.6000000238
139084  -36.909  -52.072  1.290 0.6000000238
141100  -31.434  -48.026  4.423 0.5000000000
141777  -33.004  -47.152  4.607 0.6000000238
142235  -32.093  -47.048  4.484 0.5000000000
142690  -28.525  -50.500  1.724 0.5000000000
143369  -36.791  -46.833  3.006 0.6000000238
144125  -36.485  -51.020  2.260 0.6999999881
146192  -30.066  -55.337  3.618 0.5000000000
147655  -35.137  -51.993  2.745 0.6000000238
147800  -37.495  -47.388  1.453 0.5000000000
147824  -28.088  -52.005  4.201 0.6999999881
147997  -32.879  -53.844  2.662 0.6999999881
149246  -40.256  -33.148  0.496 0.3000000119
149624  -35.584  -50.528  3.162 0.6999999881
151120  -36.278  -46.636  3.492 0.6000000238
151788  -32.028  -52.112  4.109 0.6999999881
151883  -35.333  -35.080  3.250 0.4000000060
152601  -37.644  -50.176  0.114 0.5000000000
154712  -28.751  -51.728  4.278 0.6999999881
