#!ascii label  , from subject sub-v2s4x29588_ses-1 vox2ras=TkReg
1750
68731  -42.322  -9.863  67.676 0.0000000000
83198  -55.183  5.428  59.300 0.0000000000
75471  -48.594  -2.882  63.155 0.0000000000
146522  -11.131  -25.387  88.225 0.0000000000
71036  -36.789  -5.993  72.277 0.0000000000
59707  -27.144  -16.613  90.381 0.0000000000
68464  -28.725  -8.175  83.489 0.0000000000
66288  -37.371  -10.704  81.588 0.0000000000
146997  -38.802  -6.699  79.156 0.0000000000
156094  -21.113  -22.697  84.784 0.0000000000
57557  -23.364  -19.268  91.018 0.0000000000
56485  -25.190  -20.168  84.884 0.0000000000
64128  -27.078  -12.300  78.108 0.0000000000
65200  -31.706  -11.210  79.170 0.0000000000
72074  -44.218  -4.945  73.968 0.0000000000
72113  -48.501  -5.952  72.728 0.0000000000
78775  -52.230  0.847  61.428 0.0000000000
72204  -46.313  -6.216  64.893 0.0000000000
82154  -52.867  4.015  53.656 0.0000000000
48468  -7.696  -26.719  89.620 0.0000000000
74177  -40.455  -4.633  76.899 0.0000000000
69959  -39.032  -8.243  70.141 0.0000000000
59805  -28.540  -16.876  82.405 0.0000000000
132809  -26.408  -12.964  84.613 0.0000000000
136485  -50.656  -1.789  69.805 0.0000000000
89191  -58.096  10.722  51.682 0.0000000000
141632  -36.156  -12.117  78.954 0.0000000000
67406  -37.434  -10.103  77.800 0.0000000000
55341  -22.590  -20.656  84.782 0.0000000000
64141  -30.042  -12.254  76.330 0.0000000000
65228  -32.598  -11.996  77.785 0.0000000000
147133  -34.419  -10.852  80.562 0.0000000000
69933  -43.300  -7.481  71.344 0.0000000000
72094  -46.377  -5.934  73.508 0.0000000000
69948  -44.854  -7.309  69.995 0.0000000000
80979  -53.056  3.340  60.196 0.0000000000
134184  -55.014  2.647  63.239 0.0000000000
83201  -57.752  5.466  59.551 0.0000000000
50757  -10.589  -25.702  86.003 0.0000000000
141163  -9.824  -25.523  88.692 0.0000000000
71016  -38.070  -6.477  75.036 0.0000000000
73076  -39.448  -5.329  77.681 0.0000000000
73108  -37.899  -4.833  74.281 0.0000000000
72088  -39.982  -4.971  73.106 0.0000000000
72140  -37.609  -5.533  70.681 0.0000000000
58637  -24.948  -17.908  90.936 0.0000000000
58613  -23.906  -17.807  93.672 0.0000000000
60789  -25.735  -15.430  93.773 0.0000000000
61830  -26.940  -13.847  92.370 0.0000000000
57656  -28.681  -18.378  80.689 0.0000000000
131993  -27.622  -15.950  76.891 0.0000000000
150917  -27.859  -10.766  80.302 0.0000000000
64103  -27.019  -12.516  81.574 0.0000000000
146015  -27.652  -11.004  83.580 0.0000000000
66216  -26.292  -10.986  87.439 0.0000000000
51979  -16.940  -24.145  86.881 0.0000000000
135569  -18.595  -24.377  90.902 0.0000000000
51873  -18.405  -23.833  93.521 0.0000000000
156388  -47.525  -4.380  64.063 0.0000000000
73225  -48.649  -4.418  67.377 0.0000000000
76597  -50.338  -1.934  66.675 0.0000000000
88192  -59.710  9.579  50.175 0.0000000000
143552  -11.029  -23.782  92.273 0.0000000000
132123  -37.811  -8.178  84.540 0.0000000000
137348  -38.597  -6.276  82.959 0.0000000000
68511  -38.193  -8.521  80.719 0.0000000000
141405  -37.903  -8.399  76.892 0.0000000000
53096  -21.577  -23.329  87.900 0.0000000000
54165  -22.012  -21.578  91.131 0.0000000000
55290  -21.870  -20.804  87.950 0.0000000000
57584  -24.036  -19.006  88.062 0.0000000000
57587  -26.800  -18.589  87.748 0.0000000000
63081  -26.305  -13.878  76.263 0.0000000000
65246  -27.051  -11.760  75.729 0.0000000000
65210  -28.760  -10.976  78.460 0.0000000000
66280  -30.183  -9.892  80.754 0.0000000000
138201  -33.142  -9.304  82.345 0.0000000000
152499  -35.570  -10.082  84.588 0.0000000000
50794  -20.331  -24.947  84.397 0.0000000000
74165  -43.678  -2.869  76.952 0.0000000000
77541  -46.517  -0.567  78.271 0.0000000000
74181  -46.162  -3.266  76.323 0.0000000000
74203  -48.745  -4.282  75.806 0.0000000000
77730  -49.914  -1.209  62.348 0.0000000000
78731  -51.072  0.001  66.279 0.0000000000
79793  -53.009  1.054  64.978 0.0000000000
45523  -3.057  -29.495  93.438 0.0000000000
69996  -45.005  -8.421  66.110 0.0000000000
72239  -44.188  -5.319  62.610 0.0000000000
77747  -47.373  -1.430  60.433 0.0000000000
78791  -48.207  0.924  59.439 0.0000000000
156156  -49.828  1.951  58.036 0.0000000000
79874  -52.682  2.257  57.447 0.0000000000
81014  -55.139  2.706  56.843 0.0000000000
81038  -51.480  2.401  54.723 0.0000000000
50677  -8.718  -24.879  92.830 0.0000000000
49527  -6.588  -25.720  92.898 0.0000000000
143204  -4.319  -27.369  92.402 0.0000000000
77486  -41.915  -0.785  81.292 0.0000000000
73049  -39.062  -4.499  80.879 0.0000000000
75236  -40.144  -2.711  79.476 0.0000000000
74149  -42.321  -2.928  78.754 0.0000000000
154802  -42.194  -4.436  75.003 0.0000000000
71040  -41.739  -6.400  72.384 0.0000000000
68699  -40.251  -9.530  69.877 0.0000000000
56361  -22.953  -19.719  93.636 0.0000000000
57615  -28.212  -19.017  84.846 0.0000000000
59741  -27.886  -17.022  86.928 0.0000000000
147660  -27.443  -14.588  79.865 0.0000000000
61921  -27.300  -14.927  83.105 0.0000000000
60832  -25.989  -15.004  88.040 0.0000000000
133198  -26.138  -12.482  88.851 0.0000000000
148855  -12.462  -25.246  85.759 0.0000000000
131423  -14.524  -24.589  86.533 0.0000000000
154990  -14.080  -24.646  89.053 0.0000000000
72164  -47.100  -5.949  68.832 0.0000000000
74258  -50.442  -3.805  71.575 0.0000000000
76515  -52.583  -1.941  73.520 0.0000000000
144230  -51.086  1.185  69.136 0.0000000000
83233  -56.202  5.059  55.715 0.0000000000
85181  -56.994  7.262  55.424 0.0000000000
88147  -59.020  9.128  55.478 0.0000000000
154676  -56.513  8.672  51.587 0.0000000000
86111  -59.328  8.044  53.736 0.0000000000
64135  -35.004  -12.774  77.085 0.0000000000
65241  -35.911  -12.538  76.856 0.0000000000
137244  -34.771  -12.858  75.757 0.0000000000
64143  -31.595  -12.573  76.355 0.0000000000
64133  -33.027  -12.399  77.006 0.0000000000
65215  -34.109  -11.898  78.553 0.0000000000
68702  -43.098  -8.709  69.751 0.0000000000
69934  -44.056  -7.232  71.082 0.0000000000
69974  -43.910  -8.678  69.182 0.0000000000
83186  -54.069  4.955  59.407 0.0000000000
82069  -54.528  4.263  61.134 0.0000000000
83178  -55.772  5.825  61.314 0.0000000000
84158  -57.042  6.263  61.427 0.0000000000
82093  -56.776  4.575  59.186 0.0000000000
51994  -11.104  -25.516  87.058 0.0000000000
137466  -10.196  -25.501  87.906 0.0000000000
51954  -10.720  -25.363  88.536 0.0000000000
71027  -37.459  -6.375  73.632 0.0000000000
72065  -38.002  -5.486  74.993 0.0000000000
72104  -37.010  -5.636  73.087 0.0000000000
73146  -37.771  -4.825  72.536 0.0000000000
72124  -36.876  -5.484  71.736 0.0000000000
51891  -20.361  -24.134  92.484 0.0000000000
59702  -26.440  -16.900  91.165 0.0000000000
59701  -25.602  -16.899  92.031 0.0000000000
60807  -26.322  -16.132  92.047 0.0000000000
60790  -26.428  -14.893  93.453 0.0000000000
139417  -27.066  -15.064  91.187 0.0000000000
67358  -28.521  -9.811  81.904 0.0000000000
137289  -27.676  -10.924  81.691 0.0000000000
67322  -28.252  -9.179  83.898 0.0000000000
68449  -27.542  -9.152  85.276 0.0000000000
50716  -20.588  -24.771  89.680 0.0000000000
50692  -20.244  -24.399  91.178 0.0000000000
51890  -19.404  -24.202  92.648 0.0000000000
78500  -43.956  -0.909  81.587 0.0000000000
75458  -48.312  -3.369  63.527 0.0000000000
74352  -48.941  -3.567  65.097 0.0000000000
76603  -49.900  -2.717  65.206 0.0000000000
67326  -37.597  -9.840  83.598 0.0000000000
68484  -38.228  -8.646  82.289 0.0000000000
67372  -37.879  -10.075  81.124 0.0000000000
132129  -37.658  -9.194  77.139 0.0000000000
148753  -37.587  -9.184  75.544 0.0000000000
141376  -37.595  -8.680  74.783 0.0000000000
53123  -21.393  -23.173  86.125 0.0000000000
54192  -21.800  -21.693  88.410 0.0000000000
54202  -21.676  -21.616  86.815 0.0000000000
55323  -23.890  -20.115  85.051 0.0000000000
55307  -22.927  -20.036  86.136 0.0000000000
56452  -24.698  -19.635  86.312 0.0000000000
57585  -24.966  -18.866  87.826 0.0000000000
57596  -26.214  -19.030  86.988 0.0000000000
131259  -26.719  -11.715  74.721 0.0000000000
65226  -30.894  -11.753  77.856 0.0000000000
65225  -29.599  -11.557  77.543 0.0000000000
65198  -30.023  -10.891  79.160 0.0000000000
66314  -29.470  -10.508  79.608 0.0000000000
66299  -30.770  -10.418  80.300 0.0000000000
67362  -31.519  -9.583  81.546 0.0000000000
66282  -32.005  -10.018  80.995 0.0000000000
66286  -35.668  -10.983  81.488 0.0000000000
67347  -35.464  -10.409  82.662 0.0000000000
66259  -36.983  -10.392  83.187 0.0000000000
68453  -37.051  -9.276  85.085 0.0000000000
137745  -20.905  -24.283  84.827 0.0000000000
74198  -43.885  -3.724  75.788 0.0000000000
74180  -45.131  -3.029  76.234 0.0000000000
73097  -45.218  -4.221  75.191 0.0000000000
72095  -47.232  -6.029  73.412 0.0000000000
73118  -47.484  -5.302  74.691 0.0000000000
72079  -49.296  -5.562  74.418 0.0000000000
73102  -50.281  -4.633  75.408 0.0000000000
72080  -50.070  -5.359  74.170 0.0000000000
78758  -51.223  -0.189  61.964 0.0000000000
77723  -51.600  -0.572  63.492 0.0000000000
78760  -53.030  0.563  62.806 0.0000000000
82034  -55.934  3.577  64.017 0.0000000000
77766  -47.451  -0.390  60.180 0.0000000000
78789  -46.629  0.294  59.055 0.0000000000
78806  -48.952  0.433  57.393 0.0000000000
78807  -49.814  0.692  57.120 0.0000000000
81001  -51.269  2.830  57.870 0.0000000000
158214  -51.174  1.119  56.005 0.0000000000
79895  -52.659  1.636  55.825 0.0000000000
48474  -8.587  -26.479  87.935 0.0000000000
47496  -7.162  -27.249  89.134 0.0000000000
53015  -10.405  -22.770  93.779 0.0000000000
152178  -9.884  -24.294  92.631 0.0000000000
53013  -8.977  -23.419  94.023 0.0000000000
50666  -6.737  -24.737  94.071 0.0000000000
50665  -5.891  -24.904  94.455 0.0000000000
48440  -5.428  -26.486  92.729 0.0000000000
48421  -4.215  -26.064  94.474 0.0000000000
135596  -4.021  -27.005  94.980 0.0000000000
70948  -38.809  -6.780  80.812 0.0000000000
145402  -38.889  -5.261  81.671 0.0000000000
144823  -39.071  -5.338  80.588 0.0000000000
74160  -39.841  -4.954  76.634 0.0000000000
74145  -40.385  -4.616  78.600 0.0000000000
75266  -40.730  -4.264  78.188 0.0000000000
75237  -40.810  -2.313  79.423 0.0000000000
74163  -41.524  -4.201  77.939 0.0000000000
73077  -42.014  -4.461  77.418 0.0000000000
73092  -40.763  -4.203  75.511 0.0000000000
71055  -39.612  -6.387  71.519 0.0000000000
72107  -40.488  -5.577  72.629 0.0000000000
69929  -39.908  -7.289  71.395 0.0000000000
68670  -41.196  -8.590  71.361 0.0000000000
68684  -39.747  -8.844  70.523 0.0000000000
56407  -22.762  -20.200  91.245 0.0000000000
56378  -22.598  -20.311  92.942 0.0000000000
56396  -22.975  -19.763  92.060 0.0000000000
58713  -28.768  -17.494  81.011 0.0000000000
56521  -28.375  -19.137  82.607 0.0000000000
58694  -28.670  -17.790  83.733 0.0000000000
57599  -28.232  -18.153  86.050 0.0000000000
59769  -28.421  -17.130  84.270 0.0000000000
64140  -26.776  -12.596  76.958 0.0000000000
61981  -26.761  -14.244  78.013 0.0000000000
63064  -26.685  -13.567  78.549 0.0000000000
64085  -26.831  -12.917  83.064 0.0000000000
61933  -27.202  -14.071  81.975 0.0000000000
132525  -26.710  -13.660  84.137 0.0000000000
138860  -26.866  -15.360  85.677 0.0000000000
61880  -26.101  -13.790  85.976 0.0000000000
62960  -25.783  -13.264  88.607 0.0000000000
153380  -25.692  -12.678  87.188 0.0000000000
156168  -33.077  -7.875  85.689 0.0000000000
51997  -15.103  -24.094  86.486 0.0000000000
51957  -15.248  -24.761  88.028 0.0000000000
131426  -13.604  -25.442  87.563 0.0000000000
130763  -17.982  -23.828  95.061 0.0000000000
70013  -45.469  -7.647  65.687 0.0000000000
71098  -46.042  -7.096  68.026 0.0000000000
71125  -46.575  -6.576  66.642 0.0000000000
74302  -49.628  -3.271  68.340 0.0000000000
73196  -49.481  -4.302  69.515 0.0000000000
74272  -50.608  -3.089  70.968 0.0000000000
75360  -50.988  -3.382  72.172 0.0000000000
76545  -51.342  -1.863  71.307 0.0000000000
154754  -51.804  1.207  66.379 0.0000000000
78722  -50.886  0.216  67.065 0.0000000000
79763  -51.777  2.219  68.308 0.0000000000
81041  -53.936  2.966  54.686 0.0000000000
135503  -55.492  3.147  56.365 0.0000000000
82144  -54.949  3.979  54.813 0.0000000000
84207  -55.655  5.585  54.056 0.0000000000
85188  -56.417  7.252  54.255 0.0000000000
87095  -57.832  8.758  55.601 0.0000000000
86110  -56.457  7.854  53.615 0.0000000000
87155  -56.796  9.393  50.366 0.0000000000
87154  -56.288  8.610  50.430 0.0000000000
88186  -57.244  9.896  51.961 0.0000000000
88160  -58.236  10.131  53.815 0.0000000000
87139  -59.042  9.363  52.784 0.0000000000
153540  -59.323  9.139  51.576 0.0000000000
86137  -60.604  7.751  50.304 0.0000000000
65204  -36.503  -11.905  79.649 0.0000000000
66321  -37.471  -10.531  79.612 0.0000000000
66320  -36.825  -11.666  78.786 0.0000000000
66338  -36.863  -11.192  76.892 0.0000000000
54233  -21.246  -21.567  84.515 0.0000000000
153534  -30.515  -12.637  75.656 0.0000000000
64131  -31.240  -12.209  77.154 0.0000000000
65213  -32.160  -11.588  78.502 0.0000000000
66318  -33.002  -10.962  79.827 0.0000000000
131830  -33.525  -11.445  79.231 0.0000000000
66303  -34.879  -11.510  80.019 0.0000000000
71028  -44.078  -5.933  72.816 0.0000000000
72075  -45.122  -5.202  74.051 0.0000000000
71043  -44.505  -6.494  72.212 0.0000000000
71045  -46.181  -6.320  72.368 0.0000000000
72128  -46.785  -6.226  71.995 0.0000000000
154034  -52.743  2.439  60.475 0.0000000000
150095  -53.579  1.255  62.315 0.0000000000
80971  -54.231  3.212  61.602 0.0000000000
82043  -55.817  3.883  63.227 0.0000000000
156488  -58.775  6.726  60.129 0.0000000000
49588  -9.176  -26.113  87.678 0.0000000000
49573  -8.836  -26.091  88.644 0.0000000000
69882  -38.619  -6.997  77.041 0.0000000000
72042  -39.476  -5.416  78.305 0.0000000000
72057  -38.828  -5.534  76.644 0.0000000000
73091  -38.569  -4.593  75.611 0.0000000000
74195  -38.785  -4.241  75.383 0.0000000000
73110  -39.753  -4.239  74.412 0.0000000000
73129  -38.594  -4.646  73.587 0.0000000000
157492  -38.482  -5.233  71.539 0.0000000000
149921  -38.532  -6.249  70.588 0.0000000000
57558  -23.782  -18.801  90.663 0.0000000000
57546  -23.565  -18.721  92.594 0.0000000000
58622  -24.288  -17.513  92.668 0.0000000000
59687  -24.711  -16.516  93.798 0.0000000000
61816  -27.365  -14.203  93.723 0.0000000000
59866  -28.546  -16.897  78.773 0.0000000000
59865  -28.325  -16.314  79.598 0.0000000000
65197  -27.356  -11.575  79.484 0.0000000000
64117  -26.874  -12.550  80.047 0.0000000000
65179  -27.427  -11.538  81.172 0.0000000000
141926  -27.137  -12.011  82.190 0.0000000000
65153  -27.335  -11.793  83.915 0.0000000000
65131  -26.160  -11.436  86.433 0.0000000000
66235  -26.623  -10.440  85.826 0.0000000000
50760  -18.567  -25.571  86.079 0.0000000000
50726  -18.120  -24.941  87.934 0.0000000000
144059  -17.364  -23.717  90.213 0.0000000000
53055  -17.079  -23.209  91.483 0.0000000000
51904  -17.949  -23.796  91.525 0.0000000000
72217  -46.645  -5.481  64.524 0.0000000000
133395  -47.287  -5.616  66.242 0.0000000000
73254  -47.718  -5.041  65.756 0.0000000000
74323  -49.491  -3.189  67.539 0.0000000000
76572  -50.130  -1.927  68.309 0.0000000000
83249  -51.858  4.536  53.292 0.0000000000
83250  -53.392  4.367  53.236 0.0000000000
84226  -52.711  5.029  52.382 0.0000000000
146667  -57.444  10.188  50.204 0.0000000000
89192  -58.652  10.504  51.115 0.0000000000
155182  -57.901  10.738  49.595 0.0000000000
90177  -58.919  11.273  49.266 0.0000000000
51920  -12.465  -24.732  90.606 0.0000000000
135982  -11.073  -25.327  89.884 0.0000000000
71933  -37.877  -5.858  85.081 0.0000000000
70871  -38.090  -6.973  83.903 0.0000000000
69776  -38.647  -7.225  81.537 0.0000000000
69803  -38.671  -7.176  79.974 0.0000000000
141947  -37.620  -9.618  79.506 0.0000000000
68546  -37.894  -8.351  78.544 0.0000000000
69849  -38.244  -7.718  78.105 0.0000000000
69881  -38.039  -7.895  76.198 0.0000000000
137003  -37.636  -7.945  74.185 0.0000000000
53073  -21.414  -23.253  90.381 0.0000000000
53057  -21.767  -22.285  91.506 0.0000000000
143136  -21.683  -22.390  89.877 0.0000000000
55264  -22.099  -20.837  89.740 0.0000000000
56429  -22.373  -20.268  89.244 0.0000000000
55306  -22.201  -20.511  86.562 0.0000000000
56439  -22.710  -19.801  87.926 0.0000000000
56420  -23.304  -19.324  89.255 0.0000000000
57566  -24.593  -18.531  89.575 0.0000000000
57567  -25.477  -18.369  89.329 0.0000000000
58648  -26.892  -17.587  89.605 0.0000000000
64154  -26.728  -12.335  76.138 0.0000000000
65237  -27.225  -11.939  76.828 0.0000000000
149711  -28.401  -11.845  75.726 0.0000000000
140901  -28.321  -11.372  77.432 0.0000000000
66328  -27.704  -11.353  78.345 0.0000000000
66312  -27.915  -10.757  79.543 0.0000000000
66297  -29.047  -10.052  80.168 0.0000000000
67341  -29.308  -8.850  81.966 0.0000000000
68466  -30.306  -8.053  83.074 0.0000000000
68481  -30.714  -8.591  82.572 0.0000000000
151995  -32.500  -8.489  83.490 0.0000000000
67308  -33.952  -9.011  84.294 0.0000000000
67364  -33.492  -9.727  81.701 0.0000000000
151514  -34.207  -9.399  83.615 0.0000000000
133814  -35.038  -9.585  85.290 0.0000000000
67282  -35.967  -9.296  86.042 0.0000000000
50761  -19.480  -25.620  85.668 0.0000000000
76443  -44.127  -1.480  77.739 0.0000000000
75270  -45.260  -1.832  77.116 0.0000000000
75271  -46.212  -1.929  77.233 0.0000000000
75293  -47.625  -2.767  76.903 0.0000000000
73098  -46.137  -4.397  75.236 0.0000000000
74202  -47.616  -4.125  75.855 0.0000000000
76629  -49.552  -1.973  62.883 0.0000000000
76611  -50.277  -2.153  64.497 0.0000000000
77722  -51.004  -1.158  63.861 0.0000000000
142592  -51.768  0.015  65.019 0.0000000000
79784  -53.031  2.019  66.280 0.0000000000
79802  -53.995  1.179  64.034 0.0000000000
79794  -54.263  1.980  65.245 0.0000000000
68754  -41.549  -9.995  66.205 0.0000000000
140692  -43.715  -9.561  66.943 0.0000000000
70011  -43.469  -9.262  65.203 0.0000000000
151773  -44.024  -8.565  64.679 0.0000000000
71146  -44.838  -6.977  63.914 0.0000000000
72215  -45.117  -6.138  63.685 0.0000000000
150758  -45.774  -4.787  63.149 0.0000000000
74379  -46.246  -4.258  62.760 0.0000000000
75481  -47.104  -3.129  61.791 0.0000000000
76627  -48.259  -2.390  61.937 0.0000000000
139134  -48.770  -1.025  60.801 0.0000000000
77768  -49.077  -0.108  60.581 0.0000000000
78783  -50.305  0.703  60.505 0.0000000000
78805  -48.110  0.410  57.935 0.0000000000
79858  -48.713  1.372  58.930 0.0000000000
152999  -51.336  1.718  59.770 0.0000000000
80986  -52.089  3.302  58.755 0.0000000000
82090  -52.740  3.883  58.451 0.0000000000
82099  -53.506  4.674  58.330 0.0000000000
80994  -55.193  3.254  57.930 0.0000000000
81003  -53.603  2.132  57.128 0.0000000000
81025  -52.947  2.142  55.235 0.0000000000
82141  -51.695  3.274  54.324 0.0000000000
83248  -51.139  4.404  53.508 0.0000000000
51934  -10.308  -25.367  89.737 0.0000000000
50702  -9.828  -25.534  90.305 0.0000000000
49548  -8.702  -25.968  90.478 0.0000000000
51869  -7.974  -24.217  94.004 0.0000000000
50676  -7.848  -25.060  93.051 0.0000000000
48449  -7.278  -26.354  91.274 0.0000000000
47475  -6.215  -27.147  90.933 0.0000000000
47474  -5.370  -27.363  91.374 0.0000000000
46520  -4.032  -28.222  91.224 0.0000000000
46509  -3.379  -28.380  92.666 0.0000000000
77487  -42.654  -0.569  80.990 0.0000000000
75216  -39.018  -2.764  82.124 0.0000000000
72030  -39.723  -5.010  79.181 0.0000000000
75224  -39.288  -3.019  80.380 0.0000000000
140036  -40.713  -1.387  80.883 0.0000000000
76408  -42.283  -1.373  79.822 0.0000000000
76409  -43.158  -1.258  79.378 0.0000000000
75267  -43.072  -3.128  78.028 0.0000000000
73084  -43.118  -4.014  76.142 0.0000000000
73113  -42.955  -4.431  74.728 0.0000000000
73132  -41.226  -4.744  73.960 0.0000000000
72090  -41.776  -5.192  73.328 0.0000000000
140240  -42.720  -5.212  73.342 0.0000000000
69920  -42.125  -7.068  71.999 0.0000000000
68686  -41.724  -9.195  70.658 0.0000000000
68715  -41.742  -9.727  68.662 0.0000000000
71070  -36.023  -6.607  69.983 0.0000000000
71082  -36.545  -6.304  69.609 0.0000000000
71083  -37.331  -6.345  69.651 0.0000000000
69957  -37.689  -7.131  69.255 0.0000000000
68712  -38.305  -8.232  68.903 0.0000000000
141410  -39.628  -9.746  68.253 0.0000000000
68729  -40.174  -10.169  67.390 0.0000000000
68730  -41.079  -10.260  67.096 0.0000000000
57537  -23.217  -19.288  93.832 0.0000000000
55345  -26.212  -20.362  83.970 0.0000000000
56504  -27.799  -19.693  83.599 0.0000000000
56469  -26.770  -19.765  85.391 0.0000000000
57597  -27.166  -18.897  86.864 0.0000000000
58663  -27.666  -17.780  87.756 0.0000000000
59713  -27.331  -16.731  89.121 0.0000000000
62004  -26.591  -14.847  76.313 0.0000000000
60938  -27.722  -15.466  78.509 0.0000000000
152826  -28.022  -15.852  80.326 0.0000000000
61957  -27.031  -13.936  80.338 0.0000000000
61947  -27.521  -14.661  81.448 0.0000000000
60908  -27.713  -15.534  82.586 0.0000000000
60869  -27.370  -15.935  85.180 0.0000000000
60845  -26.857  -15.821  87.540 0.0000000000
60822  -26.883  -15.548  89.324 0.0000000000
61836  -26.635  -14.156  90.498 0.0000000000
62927  -26.587  -13.171  91.043 0.0000000000
52010  -11.220  -25.392  86.118 0.0000000000
51974  -11.372  -25.521  87.428 0.0000000000
138747  -14.353  -24.197  84.999 0.0000000000
52013  -13.695  -24.580  85.297 0.0000000000
132479  -13.213  -25.061  85.917 0.0000000000
131427  -12.646  -25.551  87.741 0.0000000000
132774  -12.442  -25.361  88.670 0.0000000000
151342  -13.722  -23.857  90.401 0.0000000000
53022  -16.853  -23.018  93.002 0.0000000000
69975  -44.921  -8.389  68.022 0.0000000000
71086  -46.281  -6.495  69.663 0.0000000000
72143  -47.632  -5.933  70.552 0.0000000000
73194  -48.317  -5.217  68.684 0.0000000000
73181  -48.979  -4.965  69.887 0.0000000000
73150  -49.793  -5.037  72.370 0.0000000000
74247  -51.000  -4.068  72.889 0.0000000000
77696  -50.744  -1.387  66.318 0.0000000000
76585  -50.488  -0.863  67.659 0.0000000000
77662  -50.918  -0.276  69.634 0.0000000000
82110  -56.249  3.555  57.769 0.0000000000
83215  -57.365  4.612  58.047 0.0000000000
84185  -57.771  5.703  57.772 0.0000000000
146926  -55.344  4.765  54.369 0.0000000000
84201  -56.492  6.238  55.366 0.0000000000
86072  -58.871  7.867  57.872 0.0000000000
87085  -59.967  8.358  57.439 0.0000000000
156772  -60.470  7.703  56.358 0.0000000000
86116  -55.957  7.468  52.252 0.0000000000
157993  -57.063  9.307  53.743 0.0000000000
86104  -59.636  8.163  54.723 0.0000000000
87148  -59.992  8.340  50.801 0.0000000000
64146  -34.430  -12.799  76.340 0.0000000000
64144  -32.462  -12.709  76.224 0.0000000000
64145  -33.454  -12.809  76.120 0.0000000000
64134  -34.029  -12.560  77.039 0.0000000000
155721  -42.454  -9.463  68.947 0.0000000000
68716  -43.029  -9.203  69.064 0.0000000000
68717  -43.590  -9.176  68.423 0.0000000000
83197  -54.503  5.284  59.397 0.0000000000
83187  -54.584  5.539  59.967 0.0000000000
84164  -55.122  5.864  59.914 0.0000000000
84157  -56.237  6.331  61.214 0.0000000000
84173  -55.852  6.108  59.866 0.0000000000
83199  -56.738  5.701  59.844 0.0000000000
141384  -56.200  5.066  59.473 0.0000000000
51973  -10.877  -25.425  87.859 0.0000000000
151204  -11.102  -25.332  88.810 0.0000000000
71037  -37.101  -6.660  72.890 0.0000000000
148652  -36.921  -5.386  72.418 0.0000000000
71053  -36.619  -6.231  71.357 0.0000000000
134117  -21.058  -23.479  92.355 0.0000000000
141454  -26.981  -16.006  91.238 0.0000000000
60808  -26.795  -15.325  92.053 0.0000000000
156526  -27.156  -15.843  90.558 0.0000000000
67340  -28.701  -9.060  82.282 0.0000000000
67339  -28.495  -9.544  82.916 0.0000000000
68478  -28.569  -8.798  83.182 0.0000000000
68451  -28.483  -7.983  84.288 0.0000000000
51906  -19.853  -24.392  91.818 0.0000000000
75470  -47.970  -3.174  62.898 0.0000000000
75448  -49.323  -3.115  64.648 0.0000000000
75459  -49.016  -3.031  63.841 0.0000000000
67348  -37.705  -9.958  82.771 0.0000000000
142261  -38.015  -9.417  82.316 0.0000000000
67366  -37.823  -10.039  81.966 0.0000000000
66356  -37.302  -10.076  75.443 0.0000000000
53124  -21.597  -22.474  86.737 0.0000000000
54201  -21.506  -22.060  86.081 0.0000000000
56467  -24.590  -19.966  85.338 0.0000000000
56442  -25.253  -19.128  87.051 0.0000000000
56468  -25.632  -19.845  85.648 0.0000000000
65212  -31.314  -11.479  78.512 0.0000000000
65211  -30.497  -11.330  78.503 0.0000000000
65199  -30.885  -11.091  79.160 0.0000000000
66315  -30.494  -10.702  79.703 0.0000000000
66316  -31.253  -10.796  79.760 0.0000000000
66300  -31.606  -10.461  80.381 0.0000000000
66317  -32.089  -10.863  79.790 0.0000000000
137995  -36.511  -11.088  81.654 0.0000000000
66271  -35.911  -10.859  82.246 0.0000000000
66272  -36.730  -10.756  82.376 0.0000000000
145487  -21.164  -23.437  84.450 0.0000000000
53141  -21.185  -23.368  85.221 0.0000000000
73114  -43.841  -4.496  74.618 0.0000000000
73096  -44.325  -4.131  75.193 0.0000000000
73115  -44.731  -4.633  74.612 0.0000000000
139534  -47.982  -6.009  73.308 0.0000000000
146963  -47.807  -5.864  74.029 0.0000000000
72096  -48.733  -5.888  73.709 0.0000000000
72097  -49.522  -5.655  73.731 0.0000000000
78774  -51.477  0.498  61.280 0.0000000000
78759  -52.158  0.238  62.129 0.0000000000
82026  -55.959  3.588  64.911 0.0000000000
77779  -45.934  -0.054  59.411 0.0000000000
79881  -50.622  0.989  56.679 0.0000000000
136346  -50.518  1.006  55.800 0.0000000000
135335  -7.998  -26.793  88.568 0.0000000000
53014  -9.615  -23.072  93.837 0.0000000000
52996  -9.075  -22.650  94.581 0.0000000000
49510  -4.918  -25.255  94.777 0.0000000000
48408  -4.320  -26.211  95.666 0.0000000000
144650  -38.961  -6.185  80.061 0.0000000000
145519  -38.911  -5.997  80.961 0.0000000000
74176  -39.843  -4.515  76.420 0.0000000000
74161  -40.552  -4.976  77.284 0.0000000000
74162  -40.966  -4.374  77.680 0.0000000000
74178  -41.134  -4.459  77.233 0.0000000000
74197  -40.083  -4.080  76.090 0.0000000000
71073  -39.160  -6.783  70.948 0.0000000000
69944  -39.382  -7.846  70.844 0.0000000000
69930  -40.208  -8.348  71.233 0.0000000000
56408  -23.012  -19.731  90.583 0.0000000000
143001  -23.101  -19.665  91.358 0.0000000000
58707  -28.768  -17.545  81.870 0.0000000000
58701  -28.731  -17.683  82.769 0.0000000000
59787  -28.475  -17.007  83.330 0.0000000000
139609  -26.686  -12.907  77.809 0.0000000000
64122  -26.852  -12.626  78.780 0.0000000000
148526  -26.707  -13.005  83.838 0.0000000000
63029  -26.856  -13.604  83.313 0.0000000000
63003  -26.436  -13.699  84.987 0.0000000000
63002  -26.089  -12.926  85.451 0.0000000000
62988  -25.842  -13.479  86.908 0.0000000000
135278  -25.885  -12.810  86.415 0.0000000000
68435  -33.656  -8.266  85.862 0.0000000000
51923  -16.048  -23.413  90.020 0.0000000000
71133  -45.926  -6.945  65.264 0.0000000000
71124  -46.076  -7.135  66.190 0.0000000000
71134  -46.465  -6.444  65.794 0.0000000000
75399  -50.246  -2.534  69.554 0.0000000000
75386  -50.166  -3.165  70.154 0.0000000000
75387  -50.623  -2.468  70.318 0.0000000000
75374  -50.939  -2.374  70.952 0.0000000000
76553  -50.993  -1.751  70.578 0.0000000000
79774  -52.748  2.317  67.088 0.0000000000
142802  -51.977  2.078  67.456 0.0000000000
133634  -53.452  3.482  54.225 0.0000000000
82143  -54.248  3.632  54.413 0.0000000000
85196  -56.040  6.985  53.408 0.0000000000
156440  -56.159  7.452  52.953 0.0000000000
88190  -57.288  10.030  51.124 0.0000000000
89194  -57.598  10.444  51.681 0.0000000000
89181  -57.919  10.597  52.587 0.0000000000
89182  -58.388  10.456  52.245 0.0000000000
88180  -58.874  9.915  52.287 0.0000000000
146972  -58.970  10.085  51.647 0.0000000000
65217  -36.338  -12.090  78.216 0.0000000000
65250  -35.981  -12.348  75.942 0.0000000000
65242  -36.478  -11.829  76.461 0.0000000000
145713  -31.137  -12.753  75.774 0.0000000000
64132  -32.100  -12.301  77.070 0.0000000000
65227  -31.718  -11.874  77.811 0.0000000000
65201  -32.577  -11.297  79.182 0.0000000000
65214  -33.083  -11.711  78.514 0.0000000000
65216  -35.269  -12.155  78.593 0.0000000000
65202  -34.519  -11.699  79.299 0.0000000000
65203  -35.495  -11.957  79.442 0.0000000000
143078  -35.715  -11.877  80.149 0.0000000000
71042  -43.520  -6.454  72.334 0.0000000000
71058  -43.801  -6.894  71.743 0.0000000000
71074  -44.878  -6.961  70.763 0.0000000000
71060  -45.190  -6.635  71.587 0.0000000000
71061  -46.035  -6.449  71.703 0.0000000000
71076  -45.762  -6.564  70.885 0.0000000000
80970  -53.411  2.555  61.142 0.0000000000
82068  -53.815  3.727  60.670 0.0000000000
82055  -55.579  4.323  62.441 0.0000000000
82044  -56.119  3.781  63.465 0.0000000000
82056  -56.072  4.298  62.692 0.0000000000
84174  -58.555  6.616  60.645 0.0000000000
85147  -59.160  6.650  60.815 0.0000000000
84180  -58.321  6.172  59.650 0.0000000000
154560  -9.953  -25.512  88.226 0.0000000000
50740  -9.782  -25.725  87.659 0.0000000000
50724  -9.645  -25.637  88.294 0.0000000000
50712  -9.411  -25.672  89.083 0.0000000000
71009  -38.654  -6.487  76.498 0.0000000000
72066  -38.467  -5.792  75.763 0.0000000000
72071  -37.706  -5.202  74.319 0.0000000000
149462  -38.256  -5.025  75.502 0.0000000000
73090  -37.964  -4.950  75.035 0.0000000000
74194  -38.284  -4.531  74.925 0.0000000000
74230  -39.107  -4.478  74.230 0.0000000000
73109  -38.283  -4.586  74.256 0.0000000000
72125  -37.338  -5.111  71.290 0.0000000000
73162  -37.832  -4.936  71.740 0.0000000000
72126  -38.015  -5.207  71.037 0.0000000000
71054  -38.763  -5.787  71.060 0.0000000000
71072  -37.905  -6.040  70.134 0.0000000000
58636  -24.224  -18.255  91.252 0.0000000000
58628  -24.020  -18.098  92.174 0.0000000000
58629  -24.737  -17.591  91.891 0.0000000000
59696  -25.402  -16.253  92.810 0.0000000000
142485  -24.809  -16.511  93.312 0.0000000000
60779  -25.203  -15.969  94.056 0.0000000000
61823  -26.943  -14.122  93.065 0.0000000000
61815  -26.838  -14.478  93.605 0.0000000000
62891  -27.214  -13.753  93.135 0.0000000000
59880  -28.091  -16.386  77.789 0.0000000000
147693  -28.635  -16.998  79.661 0.0000000000
154329  -28.099  -16.106  78.835 0.0000000000
66296  -27.580  -11.163  79.892 0.0000000000
65188  -27.278  -11.700  80.237 0.0000000000
66278  -27.659  -11.106  80.735 0.0000000000
66269  -27.659  -10.883  82.634 0.0000000000
65171  -27.385  -11.421  81.999 0.0000000000
65163  -27.352  -11.511  82.870 0.0000000000
145434  -27.336  -10.982  84.527 0.0000000000
66245  -26.685  -10.809  85.317 0.0000000000
66246  -27.247  -10.227  84.906 0.0000000000
68417  -27.298  -9.313  85.783 0.0000000000
132013  -19.365  -25.642  86.864 0.0000000000
50743  -18.173  -25.220  87.033 0.0000000000
50744  -18.875  -25.473  87.838 0.0000000000
50703  -19.151  -24.846  90.266 0.0000000000
130834  -17.925  -23.913  90.693 0.0000000000
145904  -20.090  -24.159  93.181 0.0000000000
73270  -47.047  -4.758  64.116 0.0000000000
73253  -47.280  -5.148  64.910 0.0000000000
138524  -47.829  -4.550  64.715 0.0000000000
75437  -49.875  -2.776  66.127 0.0000000000
75436  -49.214  -3.510  65.923 0.0000000000
75425  -49.891  -2.552  67.099 0.0000000000
75412  -49.891  -2.523  67.919 0.0000000000
76584  -50.213  -1.674  67.570 0.0000000000
137765  -51.968  4.950  52.734 0.0000000000
87168  -56.801  9.430  49.471 0.0000000000
88204  -56.758  9.433  48.601 0.0000000000
89200  -57.955  10.757  50.357 0.0000000000
88205  -57.375  10.047  49.171 0.0000000000
51888  -12.234  -23.838  91.427 0.0000000000
54133  -11.290  -21.712  94.801 0.0000000000
133542  -37.721  -7.503  85.057 0.0000000000
70855  -37.911  -6.777  84.658 0.0000000000
151096  -37.924  -7.445  84.382 0.0000000000
68495  -38.389  -8.146  81.517 0.0000000000
69756  -38.425  -7.682  82.300 0.0000000000
134793  -38.554  -7.637  80.753 0.0000000000
146527  -38.171  -7.988  79.970 0.0000000000
66333  -37.264  -10.813  78.692 0.0000000000
67393  -37.502  -9.846  78.791 0.0000000000
130875  -37.651  -9.126  78.149 0.0000000000
68566  -37.894  -8.404  77.662 0.0000000000
69866  -38.277  -7.711  77.164 0.0000000000
51945  -21.500  -23.292  89.374 0.0000000000
53097  -21.689  -22.803  88.487 0.0000000000
54198  -21.759  -21.417  87.570 0.0000000000
55275  -21.945  -20.811  88.833 0.0000000000
55276  -22.236  -20.245  88.349 0.0000000000
55320  -21.793  -21.021  85.923 0.0000000000
55321  -22.390  -20.590  85.643 0.0000000000
56451  -23.626  -19.662  86.656 0.0000000000
56450  -22.731  -19.845  87.018 0.0000000000
56440  -23.427  -19.478  87.540 0.0000000000
56431  -23.325  -19.367  88.396 0.0000000000
57565  -23.868  -18.849  89.718 0.0000000000
57573  -23.842  -18.963  88.887 0.0000000000
57575  -25.892  -18.589  88.443 0.0000000000
57568  -26.424  -18.138  89.140 0.0000000000
57576  -26.772  -18.265  88.503 0.0000000000
64153  -26.253  -12.044  75.085 0.0000000000
65238  -27.571  -11.634  76.458 0.0000000000
65240  -29.120  -12.005  76.201 0.0000000000
132896  -28.863  -11.267  77.846 0.0000000000
65223  -27.769  -11.463  77.361 0.0000000000
65224  -28.148  -11.071  78.160 0.0000000000
66329  -27.872  -10.969  78.826 0.0000000000
66330  -28.293  -10.765  78.916 0.0000000000
66298  -29.955  -10.337  80.098 0.0000000000
158070  -29.626  -9.968  80.433 0.0000000000
67371  -29.289  -9.685  80.807 0.0000000000
67360  -29.753  -9.362  81.384 0.0000000000
67342  -30.236  -8.954  81.959 0.0000000000
67361  -30.666  -9.513  81.443 0.0000000000
67363  -32.456  -9.558  81.739 0.0000000000
136622  -31.818  -9.223  82.127 0.0000000000
67323  -32.917  -8.884  82.923 0.0000000000
151071  -33.184  -8.468  84.310 0.0000000000
67324  -33.410  -8.877  83.583 0.0000000000
66302  -33.457  -10.634  80.480 0.0000000000
66284  -33.940  -10.248  81.108 0.0000000000
67325  -35.181  -10.032  83.463 0.0000000000
67346  -34.806  -9.895  82.495 0.0000000000
144261  -34.695  -9.618  84.388 0.0000000000
157694  -35.486  -9.517  85.721 0.0000000000
67296  -35.846  -9.819  85.369 0.0000000000
68454  -37.562  -8.905  84.662 0.0000000000
68438  -37.370  -8.361  85.337 0.0000000000
50777  -19.725  -25.385  84.857 0.0000000000
51960  -21.362  -23.773  88.549 0.0000000000
75269  -44.347  -2.020  77.096 0.0000000000
76444  -44.800  -1.251  77.624 0.0000000000
75291  -45.726  -2.537  76.732 0.0000000000
75292  -46.665  -2.687  76.815 0.0000000000
75272  -47.163  -2.039  77.353 0.0000000000
72076  -46.021  -5.465  74.123 0.0000000000
73116  -45.637  -4.815  74.643 0.0000000000
73117  -46.551  -5.058  74.696 0.0000000000
73100  -48.064  -4.825  75.228 0.0000000000
74183  -48.129  -3.501  76.426 0.0000000000
74184  -49.164  -3.422  76.448 0.0000000000
74204  -49.748  -4.040  75.894 0.0000000000
144508  -51.400  -3.802  75.763 0.0000000000
131122  -50.268  -1.546  63.291 0.0000000000
77731  -50.916  -0.915  62.736 0.0000000000
78740  -52.865  0.489  64.359 0.0000000000
78739  -52.129  0.006  64.181 0.0000000000
78732  -52.320  0.534  65.049 0.0000000000
79783  -52.450  1.301  65.788 0.0000000000
151432  -53.427  1.616  65.528 0.0000000000
79828  -54.463  1.957  62.789 0.0000000000
79815  -53.966  1.146  63.091 0.0000000000
79816  -54.577  1.803  63.613 0.0000000000
80931  -55.011  2.558  64.871 0.0000000000
46508  -3.003  -29.079  92.351 0.0000000000
45532  -2.848  -29.701  92.166 0.0000000000
45526  -3.011  -29.714  92.873 0.0000000000
70025  -43.463  -8.075  63.988 0.0000000000
70026  -44.454  -7.800  64.253 0.0000000000
71145  -43.939  -7.237  63.642 0.0000000000
72228  -43.814  -5.930  62.879 0.0000000000
72229  -44.608  -5.670  63.152 0.0000000000
72230  -45.398  -5.394  63.444 0.0000000000
73283  -44.959  -5.037  62.911 0.0000000000
74391  -46.016  -4.132  61.849 0.0000000000
74392  -46.705  -3.712  62.279 0.0000000000
75480  -46.393  -3.453  61.324 0.0000000000
76626  -47.511  -2.431  61.215 0.0000000000
76641  -48.208  -1.761  61.036 0.0000000000
78780  -47.769  0.322  59.848 0.0000000000
77767  -48.251  -0.190  60.320 0.0000000000
78781  -48.557  0.565  60.010 0.0000000000
78782  -49.367  0.681  60.224 0.0000000000
78792  -48.918  1.156  59.517 0.0000000000
79871  -49.383  1.389  57.858 0.0000000000
79870  -48.732  1.154  58.319 0.0000000000
79864  -49.370  1.635  58.416 0.0000000000
79859  -49.412  1.621  58.920 0.0000000000
79865  -50.166  2.140  58.230 0.0000000000
80985  -51.182  2.566  58.656 0.0000000000
145733  -51.889  3.048  57.728 0.0000000000
82108  -51.924  3.488  57.919 0.0000000000
82098  -52.702  3.706  57.858 0.0000000000
146336  -53.312  4.394  58.123 0.0000000000
81002  -52.483  3.671  57.827 0.0000000000
82109  -53.621  3.560  57.828 0.0000000000
146206  -53.283  2.746  57.557 0.0000000000
81024  -52.101  1.877  55.229 0.0000000000
81039  -52.358  2.612  54.703 0.0000000000
47507  -6.748  -28.025  88.651 0.0000000000
51902  -11.505  -24.393  91.524 0.0000000000
51918  -10.784  -25.387  90.315 0.0000000000
51901  -10.889  -25.031  91.515 0.0000000000
50678  -9.519  -24.876  92.318 0.0000000000
50690  -9.759  -25.445  91.402 0.0000000000
50689  -9.001  -25.366  91.911 0.0000000000
139193  -9.223  -25.746  90.924 0.0000000000
52994  -8.342  -23.609  95.035 0.0000000000
50675  -7.046  -25.152  93.320 0.0000000000
49528  -7.379  -25.583  92.584 0.0000000000
49537  -7.693  -25.894  91.771 0.0000000000
48441  -6.815  -26.148  92.061 0.0000000000
136584  -6.912  -26.749  90.846 0.0000000000
48448  -6.642  -26.619  91.413 0.0000000000
48439  -4.515  -26.786  93.053 0.0000000000
47463  -4.996  -27.003  92.150 0.0000000000
47473  -4.568  -27.634  91.684 0.0000000000
47472  -3.817  -27.883  92.063 0.0000000000
47462  -3.774  -27.534  93.076 0.0000000000
47435  -4.195  -27.538  95.209 0.0000000000
77469  -42.468  -0.749  81.691 0.0000000000
77470  -43.289  -0.650  81.381 0.0000000000
70856  -38.244  -6.217  84.162 0.0000000000
71951  -38.329  -5.532  84.369 0.0000000000
71975  -38.559  -5.668  83.528 0.0000000000
151672  -38.821  -4.578  82.342 0.0000000000
73041  -38.910  -4.200  81.706 0.0000000000
74108  -38.863  -3.702  82.495 0.0000000000
152164  -38.947  -3.423  81.727 0.0000000000
149723  -39.889  -5.127  78.473 0.0000000000
75245  -40.071  -3.572  79.328 0.0000000000
75234  -39.631  -3.525  79.755 0.0000000000
75235  -39.660  -2.737  79.900 0.0000000000
75225  -39.542  -2.213  80.670 0.0000000000
75226  -39.849  -2.191  80.095 0.0000000000
76389  -40.011  -1.798  80.562 0.0000000000
76390  -40.340  -1.883  80.034 0.0000000000
75248  -41.295  -2.904  78.855 0.0000000000
75238  -41.800  -2.189  79.408 0.0000000000
134376  -42.533  -2.022  79.219 0.0000000000
75249  -43.096  -2.213  78.663 0.0000000000
73083  -42.328  -4.431  76.559 0.0000000000
152408  -42.624  -4.338  75.605 0.0000000000
73130  -39.453  -4.602  73.680 0.0000000000
73111  -40.588  -4.297  74.594 0.0000000000
73131  -40.329  -4.643  73.802 0.0000000000
71039  -40.906  -6.247  72.271 0.0000000000
72108  -41.351  -5.699  72.728 0.0000000000
72109  -42.222  -5.767  72.789 0.0000000000
71041  -42.611  -6.440  72.379 0.0000000000
68685  -40.681  -9.241  70.720 0.0000000000
68700  -41.235  -9.584  69.802 0.0000000000
144780  -40.763  -9.785  69.099 0.0000000000
71071  -36.540  -6.073  70.421 0.0000000000
71081  -35.788  -6.594  69.296 0.0000000000
71097  -36.885  -6.611  69.030 0.0000000000
69973  -37.403  -7.475  68.539 0.0000000000
68711  -37.949  -8.436  68.046 0.0000000000
137876  -38.755  -9.106  68.231 0.0000000000
68727  -38.453  -9.239  67.522 0.0000000000
54157  -22.091  -21.684  92.026 0.0000000000
56360  -22.712  -20.145  93.409 0.0000000000
58620  -23.643  -18.421  93.345 0.0000000000
58604  -23.600  -18.602  93.798 0.0000000000
56505  -28.334  -19.199  83.421 0.0000000000
135826  -27.987  -19.577  82.945 0.0000000000
56488  -27.620  -19.677  84.458 0.0000000000
56470  -27.627  -19.432  85.269 0.0000000000
56455  -27.418  -19.215  86.053 0.0000000000
57607  -28.044  -18.819  85.711 0.0000000000
58678  -28.192  -17.361  86.111 0.0000000000
58671  -27.981  -17.804  86.959 0.0000000000
58655  -27.460  -17.340  88.481 0.0000000000
59728  -27.736  -17.207  87.674 0.0000000000
156238  -26.902  -14.269  78.661 0.0000000000
61982  -27.253  -14.792  78.258 0.0000000000
61970  -27.382  -14.723  79.036 0.0000000000
60930  -27.830  -15.456  79.493 0.0000000000
150633  -27.749  -15.134  80.252 0.0000000000
63057  -26.859  -13.330  80.014 0.0000000000
63048  -26.929  -13.106  80.837 0.0000000000
143028  -27.084  -14.208  82.786 0.0000000000
61934  -27.442  -14.795  82.267 0.0000000000
60917  -27.787  -15.409  81.731 0.0000000000
60894  -27.617  -15.655  83.457 0.0000000000
60881  -27.498  -15.789  84.327 0.0000000000
61881  -26.177  -15.009  87.108 0.0000000000
60856  -26.801  -15.565  86.551 0.0000000000
60833  -26.805  -15.709  88.482 0.0000000000
61857  -26.312  -15.077  88.808 0.0000000000
62942  -26.036  -13.009  89.214 0.0000000000
62926  -26.383  -13.200  90.135 0.0000000000
152839  -26.582  -12.666  90.590 0.0000000000
66215  -26.190  -11.170  87.228 0.0000000000
134457  -25.989  -11.470  87.342 0.0000000000
134942  -25.795  -11.483  87.689 0.0000000000
69741  -30.822  -7.728  83.628 0.0000000000
51995  -11.731  -25.501  86.464 0.0000000000
157585  -17.052  -24.196  86.147 0.0000000000
150385  -16.457  -23.980  86.051 0.0000000000
132477  -14.751  -24.102  85.833 0.0000000000
132478  -14.023  -24.573  85.843 0.0000000000
131424  -13.778  -25.099  86.592 0.0000000000
51956  -14.409  -24.913  88.436 0.0000000000
134150  -13.426  -25.154  88.637 0.0000000000
51938  -13.044  -24.925  89.342 0.0000000000
144563  -13.792  -24.397  89.630 0.0000000000
53040  -17.388  -23.408  92.339 0.0000000000
51872  -17.594  -23.505  93.250 0.0000000000
78575  -47.056  -0.002  79.420 0.0000000000
68757  -44.382  -9.118  66.572 0.0000000000
68733  -44.190  -9.067  67.602 0.0000000000
69985  -45.058  -8.558  67.085 0.0000000000
71099  -46.614  -6.500  68.430 0.0000000000
71085  -45.956  -6.896  69.022 0.0000000000
147354  -46.610  -6.367  69.166 0.0000000000
72153  -46.959  -5.993  69.820 0.0000000000
143398  -47.817  -5.730  69.810 0.0000000000
73224  -48.055  -4.915  67.236 0.0000000000
72177  -47.694  -5.477  67.532 0.0000000000
73208  -48.179  -5.001  67.918 0.0000000000
73182  -49.580  -4.499  70.352 0.0000000000
73166  -49.010  -5.158  70.798 0.0000000000
73167  -49.773  -4.644  71.360 0.0000000000
73151  -50.425  -4.634  72.747 0.0000000000
138573  -50.602  -4.045  72.274 0.0000000000
75361  -51.603  -2.667  72.359 0.0000000000
74248  -51.579  -3.392  72.893 0.0000000000
75340  -52.147  -2.690  73.067 0.0000000000
77712  -51.110  -1.144  64.927 0.0000000000
77703  -50.736  -1.731  65.279 0.0000000000
77704  -51.120  -0.900  65.933 0.0000000000
78705  -50.965  1.093  68.238 0.0000000000
77691  -50.685  -0.366  67.411 0.0000000000
78704  -50.812  0.421  68.547 0.0000000000
77661  -50.711  -0.329  68.841 0.0000000000
78687  -50.887  0.340  69.227 0.0000000000
82101  -55.678  3.605  58.324 0.0000000000
81005  -55.489  3.149  57.562 0.0000000000
83219  -55.935  3.891  56.196 0.0000000000
82117  -56.295  3.790  56.996 0.0000000000
83220  -56.536  4.586  56.585 0.0000000000
83221  -57.151  5.115  57.096 0.0000000000
83239  -54.606  4.343  53.976 0.0000000000
83252  -55.052  4.991  53.543 0.0000000000
144025  -56.545  7.017  54.932 0.0000000000
85171  -57.068  6.607  55.934 0.0000000000
85172  -57.618  7.461  56.264 0.0000000000
87083  -58.954  8.412  57.327 0.0000000000
151172  -57.921  8.322  56.108 0.0000000000
88132  -58.085  9.038  55.517 0.0000000000
88133  -58.890  8.906  56.121 0.0000000000
87113  -59.645  8.635  56.102 0.0000000000
85183  -60.392  7.536  55.943 0.0000000000
86099  -60.002  8.179  55.614 0.0000000000
87146  -56.108  8.152  51.031 0.0000000000
86125  -55.652  7.407  51.439 0.0000000000
86126  -56.318  8.169  51.887 0.0000000000
86117  -56.517  8.316  52.854 0.0000000000
152985  -56.916  9.263  53.181 0.0000000000
138381  -58.996  9.511  53.940 0.0000000000
152056  -57.819  10.185  53.896 0.0000000000
134407  -59.401  8.775  54.223 0.0000000000
85190  -59.373  7.285  54.143 0.0000000000
85197  -58.953  6.633  53.591 0.0000000000
138060  -59.224  10.276  50.441 0.0000000000
88187  -59.313  9.819  50.931 0.0000000000
87156  -59.729  9.076  50.663 0.0000000000
65231  -35.652  -12.483  77.721 0.0000000000
64147  -35.277  -12.799  76.302 0.0000000000
65229  -33.580  -12.184  77.802 0.0000000000
65230  -34.617  -12.405  77.836 0.0000000000
69945  -42.875  -8.074  70.932 0.0000000000
69946  -43.555  -7.758  70.656 0.0000000000
69947  -44.253  -7.526  70.336 0.0000000000
69961  -44.435  -7.856  69.584 0.0000000000
82080  -53.559  4.254  59.692 0.0000000000
82081  -54.220  4.724  60.213 0.0000000000
83164  -55.254  4.977  61.490 0.0000000000
83180  -57.304  4.955  61.852 0.0000000000
84159  -57.964  5.689  61.590 0.0000000000
83189  -57.195  6.398  60.608 0.0000000000
83200  -57.392  5.393  59.602 0.0000000000
50758  -10.858  -25.536  86.827 0.0000000000
50741  -10.271  -25.708  87.104 0.0000000000
50742  -10.674  -25.489  87.551 0.0000000000
50725  -10.446  -25.421  88.268 0.0000000000
51953  -10.365  -25.363  88.933 0.0000000000
69906  -37.763  -6.984  74.291 0.0000000000
71023  -37.817  -6.019  74.307 0.0000000000
133289  -37.432  -5.575  73.768 0.0000000000
72087  -37.419  -5.086  73.641 0.0000000000
73128  -37.859  -4.776  73.435 0.0000000000
72105  -37.195  -4.967  72.876 0.0000000000
73145  -37.199  -4.979  72.078 0.0000000000
72139  -36.928  -5.519  70.882 0.0000000000
53041  -20.802  -23.758  93.210 0.0000000000
58630  -25.562  -17.451  91.376 0.0000000000
60798  -26.008  -15.437  92.977 0.0000000000
60799  -26.692  -14.661  92.749 0.0000000000
132100  -26.906  -14.585  92.014 0.0000000000
138101  -28.063  -10.466  81.195 0.0000000000
67357  -28.163  -10.357  82.498 0.0000000000
67338  -28.253  -9.955  83.600 0.0000000000
66257  -27.823  -10.380  84.130 0.0000000000
67307  -27.867  -9.186  84.730 0.0000000000
68450  -28.099  -8.640  84.764 0.0000000000
50691  -19.481  -24.588  91.078 0.0000000000
51905  -18.904  -24.325  91.777 0.0000000000
74368  -48.011  -4.030  63.933 0.0000000000
134439  -48.421  -3.977  64.721 0.0000000000
74369  -48.687  -3.510  64.271 0.0000000000
155594  -49.496  -3.157  65.380 0.0000000000
68468  -37.892  -8.877  83.892 0.0000000000
69755  -38.167  -8.225  83.061 0.0000000000
68483  -38.013  -9.208  83.009 0.0000000000
68494  -38.165  -9.205  81.519 0.0000000000
68510  -37.961  -9.319  80.707 0.0000000000
66339  -37.206  -10.565  77.157 0.0000000000
134894  -37.426  -9.972  76.942 0.0000000000
67422  -37.523  -9.615  76.286 0.0000000000
68583  -37.747  -8.787  76.279 0.0000000000
68602  -37.772  -8.436  75.577 0.0000000000
53108  -21.503  -23.334  87.130 0.0000000000
53109  -21.731  -22.369  87.575 0.0000000000
55305  -21.810  -20.876  87.141 0.0000000000
55342  -23.458  -20.450  84.531 0.0000000000
55322  -23.191  -20.296  85.313 0.0000000000
56466  -23.804  -19.887  85.773 0.0000000000
56441  -24.315  -19.260  87.225 0.0000000000
57586  -25.838  -18.837  87.608 0.0000000000
64130  -30.354  -11.972  77.175 0.0000000000
64129  -29.618  -11.885  76.887 0.0000000000
132944  -30.201  -11.539  77.882 0.0000000000
137457  -29.585  -11.190  78.358 0.0000000000
66331  -29.112  -10.744  79.000 0.0000000000
154750  -30.008  -10.620  79.655 0.0000000000
66281  -31.120  -10.032  80.929 0.0000000000
65189  -35.410  -11.282  80.736 0.0000000000
66285  -34.845  -10.540  81.232 0.0000000000
66258  -36.067  -10.649  83.034 0.0000000000
66247  -36.258  -10.419  83.907 0.0000000000
67310  -36.533  -10.009  84.740 0.0000000000
66248  -36.991  -10.182  84.009 0.0000000000
67311  -37.360  -9.622  84.376 0.0000000000
50778  -20.399  -25.071  85.263 0.0000000000
52016  -20.943  -24.274  85.730 0.0000000000
52000  -21.031  -24.273  86.712 0.0000000000
137902  -44.196  -3.167  76.194 0.0000000000
74166  -44.417  -2.645  76.556 0.0000000000
74199  -44.748  -3.651  75.709 0.0000000000
74200  -45.678  -3.751  75.754 0.0000000000
72077  -46.914  -5.728  74.150 0.0000000000
72078  -48.428  -5.512  74.571 0.0000000000
73119  -48.996  -5.101  75.127 0.0000000000
73101  -49.513  -4.682  75.453 0.0000000000
73120  -49.830  -5.169  74.938 0.0000000000
73121  -50.683  -5.003  74.764 0.0000000000
73134  -50.814  -4.815  73.737 0.0000000000
77749  -50.352  -0.515  61.756 0.0000000000
77732  -51.647  -0.342  62.667 0.0000000000
78749  -52.216  0.002  63.135 0.0000000000
78751  -53.373  0.673  63.721 0.0000000000
80943  -55.534  3.297  63.660 0.0000000000
80942  -55.135  2.494  64.055 0.0000000000
80932  -55.606  3.236  64.464 0.0000000000
84187  -60.559  5.898  57.136 0.0000000000
73292  -44.649  -4.788  62.202 0.0000000000
130972  -46.048  -0.712  59.775 0.0000000000
137192  -46.816  -0.696  60.037 0.0000000000
78779  -46.819  0.022  59.747 0.0000000000
78790  -47.446  0.595  59.330 0.0000000000
79872  -50.131  1.525  57.572 0.0000000000
81000  -50.437  2.366  57.921 0.0000000000
132006  -50.906  1.796  57.460 0.0000000000
79873  -51.782  2.024  57.413 0.0000000000
79883  -52.316  1.549  56.677 0.0000000000
79894  -51.848  1.405  55.875 0.0000000000
79909  -51.162  1.578  55.321 0.0000000000
47495  -6.612  -27.723  89.506 0.0000000000
53033  -10.903  -23.055  93.026 0.0000000000
51871  -10.284  -23.620  93.046 0.0000000000
136916  -9.489  -23.869  93.353 0.0000000000
51885  -9.294  -24.426  92.952 0.0000000000
51842  -7.161  -23.912  95.283 0.0000000000
49519  -6.241  -25.291  93.627 0.0000000000
149939  -6.135  -26.204  92.559 0.0000000000
49518  -5.380  -25.479  93.907 0.0000000000
48432  -5.016  -26.120  93.456 0.0000000000
48431  -4.377  -26.259  93.783 0.0000000000
48430  -3.960  -26.771  93.828 0.0000000000
49500  -4.139  -26.393  95.073 0.0000000000
48398  -4.259  -26.858  95.515 0.0000000000
70923  -38.806  -6.334  81.604 0.0000000000
71998  -38.750  -5.917  82.374 0.0000000000
147770  -39.698  -5.202  77.015 0.0000000000
73067  -39.944  -5.273  78.062 0.0000000000
143592  -40.356  -5.191  77.536 0.0000000000
75246  -40.445  -3.829  78.824 0.0000000000
75247  -40.643  -3.204  78.858 0.0000000000
74147  -41.073  -3.687  78.342 0.0000000000
74148  -41.718  -3.594  78.479 0.0000000000
74164  -42.291  -3.876  78.088 0.0000000000
135639  -41.602  -4.531  76.773 0.0000000000
73094  -41.688  -4.476  75.863 0.0000000000
72106  -39.577  -5.285  72.465 0.0000000000
71038  -40.075  -5.991  72.070 0.0000000000
71056  -40.422  -6.791  71.868 0.0000000000
71057  -41.263  -7.028  72.056 0.0000000000
145975  -40.754  -7.684  71.714 0.0000000000
55253  -22.301  -20.868  90.679 0.0000000000
55240  -22.389  -20.882  91.642 0.0000000000
56395  -22.660  -20.242  92.239 0.0000000000
56379  -22.876  -19.776  92.901 0.0000000000
58606  -24.428  -17.341  94.489 0.0000000000
58594  -24.096  -18.085  94.445 0.0000000000
142701  -28.591  -18.678  81.382 0.0000000000
57648  -28.703  -18.447  82.131 0.0000000000
57638  -28.655  -18.511  83.131 0.0000000000
57625  -28.538  -18.634  84.113 0.0000000000
57608  -28.400  -18.383  85.288 0.0000000000
58686  -28.593  -17.915  84.719 0.0000000000
58685  -28.332  -17.235  85.176 0.0000000000
138434  -26.538  -13.028  76.438 0.0000000000
143052  -26.517  -13.415  77.068 0.0000000000
63072  -26.565  -13.707  77.736 0.0000000000
147692  -26.886  -13.961  79.423 0.0000000000
64095  -26.937  -12.735  82.307 0.0000000000
63043  -26.994  -13.321  81.719 0.0000000000
63037  -26.948  -13.483  82.511 0.0000000000
61920  -26.953  -14.319  83.615 0.0000000000
60880  -26.996  -15.192  84.815 0.0000000000
61908  -26.809  -14.401  84.472 0.0000000000
61894  -26.602  -14.525  85.354 0.0000000000
149450  -26.019  -14.270  86.714 0.0000000000
141213  -25.779  -13.990  88.145 0.0000000000
61869  -25.878  -14.164  87.443 0.0000000000
62973  -25.681  -13.135  87.770 0.0000000000
63995  -25.765  -12.471  88.448 0.0000000000
132697  -16.886  -24.247  87.754 0.0000000000
51998  -15.844  -23.916  86.746 0.0000000000
51978  -16.005  -24.161  87.667 0.0000000000
51977  -15.124  -24.411  87.203 0.0000000000
131425  -14.477  -25.070  87.376 0.0000000000
51939  -14.637  -23.996  89.387 0.0000000000
51921  -14.417  -23.686  90.259 0.0000000000
51859  -18.664  -23.991  94.362 0.0000000000
51858  -17.767  -23.599  94.196 0.0000000000
69986  -45.582  -7.844  67.575 0.0000000000
69997  -45.589  -7.822  66.639 0.0000000000
71109  -46.113  -7.191  67.103 0.0000000000
72176  -47.148  -5.980  67.961 0.0000000000
74322  -49.189  -3.891  67.904 0.0000000000
74287  -49.335  -4.049  68.719 0.0000000000
74288  -49.824  -3.391  69.281 0.0000000000
135923  -49.870  -3.857  69.988 0.0000000000
74271  -50.074  -3.838  70.725 0.0000000000
156563  -50.816  -3.245  71.562 0.0000000000
136962  -51.591  -2.054  71.956 0.0000000000
76533  -52.066  -1.755  72.683 0.0000000000
78723  -51.295  0.721  66.686 0.0000000000
79762  -51.427  1.610  67.861 0.0000000000
79746  -51.340  1.670  68.597 0.0000000000
146711  -54.521  2.453  56.145 0.0000000000
82127  -54.594  3.047  55.248 0.0000000000
82128  -55.304  3.515  55.624 0.0000000000
83232  -55.614  4.430  55.242 0.0000000000
85187  -55.903  6.359  53.791 0.0000000000
86098  -57.436  8.219  55.454 0.0000000000
86097  -56.910  7.820  54.853 0.0000000000
87112  -57.281  8.728  54.807 0.0000000000
87123  -57.063  9.013  54.191 0.0000000000
87167  -56.086  8.639  49.550 0.0000000000
87147  -56.723  9.207  51.262 0.0000000000
88179  -57.228  9.827  52.763 0.0000000000
89168  -57.462  10.175  53.039 0.0000000000
89170  -58.139  10.480  53.055 0.0000000000
87133  -59.234  8.722  53.316 0.0000000000
132596  -59.250  8.480  52.339 0.0000000000
135027  -59.473  10.275  49.775 0.0000000000
87157  -60.321  8.685  50.054 0.0000000000
66287  -37.001  -11.280  80.955 0.0000000000
66305  -37.516  -10.696  80.620 0.0000000000
66304  -37.151  -11.338  80.124 0.0000000000
155549  -37.133  -11.317  79.370 0.0000000000
66332  -36.993  -11.228  77.832 0.0000000000
65232  -36.442  -11.946  77.345 0.0000000000
66346  -36.810  -11.181  76.188 0.0000000000
54232  -20.922  -22.041  84.716 0.0000000000
55364  -22.812  -20.735  83.936 0.0000000000
55343  -24.407  -20.321  84.451 0.0000000000
137223  -29.778  -12.609  74.240 0.0000000000
64155  -29.787  -12.467  75.431 0.0000000000
64142  -30.812  -12.423  76.437 0.0000000000
66319  -33.947  -11.165  79.910 0.0000000000
65180  -36.204  -11.352  81.090 0.0000000000
72091  -43.676  -5.338  73.356 0.0000000000
72092  -44.604  -5.544  73.429 0.0000000000
71029  -45.005  -6.077  72.888 0.0000000000
72093  -45.502  -5.749  73.503 0.0000000000
71059  -44.487  -6.834  71.490 0.0000000000
71044  -45.463  -6.389  72.310 0.0000000000
71030  -45.875  -6.165  72.923 0.0000000000
72111  -46.683  -6.196  72.811 0.0000000000
72112  -47.572  -6.097  72.533 0.0000000000
79845  -52.679  1.604  61.080 0.0000000000
79827  -52.896  0.913  61.868 0.0000000000
79846  -53.365  1.614  61.666 0.0000000000
80954  -54.068  2.055  62.005 0.0000000000
80955  -54.675  2.902  62.441 0.0000000000
82042  -55.290  3.550  62.872 0.0000000000
84160  -58.871  5.283  61.531 0.0000000000
85148  -59.669  6.410  60.450 0.0000000000
85153  -59.526  6.854  60.028 0.0000000000
49604  -9.207  -26.324  86.823 0.0000000000
49572  -8.296  -26.313  89.290 0.0000000000
142810  -38.607  -7.031  77.721 0.0000000000
70985  -38.889  -6.155  78.233 0.0000000000
70998  -38.798  -6.219  77.298 0.0000000000
72050  -39.040  -5.451  77.498 0.0000000000
142801  -39.036  -5.093  76.819 0.0000000000
135659  -38.687  -4.979  76.073 0.0000000000
145820  -39.059  -4.746  76.286 0.0000000000
74175  -39.134  -4.353  76.019 0.0000000000
74196  -39.385  -4.037  75.717 0.0000000000
74219  -39.928  -3.902  75.232 0.0000000000
74218  -39.194  -4.074  74.991 0.0000000000
73148  -39.034  -4.737  72.973 0.0000000000
141077  -38.292  -4.738  72.940 0.0000000000
73147  -38.560  -4.888  72.242 0.0000000000
72127  -39.206  -5.584  71.791 0.0000000000
69943  -38.600  -7.147  70.338 0.0000000000
57552  -23.307  -19.293  91.881 0.0000000000
57553  -23.704  -18.758  91.595 0.0000000000
58621  -23.892  -17.895  93.019 0.0000000000
59695  -24.791  -16.949  92.710 0.0000000000
59686  -24.291  -17.132  93.375 0.0000000000
59677  -24.245  -17.137  94.017 0.0000000000
59678  -24.782  -16.611  94.335 0.0000000000
61807  -26.249  -15.043  93.997 0.0000000000
58735  -28.678  -17.687  79.285 0.0000000000
58731  -28.732  -17.592  80.151 0.0000000000
59846  -28.578  -16.677  80.482 0.0000000000
59825  -28.601  -16.752  81.492 0.0000000000
65209  -27.299  -11.838  78.726 0.0000000000
145553  -27.086  -12.096  79.445 0.0000000000
64110  -27.087  -12.158  80.910 0.0000000000
147107  -27.220  -11.899  81.548 0.0000000000
141081  -27.028  -12.210  82.971 0.0000000000
155028  -26.935  -12.461  83.628 0.0000000000
64071  -26.740  -12.368  84.334 0.0000000000
64070  -26.233  -12.239  85.069 0.0000000000
65152  -26.703  -11.629  84.861 0.0000000000
140706  -26.395  -10.952  85.908 0.0000000000
67279  -26.602  -10.420  86.663 0.0000000000
67280  -26.974  -9.926  86.201 0.0000000000
146104  -26.939  -10.076  86.580 0.0000000000
50759  -17.673  -24.755  86.117 0.0000000000
154537  -17.581  -24.709  86.889 0.0000000000
138608  -17.506  -24.646  87.467 0.0000000000
157101  -18.071  -24.771  88.441 0.0000000000
51959  -17.467  -24.496  88.321 0.0000000000
131862  -16.714  -23.555  89.860 0.0000000000
53071  -16.699  -23.223  90.641 0.0000000000
53072  -17.405  -23.536  90.906 0.0000000000
51889  -18.337  -23.877  92.594 0.0000000000
157299  -18.860  -23.971  93.092 0.0000000000
133920  -46.900  -6.077  66.230 0.0000000000
72205  -46.962  -5.732  65.481 0.0000000000
73239  -48.235  -4.628  66.558 0.0000000000
143653  -48.486  -4.190  65.627 0.0000000000
74337  -48.872  -3.976  66.584 0.0000000000
155822  -49.110  -3.738  67.238 0.0000000000
75398  -49.975  -2.566  68.737 0.0000000000
76562  -50.363  -1.843  68.996 0.0000000000
156138  -52.296  4.293  53.467 0.0000000000
83260  -52.643  4.559  53.069 0.0000000000
83261  -53.443  4.731  52.675 0.0000000000
87184  -56.246  8.975  48.856 0.0000000000
88191  -57.668  10.533  50.960 0.0000000000
89195  -57.954  10.718  51.136 0.0000000000
89196  -58.326  10.778  50.674 0.0000000000
89197  -58.873  10.759  50.214 0.0000000000
133007  -57.804  10.646  48.671 0.0000000000
90170  -58.638  11.017  49.835 0.0000000000
133052  -11.582  -25.382  88.894 0.0000000000
151787  -11.113  -25.324  89.284 0.0000000000
51936  -11.689  -25.350  90.034 0.0000000000
134994  -11.902  -24.926  91.000 0.0000000000
70872  -38.428  -6.456  83.528 0.0000000000
69743  -38.393  -7.163  83.120 0.0000000000
70895  -38.636  -6.765  82.305 0.0000000000
67381  -37.733  -9.898  80.268 0.0000000000
68526  -37.792  -8.906  79.929 0.0000000000
68545  -37.668  -8.994  79.022 0.0000000000
68527  -37.908  -8.350  79.302 0.0000000000
69829  -38.315  -7.625  79.072 0.0000000000
137847  -38.601  -7.084  78.462 0.0000000000
158065  -38.461  -7.263  76.523 0.0000000000
71008  -38.328  -6.953  75.830 0.0000000000
69896  -37.886  -7.622  75.129 0.0000000000
69912  -37.447  -7.336  73.531 0.0000000000
53056  -21.353  -23.185  91.396 0.0000000000
53074  -21.705  -22.378  90.758 0.0000000000
54176  -21.888  -21.555  90.252 0.0000000000
53084  -21.723  -22.329  89.108 0.0000000000
54185  -21.821  -21.555  89.369 0.0000000000
56418  -22.582  -20.272  90.174 0.0000000000
56419  -22.883  -19.770  89.684 0.0000000000
54216  -21.402  -21.647  85.408 0.0000000000
141301  -21.750  -21.046  86.520 0.0000000000
55291  -22.190  -20.277  87.476 0.0000000000
56430  -22.780  -19.802  88.801 0.0000000000
57564  -23.328  -19.275  90.132 0.0000000000
57559  -24.386  -18.384  90.351 0.0000000000
57574  -24.692  -18.746  88.761 0.0000000000
58646  -25.173  -18.064  90.090 0.0000000000
58647  -26.152  -17.919  89.894 0.0000000000
58639  -26.761  -17.358  90.311 0.0000000000
58640  -27.179  -17.134  89.905 0.0000000000
63087  -26.254  -12.964  75.700 0.0000000000
138303  -27.029  -12.285  77.493 0.0000000000
132742  -27.747  -11.681  75.735 0.0000000000
130753  -28.925  -11.596  77.103 0.0000000000
65239  -28.208  -11.582  76.592 0.0000000000
65222  -27.416  -11.848  77.792 0.0000000000
66311  -27.600  -11.221  79.136 0.0000000000
66313  -28.606  -10.459  79.560 0.0000000000
153226  -28.269  -10.380  80.267 0.0000000000
66279  -28.579  -9.870  80.910 0.0000000000
67359  -28.918  -9.317  81.447 0.0000000000
68479  -28.975  -8.496  82.706 0.0000000000
68465  -29.414  -7.953  83.156 0.0000000000
68480  -29.817  -8.472  82.546 0.0000000000
68467  -31.044  -8.239  83.119 0.0000000000
67343  -31.114  -9.100  82.060 0.0000000000
68482  -31.695  -8.692  82.778 0.0000000000
68452  -31.631  -8.077  83.605 0.0000000000
135597  -33.779  -8.646  85.009 0.0000000000
66301  -32.501  -10.517  80.429 0.0000000000
66283  -32.961  -10.090  81.058 0.0000000000
67365  -34.409  -9.963  81.764 0.0000000000
153664  -33.999  -9.555  82.351 0.0000000000
67345  -33.677  -9.225  82.951 0.0000000000
67309  -34.350  -9.201  84.926 0.0000000000
67281  -35.097  -9.197  86.172 0.0000000000
67297  -36.441  -9.545  85.441 0.0000000000
68437  -36.713  -8.903  85.809 0.0000000000
50776  -18.310  -25.321  85.354 0.0000000000
49606  -18.805  -25.626  85.514 0.0000000000
50762  -20.440  -25.225  86.233 0.0000000000
141647  -20.475  -25.214  87.272 0.0000000000
51944  -20.964  -24.067  89.997 0.0000000000
137658  -44.355  -0.828  78.276 0.0000000000
75290  -44.928  -2.372  76.690 0.0000000000
76446  -46.747  -1.261  77.768 0.0000000000
76447  -47.661  -1.339  78.008 0.0000000000
74201  -46.635  -3.932  75.812 0.0000000000
73099  -47.077  -4.626  75.286 0.0000000000
74182  -47.129  -3.413  76.377 0.0000000000
75294  -48.623  -2.732  76.988 0.0000000000
74205  -50.680  -3.960  75.876 0.0000000000
76628  -48.817  -2.428  62.657 0.0000000000
76618  -49.247  -2.510  63.441 0.0000000000
76619  -49.893  -2.082  63.774 0.0000000000
77721  -50.572  -1.718  64.252 0.0000000000
77713  -51.515  -0.596  64.510 0.0000000000
77705  -51.347  -0.339  65.457 0.0000000000
78724  -51.659  0.516  65.801 0.0000000000
137624  -52.256  1.752  66.671 0.0000000000
136550  -53.807  1.332  64.814 0.0000000000
80922  -53.982  2.224  66.025 0.0000000000
45534  -3.585  -28.973  90.943 0.0000000000
132949  -41.975  -10.121  66.880 0.0000000000
68732  -43.234  -9.559  67.647 0.0000000000
134290  -42.893  -9.815  66.857 0.0000000000
68756  -43.570  -9.467  66.160 0.0000000000
68776  -44.276  -8.902  65.597 0.0000000000
155904  -43.298  -8.795  64.504 0.0000000000
70012  -44.824  -8.169  65.137 0.0000000000
71132  -45.245  -7.386  64.747 0.0000000000
71147  -45.607  -6.610  64.387 0.0000000000
71156  -44.284  -6.401  63.391 0.0000000000
72216  -45.909  -5.839  64.073 0.0000000000
73269  -46.212  -5.110  63.762 0.0000000000
73284  -46.557  -4.464  63.406 0.0000000000
73293  -45.462  -4.572  62.472 0.0000000000
74367  -47.251  -4.164  63.617 0.0000000000
74380  -46.938  -3.905  63.027 0.0000000000
75469  -47.342  -3.390  62.631 0.0000000000
75482  -47.726  -2.883  62.241 0.0000000000
75495  -46.722  -2.783  60.845 0.0000000000
75483  -48.252  -2.770  62.613 0.0000000000
77729  -49.058  -1.745  61.802 0.0000000000
77748  -49.527  -0.775  61.349 0.0000000000
133551  -48.015  -0.977  60.531 0.0000000000
78772  -49.892  0.003  60.911 0.0000000000
78773  -50.702  0.135  61.207 0.0000000000
78784  -51.103  0.973  60.543 0.0000000000
78798  -47.344  0.463  58.493 0.0000000000
78799  -48.068  0.920  58.819 0.0000000000
79851  -49.732  1.253  59.689 0.0000000000
79852  -50.597  1.273  59.918 0.0000000000
79844  -51.860  1.233  60.733 0.0000000000
79853  -52.151  2.011  60.206 0.0000000000
155089  -51.810  2.515  59.415 0.0000000000
80978  -52.420  2.921  59.713 0.0000000000
142691  -51.607  3.188  58.203 0.0000000000
82079  -52.836  3.793  59.240 0.0000000000
82091  -53.387  4.465  58.895 0.0000000000
83207  -53.911  4.790  58.786 0.0000000000
83208  -54.341  4.967  58.839 0.0000000000
83209  -55.063  4.633  58.791 0.0000000000
82100  -54.629  3.836  58.282 0.0000000000
81004  -54.705  2.889  57.585 0.0000000000
81013  -54.331  2.369  56.927 0.0000000000
79884  -53.149  1.711  56.565 0.0000000000
81012  -53.861  2.011  56.340 0.0000000000
81026  -53.855  2.335  55.370 0.0000000000
81040  -53.232  2.772  54.682 0.0000000000
82142  -52.587  3.397  54.243 0.0000000000
82153  -51.907  4.000  53.797 0.0000000000
51935  -10.699  -25.321  89.257 0.0000000000
50713  -9.898  -25.446  89.400 0.0000000000
51917  -10.362  -25.516  90.877 0.0000000000
50701  -9.322  -25.692  89.919 0.0000000000
49560  -8.811  -25.986  89.566 0.0000000000
49559  -8.199  -26.289  90.069 0.0000000000
52995  -8.659  -23.078  94.742 0.0000000000
51870  -8.727  -24.184  93.554 0.0000000000
50658  -7.327  -24.349  94.479 0.0000000000
50688  -8.206  -25.448  92.294 0.0000000000
49538  -8.480  -25.793  91.426 0.0000000000
49547  -8.007  -26.163  90.946 0.0000000000
48459  -7.511  -26.560  90.491 0.0000000000
48458  -6.896  -27.121  90.113 0.0000000000
47464  -5.946  -26.713  91.885 0.0000000000
46519  -3.399  -28.586  91.741 0.0000000000
46496  -3.097  -28.941  93.171 0.0000000000
47455  -3.689  -27.509  93.978 0.0000000000
46488  -3.589  -28.258  94.213 0.0000000000
144924  -43.541  -1.200  82.105 0.0000000000
78519  -44.058  -0.520  81.024 0.0000000000
71934  -38.183  -4.931  85.007 0.0000000000
144599  -38.748  -5.222  82.764 0.0000000000
144146  -39.234  -5.791  79.108 0.0000000000
149899  -39.297  -5.404  79.785 0.0000000000
144424  -39.380  -4.704  80.040 0.0000000000
74138  -40.028  -4.480  79.115 0.0000000000
73057  -39.650  -4.251  79.647 0.0000000000
74119  -39.046  -3.619  81.015 0.0000000000
147655  -39.129  -2.776  81.232 0.0000000000
75217  -39.359  -2.047  81.669 0.0000000000
76372  -40.826  -1.166  81.728 0.0000000000
76373  -41.314  -1.049  81.407 0.0000000000
76407  -41.291  -1.497  80.106 0.0000000000
76392  -42.066  -0.928  80.573 0.0000000000
77505  -42.851  -0.713  80.221 0.0000000000
76425  -43.703  -1.403  78.481 0.0000000000
75268  -43.651  -2.165  77.769 0.0000000000
74179  -42.868  -3.853  77.149 0.0000000000
153430  -43.547  -3.533  76.436 0.0000000000
73095  -43.463  -4.160  75.314 0.0000000000
72073  -43.281  -4.775  73.965 0.0000000000
73112  -41.462  -4.443  74.822 0.0000000000
72089  -40.880  -5.130  73.227 0.0000000000
72072  -42.239  -4.708  74.122 0.0000000000
72110  -43.137  -5.819  72.795 0.0000000000
69921  -42.982  -7.014  71.896 0.0000000000
69931  -41.679  -7.812  71.754 0.0000000000
68671  -42.142  -8.463  71.224 0.0000000000
68687  -42.549  -8.719  70.450 0.0000000000
68701  -42.259  -9.279  69.623 0.0000000000
69928  -36.699  -7.420  71.346 0.0000000000
72150  -37.168  -5.862  70.171 0.0000000000
71084  -37.977  -6.781  69.761 0.0000000000
69958  -38.396  -7.711  69.680 0.0000000000
68697  -38.836  -8.522  69.513 0.0000000000
68698  -39.450  -9.046  69.703 0.0000000000
68713  -39.119  -9.108  68.966 0.0000000000
68714  -39.942  -9.654  69.031 0.0000000000
68728  -39.272  -9.790  67.572 0.0000000000
158122  -40.693  -9.979  68.166 0.0000000000
157985  -41.533  -10.042  67.685 0.0000000000
53042  -21.632  -22.588  92.251 0.0000000000
55227  -22.371  -20.907  92.586 0.0000000000
134559  -23.163  -19.361  92.580 0.0000000000
140976  -23.254  -19.127  93.313 0.0000000000
55344  -25.334  -20.390  84.158 0.0000000000
56486  -26.007  -20.206  84.807 0.0000000000
56454  -26.503  -19.417  86.257 0.0000000000
57598  -27.841  -18.555  86.542 0.0000000000
57588  -27.573  -18.316  87.381 0.0000000000
57577  -27.343  -18.061  88.168 0.0000000000
58654  -27.060  -17.743  88.874 0.0000000000
58649  -27.246  -17.204  89.315 0.0000000000
61994  -27.046  -15.181  77.004 0.0000000000
61993  -26.596  -14.314  77.179 0.0000000000
155988  -27.013  -14.786  77.636 0.0000000000
60944  -27.511  -15.402  77.679 0.0000000000
59845  -28.150  -16.015  81.160 0.0000000000
149347  -26.762  -13.118  79.381 0.0000000000
61946  -27.168  -13.949  81.161 0.0000000000
61958  -27.505  -14.557  80.660 0.0000000000
60924  -27.813  -15.265  80.926 0.0000000000
59824  -28.141  -16.141  82.047 0.0000000000
59804  -28.049  -16.282  82.936 0.0000000000
59786  -27.962  -16.415  83.832 0.0000000000
59768  -27.901  -16.529  84.727 0.0000000000
59756  -27.869  -16.624  85.590 0.0000000000
59755  -27.313  -16.092  86.005 0.0000000000
59740  -27.430  -16.282  86.818 0.0000000000
59727  -27.589  -16.591  87.488 0.0000000000
60834  -27.156  -16.179  89.004 0.0000000000
60823  -27.278  -16.151  89.783 0.0000000000
60814  -26.960  -15.286  90.191 0.0000000000
61837  -26.814  -13.981  91.557 0.0000000000
61843  -26.039  -13.757  89.501 0.0000000000
62915  -26.951  -13.152  91.828 0.0000000000
64039  -25.736  -12.019  86.959 0.0000000000
63994  -25.530  -11.868  87.992 0.0000000000
65086  -25.646  -12.069  88.280 0.0000000000
51955  -11.784  -25.491  87.958 0.0000000000
136629  -15.608  -23.910  85.897 0.0000000000
51996  -12.446  -25.441  86.340 0.0000000000
51976  -12.905  -25.429  86.786 0.0000000000
51975  -12.070  -25.592  87.069 0.0000000000
51937  -12.401  -25.196  89.628 0.0000000000
133690  -13.122  -24.520  90.141 0.0000000000
53002  -16.982  -23.144  93.913 0.0000000000
135589  -44.725  -8.175  68.855 0.0000000000
69962  -45.194  -7.486  69.338 0.0000000000
69976  -45.455  -7.709  68.503 0.0000000000
71075  -45.560  -6.820  69.991 0.0000000000
72142  -46.712  -6.262  70.970 0.0000000000
72129  -47.540  -6.060  71.516 0.0000000000
133471  -48.207  -5.923  71.944 0.0000000000
72193  -47.154  -5.956  66.985 0.0000000000
72165  -47.733  -5.587  68.357 0.0000000000
73195  -48.986  -4.859  69.043 0.0000000000
72155  -48.400  -5.393  69.430 0.0000000000
72154  -47.734  -5.664  69.158 0.0000000000
72144  -48.415  -5.591  70.216 0.0000000000
72130  -48.370  -5.842  71.107 0.0000000000
72114  -49.316  -5.673  72.953 0.0000000000
73133  -50.015  -5.252  73.281 0.0000000000
74231  -51.619  -4.101  73.648 0.0000000000
76610  -49.686  -2.579  64.324 0.0000000000
76604  -50.396  -2.181  65.793 0.0000000000
77697  -50.870  -0.575  66.759 0.0000000000
77690  -50.589  -1.086  67.099 0.0000000000
76573  -50.422  -1.124  68.361 0.0000000000
133786  -50.690  -1.069  69.286 0.0000000000
77648  -50.983  -1.009  70.115 0.0000000000
77649  -51.287  -0.210  70.369 0.0000000000
76554  -51.472  -0.966  70.965 0.0000000000
82092  -56.042  4.261  59.028 0.0000000000
82102  -56.527  3.966  58.554 0.0000000000
82103  -57.285  4.515  58.850 0.0000000000
82116  -55.812  3.230  56.986 0.0000000000
82111  -56.899  3.988  58.186 0.0000000000
84179  -57.929  5.226  58.747 0.0000000000
84186  -58.363  6.374  58.594 0.0000000000
85165  -58.739  7.293  58.483 0.0000000000
82155  -53.813  4.030  53.712 0.0000000000
84200  -55.920  5.417  54.867 0.0000000000
84190  -56.775  5.669  56.221 0.0000000000
84191  -57.431  6.267  56.766 0.0000000000
85164  -58.206  7.043  57.492 0.0000000000
86060  -59.249  7.551  58.736 0.0000000000
86062  -59.960  7.628  58.774 0.0000000000
86074  -60.218  7.881  57.960 0.0000000000
85166  -60.557  6.950  57.335 0.0000000000
87096  -58.449  8.646  56.352 0.0000000000
86085  -60.431  7.942  56.954 0.0000000000
85173  -60.525  7.147  56.425 0.0000000000
84204  -60.360  6.691  55.882 0.0000000000
85219  -55.395  6.850  51.806 0.0000000000
87132  -56.771  8.772  53.726 0.0000000000
88145  -57.778  9.413  54.784 0.0000000000
88171  -57.278  9.763  53.411 0.0000000000
143459  -58.053  9.830  54.389 0.0000000000
87125  -59.449  8.972  55.054 0.0000000000
138753  -59.643  8.051  51.530 0.0000000000
46497  -3.415  -28.280  93.562 0.0000000000
47429  -4.525  -27.456  95.823 0.0000000000
48420  -3.951  -26.844  94.496 0.0000000000
49501  -4.452  -25.712  95.319 0.0000000000
49517  -4.674  -25.777  94.081 0.0000000000
49526  -5.821  -25.903  93.200 0.0000000000
50667  -7.496  -24.646  93.713 0.0000000000
50668  -8.149  -24.580  93.430 0.0000000000
51857  -8.438  -23.821  94.339 0.0000000000
51886  -10.185  -24.903  91.894 0.0000000000
51919  -11.336  -25.312  90.802 0.0000000000
54215  -21.242  -22.399  85.367 0.0000000000
56453  -25.653  -19.445  86.456 0.0000000000
56489  -28.185  -19.309  84.105 0.0000000000
58605  -23.990  -17.883  94.101 0.0000000000
58638  -25.905  -17.681  90.681 0.0000000000
58679  -28.430  -17.829  85.496 0.0000000000
59688  -25.241  -15.962  93.527 0.0000000000
59708  -27.302  -16.785  89.723 0.0000000000
59718  -27.428  -16.524  88.287 0.0000000000
60893  -27.195  -15.035  83.964 0.0000000000
61844  -26.465  -14.668  89.541 0.0000000000
61856  -25.931  -14.331  88.785 0.0000000000
63981  -26.423  -12.632  89.793 0.0000000000
64024  -25.539  -12.171  87.719 0.0000000000
64054  -26.064  -12.121  85.974 0.0000000000
65087  -26.138  -11.995  88.541 0.0000000000
65121  -25.680  -11.656  87.765 0.0000000000
65142  -26.314  -11.511  85.551 0.0000000000
65190  -36.387  -11.663  80.501 0.0000000000
66227  -26.368  -10.843  86.538 0.0000000000
66236  -26.913  -10.198  85.432 0.0000000000
66270  -35.191  -10.423  81.961 0.0000000000
66273  -37.367  -10.414  82.385 0.0000000000
67262  -26.580  -10.443  87.013 0.0000000000
67294  -26.640  -10.323  86.106 0.0000000000
67295  -26.991  -9.882  85.725 0.0000000000
67306  -27.277  -9.612  85.181 0.0000000000
67321  -27.832  -9.704  84.483 0.0000000000
67344  -32.378  -9.082  82.475 0.0000000000
68434  -33.083  -8.108  85.128 0.0000000000
68775  -42.746  -9.403  64.818 0.0000000000
69742  -38.021  -7.800  83.793 0.0000000000
69932  -42.523  -7.686  71.549 0.0000000000
69960  -43.706  -8.067  69.932 0.0000000000
71110  -46.634  -6.572  67.528 0.0000000000
72141  -38.160  -5.673  70.633 0.0000000000
72194  -47.696  -5.271  66.721 0.0000000000
73093  -40.875  -4.376  76.448 0.0000000000
73149  -49.023  -5.524  71.877 0.0000000000
73168  -50.193  -4.414  72.055 0.0000000000
73209  -48.826  -4.628  68.251 0.0000000000
74129  -39.272  -3.868  80.233 0.0000000000
74146  -40.659  -4.726  78.138 0.0000000000
74381  -47.597  -3.631  63.269 0.0000000000
75375  -51.125  -2.668  71.605 0.0000000000
75424  -49.389  -3.271  66.766 0.0000000000
76391  -41.449  -1.089  80.884 0.0000000000
77454  -42.340  -0.958  82.351 0.0000000000
77468  -41.605  -0.865  81.933 0.0000000000
77528  -47.194  -0.259  78.888 0.0000000000
77678  -50.590  -0.292  68.065 0.0000000000
78715  -50.793  0.346  67.785 0.0000000000
78716  -51.034  0.978  67.454 0.0000000000
78750  -52.760  0.255  63.634 0.0000000000
79773  -51.609  1.424  67.082 0.0000000000
79801  -53.422  0.888  64.405 0.0000000000
79803  -54.512  1.817  64.452 0.0000000000
79860  -50.366  1.777  59.091 0.0000000000
79882  -51.483  1.340  56.698 0.0000000000
79896  -53.361  1.839  55.813 0.0000000000
80992  -51.079  2.800  58.043 0.0000000000
80993  -51.600  3.272  58.025 0.0000000000
82089  -52.037  3.578  58.134 0.0000000000
83188  -55.170  5.780  60.621 0.0000000000
83214  -56.784  4.179  57.444 0.0000000000
84165  -56.437  6.518  60.588 0.0000000000
85152  -59.081  6.820  60.169 0.0000000000
85158  -58.879  6.989  59.438 0.0000000000
85204  -55.604  6.730  52.569 0.0000000000
86051  -59.415  7.233  59.500 0.0000000000
86061  -59.666  7.612  58.796 0.0000000000
86073  -59.823  8.061  58.144 0.0000000000
86084  -58.353  8.063  56.895 0.0000000000
86100  -60.301  8.138  56.288 0.0000000000
86103  -56.798  8.309  54.294 0.0000000000
87073  -59.407  8.025  58.073 0.0000000000
87084  -59.475  8.395  57.501 0.0000000000
87097  -59.538  8.595  56.876 0.0000000000
87098  -60.055  8.433  56.759 0.0000000000
87124  -57.466  9.358  54.538 0.0000000000
88146  -58.352  9.313  55.155 0.0000000000
88158  -57.353  9.614  53.996 0.0000000000
88159  -57.677  9.826  54.197 0.0000000000
88161  -58.626  9.490  54.660 0.0000000000
88172  -57.606  10.147  53.566 0.0000000000
88173  -58.612  10.116  53.092 0.0000000000
89169  -57.837  10.419  53.321 0.0000000000
89180  -57.688  10.409  52.873 0.0000000000
89189  -57.524  10.304  52.453 0.0000000000
89190  -57.807  10.571  52.123 0.0000000000
90169  -58.270  10.839  50.172 0.0000000000
90176  -58.621  11.133  49.347 0.0000000000
131012  -38.951  -9.830  67.065 0.0000000000
132854  -42.731  -9.536  68.408 0.0000000000
138046  -26.403  -14.758  86.221 0.0000000000
138144  -25.636  -11.609  87.843 0.0000000000
139655  -53.949  2.604  57.425 0.0000000000
140586  -54.738  5.180  60.665 0.0000000000
140685  -56.188  6.320  54.553 0.0000000000
140935  -50.280  -2.343  65.021 0.0000000000
141323  -8.262  -26.872  87.655 0.0000000000
141717  -56.786  9.119  52.232 0.0000000000
143912  -28.765  -18.119  81.413 0.0000000000
144371  -21.637  -21.470  86.154 0.0000000000
144764  -55.730  6.237  60.573 0.0000000000
146100  -57.636  9.069  55.087 0.0000000000
147083  -46.252  -6.418  70.274 0.0000000000
148655  -38.672  -4.921  83.474 0.0000000000
148815  -50.893  0.561  60.905 0.0000000000
149208  -25.605  -12.461  88.141 0.0000000000
150217  -55.056  2.880  56.039 0.0000000000
150653  -28.170  -8.905  84.349 0.0000000000
151272  -24.217  -18.780  89.230 0.0000000000
151727  -60.269  5.939  55.945 0.0000000000
152428  -38.648  -4.373  74.819 0.0000000000
152966  -27.991  -10.512  83.288 0.0000000000
153327  -59.077  8.625  56.897 0.0000000000
153338  -43.141  -8.242  70.330 0.0000000000
153758  -7.368  -27.467  88.382 0.0000000000
153806  -27.820  -16.675  86.313 0.0000000000
154475  -26.853  -12.576  79.417 0.0000000000
154851  -57.563  8.788  55.237 0.0000000000
155138  -27.246  -9.440  85.502 0.0000000000
155180  -54.035  1.564  62.542 0.0000000000
155186  -52.909  4.419  57.979 0.0000000000
155396  -38.667  -5.762  82.900 0.0000000000
155900  -32.359  -8.772  82.907 0.0000000000
157153  -58.262  10.920  49.760 0.0000000000
157278  -34.385  -9.582  82.961 0.0000000000
157450  -44.313  -8.764  68.460 0.0000000000
157824  -58.096  6.171  60.232 0.0000000000
157854  -28.489  -18.498  84.753 0.0000000000
