#!ascii label  , from subject sub-v2s4x29604_ses-1 vox2ras=TkReg
1172
44759  -43.749  -17.005  64.287 0.0000000000
95223  -37.090  -30.527  72.203 0.0000000000
50754  -52.750  -8.448  53.387 0.0000000000
103494  -40.768  -16.557  55.436 0.0000000000
47211  -48.164  -12.765  59.075 0.0000000000
37013  -43.728  -25.286  68.068 0.0000000000
36184  -32.277  -26.322  62.560 0.0000000000
39610  -37.388  -22.177  57.706 0.0000000000
32046  -28.172  -30.589  73.672 0.0000000000
49926  -49.098  -10.353  49.592 0.0000000000
33813  -26.200  -29.565  64.386 0.0000000000
108568  -42.710  -17.431  59.370 0.0000000000
46412  -44.796  -14.612  56.931 0.0000000000
45585  -45.154  -14.714  61.150 0.0000000000
40449  -44.665  -21.547  66.066 0.0000000000
37881  -40.952  -24.093  62.050 0.0000000000
41371  -41.680  -20.966  60.239 0.0000000000
43065  -38.867  -18.949  56.329 0.0000000000
49135  -49.162  -11.694  45.387 0.0000000000
32062  -32.198  -31.108  73.142 0.0000000000
32946  -27.661  -30.017  70.015 0.0000000000
32132  -30.622  -30.940  68.153 0.0000000000
49858  -49.881  -11.054  56.316 0.0000000000
34519  -40.631  -28.774  69.991 0.0000000000
34535  -35.327  -28.421  67.086 0.0000000000
35330  -38.120  -27.029  65.026 0.0000000000
101055  -34.919  -24.683  60.178 0.0000000000
32010  -25.463  -31.191  76.799 0.0000000000
49815  -51.566  -9.573  60.441 0.0000000000
52288  -52.399  -6.482  57.151 0.0000000000
51561  -48.819  -8.972  53.158 0.0000000000
52333  -53.483  -6.387  51.825 0.0000000000
50815  -52.989  -9.689  49.077 0.0000000000
32095  -23.666  -30.885  70.895 0.0000000000
33828  -29.172  -29.541  63.737 0.0000000000
43909  -43.881  -17.574  61.705 0.0000000000
44794  -44.314  -16.097  60.472 0.0000000000
101520  -43.793  -15.631  62.777 0.0000000000
102191  -44.611  -19.153  65.539 0.0000000000
41364  -43.420  -20.876  62.863 0.0000000000
43018  -43.679  -19.155  62.181 0.0000000000
42193  -42.054  -19.014  59.819 0.0000000000
49889  -52.269  -9.882  52.316 0.0000000000
94645  -54.156  -8.239  53.147 0.0000000000
104235  -34.303  -31.085  73.083 0.0000000000
32100  -31.638  -31.509  70.408 0.0000000000
32934  -33.868  -30.593  70.826 0.0000000000
45659  -42.454  -15.344  53.900 0.0000000000
46414  -46.156  -13.979  57.675 0.0000000000
46440  -45.954  -14.011  56.156 0.0000000000
110158  -47.475  -13.167  56.916 0.0000000000
49003  -48.602  -12.069  56.094 0.0000000000
48072  -49.240  -11.908  57.685 0.0000000000
35300  -42.255  -27.310  69.042 0.0000000000
34539  -39.377  -28.148  67.549 0.0000000000
36164  -41.304  -26.009  65.963 0.0000000000
38701  -38.816  -23.087  59.489 0.0000000000
95103  -38.009  -24.334  60.970 0.0000000000
38719  -36.229  -23.398  58.969 0.0000000000
43948  -39.839  -17.749  56.108 0.0000000000
51489  -52.311  -7.747  58.941 0.0000000000
108237  -51.105  -7.386  52.903 0.0000000000
51583  -51.194  -8.577  50.828 0.0000000000
51585  -53.312  -7.831  50.449 0.0000000000
50813  -51.307  -9.779  49.182 0.0000000000
48195  -50.231  -12.687  46.250 0.0000000000
32022  -25.972  -30.926  75.304 0.0000000000
31226  -24.699  -31.676  74.048 0.0000000000
31240  -26.025  -31.336  73.095 0.0000000000
33805  -27.133  -29.820  67.061 0.0000000000
33786  -24.777  -29.293  67.086 0.0000000000
96302  -23.821  -29.064  64.683 0.0000000000
35326  -34.121  -27.462  64.389 0.0000000000
34556  -31.792  -28.534  65.261 0.0000000000
35334  -30.919  -27.556  63.731 0.0000000000
110338  -41.587  -16.868  57.179 0.0000000000
96126  -42.812  -15.507  56.049 0.0000000000
44808  -43.258  -16.180  58.415 0.0000000000
45602  -45.238  -14.952  59.602 0.0000000000
47189  -46.981  -13.622  60.111 0.0000000000
39503  -44.671  -22.775  67.247 0.0000000000
37857  -42.979  -24.496  65.162 0.0000000000
39559  -43.410  -22.965  64.020 0.0000000000
39571  -41.383  -22.631  60.614 0.0000000000
40504  -39.495  -21.788  58.339 0.0000000000
40530  -38.157  -21.147  57.012 0.0000000000
41400  -39.862  -20.114  57.985 0.0000000000
43055  -40.956  -18.085  57.872 0.0000000000
49091  -48.983  -11.078  47.932 0.0000000000
96403  -47.867  -10.848  45.267 0.0000000000
105504  -29.942  -30.758  73.070 0.0000000000
32074  -27.741  -30.792  72.393 0.0000000000
105826  -30.386  -31.362  71.140 0.0000000000
32118  -29.503  -30.601  68.431 0.0000000000
103880  -28.511  -30.718  66.091 0.0000000000
46437  -43.884  -14.866  54.932 0.0000000000
49017  -49.444  -11.357  53.826 0.0000000000
50726  -51.196  -9.528  55.077 0.0000000000
33755  -38.948  -29.572  70.884 0.0000000000
33762  -36.086  -29.322  69.837 0.0000000000
33797  -38.152  -28.794  68.483 0.0000000000
35318  -37.324  -27.788  66.022 0.0000000000
102439  -35.597  -26.721  63.423 0.0000000000
37032  -39.229  -25.290  63.448 0.0000000000
37053  -36.266  -25.445  61.877 0.0000000000
111139  -33.953  -25.633  61.556 0.0000000000
46347  -43.316  -14.258  65.893 0.0000000000
33741  -38.472  -29.758  73.074 0.0000000000
35280  -41.805  -27.208  71.234 0.0000000000
37765  -43.884  -24.958  70.206 0.0000000000
47163  -45.033  -13.088  63.630 0.0000000000
47165  -47.159  -12.629  63.156 0.0000000000
47185  -48.457  -12.650  61.575 0.0000000000
48922  -49.619  -11.145  62.349 0.0000000000
48951  -50.205  -11.478  60.398 0.0000000000
49846  -51.602  -10.381  58.672 0.0000000000
50714  -52.478  -8.597  56.732 0.0000000000
110979  -53.312  -7.123  55.747 0.0000000000
52305  -50.822  -7.027  54.806 0.0000000000
53044  -52.887  -5.360  54.439 0.0000000000
52318  -53.813  -5.978  54.019 0.0000000000
52335  -54.639  -6.736  51.739 0.0000000000
49093  -51.420  -10.862  48.300 0.0000000000
95151  -23.607  -31.452  74.780 0.0000000000
32117  -21.044  -31.125  68.655 0.0000000000
32944  -25.290  -30.204  69.923 0.0000000000
32970  -22.911  -30.154  67.739 0.0000000000
105295  -33.015  -29.353  67.751 0.0000000000
32992  -29.815  -30.485  65.982 0.0000000000
33008  -27.615  -30.553  63.386 0.0000000000
33027  -26.868  -30.226  61.705 0.0000000000
43898  -44.017  -17.422  62.496 0.0000000000
98786  -44.069  -16.742  61.834 0.0000000000
44769  -43.668  -16.323  63.479 0.0000000000
111760  -44.358  -18.414  65.152 0.0000000000
98037  -44.261  -19.372  63.946 0.0000000000
106806  -44.185  -18.123  63.171 0.0000000000
43022  -43.540  -18.446  61.461 0.0000000000
50753  -51.759  -9.188  53.505 0.0000000000
111962  -52.265  -9.262  52.832 0.0000000000
49890  -53.147  -8.864  52.755 0.0000000000
51564  -53.756  -7.860  53.520 0.0000000000
32091  -35.514  -30.744  72.533 0.0000000000
32103  -34.198  -30.824  71.669 0.0000000000
32090  -35.152  -30.690  71.906 0.0000000000
44849  -40.228  -16.126  53.947 0.0000000000
44842  -41.297  -16.054  54.990 0.0000000000
47210  -47.418  -13.288  58.707 0.0000000000
47245  -46.805  -13.583  57.075 0.0000000000
47227  -47.437  -13.242  57.695 0.0000000000
48070  -48.004  -12.793  57.326 0.0000000000
97783  -48.593  -12.486  58.597 0.0000000000
36147  -43.457  -26.093  68.927 0.0000000000
36150  -42.116  -26.731  67.629 0.0000000000
36157  -42.556  -26.073  67.098 0.0000000000
39597  -37.584  -22.575  58.406 0.0000000000
38720  -37.118  -23.190  59.030 0.0000000000
39596  -36.738  -22.778  58.463 0.0000000000
39608  -35.203  -22.742  57.795 0.0000000000
43960  -40.285  -17.117  55.780 0.0000000000
108933  -39.024  -17.238  54.786 0.0000000000
94813  -39.653  -16.711  54.558 0.0000000000
50774  -50.255  -9.005  51.116 0.0000000000
50784  -50.594  -9.281  50.343 0.0000000000
50785  -51.560  -8.944  50.151 0.0000000000
49928  -50.549  -10.062  49.123 0.0000000000
102465  -26.972  -30.849  74.402 0.0000000000
31220  -26.095  -31.477  74.051 0.0000000000
31229  -26.858  -31.248  73.531 0.0000000000
33814  -26.607  -29.666  65.288 0.0000000000
34554  -25.039  -28.764  65.289 0.0000000000
34565  -25.421  -28.951  64.667 0.0000000000
33006  -24.063  -29.947  63.156 0.0000000000
33014  -24.352  -30.514  62.433 0.0000000000
102102  -33.267  -26.977  63.533 0.0000000000
35335  -32.449  -27.253  63.867 0.0000000000
96690  -31.660  -26.632  62.845 0.0000000000
43931  -42.286  -17.424  58.693 0.0000000000
44817  -42.648  -16.268  57.686 0.0000000000
43932  -42.913  -16.843  58.990 0.0000000000
45593  -44.715  -15.435  60.796 0.0000000000
45601  -44.770  -15.500  60.037 0.0000000000
45594  -45.264  -14.879  60.418 0.0000000000
46388  -45.823  -14.432  59.984 0.0000000000
46380  -45.887  -14.139  60.883 0.0000000000
39516  -44.723  -22.261  66.831 0.0000000000
38662  -43.965  -23.070  65.366 0.0000000000
98146  -44.396  -21.958  65.569 0.0000000000
101860  -42.474  -21.217  61.397 0.0000000000
40486  -42.633  -21.895  61.983 0.0000000000
40489  -41.571  -21.854  60.343 0.0000000000
98306  -40.575  -22.151  59.398 0.0000000000
40494  -40.511  -21.686  59.121 0.0000000000
41388  -39.669  -20.973  58.149 0.0000000000
41378  -40.694  -20.976  59.097 0.0000000000
43032  -42.286  -18.132  59.436 0.0000000000
43031  -41.617  -18.721  59.172 0.0000000000
43045  -41.808  -18.083  58.811 0.0000000000
43941  -41.332  -17.426  57.515 0.0000000000
32061  -31.225  -30.641  72.920 0.0000000000
31232  -30.450  -30.902  72.459 0.0000000000
110350  -31.078  -31.304  72.085 0.0000000000
32112  -31.284  -31.391  69.611 0.0000000000
32110  -30.175  -31.034  69.088 0.0000000000
32119  -29.985  -30.817  68.286 0.0000000000
32129  -29.397  -30.571  67.097 0.0000000000
32138  -29.568  -30.582  66.770 0.0000000000
45626  -43.405  -15.293  56.710 0.0000000000
45635  -43.591  -15.100  55.823 0.0000000000
45636  -44.259  -14.775  55.671 0.0000000000
47265  -46.241  -13.796  55.556 0.0000000000
47284  -45.655  -14.050  54.922 0.0000000000
47285  -46.373  -13.619  54.688 0.0000000000
49004  -49.265  -11.470  55.770 0.0000000000
49011  -49.291  -11.333  54.811 0.0000000000
49866  -49.980  -10.759  55.442 0.0000000000
49875  -50.496  -10.218  54.747 0.0000000000
49867  -50.723  -10.105  55.559 0.0000000000
33756  -40.053  -29.150  70.473 0.0000000000
33765  -38.742  -29.436  70.074 0.0000000000
33780  -39.186  -29.180  69.306 0.0000000000
35320  -39.085  -27.237  66.099 0.0000000000
35308  -38.032  -27.827  66.437 0.0000000000
107881  -37.411  -27.204  64.955 0.0000000000
35329  -36.412  -27.272  64.735 0.0000000000
35340  -36.780  -26.619  63.818 0.0000000000
37867  -41.535  -24.424  63.367 0.0000000000
37034  -41.011  -24.738  63.875 0.0000000000
37866  -40.698  -24.579  63.133 0.0000000000
37891  -36.289  -24.483  60.556 0.0000000000
37054  -36.936  -25.065  61.644 0.0000000000
37064  -35.440  -24.907  60.782 0.0000000000
37052  -35.114  -25.449  61.368 0.0000000000
42224  -38.372  -19.808  56.453 0.0000000000
36108  -42.739  -26.175  70.975 0.0000000000
40382  -45.197  -21.355  69.277 0.0000000000
46354  -43.373  -14.029  64.744 0.0000000000
48009  -47.038  -12.237  63.935 0.0000000000
48010  -47.684  -12.193  63.592 0.0000000000
47176  -48.125  -12.700  62.240 0.0000000000
48018  -48.619  -12.209  62.750 0.0000000000
48935  -50.374  -10.311  61.565 0.0000000000
102557  -50.134  -11.363  61.307 0.0000000000
48952  -50.855  -10.907  60.775 0.0000000000
48975  -50.887  -11.066  59.001 0.0000000000
49825  -51.917  -9.798  59.986 0.0000000000
52271  -52.397  -6.881  58.037 0.0000000000
50705  -53.034  -8.004  58.001 0.0000000000
51521  -53.009  -7.428  57.271 0.0000000000
51533  -52.956  -7.719  56.219 0.0000000000
52299  -53.039  -6.634  56.512 0.0000000000
51551  -49.531  -8.361  53.757 0.0000000000
94669  -52.024  -6.537  53.016 0.0000000000
52316  -52.108  -5.864  54.041 0.0000000000
53049  -52.739  -5.647  53.604 0.0000000000
53045  -53.402  -5.558  54.206 0.0000000000
53056  -53.746  -5.848  52.619 0.0000000000
53052  -54.233  -6.170  52.571 0.0000000000
52334  -54.122  -6.378  51.714 0.0000000000
51602  -53.470  -8.448  49.864 0.0000000000
51586  -54.255  -7.726  50.209 0.0000000000
106705  -54.430  -9.042  49.443 0.0000000000
101443  -49.341  -11.452  47.149 0.0000000000
49109  -49.826  -11.069  47.928 0.0000000000
49126  -49.856  -11.979  46.665 0.0000000000
32071  -24.226  -31.373  72.638 0.0000000000
110041  -23.747  -31.428  72.973 0.0000000000
32081  -22.867  -31.005  71.624 0.0000000000
32093  -21.347  -31.180  70.275 0.0000000000
32107  -22.331  -30.988  69.931 0.0000000000
32933  -27.402  -30.314  70.896 0.0000000000
32923  -26.729  -30.580  71.559 0.0000000000
94515  -26.151  -30.062  70.209 0.0000000000
33785  -23.496  -29.714  67.206 0.0000000000
32143  -22.626  -31.404  64.876 0.0000000000
33794  -35.568  -28.692  67.942 0.0000000000
33776  -34.764  -29.017  68.700 0.0000000000
33792  -33.663  -28.944  67.435 0.0000000000
34566  -30.631  -28.624  64.504 0.0000000000
108587  -31.118  -29.503  65.826 0.0000000000
33823  -29.417  -29.802  64.450 0.0000000000
105226  -28.509  -30.586  64.576 0.0000000000
33009  -28.163  -30.534  63.495 0.0000000000
33026  -26.084  -30.428  61.124 0.0000000000
98648  -43.511  -17.380  60.407 0.0000000000
44793  -43.832  -16.658  60.096 0.0000000000
43920  -43.992  -16.900  60.980 0.0000000000
44784  -44.298  -16.057  61.249 0.0000000000
45575  -44.218  -14.981  62.219 0.0000000000
42159  -44.874  -19.770  66.156 0.0000000000
41359  -44.082  -21.145  64.402 0.0000000000
96095  -44.211  -20.184  64.181 0.0000000000
97928  -43.269  -20.390  62.268 0.0000000000
41367  -42.852  -20.299  61.598 0.0000000000
41380  -41.950  -19.940  60.194 0.0000000000
42186  -42.939  -18.896  60.858 0.0000000000
43027  -43.222  -18.117  60.652 0.0000000000
51566  -54.981  -7.763  52.781 0.0000000000
100991  -33.613  -31.257  73.199 0.0000000000
31245  -32.463  -31.498  72.013 0.0000000000
100378  -33.185  -31.445  72.234 0.0000000000
32101  -32.474  -31.361  70.794 0.0000000000
32948  -32.561  -30.850  69.524 0.0000000000
46413  -45.485  -14.327  57.324 0.0000000000
46424  -45.448  -14.297  56.486 0.0000000000
46425  -46.049  -13.963  56.818 0.0000000000
99578  -46.500  -13.720  56.259 0.0000000000
47246  -47.155  -13.340  56.191 0.0000000000
48091  -47.553  -12.811  54.908 0.0000000000
48080  -47.906  -12.733  56.373 0.0000000000
48994  -49.355  -11.614  56.794 0.0000000000
34521  -41.750  -27.770  69.878 0.0000000000
34529  -40.490  -28.559  69.175 0.0000000000
95939  -41.596  -27.615  68.651 0.0000000000
35310  -40.445  -27.330  67.122 0.0000000000
36162  -39.506  -26.638  65.573 0.0000000000
38674  -39.766  -23.848  61.248 0.0000000000
37879  -39.335  -24.264  61.720 0.0000000000
38681  -37.910  -23.863  60.350 0.0000000000
37909  -36.923  -24.038  60.120 0.0000000000
37921  -34.991  -24.118  59.425 0.0000000000
37920  -34.415  -24.021  59.207 0.0000000000
38717  -34.615  -23.722  58.813 0.0000000000
43066  -39.506  -18.373  56.424 0.0000000000
43958  -38.758  -17.788  55.205 0.0000000000
50683  -50.355  -8.789  60.081 0.0000000000
50685  -52.034  -9.001  60.010 0.0000000000
51477  -51.251  -8.179  59.864 0.0000000000
52270  -51.894  -7.007  58.385 0.0000000000
52287  -51.815  -6.735  57.581 0.0000000000
50765  -49.097  -9.161  52.328 0.0000000000
51562  -49.663  -8.529  52.822 0.0000000000
51572  -49.956  -8.796  51.971 0.0000000000
51573  -50.846  -8.309  51.628 0.0000000000
51574  -51.864  -7.789  51.394 0.0000000000
52342  -53.893  -6.915  50.929 0.0000000000
51584  -52.259  -8.189  50.645 0.0000000000
51601  -52.554  -8.649  50.006 0.0000000000
50814  -52.038  -9.744  49.061 0.0000000000
49139  -49.212  -11.456  44.654 0.0000000000
48194  -49.663  -12.217  45.748 0.0000000000
48201  -50.158  -12.797  45.354 0.0000000000
32021  -25.634  -31.168  75.913 0.0000000000
31213  -24.901  -31.685  74.932 0.0000000000
99179  -25.360  -31.573  74.512 0.0000000000
31227  -25.215  -31.639  73.878 0.0000000000
97776  -24.998  -31.134  72.233 0.0000000000
33789  -27.430  -29.781  68.019 0.0000000000
33772  -25.804  -29.495  68.420 0.0000000000
33803  -25.362  -29.156  66.678 0.0000000000
33802  -24.682  -28.967  66.146 0.0000000000
33811  -23.422  -29.315  65.385 0.0000000000
32150  -23.102  -31.130  64.476 0.0000000000
33005  -23.663  -30.105  63.822 0.0000000000
34559  -34.742  -28.014  65.735 0.0000000000
34546  -33.602  -28.600  66.655 0.0000000000
35314  -33.409  -27.868  64.926 0.0000000000
34571  -30.967  -27.977  64.239 0.0000000000
34569  -29.587  -28.589  63.452 0.0000000000
44821  -40.929  -16.844  56.147 0.0000000000
44830  -41.454  -16.274  55.793 0.0000000000
96315  -42.073  -16.374  57.086 0.0000000000
45616  -43.288  -15.660  57.561 0.0000000000
45617  -44.054  -15.054  57.454 0.0000000000
44801  -44.224  -16.001  59.681 0.0000000000
98655  -44.640  -15.407  59.241 0.0000000000
46403  -44.868  -14.688  57.861 0.0000000000
46395  -45.737  -14.469  59.114 0.0000000000
46396  -46.412  -13.989  59.485 0.0000000000
47196  -47.673  -13.149  59.775 0.0000000000
37822  -44.273  -24.041  67.672 0.0000000000
37018  -43.475  -24.912  66.752 0.0000000000
37858  -43.569  -24.077  65.613 0.0000000000
37863  -43.321  -23.951  64.794 0.0000000000
38667  -42.474  -23.804  63.289 0.0000000000
99560  -43.261  -22.373  63.416 0.0000000000
39562  -42.445  -23.126  62.480 0.0000000000
38676  -41.366  -23.618  61.684 0.0000000000
38703  -40.089  -23.235  60.107 0.0000000000
39582  -39.464  -22.741  59.189 0.0000000000
39611  -38.129  -22.165  57.840 0.0000000000
40516  -37.778  -21.736  57.268 0.0000000000
40517  -38.463  -21.649  57.513 0.0000000000
41399  -39.221  -20.518  57.497 0.0000000000
42211  -39.550  -19.707  57.455 0.0000000000
42192  -41.446  -19.572  59.451 0.0000000000
42212  -40.067  -19.280  57.764 0.0000000000
43053  -39.614  -18.932  57.045 0.0000000000
43067  -40.074  -18.123  56.785 0.0000000000
43949  -40.476  -17.447  56.475 0.0000000000
49941  -49.486  -10.754  48.435 0.0000000000
49108  -48.448  -11.260  47.260 0.0000000000
101853  -47.967  -11.204  46.468 0.0000000000
49124  -48.608  -11.369  45.895 0.0000000000
49138  -48.487  -10.908  44.736 0.0000000000
49971  -49.105  -10.868  44.152 0.0000000000
32060  -28.631  -30.693  73.212 0.0000000000
31230  -27.907  -30.910  73.066 0.0000000000
104779  -28.647  -30.734  72.600 0.0000000000
32086  -28.558  -30.667  71.546 0.0000000000
32947  -28.947  -30.558  70.085 0.0000000000
108969  -30.578  -31.440  70.442 0.0000000000
95205  -29.729  -30.934  69.738 0.0000000000
32959  -28.771  -30.300  68.681 0.0000000000
32971  -28.068  -30.200  67.322 0.0000000000
32982  -27.816  -30.392  66.321 0.0000000000
32997  -27.104  -30.408  64.620 0.0000000000
45634  -42.135  -15.704  55.351 0.0000000000
45651  -43.165  -15.135  54.329 0.0000000000
46438  -44.829  -14.489  55.140 0.0000000000
50740  -51.020  -9.663  54.124 0.0000000000
50741  -51.772  -8.823  54.510 0.0000000000
32925  -37.947  -30.261  71.861 0.0000000000
32936  -36.367  -30.157  71.099 0.0000000000
33753  -37.354  -29.703  70.571 0.0000000000
33779  -37.715  -28.996  69.123 0.0000000000
34537  -37.110  -28.421  67.393 0.0000000000
100112  -38.948  -28.438  67.782 0.0000000000
34550  -37.516  -28.104  66.784 0.0000000000
34548  -36.023  -28.038  66.367 0.0000000000
35316  -35.429  -27.708  65.176 0.0000000000
35337  -34.617  -27.139  63.813 0.0000000000
36185  -33.846  -26.360  62.543 0.0000000000
37022  -41.784  -25.393  65.367 0.0000000000
37021  -40.883  -25.630  65.178 0.0000000000
36178  -38.696  -25.883  63.992 0.0000000000
37872  -38.420  -24.890  62.267 0.0000000000
37042  -38.003  -25.316  62.650 0.0000000000
36176  -37.326  -26.327  63.630 0.0000000000
36188  -36.185  -25.943  62.602 0.0000000000
37040  -34.262  -25.963  62.031 0.0000000000
40528  -36.457  -21.182  56.443 0.0000000000
111550  -43.736  -16.752  65.111 0.0000000000
44758  -43.491  -15.945  64.412 0.0000000000
32881  -25.935  -30.529  75.909 0.0000000000
33729  -29.019  -29.740  74.334 0.0000000000
32892  -29.939  -29.636  74.519 0.0000000000
32907  -31.541  -30.191  74.269 0.0000000000
99537  -34.430  -30.771  73.970 0.0000000000
32052  -35.093  -30.573  73.955 0.0000000000
32067  -36.219  -30.563  73.081 0.0000000000
32919  -37.997  -30.321  72.533 0.0000000000
32920  -38.642  -29.849  72.469 0.0000000000
109780  -39.466  -29.414  71.619 0.0000000000
34515  -40.410  -28.715  71.338 0.0000000000
35269  -41.180  -27.537  71.707 0.0000000000
35289  -41.554  -27.851  70.519 0.0000000000
36123  -42.664  -26.977  69.956 0.0000000000
36140  -43.223  -26.431  69.496 0.0000000000
36965  -44.092  -25.021  69.488 0.0000000000
37798  -44.390  -24.170  68.423 0.0000000000
38598  -44.787  -22.960  68.388 0.0000000000
40410  -45.238  -21.761  67.843 0.0000000000
43873  -44.451  -17.717  66.404 0.0000000000
45567  -43.350  -14.804  64.029 0.0000000000
45568  -43.834  -14.653  63.053 0.0000000000
47173  -45.136  -13.573  62.855 0.0000000000
47154  -45.789  -12.461  64.158 0.0000000000
47174  -45.769  -13.208  63.030 0.0000000000
46371  -45.711  -13.615  62.291 0.0000000000
96170  -47.255  -13.163  61.934 0.0000000000
47184  -47.748  -13.039  61.403 0.0000000000
47191  -48.252  -12.789  60.702 0.0000000000
48026  -49.700  -11.601  62.034 0.0000000000
48036  -49.582  -11.919  60.828 0.0000000000
48061  -48.995  -12.312  59.393 0.0000000000
48062  -49.218  -12.076  58.534 0.0000000000
48984  -50.681  -11.051  58.048 0.0000000000
97435  -51.267  -10.362  57.633 0.0000000000
49834  -52.183  -9.459  59.317 0.0000000000
49847  -52.221  -9.493  58.289 0.0000000000
49860  -51.875  -9.524  57.185 0.0000000000
50727  -52.086  -8.708  55.603 0.0000000000
51543  -52.668  -7.907  55.135 0.0000000000
51553  -52.541  -8.144  54.176 0.0000000000
51520  -50.854  -7.245  56.816 0.0000000000
52297  -51.851  -6.374  56.491 0.0000000000
52314  -50.545  -7.412  54.076 0.0000000000
102023  -52.343  -5.717  54.919 0.0000000000
52298  -52.494  -5.966  55.716 0.0000000000
53040  -53.085  -5.584  55.006 0.0000000000
52317  -53.609  -6.421  54.534 0.0000000000
51554  -53.410  -7.445  54.130 0.0000000000
51565  -54.494  -7.369  53.262 0.0000000000
52326  -54.696  -6.839  52.643 0.0000000000
52327  -55.113  -7.368  51.971 0.0000000000
52343  -54.516  -7.051  50.901 0.0000000000
52344  -55.038  -7.369  50.976 0.0000000000
51588  -55.333  -8.149  50.428 0.0000000000
104010  -50.230  -10.580  48.539 0.0000000000
49942  -51.197  -10.310  48.677 0.0000000000
49943  -52.226  -10.413  48.643 0.0000000000
48186  -50.568  -12.278  47.128 0.0000000000
107211  -51.908  -11.126  48.280 0.0000000000
49944  -53.389  -10.346  48.745 0.0000000000
31225  -24.251  -31.632  74.131 0.0000000000
32073  -26.769  -31.039  72.662 0.0000000000
32083  -25.852  -30.775  71.735 0.0000000000
32930  -24.551  -30.665  70.622 0.0000000000
33758  -25.128  -29.922  68.996 0.0000000000
32956  -23.806  -30.491  69.025 0.0000000000
32942  -23.138  -30.828  69.446 0.0000000000
32954  -22.351  -30.565  68.294 0.0000000000
32950  -34.589  -29.930  70.291 0.0000000000
32962  -33.066  -30.130  69.051 0.0000000000
32975  -31.863  -30.441  67.935 0.0000000000
33807  -32.173  -29.471  66.739 0.0000000000
33806  -31.354  -29.866  66.493 0.0000000000
32984  -30.105  -30.626  66.772 0.0000000000
32145  -29.246  -30.663  66.035 0.0000000000
96189  -28.180  -30.761  64.854 0.0000000000
33007  -26.952  -30.414  63.720 0.0000000000
35343  -29.268  -27.670  62.508 0.0000000000
33834  -29.055  -28.523  62.791 0.0000000000
33832  -27.592  -30.011  62.166 0.0000000000
33017  -27.237  -30.311  62.523 0.0000000000
33016  -26.258  -30.356  61.892 0.0000000000
109297  -25.812  -30.241  62.420 0.0000000000
99293  -43.914  -17.250  63.362 0.0000000000
43887  -44.167  -17.992  64.209 0.0000000000
32079  -36.326  -30.603  72.624 0.0000000000
32924  -36.203  -30.577  71.909 0.0000000000
44841  -40.529  -16.354  54.713 0.0000000000
45648  -41.052  -15.869  54.195 0.0000000000
47228  -48.025  -12.831  58.193 0.0000000000
36152  -43.385  -25.961  68.366 0.0000000000
36151  -42.821  -26.408  67.984 0.0000000000
36158  -43.299  -25.552  67.465 0.0000000000
111993  -37.084  -22.429  58.101 0.0000000000
44829  -40.146  -16.795  55.177 0.0000000000
50797  -49.234  -10.055  50.230 0.0000000000
50783  -49.692  -9.590  50.626 0.0000000000
50798  -49.982  -9.919  49.800 0.0000000000
32045  -27.080  -31.062  74.079 0.0000000000
31221  -26.852  -31.222  74.022 0.0000000000
31222  -27.480  -30.952  73.533 0.0000000000
33822  -25.355  -29.237  64.018 0.0000000000
94868  -24.690  -29.465  63.528 0.0000000000
33015  -24.868  -29.953  62.684 0.0000000000
112166  -33.368  -26.632  62.971 0.0000000000
114536  -32.530  -26.754  63.101 0.0000000000
44807  -42.605  -16.718  58.327 0.0000000000
110991  -45.604  -14.076  61.537 0.0000000000
40428  -44.788  -21.791  66.589 0.0000000000
39527  -44.530  -22.271  66.144 0.0000000000
105279  -42.039  -21.364  60.762 0.0000000000
40495  -41.071  -21.529  59.641 0.0000000000
41379  -41.288  -20.521  59.599 0.0000000000
43033  -42.918  -17.760  59.974 0.0000000000
31233  -31.563  -31.164  72.525 0.0000000000
32121  -30.949  -31.235  68.841 0.0000000000
32120  -30.404  -30.998  68.584 0.0000000000
32131  -30.163  -30.784  67.860 0.0000000000
32130  -29.843  -30.652  67.465 0.0000000000
45627  -44.140  -14.864  56.436 0.0000000000
103615  -46.947  -13.329  55.319 0.0000000000
49859  -50.761  -10.378  56.467 0.0000000000
33767  -39.959  -29.076  69.685 0.0000000000
36161  -38.772  -26.951  65.474 0.0000000000
35319  -38.353  -27.423  65.849 0.0000000000
101272  -36.859  -27.057  64.530 0.0000000000
107791  -37.510  -26.715  64.302 0.0000000000
37874  -41.237  -24.283  62.693 0.0000000000
106801  -40.443  -24.390  62.467 0.0000000000
37907  -35.478  -24.424  60.001 0.0000000000
37065  -36.199  -24.960  61.237 0.0000000000
37063  -34.747  -25.104  60.796 0.0000000000
42237  -38.080  -19.269  55.888 0.0000000000
48011  -48.282  -12.045  63.303 0.0000000000
50677  -51.020  -9.462  60.812 0.0000000000
50671  -50.527  -9.743  61.305 0.0000000000
49814  -51.041  -10.154  61.015 0.0000000000
49824  -51.469  -10.350  60.319 0.0000000000
51500  -52.793  -7.291  58.047 0.0000000000
52289  -52.714  -6.832  57.360 0.0000000000
53023  -52.628  -6.407  56.679 0.0000000000
50752  -48.012  -9.422  53.461 0.0000000000
51550  -48.642  -8.935  53.836 0.0000000000
51541  -48.952  -8.645  54.584 0.0000000000
52332  -52.487  -6.820  52.006 0.0000000000
52324  -53.046  -5.949  52.747 0.0000000000
53050  -53.310  -5.547  53.536 0.0000000000
50802  -53.624  -9.052  49.448 0.0000000000
111673  -54.142  -8.470  49.704 0.0000000000
50816  -53.975  -9.672  49.129 0.0000000000
49125  -49.215  -11.703  46.219 0.0000000000
32020  -24.982  -31.662  76.575 0.0000000000
32082  -23.530  -31.086  71.738 0.0000000000
32094  -22.940  -30.935  70.943 0.0000000000
32108  -23.148  -30.942  70.237 0.0000000000
109353  -26.907  -30.058  70.385 0.0000000000
32945  -26.898  -29.784  69.657 0.0000000000
33793  -34.552  -28.822  67.749 0.0000000000
34534  -34.401  -28.529  66.940 0.0000000000
33829  -29.856  -28.992  64.173 0.0000000000
33824  -30.165  -29.385  64.831 0.0000000000
33010  -28.686  -30.322  64.022 0.0000000000
33827  -28.545  -30.009  63.282 0.0000000000
43919  -43.650  -17.683  61.050 0.0000000000
44777  -44.094  -15.861  62.012 0.0000000000
45584  -44.530  -15.251  61.511 0.0000000000
111068  -44.642  -19.946  65.491 0.0000000000
41343  -44.440  -20.497  65.009 0.0000000000
42165  -44.447  -19.672  64.791 0.0000000000
42178  -44.129  -19.059  63.054 0.0000000000
42177  -43.666  -19.937  62.774 0.0000000000
42183  -43.357  -19.831  62.045 0.0000000000
42182  -42.605  -19.720  60.899 0.0000000000
96023  -43.196  -19.394  61.489 0.0000000000
50766  -54.774  -8.341  53.132 0.0000000000
32075  -33.091  -31.439  72.682 0.0000000000
32076  -33.730  -31.250  72.635 0.0000000000
32102  -33.320  -31.097  71.251 0.0000000000
32114  -32.943  -30.985  70.380 0.0000000000
32113  -32.100  -31.337  69.946 0.0000000000
45658  -41.660  -15.554  53.612 0.0000000000
100256  -47.521  -12.947  55.651 0.0000000000
48081  -48.613  -12.288  57.010 0.0000000000
48983  -49.885  -11.457  57.589 0.0000000000
107144  -42.126  -27.434  69.483 0.0000000000
34530  -41.204  -28.104  69.066 0.0000000000
36156  -41.744  -26.389  66.783 0.0000000000
35311  -41.321  -26.991  67.357 0.0000000000
36155  -40.846  -26.660  66.557 0.0000000000
35321  -39.939  -26.988  66.326 0.0000000000
36163  -40.412  -26.334  65.739 0.0000000000
38683  -39.540  -23.535  60.502 0.0000000000
37893  -38.820  -23.988  60.954 0.0000000000
38682  -38.788  -23.506  60.155 0.0000000000
38699  -36.587  -23.718  59.557 0.0000000000
37908  -36.180  -24.152  59.930 0.0000000000
38698  -35.768  -23.916  59.496 0.0000000000
38718  -35.359  -23.594  58.924 0.0000000000
43082  -39.150  -18.110  55.843 0.0000000000
111843  -50.019  -8.216  57.801 0.0000000000
102473  -50.532  -7.977  58.539 0.0000000000
51499  -50.957  -7.410  57.968 0.0000000000
50782  -48.780  -9.923  50.918 0.0000000000
49911  -48.027  -10.265  50.681 0.0000000000
50772  -48.561  -9.639  51.816 0.0000000000
50800  -51.854  -9.297  49.566 0.0000000000
50801  -52.747  -9.142  49.488 0.0000000000
48203  -49.689  -12.172  44.901 0.0000000000
32033  -25.724  -31.204  75.152 0.0000000000
31205  -25.273  -31.509  75.267 0.0000000000
31214  -25.777  -31.360  74.618 0.0000000000
113642  -25.702  -31.521  73.664 0.0000000000
108020  -25.565  -31.599  74.001 0.0000000000
31239  -25.454  -31.488  73.387 0.0000000000
101613  -25.044  -31.390  72.947 0.0000000000
33788  -26.489  -29.435  67.770 0.0000000000
33804  -26.186  -29.281  66.730 0.0000000000
33812  -24.162  -28.839  65.288 0.0000000000
106491  -23.896  -29.086  65.968 0.0000000000
101276  -23.470  -29.626  64.549 0.0000000000
32162  -23.755  -30.772  62.979 0.0000000000
35315  -34.419  -27.793  65.041 0.0000000000
36172  -31.669  -27.104  63.465 0.0000000000
35324  -31.639  -27.627  64.121 0.0000000000
34570  -30.361  -28.235  63.902 0.0000000000
35333  -30.192  -27.750  63.354 0.0000000000
44822  -41.517  -16.557  56.566 0.0000000000
45607  -43.784  -15.565  58.150 0.0000000000
44800  -43.583  -16.430  59.297 0.0000000000
45608  -44.389  -15.205  58.406 0.0000000000
45609  -45.078  -14.851  58.757 0.0000000000
46389  -46.366  -13.947  60.326 0.0000000000
47195  -47.045  -13.571  59.384 0.0000000000
38621  -44.429  -23.418  67.067 0.0000000000
37845  -44.159  -23.971  66.937 0.0000000000
37859  -44.096  -23.503  66.139 0.0000000000
38661  -43.563  -23.335  64.691 0.0000000000
38641  -43.712  -23.561  65.313 0.0000000000
37869  -43.029  -23.751  63.942 0.0000000000
40480  -43.611  -21.529  63.652 0.0000000000
113988  -43.836  -21.732  64.301 0.0000000000
39572  -42.080  -22.118  61.136 0.0000000000
39565  -42.324  -22.709  61.882 0.0000000000
39564  -41.739  -22.994  61.341 0.0000000000
38677  -42.020  -23.405  62.026 0.0000000000
38685  -41.056  -23.292  60.961 0.0000000000
39570  -40.699  -23.003  60.261 0.0000000000
39600  -40.012  -22.224  58.893 0.0000000000
39583  -40.231  -22.761  59.578 0.0000000000
39599  -39.212  -22.379  58.611 0.0000000000
39598  -38.458  -22.496  58.481 0.0000000000
40503  -38.852  -22.073  58.011 0.0000000000
41389  -40.288  -20.549  58.545 0.0000000000
105670  -42.435  -19.217  60.399 0.0000000000
43044  -41.272  -18.436  58.515 0.0000000000
43043  -40.641  -18.826  58.181 0.0000000000
43054  -40.335  -18.493  57.477 0.0000000000
43940  -40.685  -17.759  57.182 0.0000000000
43950  -41.069  -17.127  56.856 0.0000000000
109178  -48.042  -11.080  45.739 0.0000000000
49970  -48.457  -10.325  44.305 0.0000000000
49973  -48.986  -10.163  43.875 0.0000000000
32047  -29.502  -30.482  73.479 0.0000000000
31253  -29.778  -30.973  71.679 0.0000000000
31243  -29.554  -30.829  72.244 0.0000000000
32087  -29.502  -30.958  71.222 0.0000000000
32097  -29.249  -30.810  70.651 0.0000000000
31256  -32.044  -31.514  71.211 0.0000000000
31255  -31.706  -31.516  71.550 0.0000000000
31263  -31.181  -31.617  70.892 0.0000000000
94699  -30.349  -31.258  69.817 0.0000000000
104911  -29.812  -30.815  68.947 0.0000000000
32109  -29.277  -30.578  69.246 0.0000000000
32958  -28.221  -30.145  68.137 0.0000000000
32972  -28.975  -30.409  67.724 0.0000000000
32983  -28.705  -30.541  66.781 0.0000000000
32989  -27.349  -30.385  65.445 0.0000000000
103302  -28.035  -30.766  65.514 0.0000000000
44823  -42.075  -15.969  56.309 0.0000000000
101239  -43.012  -15.266  55.190 0.0000000000
46423  -44.839  -14.555  56.055 0.0000000000
46439  -45.508  -14.225  55.715 0.0000000000
46458  -45.119  -14.241  54.295 0.0000000000
48092  -48.056  -12.475  55.464 0.0000000000
49010  -48.639  -11.883  55.165 0.0000000000
49874  -49.917  -10.802  54.357 0.0000000000
98521  -50.450  -10.309  53.961 0.0000000000
32938  -38.570  -29.819  71.480 0.0000000000
33754  -38.155  -29.761  70.907 0.0000000000
96084  -38.447  -29.162  69.231 0.0000000000
33796  -37.443  -28.667  68.277 0.0000000000
94593  -39.782  -28.458  68.306 0.0000000000
34562  -37.115  -27.929  66.271 0.0000000000
34549  -36.823  -28.126  66.602 0.0000000000
34561  -36.697  -27.815  65.895 0.0000000000
34560  -36.054  -27.785  65.681 0.0000000000
35317  -36.263  -27.563  65.212 0.0000000000
35339  -36.121  -26.923  64.039 0.0000000000
35338  -35.349  -27.070  63.901 0.0000000000
36173  -34.119  -26.788  63.195 0.0000000000
36174  -34.976  -26.785  63.238 0.0000000000
37024  -43.279  -24.712  65.982 0.0000000000
37023  -42.596  -25.097  65.634 0.0000000000
37033  -40.135  -25.007  63.636 0.0000000000
37027  -40.499  -25.306  64.399 0.0000000000
37026  -39.574  -25.596  64.213 0.0000000000
37873  -39.085  -24.626  62.263 0.0000000000
37878  -38.426  -24.537  61.640 0.0000000000
37041  -37.081  -25.556  62.424 0.0000000000
36190  -37.582  -25.845  63.162 0.0000000000
36189  -36.828  -26.139  63.157 0.0000000000
37051  -34.531  -25.553  61.427 0.0000000000
36196  -34.893  -25.888  62.050 0.0000000000
37050  -33.277  -25.443  61.444 0.0000000000
40529  -37.413  -21.182  56.697 0.0000000000
32051  -33.885  -30.855  74.230 0.0000000000
32916  -38.174  -30.154  72.957 0.0000000000
33750  -40.002  -29.137  71.171 0.0000000000
36090  -41.546  -26.655  71.891 0.0000000000
105075  -41.394  -27.789  71.111 0.0000000000
110514  -41.861  -27.441  70.744 0.0000000000
35290  -42.106  -27.398  70.236 0.0000000000
35281  -42.388  -26.926  70.659 0.0000000000
36952  -43.370  -25.599  70.627 0.0000000000
36124  -43.084  -26.374  70.268 0.0000000000
36964  -43.631  -25.723  69.876 0.0000000000
36982  -43.756  -25.646  69.210 0.0000000000
37781  -44.453  -24.314  69.089 0.0000000000
38588  -44.580  -23.575  69.388 0.0000000000
38597  -44.624  -23.566  68.702 0.0000000000
38589  -44.834  -22.896  68.975 0.0000000000
40394  -45.312  -21.544  68.629 0.0000000000
40429  -45.019  -21.693  67.104 0.0000000000
43880  -44.124  -17.627  65.324 0.0000000000
45560  -43.300  -15.082  65.125 0.0000000000
47152  -44.092  -13.156  64.477 0.0000000000
46361  -43.818  -13.834  63.738 0.0000000000
46362  -44.446  -13.827  63.074 0.0000000000
47164  -46.299  -12.667  63.577 0.0000000000
94677  -46.409  -13.028  62.878 0.0000000000
47175  -46.775  -13.126  62.427 0.0000000000
46381  -46.350  -13.595  61.684 0.0000000000
49802  -49.849  -10.527  62.028 0.0000000000
48019  -49.213  -11.752  62.566 0.0000000000
48047  -48.987  -12.370  60.341 0.0000000000
48048  -49.543  -11.956  60.064 0.0000000000
48964  -49.967  -11.646  59.377 0.0000000000
51478  -51.822  -8.230  59.688 0.0000000000
51479  -52.329  -8.535  59.440 0.0000000000
50704  -52.701  -8.526  57.823 0.0000000000
50713  -51.496  -9.523  56.084 0.0000000000
51544  -53.258  -7.136  54.901 0.0000000000
109462  -49.629  -8.147  55.257 0.0000000000
97736  -49.868  -8.060  56.067 0.0000000000
51532  -50.657  -7.276  55.621 0.0000000000
52306  -51.632  -6.313  55.365 0.0000000000
51552  -50.416  -7.831  53.280 0.0000000000
52315  -51.254  -6.882  53.645 0.0000000000
53039  -52.797  -5.531  55.204 0.0000000000
53034  -52.793  -6.057  55.827 0.0000000000
52308  -53.458  -5.872  54.656 0.0000000000
51555  -54.023  -6.774  53.865 0.0000000000
52325  -54.255  -6.332  53.323 0.0000000000
51603  -54.762  -8.353  49.752 0.0000000000
51587  -54.946  -7.748  50.236 0.0000000000
49092  -50.677  -10.958  48.091 0.0000000000
49111  -52.122  -11.814  48.099 0.0000000000
49094  -52.776  -11.089  48.416 0.0000000000
31218  -24.623  -31.671  74.578 0.0000000000
32070  -22.998  -31.267  72.830 0.0000000000
32092  -21.044  -31.241  71.211 0.0000000000
32106  -21.450  -31.089  69.495 0.0000000000
32105  -20.754  -31.402  69.572 0.0000000000
32116  -20.333  -31.468  67.924 0.0000000000
31242  -27.969  -30.817  72.682 0.0000000000
31241  -27.032  -31.152  73.066 0.0000000000
32932  -26.418  -30.375  70.942 0.0000000000
32931  -25.532  -30.477  70.820 0.0000000000
108096  -25.011  -30.809  71.456 0.0000000000
33771  -24.810  -29.636  68.041 0.0000000000
33770  -23.811  -30.013  68.106 0.0000000000
32955  -23.105  -30.495  68.601 0.0000000000
32941  -22.574  -30.801  69.042 0.0000000000
31311  -23.532  -31.903  64.278 0.0000000000
33752  -36.603  -29.684  70.490 0.0000000000
32951  -35.636  -29.905  70.662 0.0000000000
111832  -35.342  -29.599  70.126 0.0000000000
33775  -33.640  -29.351  68.369 0.0000000000
33760  -34.073  -29.643  69.362 0.0000000000
33774  -32.653  -29.894  68.251 0.0000000000
32961  -32.185  -30.637  68.716 0.0000000000
34557  -32.638  -28.321  65.509 0.0000000000
34545  -32.801  -28.738  66.312 0.0000000000
33817  -31.902  -29.038  65.968 0.0000000000
33816  -30.398  -29.835  65.525 0.0000000000
32993  -30.575  -30.227  66.262 0.0000000000
32985  -30.786  -30.516  66.979 0.0000000000
32146  -29.678  -30.601  66.586 0.0000000000
95300  -29.252  -30.465  65.473 0.0000000000
32999  -28.122  -30.733  64.043 0.0000000000
32998  -27.651  -30.723  64.212 0.0000000000
34574  -28.552  -28.245  62.058 0.0000000000
33838  -27.217  -29.750  61.414 0.0000000000
33018  -27.942  -30.339  62.884 0.0000000000
33025  -25.332  -30.649  61.264 0.0000000000
97706  -25.151  -30.461  61.993 0.0000000000
105383  -43.903  -16.543  62.642 0.0000000000
43005  -44.375  -18.874  64.556 0.0000000000
43011  -44.274  -18.684  63.755 0.0000000000
43019  -43.950  -18.294  62.340 0.0000000000
49882  -51.489  -9.888  52.739 0.0000000000
32077  -35.076  -30.897  72.992 0.0000000000
98870  -34.514  -30.964  72.453 0.0000000000
32935  -34.829  -30.381  71.170 0.0000000000
45649  -41.847  -15.633  54.457 0.0000000000
47226  -46.797  -13.628  58.084 0.0000000000
48071  -48.606  -12.415  57.874 0.0000000000
36146  -42.917  -26.680  68.829 0.0000000000
35306  -42.285  -27.047  68.413 0.0000000000
38721  -38.066  -22.981  59.124 0.0000000000
107151  -38.222  -23.405  59.735 0.0000000000
39595  -35.810  -22.927  58.304 0.0000000000
38735  -34.924  -23.270  58.273 0.0000000000
43959  -39.537  -17.336  55.364 0.0000000000
50773  -49.388  -9.386  51.464 0.0000000000
50799  -50.962  -9.541  49.655 0.0000000000
32034  -26.321  -31.085  74.666 0.0000000000
31215  -26.380  -31.314  74.255 0.0000000000
31228  -26.191  -31.416  73.600 0.0000000000
106254  -26.224  -29.250  65.883 0.0000000000
34555  -25.881  -29.040  65.246 0.0000000000
33821  -24.556  -28.928  64.454 0.0000000000
33820  -23.960  -29.425  63.992 0.0000000000
35336  -33.897  -27.142  63.839 0.0000000000
103575  -33.248  -27.390  64.238 0.0000000000
35345  -30.805  -27.006  63.085 0.0000000000
44816  -42.034  -16.982  57.802 0.0000000000
100482  -44.490  -22.848  66.553 0.0000000000
109526  -44.293  -22.847  65.918 0.0000000000
39545  -44.193  -22.490  65.430 0.0000000000
39544  -43.805  -22.685  64.766 0.0000000000
41368  -42.949  -21.063  62.157 0.0000000000
40484  -43.122  -21.715  62.779 0.0000000000
39584  -40.975  -22.378  59.901 0.0000000000
40505  -40.135  -21.411  58.662 0.0000000000
43026  -42.633  -18.510  60.198 0.0000000000
43930  -41.614  -17.733  58.205 0.0000000000
32048  -30.801  -30.364  73.496 0.0000000000
100349  -30.418  -31.195  71.855 0.0000000000
32099  -30.929  -31.482  70.059 0.0000000000
32111  -30.651  -31.261  69.307 0.0000000000
107194  -29.639  -30.613  67.770 0.0000000000
32137  -29.096  -30.675  66.365 0.0000000000
99014  -39.519  -29.396  71.003 0.0000000000
33766  -39.446  -29.377  70.228 0.0000000000
113601  -38.689  -28.905  68.694 0.0000000000
35309  -39.444  -27.646  66.911 0.0000000000
34551  -38.744  -27.999  67.085 0.0000000000
94514  -38.673  -27.640  66.487 0.0000000000
100245  -37.663  -27.514  65.604 0.0000000000
95148  -36.960  -27.496  65.293 0.0000000000
37861  -41.885  -24.598  64.071 0.0000000000
37029  -42.247  -24.831  64.823 0.0000000000
37044  -39.739  -24.723  62.860 0.0000000000
37892  -37.238  -24.348  60.733 0.0000000000
37877  -37.535  -24.662  61.337 0.0000000000
37066  -36.816  -24.670  61.112 0.0000000000
36197  -35.547  -25.703  62.032 0.0000000000
95650  -35.684  -25.297  61.443 0.0000000000
41413  -37.904  -20.508  56.529 0.0000000000
33742  -39.023  -29.433  72.643 0.0000000000
34495  -38.758  -29.032  73.238 0.0000000000
36107  -42.184  -26.628  71.278 0.0000000000
39469  -45.059  -22.115  69.133 0.0000000000
47144  -43.638  -13.298  65.357 0.0000000000
100916  -47.491  -12.802  62.573 0.0000000000
47166  -47.942  -12.461  62.980 0.0000000000
48025  -49.036  -12.242  62.066 0.0000000000
50670  -49.823  -9.753  61.450 0.0000000000
109348  -50.055  -10.007  61.747 0.0000000000
48934  -50.155  -10.959  61.876 0.0000000000
110693  -50.594  -10.757  61.364 0.0000000000
48965  -50.935  -11.001  59.940 0.0000000000
49833  -51.645  -10.399  59.589 0.0000000000
52256  -52.521  -7.306  58.437 0.0000000000
50696  -52.752  -7.656  58.491 0.0000000000
51534  -53.305  -6.949  56.336 0.0000000000
51542  -50.014  -7.883  54.645 0.0000000000
53051  -53.847  -5.747  53.408 0.0000000000
106511  -50.222  -11.557  47.470 0.0000000000
48196  -50.943  -13.072  46.762 0.0000000000
48187  -51.457  -12.500  47.523 0.0000000000
32032  -24.173  -31.611  75.272 0.0000000000
32059  -24.253  -31.551  73.513 0.0000000000
106081  -23.311  -31.213  72.316 0.0000000000
105899  -22.112  -30.938  71.003 0.0000000000
32940  -21.882  -30.864  68.940 0.0000000000
32085  -27.455  -30.647  71.823 0.0000000000
94882  -24.060  -29.329  66.707 0.0000000000
106975  -24.179  -29.575  67.436 0.0000000000
32969  -22.022  -30.353  67.359 0.0000000000
32980  -21.532  -30.748  65.865 0.0000000000
106767  -22.002  -31.021  65.290 0.0000000000
32144  -23.205  -31.857  64.713 0.0000000000
33777  -35.831  -28.853  68.911 0.0000000000
33761  -35.105  -29.346  69.577 0.0000000000
33825  -30.990  -28.985  65.173 0.0000000000
114343  -31.456  -28.989  65.559 0.0000000000
33001  -29.663  -30.073  65.181 0.0000000000
33000  -29.025  -30.352  64.808 0.0000000000
33035  -25.942  -30.349  60.469 0.0000000000
43926  -43.255  -17.087  59.687 0.0000000000
46379  -44.929  -14.431  61.803 0.0000000000
41324  -44.739  -20.651  65.917 0.0000000000
103574  -44.417  -21.329  65.304 0.0000000000
41358  -43.817  -20.573  63.568 0.0000000000
42171  -44.010  -19.816  63.509 0.0000000000
41372  -42.289  -20.594  60.825 0.0000000000
49901  -53.067  -9.848  52.146 0.0000000000
32063  -32.954  -31.355  73.239 0.0000000000
31234  -32.391  -31.387  72.625 0.0000000000
32088  -32.861  -31.413  71.606 0.0000000000
32089  -33.645  -31.247  72.000 0.0000000000
32122  -31.698  -31.143  69.166 0.0000000000
32960  -31.342  -30.959  68.404 0.0000000000
112658  -46.727  -13.564  55.829 0.0000000000
34524  -41.216  -28.271  69.613 0.0000000000
34540  -40.726  -28.077  68.502 0.0000000000
35304  -40.129  -27.922  67.712 0.0000000000
110362  -41.727  -27.260  68.003 0.0000000000
35305  -41.012  -27.568  67.905 0.0000000000
36168  -38.965  -26.366  64.806 0.0000000000
37880  -40.154  -24.167  61.869 0.0000000000
38700  -37.463  -23.545  59.650 0.0000000000
113446  -34.959  -24.437  59.800 0.0000000000
37906  -34.505  -24.378  59.675 0.0000000000
38716  -33.956  -23.798  58.660 0.0000000000
38733  -33.574  -23.444  57.891 0.0000000000
43081  -38.440  -18.516  55.581 0.0000000000
43100  -38.096  -18.146  54.946 0.0000000000
108666  -37.837  -17.811  54.409 0.0000000000
50676  -50.524  -9.264  60.871 0.0000000000
50684  -51.327  -8.801  60.368 0.0000000000
51488  -51.572  -7.560  59.071 0.0000000000
51487  -50.549  -8.265  59.275 0.0000000000
52255  -51.956  -6.979  58.761 0.0000000000
51563  -50.552  -8.102  52.455 0.0000000000
52323  -51.463  -7.500  52.199 0.0000000000
52341  -52.940  -7.264  51.168 0.0000000000
31204  -24.883  -31.678  75.644 0.0000000000
31219  -25.027  -31.691  74.341 0.0000000000
31238  -24.809  -31.551  73.482 0.0000000000
108688  -24.280  -31.033  71.645 0.0000000000
32957  -27.806  -29.871  68.993 0.0000000000
33773  -26.752  -29.584  68.725 0.0000000000
33787  -25.576  -29.306  67.467 0.0000000000
34544  -25.574  -29.005  65.984 0.0000000000
32996  -23.238  -30.365  64.467 0.0000000000
31329  -23.630  -31.598  63.399 0.0000000000
34547  -35.068  -28.183  66.374 0.0000000000
110954  -34.287  -28.295  66.304 0.0000000000
34558  -33.683  -28.192  65.793 0.0000000000
35325  -32.365  -27.868  64.664 0.0000000000
34567  -31.397  -28.218  64.685 0.0000000000
45625  -42.680  -15.785  56.917 0.0000000000
44809  -43.983  -15.793  58.878 0.0000000000
46404  -45.592  -14.390  58.224 0.0000000000
46405  -46.245  -14.045  58.573 0.0000000000
47209  -46.775  -13.710  58.844 0.0000000000
37014  -44.075  -24.758  68.215 0.0000000000
37821  -43.860  -24.658  67.392 0.0000000000
37844  -43.777  -24.272  66.465 0.0000000000
37862  -42.682  -24.332  64.351 0.0000000000
37868  -42.303  -24.210  63.623 0.0000000000
37875  -41.942  -24.093  62.972 0.0000000000
38670  -41.639  -23.898  62.353 0.0000000000
104947  -44.059  -21.967  64.857 0.0000000000
40467  -43.659  -22.223  64.189 0.0000000000
40483  -42.750  -22.503  62.638 0.0000000000
38672  -42.804  -23.182  63.224 0.0000000000
38671  -42.243  -23.623  62.705 0.0000000000
38675  -40.600  -23.758  61.445 0.0000000000
38684  -40.292  -23.470  60.751 0.0000000000
38702  -39.503  -23.185  59.797 0.0000000000
39581  -38.803  -22.724  58.990 0.0000000000
40515  -36.987  -21.810  57.093 0.0000000000
40518  -39.083  -21.405  57.773 0.0000000000
41398  -38.708  -21.069  57.335 0.0000000000
41414  -38.580  -20.481  56.944 0.0000000000
42225  -39.024  -19.723  56.964 0.0000000000
41390  -40.840  -20.078  59.011 0.0000000000
42201  -40.443  -19.665  58.398 0.0000000000
42202  -41.020  -19.202  58.814 0.0000000000
49927  -49.681  -10.401  49.040 0.0000000000
49940  -48.745  -10.693  48.776 0.0000000000
109541  -48.726  -11.401  46.593 0.0000000000
49134  -48.556  -11.235  45.240 0.0000000000
112814  -49.507  -11.336  44.160 0.0000000000
49974  -49.605  -10.307  43.683 0.0000000000
49142  -49.787  -11.082  43.810 0.0000000000
31252  -28.813  -30.759  72.057 0.0000000000
32096  -28.365  -30.499  70.928 0.0000000000
110180  -28.220  -30.291  70.330 0.0000000000
31244  -31.740  -31.447  72.069 0.0000000000
31254  -31.092  -31.507  71.590 0.0000000000
32098  -29.989  -31.179  70.468 0.0000000000
105749  -28.493  -30.255  69.572 0.0000000000
33815  -26.859  -29.787  66.144 0.0000000000
37037  -31.634  -26.112  62.303 0.0000000000
45650  -42.522  -15.407  54.647 0.0000000000
46457  -44.465  -14.561  54.387 0.0000000000
49881  -50.885  -10.019  53.336 0.0000000000
32937  -37.170  -30.175  71.361 0.0000000000
108079  -36.898  -29.933  70.856 0.0000000000
33763  -37.129  -29.289  69.846 0.0000000000
33764  -37.965  -29.402  69.946 0.0000000000
33778  -36.847  -28.819  69.052 0.0000000000
33795  -36.552  -28.627  68.109 0.0000000000
34536  -36.270  -28.390  67.212 0.0000000000
99831  -39.709  -28.865  68.991 0.0000000000
34528  -39.116  -28.779  68.516 0.0000000000
34538  -38.507  -28.618  68.071 0.0000000000
95353  -38.262  -28.242  67.297 0.0000000000
99114  -37.864  -28.481  67.691 0.0000000000
106842  -35.501  -27.917  65.848 0.0000000000
35327  -34.982  -27.457  64.436 0.0000000000
35328  -35.768  -27.347  64.557 0.0000000000
103889  -33.015  -26.287  62.550 0.0000000000
37017  -42.933  -25.365  66.499 0.0000000000
36165  -42.168  -25.724  66.207 0.0000000000
37028  -41.396  -25.059  64.596 0.0000000000
36169  -39.971  -25.969  64.979 0.0000000000
99878  -38.238  -26.468  64.367 0.0000000000
108795  -39.762  -24.436  62.240 0.0000000000
37043  -38.814  -25.049  62.795 0.0000000000
37055  -37.746  -25.015  61.978 0.0000000000
37031  -38.373  -25.579  63.299 0.0000000000
36177  -37.962  -26.192  63.760 0.0000000000
36175  -36.143  -26.470  63.282 0.0000000000
36187  -35.402  -26.319  62.738 0.0000000000
36186  -34.622  -26.402  62.598 0.0000000000
37038  -32.520  -25.810  62.002 0.0000000000
44746  -43.550  -16.074  65.564 0.0000000000
45554  -43.424  -15.344  66.193 0.0000000000
102238  -25.714  -30.724  76.606 0.0000000000
32890  -26.405  -30.147  75.400 0.0000000000
32891  -26.485  -30.579  74.906 0.0000000000
32903  -27.365  -30.247  74.399 0.0000000000
110641  -27.543  -30.684  74.062 0.0000000000
33728  -28.237  -29.555  74.518 0.0000000000
32904  -28.233  -30.192  74.069 0.0000000000
32905  -29.209  -30.132  73.929 0.0000000000
32906  -30.374  -30.060  74.070 0.0000000000
32049  -31.915  -30.666  73.683 0.0000000000
95434  -32.741  -31.080  73.844 0.0000000000
32908  -32.490  -30.589  74.453 0.0000000000
110393  -33.431  -31.163  73.797 0.0000000000
32064  -34.074  -31.040  73.641 0.0000000000
32065  -34.733  -30.825  73.470 0.0000000000
32066  -35.462  -30.677  73.301 0.0000000000
32078  -35.736  -30.677  72.939 0.0000000000
32918  -37.101  -30.510  72.776 0.0000000000
111909  -37.562  -30.451  72.381 0.0000000000
32926  -38.576  -29.975  72.009 0.0000000000
32921  -38.996  -29.659  71.971 0.0000000000
32927  -39.029  -29.614  71.536 0.0000000000
33751  -40.556  -28.771  70.703 0.0000000000
34508  -40.798  -28.185  71.516 0.0000000000
34516  -41.010  -28.323  70.918 0.0000000000
34520  -41.171  -28.353  70.268 0.0000000000
35295  -42.272  -27.334  69.776 0.0000000000
36139  -42.613  -27.065  69.425 0.0000000000
36999  -43.795  -25.471  68.646 0.0000000000
37000  -44.184  -24.942  68.849 0.0000000000
38606  -44.582  -23.361  67.908 0.0000000000
39487  -45.050  -22.330  68.471 0.0000000000
39504  -44.879  -22.581  67.854 0.0000000000
39517  -44.889  -22.217  67.354 0.0000000000
40450  -45.041  -21.057  66.668 0.0000000000
42140  -45.501  -20.022  67.798 0.0000000000
110130  -45.309  -20.235  67.071 0.0000000000
41325  -45.053  -20.265  66.537 0.0000000000
42998  -44.580  -18.395  65.968 0.0000000000
109671  -43.532  -15.473  63.506 0.0000000000
46370  -44.654  -14.156  62.476 0.0000000000
47153  -45.035  -12.561  64.564 0.0000000000
48008  -46.421  -12.180  64.220 0.0000000000
47183  -46.848  -13.523  61.023 0.0000000000
47190  -47.497  -13.253  60.615 0.0000000000
47197  -48.412  -12.672  59.853 0.0000000000
48012  -48.765  -11.794  62.992 0.0000000000
110461  -49.537  -11.919  61.548 0.0000000000
48035  -49.012  -12.359  61.209 0.0000000000
48974  -49.979  -11.575  58.358 0.0000000000
48995  -50.264  -10.998  57.134 0.0000000000
50695  -52.629  -8.430  58.707 0.0000000000
109969  -52.494  -6.203  56.432 0.0000000000
97446  -51.443  -6.441  54.468 0.0000000000
52307  -53.314  -6.326  55.514 0.0000000000
51575  -55.385  -8.052  51.418 0.0000000000
49110  -51.167  -11.572  47.847 0.0000000000
31212  -24.599  -31.670  75.155 0.0000000000
31211  -24.234  -31.630  74.687 0.0000000000
32044  -23.678  -31.484  74.163 0.0000000000
32058  -23.709  -31.465  73.536 0.0000000000
31272  -20.015  -31.911  69.643 0.0000000000
32084  -26.529  -30.854  72.182 0.0000000000
32072  -25.815  -31.199  72.671 0.0000000000
33759  -25.991  -29.747  69.353 0.0000000000
109160  -24.413  -30.097  68.724 0.0000000000
32943  -24.488  -30.368  69.534 0.0000000000
32929  -23.791  -30.761  69.944 0.0000000000
32953  -21.612  -30.728  68.052 0.0000000000
114145  -21.446  -30.621  67.439 0.0000000000
32128  -20.981  -30.884  67.610 0.0000000000
108728  -35.636  -30.371  71.375 0.0000000000
32949  -33.485  -30.371  69.926 0.0000000000
32974  -31.035  -30.754  67.674 0.0000000000
33808  -32.931  -29.120  67.061 0.0000000000
33791  -32.377  -29.750  67.484 0.0000000000
33790  -31.597  -30.219  67.191 0.0000000000
32973  -30.343  -30.745  67.468 0.0000000000
32139  -29.917  -30.662  67.168 0.0000000000
32990  -28.655  -30.696  65.675 0.0000000000
32991  -28.759  -30.595  65.247 0.0000000000
109284  -27.679  -30.734  64.887 0.0000000000
36182  -30.352  -26.658  62.481 0.0000000000
35344  -29.958  -27.290  62.825 0.0000000000
35332  -29.611  -27.949  62.996 0.0000000000
110712  -28.948  -29.248  63.156 0.0000000000
33839  -27.876  -29.157  61.748 0.0000000000
33833  -28.389  -29.467  62.550 0.0000000000
103019  -26.749  -30.363  62.812 0.0000000000
33826  -25.836  -29.854  63.268 0.0000000000
31231  -29.160  -30.716  72.789 0.0000000000
35299  -41.701  -27.740  69.307 0.0000000000
105191  -25.194  -31.521  76.059 0.0000000000
