#!ascii label  , from subject sub-v2s4x29600_ses-1 vox2ras=TkReg
488
76247  -25.506  6.209  -15.236 0.0000000000
72225  -21.726  1.549  -13.359 0.0000000000
126190  -28.756  1.125  -14.797 0.0000000000
67833  -24.738  -3.007  -14.643 0.0000000000
85990  -29.007  18.817  -18.412 0.0000000000
129661  -30.264  15.255  -17.630 0.0000000000
79768  -21.415  10.470  -14.092 0.0000000000
64241  -23.404  -7.206  -12.618 0.0000000000
70520  -23.223  -0.896  -14.194 0.0000000000
68699  -21.664  -2.610  -12.154 0.0000000000
119635  -29.700  17.197  -17.964 0.0000000000
82834  -25.191  14.823  -16.875 0.0000000000
76225  -21.793  6.403  -13.586 0.0000000000
77931  -19.275  8.412  -12.253 0.0000000000
136034  -23.077  8.287  -14.843 0.0000000000
79797  -27.335  10.508  -16.466 0.0000000000
132224  -28.510  8.713  -15.484 0.0000000000
76235  -29.904  6.543  -14.592 0.0000000000
73842  -21.243  3.879  -12.751 0.0000000000
74637  -23.521  4.255  -14.360 0.0000000000
74655  -27.417  3.976  -15.818 0.0000000000
72248  -25.069  1.277  -15.590 0.0000000000
118472  -26.069  -0.652  -15.475 0.0000000000
67848  -28.024  -3.231  -15.431 0.0000000000
82089  -20.312  13.821  -13.607 0.0000000000
81452  -25.478  12.287  -16.464 0.0000000000
82141  -31.737  13.516  -16.352 0.0000000000
66861  -22.150  -4.836  -11.874 0.0000000000
65970  -24.180  -5.622  -13.474 0.0000000000
122460  -21.539  -1.773  -12.327 0.0000000000
68682  -21.152  -2.977  -11.672 0.0000000000
83538  -24.814  15.598  -16.876 0.0000000000
82827  -23.613  14.569  -15.668 0.0000000000
76232  -23.307  6.337  -14.581 0.0000000000
128459  -22.210  7.425  -14.362 0.0000000000
77087  -24.136  7.440  -15.245 0.0000000000
77967  -26.179  8.547  -15.601 0.0000000000
128650  -27.334  6.998  -15.360 0.0000000000
77092  -29.140  7.790  -15.074 0.0000000000
134630  -27.743  6.208  -15.514 0.0000000000
73019  -21.318  2.130  -13.199 0.0000000000
118183  -21.850  3.965  -13.173 0.0000000000
73021  -22.851  2.773  -13.939 0.0000000000
73035  -24.338  2.676  -14.963 0.0000000000
72239  -23.349  1.342  -14.469 0.0000000000
68733  -24.225  -2.226  -14.587 0.0000000000
70521  -24.460  -0.938  -15.117 0.0000000000
68745  -25.847  -2.149  -15.434 0.0000000000
68747  -27.688  -2.769  -15.834 0.0000000000
67835  -26.603  -3.604  -15.003 0.0000000000
85969  -27.176  18.787  -16.940 0.0000000000
86821  -26.735  19.735  -16.666 0.0000000000
87590  -28.596  20.281  -17.723 0.0000000000
88370  -29.644  21.468  -19.846 0.0000000000
86846  -30.390  19.690  -19.784 0.0000000000
131169  -30.564  16.752  -17.814 0.0000000000
130453  -20.233  10.217  -12.660 0.0000000000
80608  -19.546  11.444  -12.477 0.0000000000
122451  -20.534  12.144  -13.278 0.0000000000
81432  -23.053  12.650  -14.691 0.0000000000
80646  -22.106  11.625  -14.258 0.0000000000
79800  -29.918  11.119  -15.779 0.0000000000
81456  -30.288  12.305  -16.345 0.0000000000
81442  -32.222  12.315  -15.615 0.0000000000
73052  -27.473  2.674  -15.612 0.0000000000
73872  -28.824  3.812  -15.135 0.0000000000
126700  -22.090  -7.120  -11.495 0.0000000000
65957  -22.935  -5.939  -12.470 0.0000000000
66877  -23.163  -5.121  -12.704 0.0000000000
65101  -24.031  -6.336  -13.306 0.0000000000
70485  -21.266  0.056  -12.785 0.0000000000
71408  -22.191  0.451  -13.518 0.0000000000
69593  -21.945  -0.597  -13.075 0.0000000000
69594  -22.772  -1.670  -13.415 0.0000000000
68719  -23.249  -2.563  -13.564 0.0000000000
85977  -27.184  17.971  -17.163 0.0000000000
85151  -29.090  17.857  -18.414 0.0000000000
84358  -27.401  16.637  -17.530 0.0000000000
126398  -28.035  15.954  -17.677 0.0000000000
83550  -28.668  15.233  -17.457 0.0000000000
76206  -20.451  6.207  -12.379 0.0000000000
77051  -20.273  7.519  -12.488 0.0000000000
77950  -20.958  8.870  -12.982 0.0000000000
78870  -21.785  9.393  -14.485 0.0000000000
79782  -23.919  10.367  -15.700 0.0000000000
78879  -25.407  9.545  -15.830 0.0000000000
79785  -28.514  9.541  -15.763 0.0000000000
116554  -30.889  10.277  -15.068 0.0000000000
77971  -30.700  8.788  -14.441 0.0000000000
123319  -24.694  -9.149  -13.054 0.0000000000
64251  -24.798  -7.526  -13.066 0.0000000000
74627  -21.425  4.720  -12.805 0.0000000000
74636  -22.916  4.960  -13.916 0.0000000000
74638  -24.240  4.734  -14.718 0.0000000000
129063  -26.678  4.499  -15.541 0.0000000000
74652  -25.136  4.044  -15.110 0.0000000000
73050  -26.026  2.421  -15.933 0.0000000000
72250  -26.627  1.662  -15.908 0.0000000000
121771  -24.104  -0.151  -15.027 0.0000000000
125700  -25.654  0.092  -15.524 0.0000000000
123607  -27.003  0.262  -15.428 0.0000000000
117786  -28.245  -1.566  -15.497 0.0000000000
68749  -29.171  -2.796  -15.459 0.0000000000
85992  -30.353  18.248  -19.275 0.0000000000
82124  -23.551  13.807  -15.397 0.0000000000
82136  -25.106  13.530  -16.578 0.0000000000
123000  -28.126  14.044  -17.136 0.0000000000
80668  -25.653  11.510  -16.428 0.0000000000
82139  -29.307  12.957  -16.808 0.0000000000
82835  -31.189  14.275  -17.007 0.0000000000
75420  -28.205  5.295  -15.608 0.0000000000
130327  -29.752  5.111  -14.612 0.0000000000
66860  -21.097  -3.782  -11.440 0.0000000000
67800  -21.656  -3.455  -12.047 0.0000000000
67802  -23.148  -4.255  -12.945 0.0000000000
120021  -24.524  -4.245  -13.945 0.0000000000
118990  -25.224  -6.897  -13.386 0.0000000000
65972  -25.944  -5.381  -13.715 0.0000000000
66901  -25.975  -4.058  -14.426 0.0000000000
82814  -22.965  14.586  -14.466 0.0000000000
76233  -24.077  6.147  -14.843 0.0000000000
76245  -23.679  6.874  -14.954 0.0000000000
76246  -24.514  6.645  -15.140 0.0000000000
77088  -25.106  7.229  -15.329 0.0000000000
77089  -26.281  6.907  -15.407 0.0000000000
132257  -26.498  5.997  -15.318 0.0000000000
72224  -20.996  1.530  -13.067 0.0000000000
73020  -22.176  2.314  -13.522 0.0000000000
73033  -23.036  2.111  -14.169 0.0000000000
72238  -22.546  1.482  -13.839 0.0000000000
116991  -24.961  -2.240  -15.024 0.0000000000
131162  -25.459  -2.782  -15.152 0.0000000000
68734  -26.236  -2.987  -15.449 0.0000000000
67834  -25.640  -3.413  -14.916 0.0000000000
127619  -27.944  18.860  -17.315 0.0000000000
86828  -27.580  19.594  -17.048 0.0000000000
86829  -28.414  19.422  -17.658 0.0000000000
129693  -29.486  20.080  -18.682 0.0000000000
86837  -29.492  19.272  -18.913 0.0000000000
83552  -30.835  15.898  -17.666 0.0000000000
131607  -31.848  17.007  -17.866 0.0000000000
84362  -31.499  16.454  -17.716 0.0000000000
83539  -31.766  15.644  -17.395 0.0000000000
79767  -20.896  10.438  -13.534 0.0000000000
79745  -19.534  10.721  -12.530 0.0000000000
80609  -20.278  11.235  -12.897 0.0000000000
80629  -20.938  11.236  -13.612 0.0000000000
80630  -21.446  11.135  -14.026 0.0000000000
79786  -30.613  11.008  -15.470 0.0000000000
80657  -31.123  11.618  -15.612 0.0000000000
72252  -27.995  1.849  -14.966 0.0000000000
117985  -28.328  2.540  -14.955 0.0000000000
72253  -29.228  1.813  -14.706 0.0000000000
127776  -23.380  -7.938  -12.331 0.0000000000
64240  -22.684  -7.365  -12.132 0.0000000000
65076  -22.422  -6.534  -12.004 0.0000000000
139030  -22.939  -6.714  -12.468 0.0000000000
65088  -24.050  -6.999  -12.980 0.0000000000
70484  -20.773  -0.077  -12.384 0.0000000000
69575  -21.229  -0.867  -12.516 0.0000000000
68700  -22.219  -2.325  -12.658 0.0000000000
69576  -22.174  -1.493  -12.908 0.0000000000
67816  -22.740  -2.860  -13.076 0.0000000000
85148  -26.682  17.334  -17.302 0.0000000000
85149  -27.656  17.403  -17.517 0.0000000000
85147  -25.845  16.827  -17.402 0.0000000000
83547  -25.627  15.440  -17.249 0.0000000000
127723  -27.083  15.826  -17.420 0.0000000000
83548  -26.446  15.269  -17.340 0.0000000000
83549  -27.791  15.234  -17.402 0.0000000000
134922  -27.140  15.098  -17.313 0.0000000000
76207  -21.212  6.270  -12.758 0.0000000000
76224  -21.410  7.108  -13.289 0.0000000000
77076  -22.420  8.025  -14.572 0.0000000000
77069  -21.468  7.975  -13.929 0.0000000000
77958  -21.685  8.802  -14.430 0.0000000000
78869  -21.597  9.315  -14.386 0.0000000000
77959  -22.452  8.796  -14.640 0.0000000000
78871  -22.809  9.508  -14.724 0.0000000000
127711  -23.335  8.850  -15.035 0.0000000000
130067  -26.957  8.409  -15.594 0.0000000000
78880  -26.633  9.090  -15.715 0.0000000000
78882  -27.983  9.192  -15.732 0.0000000000
133951  -29.050  9.950  -15.642 0.0000000000
140290  -29.478  9.504  -15.279 0.0000000000
78884  -30.214  9.558  -14.855 0.0000000000
77970  -29.544  8.668  -15.015 0.0000000000
77078  -29.483  7.244  -14.745 0.0000000000
77093  -30.069  7.939  -14.636 0.0000000000
76236  -30.930  6.383  -14.431 0.0000000000
137583  -24.512  -9.810  -12.788 0.0000000000
62372  -25.102  -9.978  -13.154 0.0000000000
74611  -21.017  4.881  -12.446 0.0000000000
74629  -22.686  4.121  -13.687 0.0000000000
128244  -23.501  5.061  -14.382 0.0000000000
131044  -24.320  3.958  -14.793 0.0000000000
72240  -24.707  1.942  -15.328 0.0000000000
73049  -25.194  2.564  -15.509 0.0000000000
128841  -25.591  1.874  -15.788 0.0000000000
140514  -26.475  1.930  -15.969 0.0000000000
72249  -25.852  1.362  -15.894 0.0000000000
70504  -22.584  -0.236  -13.724 0.0000000000
128416  -23.377  -0.154  -14.442 0.0000000000
70522  -25.298  -0.753  -15.396 0.0000000000
70528  -24.907  -0.085  -15.348 0.0000000000
124332  -26.321  0.226  -15.574 0.0000000000
70529  -26.829  -0.602  -15.505 0.0000000000
70530  -27.646  -0.631  -15.323 0.0000000000
131531  -27.364  -1.293  -15.600 0.0000000000
69618  -28.314  -2.416  -15.682 0.0000000000
68748  -28.387  -2.900  -15.580 0.0000000000
67850  -29.677  -3.510  -15.525 0.0000000000
85166  -29.918  17.744  -18.720 0.0000000000
77050  -19.582  7.632  -12.300 0.0000000000
82088  -20.066  13.702  -13.342 0.0000000000
120872  -20.628  14.156  -13.801 0.0000000000
82091  -21.435  13.986  -13.864 0.0000000000
82090  -20.994  13.391  -13.730 0.0000000000
80666  -24.082  12.789  -16.161 0.0000000000
82137  -25.818  13.054  -16.754 0.0000000000
82155  -27.307  13.860  -17.028 0.0000000000
81465  -27.929  13.234  -16.943 0.0000000000
79795  -25.865  10.654  -16.328 0.0000000000
79794  -24.979  10.952  -16.295 0.0000000000
80669  -26.638  11.167  -16.551 0.0000000000
81457  -31.018  12.794  -16.316 0.0000000000
125838  -29.709  12.444  -16.571 0.0000000000
130536  -30.166  13.088  -16.787 0.0000000000
82158  -30.346  13.942  -17.206 0.0000000000
126082  -32.165  14.367  -16.611 0.0000000000
82837  -32.870  14.527  -16.444 0.0000000000
128651  -27.278  4.414  -15.760 0.0000000000
75419  -27.704  4.799  -15.750 0.0000000000
74656  -27.891  4.395  -15.777 0.0000000000
74639  -29.277  4.459  -14.879 0.0000000000
65945  -21.910  -5.427  -11.335 0.0000000000
66843  -21.428  -4.740  -11.190 0.0000000000
126209  -21.658  -4.179  -11.838 0.0000000000
66892  -23.707  -4.971  -13.269 0.0000000000
121250  -23.874  -4.220  -13.568 0.0000000000
66893  -24.406  -4.857  -13.640 0.0000000000
138791  -26.255  -4.687  -14.043 0.0000000000
131999  -20.913  -1.382  -12.122 0.0000000000
69565  -20.646  -1.435  -11.730 0.0000000000
68698  -21.016  -2.098  -11.786 0.0000000000
84356  -25.288  16.228  -17.256 0.0000000000
83537  -24.022  15.703  -16.487 0.0000000000
82832  -23.703  15.143  -16.148 0.0000000000
82833  -24.378  14.993  -16.508 0.0000000000
76231  -22.451  6.564  -14.218 0.0000000000
76230  -21.818  7.296  -14.027 0.0000000000
126685  -22.874  7.124  -14.640 0.0000000000
77077  -23.324  7.641  -14.934 0.0000000000
77964  -23.759  8.182  -15.238 0.0000000000
77965  -24.663  8.091  -15.405 0.0000000000
128898  -26.710  7.770  -15.497 0.0000000000
77968  -27.656  7.893  -15.465 0.0000000000
77969  -28.860  8.226  -15.322 0.0000000000
77091  -28.615  7.492  -15.225 0.0000000000
76250  -28.484  6.795  -15.199 0.0000000000
73000  -20.932  2.224  -13.012 0.0000000000
73843  -21.439  2.968  -13.118 0.0000000000
73844  -22.364  3.258  -13.531 0.0000000000
73845  -23.149  3.448  -14.107 0.0000000000
73854  -23.923  3.417  -14.654 0.0000000000
73034  -23.507  2.746  -14.450 0.0000000000
129131  -23.861  2.014  -14.727 0.0000000000
121813  -24.197  1.278  -15.066 0.0000000000
69607  -23.823  -1.464  -14.567 0.0000000000
134553  -23.778  -0.745  -14.724 0.0000000000
138172  -24.488  -1.688  -14.949 0.0000000000
69608  -25.117  -1.530  -15.252 0.0000000000
69615  -25.778  -1.338  -15.427 0.0000000000
69616  -26.601  -1.536  -15.633 0.0000000000
68746  -26.830  -2.509  -15.808 0.0000000000
68735  -27.143  -3.196  -15.617 0.0000000000
67836  -27.584  -3.653  -14.941 0.0000000000
123996  -25.700  18.492  -16.893 0.0000000000
87597  -29.139  20.947  -18.026 0.0000000000
87608  -30.537  20.365  -20.129 0.0000000000
85152  -30.411  17.353  -18.170 0.0000000000
85167  -30.801  17.718  -18.630 0.0000000000
85153  -31.144  17.186  -18.026 0.0000000000
115901  -17.632  11.847  -11.134 0.0000000000
80607  -19.302  11.613  -12.330 0.0000000000
81392  -20.020  12.248  -12.739 0.0000000000
126562  -20.684  12.815  -13.520 0.0000000000
82112  -21.892  13.208  -13.974 0.0000000000
81430  -21.434  12.347  -13.830 0.0000000000
128780  -23.337  11.946  -15.081 0.0000000000
80667  -24.660  11.906  -16.309 0.0000000000
79799  -29.267  10.793  -16.021 0.0000000000
80671  -28.714  11.324  -16.536 0.0000000000
80672  -29.611  11.692  -16.266 0.0000000000
81440  -30.838  12.138  -15.992 0.0000000000
82125  -31.753  12.803  -15.925 0.0000000000
73870  -27.593  3.612  -15.751 0.0000000000
73871  -28.171  3.972  -15.644 0.0000000000
125635  -28.214  3.296  -15.332 0.0000000000
65075  -21.931  -6.287  -11.254 0.0000000000
65946  -22.330  -5.714  -11.861 0.0000000000
129783  -22.666  -5.246  -12.251 0.0000000000
65958  -23.557  -5.764  -13.097 0.0000000000
71390  -20.806  0.788  -12.758 0.0000000000
71407  -21.455  0.805  -13.180 0.0000000000
130737  -22.154  0.979  -13.564 0.0000000000
70503  -21.855  0.091  -13.228 0.0000000000
70505  -22.641  -1.094  -13.543 0.0000000000
69595  -23.205  -1.540  -13.896 0.0000000000
140433  -23.130  -2.003  -13.594 0.0000000000
68720  -23.884  -2.827  -14.079 0.0000000000
85967  -25.051  18.278  -16.619 0.0000000000
85968  -26.402  18.239  -17.092 0.0000000000
85979  -28.471  18.428  -17.841 0.0000000000
85150  -28.428  17.615  -17.837 0.0000000000
125279  -28.926  17.244  -17.996 0.0000000000
133413  -26.625  16.541  -17.402 0.0000000000
84360  -29.158  16.721  -17.776 0.0000000000
125507  -28.942  16.069  -17.603 0.0000000000
83551  -29.472  15.368  -17.559 0.0000000000
77932  -19.987  8.228  -12.482 0.0000000000
77068  -21.166  7.734  -12.990 0.0000000000
131251  -20.903  8.184  -12.716 0.0000000000
78859  -20.933  9.609  -13.340 0.0000000000
78860  -21.512  9.771  -14.263 0.0000000000
132252  -21.635  10.028  -14.333 0.0000000000
126917  -21.969  10.796  -14.377 0.0000000000
79777  -22.310  10.179  -14.538 0.0000000000
78878  -24.573  9.692  -15.759 0.0000000000
78895  -26.118  9.809  -16.021 0.0000000000
77966  -25.220  8.836  -15.621 0.0000000000
78896  -27.178  9.664  -16.047 0.0000000000
78897  -27.975  9.970  -16.264 0.0000000000
79798  -28.595  10.371  -16.225 0.0000000000
130509  -29.872  10.335  -15.402 0.0000000000
79787  -31.600  10.919  -15.212 0.0000000000
122755  -31.743  10.231  -14.835 0.0000000000
78886  -32.341  9.704  -14.762 0.0000000000
63342  -24.058  -8.513  -12.527 0.0000000000
63351  -24.601  -8.268  -12.881 0.0000000000
75383  -20.962  5.490  -12.497 0.0000000000
75399  -21.615  5.535  -13.104 0.0000000000
74628  -22.132  4.817  -13.376 0.0000000000
75400  -22.334  5.676  -13.752 0.0000000000
75404  -23.037  5.707  -14.262 0.0000000000
75405  -23.768  5.583  -14.602 0.0000000000
75416  -25.280  5.392  -15.056 0.0000000000
75417  -26.207  5.323  -15.228 0.0000000000
129936  -25.785  4.618  -15.146 0.0000000000
74653  -26.177  3.805  -15.539 0.0000000000
73855  -24.744  3.319  -15.145 0.0000000000
73868  -25.662  3.172  -15.577 0.0000000000
73869  -26.484  3.030  -15.960 0.0000000000
73051  -26.559  2.356  -15.986 0.0000000000
123603  -26.793  2.251  -15.962 0.0000000000
72251  -27.196  1.787  -15.646 0.0000000000
71423  -22.823  0.625  -14.093 0.0000000000
71424  -23.723  0.575  -14.766 0.0000000000
71425  -24.563  0.581  -15.286 0.0000000000
71429  -25.382  0.700  -15.634 0.0000000000
71431  -26.505  1.029  -15.809 0.0000000000
71432  -27.089  1.069  -15.557 0.0000000000
71433  -27.881  1.031  -15.077 0.0000000000
123606  -27.841  0.210  -15.100 0.0000000000
70531  -28.632  -0.707  -15.092 0.0000000000
69617  -27.502  -2.058  -15.854 0.0000000000
131566  -28.966  -2.132  -15.429 0.0000000000
85991  -29.620  18.429  -18.971 0.0000000000
86009  -30.876  18.871  -19.784 0.0000000000
85993  -31.305  18.181  -19.189 0.0000000000
82796  -21.916  14.511  -13.901 0.0000000000
125153  -23.357  14.060  -15.149 0.0000000000
120098  -24.114  14.399  -16.098 0.0000000000
125673  -22.593  13.151  -14.416 0.0000000000
82135  -24.449  13.582  -16.272 0.0000000000
82153  -25.540  13.996  -16.909 0.0000000000
82848  -27.570  14.585  -17.219 0.0000000000
82849  -28.916  14.375  -17.314 0.0000000000
82850  -29.775  14.567  -17.493 0.0000000000
80648  -23.556  11.118  -15.453 0.0000000000
124983  -26.303  12.123  -16.655 0.0000000000
80670  -27.963  11.563  -16.849 0.0000000000
81454  -27.842  12.359  -16.940 0.0000000000
82156  -28.741  13.505  -17.042 0.0000000000
82851  -30.521  14.602  -17.437 0.0000000000
82852  -31.057  15.059  -17.489 0.0000000000
82836  -31.737  14.912  -17.047 0.0000000000
75418  -27.224  5.351  -15.563 0.0000000000
76249  -27.889  5.551  -15.663 0.0000000000
75421  -28.574  6.073  -15.242 0.0000000000
74657  -28.499  4.564  -15.458 0.0000000000
130716  -28.872  5.283  -15.151 0.0000000000
75407  -29.309  5.938  -14.767 0.0000000000
134708  -20.826  -3.248  -11.335 0.0000000000
67801  -22.221  -3.128  -12.556 0.0000000000
66875  -22.273  -4.015  -12.435 0.0000000000
139036  -22.753  -3.526  -12.902 0.0000000000
67817  -23.392  -3.411  -13.471 0.0000000000
67818  -24.219  -3.597  -14.030 0.0000000000
138917  -24.557  -6.780  -13.238 0.0000000000
124292  -24.729  -6.216  -13.442 0.0000000000
121868  -25.573  -6.182  -13.543 0.0000000000
65971  -25.001  -5.471  -13.606 0.0000000000
66894  -25.289  -4.633  -13.939 0.0000000000
67819  -25.010  -3.866  -14.409 0.0000000000
65087  -23.475  -6.496  -12.856 0.0000000000
66876  -22.681  -4.681  -12.444 0.0000000000
67837  -28.447  -3.740  -14.947 0.0000000000
67849  -28.856  -3.314  -15.301 0.0000000000
68718  -22.717  -2.160  -13.186 0.0000000000
68732  -23.594  -2.104  -14.051 0.0000000000
71430  -26.011  0.897  -15.845 0.0000000000
74654  -26.938  3.732  -15.881 0.0000000000
75406  -24.498  5.444  -14.850 0.0000000000
75408  -30.554  5.693  -14.469 0.0000000000
76234  -28.954  6.680  -14.925 0.0000000000
76248  -27.091  6.271  -15.377 0.0000000000
77075  -21.728  8.119  -14.316 0.0000000000
77090  -28.131  7.048  -15.328 0.0000000000
77951  -21.294  8.481  -13.655 0.0000000000
77957  -21.536  8.777  -14.325 0.0000000000
78877  -23.668  9.582  -15.332 0.0000000000
78881  -27.449  8.791  -15.629 0.0000000000
78883  -28.962  9.064  -15.429 0.0000000000
78885  -31.315  9.610  -14.568 0.0000000000
79778  -23.240  10.306  -14.996 0.0000000000
79783  -24.539  10.459  -16.044 0.0000000000
79784  -25.230  10.182  -16.095 0.0000000000
79796  -26.630  10.356  -16.319 0.0000000000
80647  -22.824  11.126  -14.655 0.0000000000
80656  -24.164  11.111  -16.083 0.0000000000
80658  -31.928  11.653  -15.445 0.0000000000
80673  -30.383  11.666  -15.903 0.0000000000
81410  -20.259  13.023  -13.248 0.0000000000
81411  -20.988  11.948  -13.637 0.0000000000
81431  -22.320  12.484  -14.251 0.0000000000
81439  -23.548  12.894  -15.509 0.0000000000
81441  -31.457  12.240  -15.780 0.0000000000
81451  -24.906  12.846  -16.437 0.0000000000
81453  -27.203  11.865  -16.877 0.0000000000
81455  -29.057  12.198  -16.587 0.0000000000
81464  -26.966  12.874  -17.016 0.0000000000
82113  -22.508  13.887  -14.299 0.0000000000
82114  -23.184  13.463  -14.836 0.0000000000
82126  -32.453  13.010  -15.829 0.0000000000
82134  -23.893  13.689  -15.814 0.0000000000
82138  -28.552  12.716  -16.820 0.0000000000
82140  -30.873  13.535  -16.735 0.0000000000
82154  -26.398  13.819  -17.048 0.0000000000
82157  -29.552  13.717  -17.189 0.0000000000
82795  -20.822  14.672  -13.902 0.0000000000
82846  -25.978  14.632  -17.221 0.0000000000
82847  -26.799  14.547  -17.186 0.0000000000
83500  -21.170  15.069  -13.857 0.0000000000
83553  -32.537  16.001  -17.226 0.0000000000
84357  -26.127  16.035  -17.424 0.0000000000
84359  -28.354  16.795  -17.793 0.0000000000
84361  -29.850  16.213  -17.653 0.0000000000
84363  -32.281  16.574  -17.577 0.0000000000
85978  -27.838  18.160  -17.414 0.0000000000
86836  -29.055  19.783  -18.232 0.0000000000
86838  -30.043  18.988  -19.462 0.0000000000
86845  -29.903  19.842  -19.242 0.0000000000
120829  -28.037  10.784  -16.615 0.0000000000
120955  -25.906  9.178  -15.728 0.0000000000
123721  -24.783  14.225  -16.532 0.0000000000
124404  -23.751  11.940  -15.972 0.0000000000
125090  -28.431  12.016  -16.797 0.0000000000
125627  -26.229  1.870  -15.985 0.0000000000
125957  -19.545  12.058  -12.401 0.0000000000
126919  -24.165  8.862  -15.486 0.0000000000
126984  -32.474  10.439  -15.056 0.0000000000
127052  -25.682  7.916  -15.475 0.0000000000
127582  -28.817  7.224  -15.066 0.0000000000
127807  -24.053  -7.730  -12.727 0.0000000000
128633  -24.756  5.970  -15.027 0.0000000000
129437  -21.397  9.150  -14.154 0.0000000000
129451  -28.388  7.940  -15.372 0.0000000000
129801  -28.069  8.479  -15.516 0.0000000000
129935  -28.191  6.164  -15.463 0.0000000000
130772  -22.787  11.963  -14.532 0.0000000000
130843  -24.978  4.833  -14.948 0.0000000000
133828  -28.223  14.696  -17.310 0.0000000000
135624  -26.293  1.516  -15.948 0.0000000000
136470  -32.035  16.141  -17.526 0.0000000000
138519  -29.225  14.884  -17.467 0.0000000000
139638  -27.453  11.180  -16.685 0.0000000000
140141  -27.027  3.072  -16.042 0.0000000000
