#!ascii label  , from subject sub-v2s4x29608_ses-1 vox2ras=TkReg
1470
135287  40.695  33.750  25.832 0.0000000000
103833  42.492  40.898  31.072 0.0000000000
97569  44.756  30.953  29.119 0.0000000000
98970  35.343  32.737  27.190 0.0000000000
99007  35.447  32.186  22.350 0.0000000000
105028  42.983  41.374  24.056 0.0000000000
104970  36.332  42.159  30.294 0.0000000000
107864  36.324  46.185  24.462 0.0000000000
133415  41.891  30.746  37.193 0.0000000000
96305  38.718  27.996  32.434 0.0000000000
102632  46.451  37.558  25.923 0.0000000000
98370  44.909  31.762  19.354 0.0000000000
99697  47.030  33.354  27.638 0.0000000000
101872  44.551  36.413  35.664 0.0000000000
109578  37.451  50.477  24.322 0.0000000000
106786  43.625  44.834  24.353 0.0000000000
97627  38.308  30.337  24.235 0.0000000000
100513  38.169  33.756  26.812 0.0000000000
98989  35.453  31.952  25.115 0.0000000000
118826  39.007  32.640  23.644 0.0000000000
137731  41.923  38.203  26.827 0.0000000000
101953  38.737  36.357  27.427 0.0000000000
127065  34.597  43.539  28.237 0.0000000000
94905  40.758  26.801  41.077 0.0000000000
95634  41.917  26.944  37.066 0.0000000000
94197  45.012  25.715  40.690 0.0000000000
125941  36.215  45.387  20.214 0.0000000000
103243  46.399  39.119  28.874 0.0000000000
123940  47.278  35.417  25.840 0.0000000000
101931  44.495  37.023  28.371 0.0000000000
119277  35.875  34.178  35.102 0.0000000000
100424  40.741  33.954  33.235 0.0000000000
101166  38.999  35.610  36.612 0.0000000000
100363  41.154  35.817  37.858 0.0000000000
105007  40.003  42.103  26.912 0.0000000000
106778  39.760  45.060  24.770 0.0000000000
122706  43.455  43.224  28.966 0.0000000000
105577  45.291  41.969  26.704 0.0000000000
97636  44.941  31.289  23.384 0.0000000000
97666  41.260  30.783  20.912 0.0000000000
97612  42.147  30.978  25.548 0.0000000000
97630  33.122  30.939  23.617 0.0000000000
96996  34.678  29.334  21.519 0.0000000000
105065  44.955  40.553  20.542 0.0000000000
103913  40.413  39.513  21.945 0.0000000000
134930  39.472  40.743  31.084 0.0000000000
102556  40.179  37.226  29.951 0.0000000000
133411  30.444  47.854  27.481 0.0000000000
109554  33.770  49.625  26.498 0.0000000000
105583  36.512  41.931  26.731 0.0000000000
98239  43.197  31.933  32.967 0.0000000000
96927  41.182  30.317  30.048 0.0000000000
97538  40.281  30.290  34.518 0.0000000000
94980  41.251  26.734  34.649 0.0000000000
101288  43.668  35.531  25.543 0.0000000000
118322  42.046  33.132  22.410 0.0000000000
100531  45.793  34.773  22.903 0.0000000000
99002  47.499  32.534  23.210 0.0000000000
98280  48.146  31.801  28.376 0.0000000000
100461  42.561  34.228  29.971 0.0000000000
100449  46.008  34.462  31.723 0.0000000000
98927  47.135  33.387  33.161 0.0000000000
99617  44.260  33.806  36.549 0.0000000000
98894  39.963  32.231  38.911 0.0000000000
109085  34.737  48.507  21.758 0.0000000000
107354  38.295  46.389  22.088 0.0000000000
108454  40.786  47.947  22.519 0.0000000000
106261  42.833  44.069  22.028 0.0000000000
105593  45.514  42.418  23.309 0.0000000000
131736  44.069  40.236  26.685 0.0000000000
99028  39.565  32.512  20.507 0.0000000000
97669  37.072  29.885  20.333 0.0000000000
96995  36.513  27.742  22.308 0.0000000000
96949  38.691  29.474  28.411 0.0000000000
99707  39.613  33.464  26.065 0.0000000000
98986  38.547  32.729  25.245 0.0000000000
99719  40.181  33.268  25.357 0.0000000000
101282  41.435  35.436  26.686 0.0000000000
102589  40.170  36.924  27.095 0.0000000000
101269  40.087  35.493  27.217 0.0000000000
100501  38.669  34.652  27.303 0.0000000000
94171  41.960  25.923  42.231 0.0000000000
94199  42.497  25.270  40.553 0.0000000000
93399  44.044  24.856  41.977 0.0000000000
95039  34.178  26.557  23.515 0.0000000000
103838  45.115  40.291  29.874 0.0000000000
102572  45.121  38.101  28.670 0.0000000000
118955  43.426  38.389  29.254 0.0000000000
100383  36.311  34.470  36.932 0.0000000000
100397  37.858  34.743  35.655 0.0000000000
104988  41.884  42.131  29.911 0.0000000000
119862  42.273  42.956  28.157 0.0000000000
104977  42.804  42.595  30.858 0.0000000000
104975  44.374  41.915  29.866 0.0000000000
98302  44.817  31.427  26.049 0.0000000000
97624  43.179  31.029  24.304 0.0000000000
97600  43.083  31.174  26.846 0.0000000000
136743  33.691  32.106  27.582 0.0000000000
98980  33.924  31.751  26.590 0.0000000000
121058  35.607  32.248  23.200 0.0000000000
98326  33.722  31.438  23.958 0.0000000000
98334  34.212  31.554  22.884 0.0000000000
96997  33.844  30.079  22.763 0.0000000000
128624  34.549  30.807  21.676 0.0000000000
104483  44.214  40.242  21.741 0.0000000000
103911  42.475  39.516  21.268 0.0000000000
104471  41.181  40.134  23.529 0.0000000000
100490  35.760  34.141  27.986 0.0000000000
99690  34.441  33.334  28.155 0.0000000000
104402  37.706  40.428  31.239 0.0000000000
103826  37.912  39.430  31.463 0.0000000000
103828  35.645  39.670  31.496 0.0000000000
106193  36.301  43.185  29.067 0.0000000000
105575  35.395  42.563  27.263 0.0000000000
124579  37.159  41.096  29.244 0.0000000000
104424  37.957  40.739  29.356 0.0000000000
98235  42.314  31.910  34.925 0.0000000000
98247  41.721  31.381  32.979 0.0000000000
135383  41.561  30.535  36.152 0.0000000000
94967  43.949  26.624  36.725 0.0000000000
95653  42.350  27.123  35.673 0.0000000000
95661  43.955  26.958  35.011 0.0000000000
101975  45.094  36.713  25.426 0.0000000000
100525  44.565  34.754  24.124 0.0000000000
101292  46.013  35.799  24.177 0.0000000000
100508  46.705  34.501  26.490 0.0000000000
99725  47.862  33.562  24.169 0.0000000000
99715  48.073  32.950  25.423 0.0000000000
98309  47.753  32.014  25.887 0.0000000000
99684  48.264  32.789  28.431 0.0000000000
101228  38.752  35.600  30.611 0.0000000000
101239  40.887  35.490  29.790 0.0000000000
100463  39.976  34.554  30.703 0.0000000000
100406  42.304  35.186  34.537 0.0000000000
100438  43.583  34.642  33.111 0.0000000000
100421  45.214  35.411  33.573 0.0000000000
100435  47.219  34.866  32.478 0.0000000000
124507  46.623  35.031  34.459 0.0000000000
99628  46.260  33.874  34.862 0.0000000000
100377  45.361  35.411  36.288 0.0000000000
100343  41.297  35.271  39.978 0.0000000000
99596  40.552  33.808  38.479 0.0000000000
109076  35.827  49.542  23.166 0.0000000000
107882  35.505  46.997  22.128 0.0000000000
108458  37.312  47.799  22.707 0.0000000000
108432  35.488  47.816  24.810 0.0000000000
109552  36.533  50.618  26.341 0.0000000000
108430  37.791  47.940  24.850 0.0000000000
107330  41.351  45.507  24.584 0.0000000000
107860  40.776  46.866  23.496 0.0000000000
107347  41.877  45.855  22.870 0.0000000000
107351  41.102  46.525  22.094 0.0000000000
106795  43.053  45.010  22.853 0.0000000000
106259  44.802  43.003  22.100 0.0000000000
106248  44.766  43.742  24.430 0.0000000000
103849  46.320  39.953  27.253 0.0000000000
104438  45.358  41.254  26.680 0.0000000000
103278  45.441  39.088  26.595 0.0000000000
102611  43.845  37.670  26.456 0.0000000000
99749  43.458  33.624  20.940 0.0000000000
99014  41.158  32.894  22.006 0.0000000000
121001  41.957  32.545  19.793 0.0000000000
118831  39.657  30.441  22.827 0.0000000000
120243  39.037  30.553  20.230 0.0000000000
97653  38.115  30.380  21.670 0.0000000000
97655  36.705  29.209  20.826 0.0000000000
97629  36.811  29.821  22.743 0.0000000000
96919  40.142  29.520  31.145 0.0000000000
96947  40.267  30.001  29.029 0.0000000000
96930  38.993  28.987  30.147 0.0000000000
99710  36.548  32.988  26.633 0.0000000000
98979  35.325  32.015  26.066 0.0000000000
98978  37.051  32.646  25.895 0.0000000000
98996  37.293  32.476  24.239 0.0000000000
99006  36.351  32.412  22.869 0.0000000000
133261  41.628  39.828  26.135 0.0000000000
123038  37.036  34.488  27.516 0.0000000000
143540  39.476  28.262  39.024 0.0000000000
96285  41.091  28.419  37.619 0.0000000000
94932  40.691  26.373  39.392 0.0000000000
94230  43.050  25.968  39.059 0.0000000000
103276  47.086  38.668  27.047 0.0000000000
101972  47.239  36.798  26.058 0.0000000000
102588  47.174  37.628  27.739 0.0000000000
101949  46.427  36.287  27.236 0.0000000000
100497  45.414  34.308  27.529 0.0000000000
100428  36.575  33.943  33.103 0.0000000000
123808  39.123  33.719  32.370 0.0000000000
127118  37.920  34.018  33.985 0.0000000000
100408  39.826  34.857  34.665 0.0000000000
101180  42.064  36.757  35.818 0.0000000000
101163  42.848  36.639  36.284 0.0000000000
101859  41.101  36.955  36.984 0.0000000000
101817  40.682  36.415  39.126 0.0000000000
101105  42.357  36.336  41.361 0.0000000000
125067  36.897  52.835  25.464 0.0000000000
106240  38.588  43.410  25.427 0.0000000000
107340  38.121  45.501  24.576 0.0000000000
106238  40.547  43.941  25.833 0.0000000000
106237  41.548  44.460  26.041 0.0000000000
106767  43.227  44.659  26.240 0.0000000000
106235  44.749  43.557  25.402 0.0000000000
105571  44.472  42.894  27.883 0.0000000000
120398  45.842  40.700  28.319 0.0000000000
97662  45.542  30.974  21.234 0.0000000000
98358  43.094  31.364  19.799 0.0000000000
97648  43.445  30.829  22.201 0.0000000000
118833  41.543  30.664  23.008 0.0000000000
135549  39.841  30.430  24.925 0.0000000000
94264  39.240  25.346  32.940 0.0000000000
143058  37.279  26.951  31.367 0.0000000000
97618  32.235  30.857  25.191 0.0000000000
98315  34.023  31.485  24.950 0.0000000000
98317  32.715  31.133  24.481 0.0000000000
96981  32.851  29.774  24.679 0.0000000000
96358  33.621  28.937  24.131 0.0000000000
96366  34.263  28.306  23.058 0.0000000000
126457  34.711  27.764  22.073 0.0000000000
104504  43.847  39.555  19.486 0.0000000000
143802  41.472  39.371  20.242 0.0000000000
125004  41.157  41.129  31.031 0.0000000000
103246  41.162  38.896  30.207 0.0000000000
103238  39.575  39.065  30.820 0.0000000000
101910  37.821  36.950  30.854 0.0000000000
101902  36.513  36.332  31.512 0.0000000000
101210  35.440  35.089  32.316 0.0000000000
100430  33.711  34.625  34.137 0.0000000000
109539  32.380  49.626  27.523 0.0000000000
108409  33.384  47.507  25.294 0.0000000000
107343  35.263  45.653  24.496 0.0000000000
125682  36.891  43.287  25.346 0.0000000000
105009  38.206  41.996  26.390 0.0000000000
104989  40.142  40.966  29.032 0.0000000000
98261  44.299  31.261  30.870 0.0000000000
126265  43.330  31.000  29.078 0.0000000000
138236  42.785  31.182  31.365 0.0000000000
132732  40.688  30.327  32.198 0.0000000000
96301  39.389  28.786  33.660 0.0000000000
96296  41.189  28.163  36.466 0.0000000000
95655  40.397  28.206  35.135 0.0000000000
94982  39.560  26.616  34.008 0.0000000000
100519  42.384  34.392  25.622 0.0000000000
99728  41.393  33.252  24.260 0.0000000000
99726  43.117  33.790  23.898 0.0000000000
99731  44.455  34.135  22.457 0.0000000000
99748  45.062  33.699  20.785 0.0000000000
100524  47.103  34.950  23.624 0.0000000000
99738  46.901  33.485  21.672 0.0000000000
98354  46.295  31.988  20.290 0.0000000000
97634  46.660  31.462  22.519 0.0000000000
98311  46.463  31.645  25.765 0.0000000000
98282  46.204  31.191  28.012 0.0000000000
101914  42.378  36.870  29.146 0.0000000000
136274  43.206  35.333  28.639 0.0000000000
100474  44.170  34.062  29.011 0.0000000000
119449  42.092  33.982  31.416 0.0000000000
100451  43.774  33.976  31.333 0.0000000000
99675  46.717  33.581  29.547 0.0000000000
99658  47.820  33.351  30.739 0.0000000000
98249  47.712  32.586  30.822 0.0000000000
98259  45.965  31.414  30.545 0.0000000000
98936  44.844  32.229  32.887 0.0000000000
98920  43.946  32.750  35.194 0.0000000000
98221  42.718  31.849  36.784 0.0000000000
99619  42.273  34.490  36.827 0.0000000000
98901  41.610  32.559  37.330 0.0000000000
143893  39.905  31.120  38.094 0.0000000000
143581  40.029  28.810  40.285 0.0000000000
139500  35.125  46.544  20.813 0.0000000000
106807  36.844  44.984  21.200 0.0000000000
106265  38.931  43.815  21.349 0.0000000000
133126  39.548  47.780  24.458 0.0000000000
109059  39.236  49.752  23.869 0.0000000000
107879  39.171  47.501  22.300 0.0000000000
106803  40.724  44.608  21.728 0.0000000000
106263  40.941  43.575  21.490 0.0000000000
105612  43.750  42.341  21.120 0.0000000000
105601  45.682  41.676  22.053 0.0000000000
105039  44.237  41.481  23.264 0.0000000000
105585  45.179  42.642  25.143 0.0000000000
105017  44.508  41.793  25.407 0.0000000000
104449  42.985  40.912  26.018 0.0000000000
103280  42.920  38.789  26.806 0.0000000000
101966  42.463  36.667  26.628 0.0000000000
99003  40.534  32.870  23.678 0.0000000000
118824  38.965  32.642  22.525 0.0000000000
99017  37.229  32.471  21.519 0.0000000000
97690  40.136  31.344  19.758 0.0000000000
99041  38.483  31.776  19.684 0.0000000000
137649  35.877  31.262  20.582 0.0000000000
97671  35.768  29.670  20.454 0.0000000000
96376  35.459  28.540  21.059 0.0000000000
122870  41.755  30.995  27.465 0.0000000000
97603  40.091  30.568  26.600 0.0000000000
97605  38.658  30.268  26.215 0.0000000000
96317  37.163  28.398  29.759 0.0000000000
96978  37.075  29.695  25.604 0.0000000000
94182  46.412  25.596  42.227 0.0000000000
94928  46.742  26.989  39.684 0.0000000000
99706  40.209  33.727  26.098 0.0000000000
123548  41.241  34.757  26.449 0.0000000000
100499  40.749  35.098  26.819 0.0000000000
140406  40.183  34.751  26.868 0.0000000000
121149  39.879  34.142  26.559 0.0000000000
93400  43.105  24.903  42.095 0.0000000000
103832  43.481  41.068  30.917 0.0000000000
103244  43.873  39.396  29.751 0.0000000000
103840  43.137  40.105  30.384 0.0000000000
104966  42.462  42.195  31.233 0.0000000000
104987  42.540  42.639  30.377 0.0000000000
104409  42.879  41.756  31.330 0.0000000000
104420  44.021  41.842  30.657 0.0000000000
97589  45.239  31.129  27.792 0.0000000000
121056  44.003  31.213  26.692 0.0000000000
97590  44.342  31.105  27.619 0.0000000000
98971  34.564  32.557  27.528 0.0000000000
138852  34.864  32.133  26.675 0.0000000000
98999  34.825  31.968  23.021 0.0000000000
99008  34.742  31.782  22.415 0.0000000000
98335  34.124  31.166  22.521 0.0000000000
98343  34.561  31.399  22.107 0.0000000000
104469  43.486  40.850  22.759 0.0000000000
104484  42.973  40.091  22.024 0.0000000000
104470  42.302  40.577  23.186 0.0000000000
99700  35.997  33.425  27.367 0.0000000000
99689  35.161  33.558  27.954 0.0000000000
98964  34.037  32.789  28.103 0.0000000000
104957  37.186  40.709  30.891 0.0000000000
104403  37.016  40.388  31.233 0.0000000000
104404  36.051  40.409  31.246 0.0000000000
105547  36.500  42.810  29.631 0.0000000000
120071  36.274  42.047  29.047 0.0000000000
104980  36.762  41.679  29.883 0.0000000000
104969  37.325  41.025  30.402 0.0000000000
98229  42.340  31.228  36.657 0.0000000000
131476  41.943  31.191  35.773 0.0000000000
97527  42.010  30.597  36.929 0.0000000000
127786  43.352  26.915  36.196 0.0000000000
102633  45.570  37.487  25.827 0.0000000000
101982  45.596  36.281  24.783 0.0000000000
101974  46.055  36.932  25.310 0.0000000000
99705  47.040  33.604  26.722 0.0000000000
99704  47.577  33.494  26.361 0.0000000000
99696  47.770  33.047  27.499 0.0000000000
98969  48.202  32.508  27.004 0.0000000000
99685  47.778  33.132  28.501 0.0000000000
101217  38.328  35.063  30.952 0.0000000000
100464  39.180  34.870  30.695 0.0000000000
100456  38.691  34.385  31.289 0.0000000000
100405  43.232  35.903  34.809 0.0000000000
100422  43.832  35.424  34.159 0.0000000000
101201  44.705  35.804  34.312 0.0000000000
126386  46.035  35.664  34.270 0.0000000000
101187  45.695  36.022  35.082 0.0000000000
100394  46.169  35.412  35.237 0.0000000000
101177  44.984  36.297  35.971 0.0000000000
99569  41.858  34.247  40.579 0.0000000000
109579  36.437  50.906  23.935 0.0000000000
109061  36.635  49.827  23.706 0.0000000000
109075  36.614  48.789  23.236 0.0000000000
109060  37.811  49.672  23.825 0.0000000000
107865  35.592  46.893  24.552 0.0000000000
108431  36.494  47.845  24.851 0.0000000000
133272  36.667  47.078  24.615 0.0000000000
106787  42.978  45.193  24.558 0.0000000000
107336  41.728  45.790  23.724 0.0000000000
129376  42.463  45.463  23.717 0.0000000000
141491  42.600  45.420  23.073 0.0000000000
107335  43.095  45.172  23.661 0.0000000000
106253  44.251  44.133  23.213 0.0000000000
106785  44.289  44.345  24.012 0.0000000000
103277  46.499  38.945  26.683 0.0000000000
103858  46.183  39.715  26.849 0.0000000000
102610  46.039  38.278  26.261 0.0000000000
99036  43.758  32.731  19.693 0.0000000000
99025  42.329  33.030  20.218 0.0000000000
99048  43.399  32.222  19.520 0.0000000000
136133  38.800  30.461  22.652 0.0000000000
97652  39.078  30.492  21.781 0.0000000000
135492  38.123  30.396  23.010 0.0000000000
97640  37.372  30.088  22.220 0.0000000000
97628  37.356  30.237  23.444 0.0000000000
96307  39.134  28.613  31.861 0.0000000000
96929  39.620  29.196  30.609 0.0000000000
96921  38.915  28.713  31.050 0.0000000000
99709  37.317  33.323  26.618 0.0000000000
133019  39.016  32.724  24.544 0.0000000000
98987  37.636  32.523  25.135 0.0000000000
98997  36.359  32.356  23.785 0.0000000000
140588  37.734  32.559  23.778 0.0000000000
103861  42.077  39.186  26.657 0.0000000000
103862  41.247  39.258  26.394 0.0000000000
124564  41.192  38.600  26.706 0.0000000000
101952  39.630  36.287  27.327 0.0000000000
128782  39.939  37.634  26.841 0.0000000000
121246  37.803  34.570  27.445 0.0000000000
100502  37.416  33.956  27.140 0.0000000000
99699  36.783  33.736  27.174 0.0000000000
95600  39.789  27.569  39.815 0.0000000000
94951  40.301  26.967  38.921 0.0000000000
137881  40.502  26.281  39.950 0.0000000000
94198  43.690  25.428  40.360 0.0000000000
94217  42.800  25.575  39.746 0.0000000000
94216  43.674  25.797  39.566 0.0000000000
94930  44.201  26.133  39.056 0.0000000000
94929  45.515  26.532  39.331 0.0000000000
107380  35.720  46.026  19.815 0.0000000000
107915  35.907  46.992  18.726 0.0000000000
103844  46.656  39.061  28.485 0.0000000000
103261  47.171  38.186  27.616 0.0000000000
124271  46.662  38.611  28.543 0.0000000000
130567  45.729  37.444  28.290 0.0000000000
101930  45.056  36.397  27.962 0.0000000000
101267  45.776  35.229  27.063 0.0000000000
101254  44.607  35.330  27.867 0.0000000000
118330  35.972  34.121  33.655 0.0000000000
100427  37.365  33.791  33.269 0.0000000000
122450  36.943  34.016  34.083 0.0000000000
137987  38.520  35.246  35.948 0.0000000000
100396  38.588  35.028  35.349 0.0000000000
101193  39.406  35.326  35.257 0.0000000000
101192  40.316  35.642  35.337 0.0000000000
101182  39.982  35.994  35.890 0.0000000000
101873  41.345  36.839  36.543 0.0000000000
101165  39.732  36.228  37.012 0.0000000000
124221  40.129  36.440  38.612 0.0000000000
101818  40.435  36.716  39.720 0.0000000000
101106  41.644  36.728  40.553 0.0000000000
101804  41.212  37.131  40.645 0.0000000000
143497  39.454  42.869  26.035 0.0000000000
106239  39.535  43.473  25.676 0.0000000000
106227  40.151  42.979  26.290 0.0000000000
105573  43.014  43.316  28.748 0.0000000000
105579  41.815  43.354  27.288 0.0000000000
106214  42.706  43.755  27.676 0.0000000000
106768  42.485  44.715  26.232 0.0000000000
106213  43.412  43.741  27.972 0.0000000000
106212  44.117  43.544  27.556 0.0000000000
105572  43.976  43.209  28.461 0.0000000000
136131  45.702  40.085  29.447 0.0000000000
104974  45.198  41.257  29.153 0.0000000000
104418  45.812  40.321  29.052 0.0000000000
104427  46.503  39.793  28.123 0.0000000000
141056  44.834  31.049  22.710 0.0000000000
97647  44.587  30.922  21.950 0.0000000000
119076  44.173  30.978  22.951 0.0000000000
97625  42.355  30.913  24.683 0.0000000000
118837  42.409  30.865  23.715 0.0000000000
118836  41.629  30.719  24.162 0.0000000000
118835  40.957  30.537  23.752 0.0000000000
97626  40.864  30.590  24.733 0.0000000000
96983  31.671  30.500  25.773 0.0000000000
118347  32.381  31.165  25.274 0.0000000000
121103  34.462  31.686  25.886 0.0000000000
98314  34.772  31.723  25.290 0.0000000000
98327  33.152  31.283  23.946 0.0000000000
96991  32.671  30.632  24.490 0.0000000000
96990  33.233  30.065  23.806 0.0000000000
120163  33.872  29.297  23.248 0.0000000000
96365  34.412  28.819  22.309 0.0000000000
105626  44.220  41.275  20.509 0.0000000000
104503  44.591  39.720  20.048 0.0000000000
103912  41.356  39.513  21.644 0.0000000000
103927  41.933  39.330  20.671 0.0000000000
103928  40.950  39.418  21.029 0.0000000000
103929  40.017  39.534  21.290 0.0000000000
104411  40.266  40.748  31.043 0.0000000000
103835  40.124  40.049  31.120 0.0000000000
103824  39.208  39.863  31.363 0.0000000000
131012  37.689  37.900  31.127 0.0000000000
101901  37.275  36.189  31.189 0.0000000000
101894  34.381  36.278  32.394 0.0000000000
100443  34.742  34.759  32.872 0.0000000000
109531  31.832  50.012  27.760 0.0000000000
109012  31.649  48.740  27.469 0.0000000000
108410  32.547  47.007  25.890 0.0000000000
138116  33.101  46.570  25.299 0.0000000000
107867  33.789  46.545  24.838 0.0000000000
105574  35.961  41.880  27.447 0.0000000000
106228  35.728  42.893  26.061 0.0000000000
106242  36.074  43.280  25.490 0.0000000000
105589  36.466  42.620  25.966 0.0000000000
105588  37.268  42.806  25.655 0.0000000000
105010  37.273  41.683  26.743 0.0000000000
104412  38.719  40.839  30.802 0.0000000000
104429  39.418  40.736  29.470 0.0000000000
104422  39.548  40.905  30.610 0.0000000000
104421  40.587  41.104  30.839 0.0000000000
98245  43.926  31.851  32.448 0.0000000000
97550  43.276  31.096  30.624 0.0000000000
98253  43.082  31.524  32.147 0.0000000000
97543  40.411  30.661  33.692 0.0000000000
97542  40.872  30.790  32.892 0.0000000000
97548  40.175  30.264  32.923 0.0000000000
97547  40.152  29.825  32.065 0.0000000000
96913  39.716  29.566  34.107 0.0000000000
95635  41.301  27.537  37.765 0.0000000000
96290  41.235  28.627  37.176 0.0000000000
95646  41.417  27.768  37.068 0.0000000000
95663  41.639  27.182  35.277 0.0000000000
95654  40.987  27.836  35.654 0.0000000000
95664  40.742  27.473  34.934 0.0000000000
95665  39.629  27.305  34.222 0.0000000000
94981  40.272  26.878  34.438 0.0000000000
94255  40.405  25.535  33.804 0.0000000000
94246  41.733  26.076  34.264 0.0000000000
100509  42.772  35.194  25.923 0.0000000000
99717  42.815  34.016  24.878 0.0000000000
100518  43.275  34.711  25.284 0.0000000000
100532  44.771  34.502  23.193 0.0000000000
128478  44.714  34.054  21.655 0.0000000000
99740  45.608  33.989  21.491 0.0000000000
132464  47.303  36.094  25.681 0.0000000000
101291  46.893  35.797  24.242 0.0000000000
143579  47.268  35.290  24.289 0.0000000000
125064  47.540  33.309  23.199 0.0000000000
99737  47.211  33.468  22.225 0.0000000000
99013  47.365  32.691  22.349 0.0000000000
99024  46.726  32.392  20.986 0.0000000000
98346  47.144  32.198  21.692 0.0000000000
97661  46.441  31.317  21.599 0.0000000000
143271  47.072  31.793  22.655 0.0000000000
98299  47.492  31.705  26.699 0.0000000000
98310  47.111  31.944  25.210 0.0000000000
98300  46.622  31.503  26.555 0.0000000000
98292  45.931  31.281  27.163 0.0000000000
98281  47.240  31.450  28.195 0.0000000000
102563  40.595  38.090  29.988 0.0000000000
102562  41.703  37.440  29.472 0.0000000000
123034  40.939  37.199  29.705 0.0000000000
101225  41.213  34.734  30.054 0.0000000000
101238  41.715  35.208  29.517 0.0000000000
100476  42.626  34.756  29.272 0.0000000000
119612  43.594  34.606  28.763 0.0000000000
100475  43.330  34.204  29.446 0.0000000000
99646  39.886  33.741  32.698 0.0000000000
99654  40.515  33.811  32.158 0.0000000000
100440  41.264  33.900  32.490 0.0000000000
100450  44.804  34.422  32.011 0.0000000000
131278  43.902  34.360  32.260 0.0000000000
99653  44.850  34.038  31.181 0.0000000000
99661  44.904  33.803  30.409 0.0000000000
99651  46.698  34.154  31.071 0.0000000000
99659  47.576  33.546  30.262 0.0000000000
99650  47.438  33.970  31.168 0.0000000000
99645  47.540  33.830  32.868 0.0000000000
98933  47.636  33.602  31.602 0.0000000000
98940  47.546  32.903  31.543 0.0000000000
98250  46.673  32.048  31.247 0.0000000000
98941  46.743  32.559  32.040 0.0000000000
98243  45.857  31.968  31.816 0.0000000000
98928  45.940  32.847  33.338 0.0000000000
138366  45.200  33.805  35.899 0.0000000000
98919  44.739  32.962  34.745 0.0000000000
98910  44.639  33.255  35.647 0.0000000000
98912  43.193  32.472  36.444 0.0000000000
98907  43.815  33.105  36.575 0.0000000000
101164  41.849  36.830  36.801 0.0000000000
100381  42.206  36.102  36.874 0.0000000000
100362  41.589  35.168  37.279 0.0000000000
98880  40.479  33.062  39.209 0.0000000000
131517  40.632  33.181  37.864 0.0000000000
98893  40.275  32.735  38.308 0.0000000000
98902  40.680  32.325  37.664 0.0000000000
98209  39.725  31.376  38.708 0.0000000000
96875  39.439  29.896  39.147 0.0000000000
109612  35.269  49.587  21.950 0.0000000000
109619  36.193  51.054  21.736 0.0000000000
109620  35.401  49.696  21.130 0.0000000000
108477  34.493  47.972  21.127 0.0000000000
107355  37.118  46.316  22.077 0.0000000000
107365  36.559  45.573  21.518 0.0000000000
107364  37.493  45.264  21.645 0.0000000000
106805  38.200  44.491  21.462 0.0000000000
107363  38.654  45.511  21.832 0.0000000000
107339  39.203  45.835  24.608 0.0000000000
133267  38.824  46.567  24.589 0.0000000000
108426  40.722  47.790  23.216 0.0000000000
108427  40.215  48.334  23.888 0.0000000000
109039  40.139  49.344  24.070 0.0000000000
109072  40.215  48.990  23.252 0.0000000000
108456  39.906  48.398  22.623 0.0000000000
108455  40.455  48.227  22.643 0.0000000000
106798  41.963  45.265  22.236 0.0000000000
107361  40.812  45.779  21.872 0.0000000000
129500  41.594  44.756  21.907 0.0000000000
106262  42.084  43.637  21.615 0.0000000000
105613  42.523  42.459  20.992 0.0000000000
135954  43.010  43.257  21.544 0.0000000000
105602  45.497  42.487  22.501 0.0000000000
105611  45.360  41.943  21.657 0.0000000000
129186  45.664  41.860  22.552 0.0000000000
105051  45.199  41.352  22.551 0.0000000000
105038  45.025  41.834  23.566 0.0000000000
105586  45.092  42.747  26.039 0.0000000000
105015  45.287  42.052  25.809 0.0000000000
104439  45.018  40.819  26.683 0.0000000000
105006  44.813  41.451  26.238 0.0000000000
127386  43.883  41.403  25.974 0.0000000000
104448  43.974  40.913  26.454 0.0000000000
104440  43.277  40.357  26.528 0.0000000000
134846  43.114  39.674  26.708 0.0000000000
101976  44.055  36.377  25.771 0.0000000000
101965  43.435  36.938  26.336 0.0000000000
101280  43.083  36.071  26.122 0.0000000000
101281  42.213  35.747  26.461 0.0000000000
99727  42.185  33.278  23.512 0.0000000000
99734  41.288  32.961  23.102 0.0000000000
119092  40.120  32.602  21.112 0.0000000000
99016  39.744  32.665  21.953 0.0000000000
119091  38.960  32.626  21.355 0.0000000000
118823  38.117  32.566  21.997 0.0000000000
118792  38.024  32.517  20.982 0.0000000000
97665  42.118  30.868  20.861 0.0000000000
98359  42.055  31.436  19.810 0.0000000000
97681  40.591  30.886  20.123 0.0000000000
97684  37.853  30.375  19.976 0.0000000000
97683  38.682  30.730  19.872 0.0000000000
98363  37.229  30.628  19.977 0.0000000000
99042  36.907  31.391  20.184 0.0000000000
98364  36.347  30.950  20.234 0.0000000000
97686  35.645  30.691  20.563 0.0000000000
97685  36.437  30.100  20.283 0.0000000000
97000  36.540  28.562  21.349 0.0000000000
96370  36.046  28.395  21.047 0.0000000000
96363  36.327  27.852  21.613 0.0000000000
96371  35.763  27.660  21.507 0.0000000000
96364  36.341  27.258  21.913 0.0000000000
97571  42.558  30.920  29.491 0.0000000000
97582  42.201  30.990  28.326 0.0000000000
119512  41.926  30.815  29.052 0.0000000000
96948  39.486  29.699  28.749 0.0000000000
121060  40.375  30.544  27.509 0.0000000000
97594  39.626  30.334  27.311 0.0000000000
97604  39.375  30.405  26.451 0.0000000000
96968  38.884  30.132  27.079 0.0000000000
95004  36.969  26.671  30.875 0.0000000000
95682  36.878  27.792  30.271 0.0000000000
95688  36.565  27.759  29.615 0.0000000000
99708  38.830  33.198  26.052 0.0000000000
98977  37.972  32.894  26.016 0.0000000000
98985  39.362  32.959  25.279 0.0000000000
102613  41.751  37.220  26.920 0.0000000000
102614  40.909  37.660  26.947 0.0000000000
101950  40.940  36.713  27.095 0.0000000000
101951  40.348  36.265  27.217 0.0000000000
101270  39.147  35.509  27.424 0.0000000000
100500  39.533  34.732  27.107 0.0000000000
100512  39.111  33.987  26.685 0.0000000000
94186  41.543  25.829  41.564 0.0000000000
94200  41.467  25.572  40.746 0.0000000000
94185  42.242  25.286  41.573 0.0000000000
93408  43.244  25.019  41.264 0.0000000000
94184  44.172  25.161  41.153 0.0000000000
103837  45.882  39.498  29.266 0.0000000000
138224  46.301  38.987  28.975 0.0000000000
128989  45.038  39.599  29.697 0.0000000000
133528  44.544  38.744  29.209 0.0000000000
102573  43.951  37.754  28.733 0.0000000000
119113  36.053  34.308  35.943 0.0000000000
100398  36.851  34.390  35.175 0.0000000000
118321  37.118  34.570  36.200 0.0000000000
118505  38.348  35.337  37.194 0.0000000000
104997  41.543  42.051  28.519 0.0000000000
135584  41.480  42.564  27.641 0.0000000000
105566  42.492  42.692  29.299 0.0000000000
105565  43.117  42.956  29.911 0.0000000000
105564  43.907  42.706  29.422 0.0000000000
104976  43.531  42.489  30.486 0.0000000000
104419  45.002  40.983  29.900 0.0000000000
98313  44.732  31.561  25.136 0.0000000000
118788  44.019  31.156  23.860 0.0000000000
97610  43.979  31.268  25.695 0.0000000000
128097  43.367  31.160  26.143 0.0000000000
97601  42.653  31.099  26.196 0.0000000000
98998  35.317  32.051  23.985 0.0000000000
98325  34.558  31.698  24.435 0.0000000000
125235  34.325  31.668  23.549 0.0000000000
141263  33.900  31.429  23.374 0.0000000000
124167  33.641  31.291  23.305 0.0000000000
97642  33.735  30.936  22.878 0.0000000000
97001  34.235  30.495  22.079 0.0000000000
97656  34.683  30.059  21.291 0.0000000000
104493  45.300  40.118  21.004 0.0000000000
103925  44.707  39.695  20.517 0.0000000000
104485  41.785  39.909  22.368 0.0000000000
103902  40.808  39.668  22.610 0.0000000000
101256  35.206  34.685  28.266 0.0000000000
100491  34.484  34.146  28.385 0.0000000000
139767  38.716  40.616  31.204 0.0000000000
143319  38.829  39.927  31.490 0.0000000000
132935  37.685  40.025  31.484 0.0000000000
124990  37.131  39.360  31.486 0.0000000000
106739  36.432  44.058  29.003 0.0000000000
123746  35.017  43.360  28.190 0.0000000000
134793  35.965  42.609  28.673 0.0000000000
105567  35.684  42.249  28.116 0.0000000000
104991  36.395  41.519  28.269 0.0000000000
104435  37.472  40.999  27.880 0.0000000000
104968  37.949  40.840  30.185 0.0000000000
98931  43.160  32.375  34.540 0.0000000000
98246  42.537  31.625  32.725 0.0000000000
135323  41.707  31.684  33.997 0.0000000000
98236  41.368  31.367  34.665 0.0000000000
97533  40.803  30.053  35.531 0.0000000000
94961  42.516  26.537  37.738 0.0000000000
95645  42.528  27.062  36.202 0.0000000000
95662  42.793  26.969  35.125 0.0000000000
101294  44.187  35.069  24.885 0.0000000000
101287  44.629  35.913  25.122 0.0000000000
101293  45.094  35.557  24.394 0.0000000000
101299  45.470  35.147  23.682 0.0000000000
101279  47.012  35.518  26.346 0.0000000000
100523  47.588  34.553  24.454 0.0000000000
100517  47.583  34.404  25.511 0.0000000000
131018  48.063  33.108  24.655 0.0000000000
98993  47.939  32.672  24.738 0.0000000000
98331  47.608  32.487  24.031 0.0000000000
98984  47.943  32.443  25.438 0.0000000000
98298  48.061  32.030  26.841 0.0000000000
135330  48.505  32.187  28.554 0.0000000000
101909  39.758  36.452  30.127 0.0000000000
101916  40.533  36.344  29.783 0.0000000000
101908  40.142  35.644  30.113 0.0000000000
101226  40.461  34.937  30.259 0.0000000000
100462  40.790  34.364  30.683 0.0000000000
100407  41.298  34.646  34.231 0.0000000000
122410  41.875  34.301  33.369 0.0000000000
100423  42.916  34.844  33.859 0.0000000000
100437  44.601  34.821  32.871 0.0000000000
133677  45.813  35.060  32.692 0.0000000000
129328  46.738  34.954  32.312 0.0000000000
100436  46.722  35.211  32.926 0.0000000000
100419  47.133  34.727  33.636 0.0000000000
99635  47.353  34.034  33.496 0.0000000000
99636  46.681  33.582  33.956 0.0000000000
100404  46.424  34.680  35.169 0.0000000000
99621  45.915  34.209  35.700 0.0000000000
99616  44.729  34.312  36.481 0.0000000000
100354  40.957  35.756  38.836 0.0000000000
122548  40.838  34.857  38.260 0.0000000000
129988  40.774  34.758  39.006 0.0000000000
99588  40.915  34.039  39.600 0.0000000000
109596  36.055  51.025  23.033 0.0000000000
109597  35.546  49.845  22.669 0.0000000000
109077  35.126  48.694  22.416 0.0000000000
107883  34.949  47.386  22.079 0.0000000000
108459  36.039  47.743  22.629 0.0000000000
107881  36.508  46.970  22.309 0.0000000000
107880  37.979  47.192  22.389 0.0000000000
109027  34.450  49.039  25.642 0.0000000000
109553  34.954  50.269  26.402 0.0000000000
109026  35.621  49.404  25.655 0.0000000000
109043  36.142  48.630  25.242 0.0000000000
106788  40.581  45.526  24.583 0.0000000000
107338  40.191  46.105  24.392 0.0000000000
107337  40.978  46.101  23.959 0.0000000000
107859  41.273  46.494  23.036 0.0000000000
107873  41.009  47.355  22.612 0.0000000000
107878  40.873  47.355  22.200 0.0000000000
107872  41.135  46.616  22.361 0.0000000000
107349  42.250  45.379  22.569 0.0000000000
106797  42.594  44.842  22.348 0.0000000000
106260  43.759  43.389  21.905 0.0000000000
106256  44.090  43.822  22.544 0.0000000000
106255  44.907  43.421  22.831 0.0000000000
106251  45.199  43.112  23.910 0.0000000000
104437  45.903  40.457  27.124 0.0000000000
129228  45.835  40.416  26.936 0.0000000000
103859  45.187  40.045  26.827 0.0000000000
103860  44.096  39.357  26.720 0.0000000000
134494  44.833  38.144  26.349 0.0000000000
101964  44.480  37.197  26.047 0.0000000000
99742  42.787  33.417  21.697 0.0000000000
99743  41.909  33.039  21.172 0.0000000000
99026  41.449  32.775  20.264 0.0000000000
99027  40.517  32.542  20.177 0.0000000000
97650  40.975  30.484  21.883 0.0000000000
97668  39.840  30.694  20.555 0.0000000000
143519  39.295  30.578  20.973 0.0000000000
119071  38.588  30.450  20.779 0.0000000000
122398  37.813  30.255  20.521 0.0000000000
97654  37.299  29.813  21.038 0.0000000000
97641  36.924  29.352  21.603 0.0000000000
96994  36.573  28.324  22.236 0.0000000000
96928  40.706  29.970  30.519 0.0000000000
97573  41.104  30.431  29.237 0.0000000000
96938  40.557  29.949  29.817 0.0000000000
96939  39.768  29.494  29.705 0.0000000000
125613  38.872  29.278  29.287 0.0000000000
99711  35.831  32.611  26.672 0.0000000000
140447  35.367  32.362  26.674 0.0000000000
118234  36.166  32.303  25.921 0.0000000000
98988  36.477  32.309  24.899 0.0000000000
104459  42.358  41.121  25.118 0.0000000000
122854  41.870  40.761  24.309 0.0000000000
103875  40.843  39.591  25.819 0.0000000000
130485  38.123  35.550  27.626 0.0000000000
101271  37.342  35.176  27.728 0.0000000000
100503  36.370  34.282  27.718 0.0000000000
106733  36.376  44.617  29.066 0.0000000000
106172  36.818  43.935  29.549 0.0000000000
105531  36.851  43.534  30.060 0.0000000000
96883  40.046  29.765  38.081 0.0000000000
96286  40.771  29.073  37.900 0.0000000000
96270  40.629  28.178  38.212 0.0000000000
95619  40.895  27.273  38.348 0.0000000000
94962  41.664  26.844  38.081 0.0000000000
125763  41.856  25.579  39.885 0.0000000000
137412  42.239  25.831  39.281 0.0000000000
94231  42.168  26.263  38.613 0.0000000000
94949  43.364  26.257  38.383 0.0000000000
94959  44.866  26.666  37.458 0.0000000000
102609  46.797  38.175  26.489 0.0000000000
101973  46.779  36.959  25.534 0.0000000000
102608  47.249  37.938  26.853 0.0000000000
102630  47.270  37.336  26.672 0.0000000000
101278  47.237  36.240  26.321 0.0000000000
102571  46.762  37.800  28.159 0.0000000000
101948  47.007  37.097  27.585 0.0000000000
101266  46.612  35.628  26.704 0.0000000000
100496  46.098  34.400  26.905 0.0000000000
99698  46.100  33.661  27.718 0.0000000000
100442  36.521  34.282  32.509 0.0000000000
99647  38.354  33.960  32.038 0.0000000000
99640  37.798  33.817  32.693 0.0000000000
99638  39.253  33.775  33.189 0.0000000000
100425  39.453  34.187  33.961 0.0000000000
100410  37.843  34.443  34.831 0.0000000000
100409  38.789  34.568  34.547 0.0000000000
122367  40.338  34.357  34.090 0.0000000000
134543  40.766  35.226  34.785 0.0000000000
101191  41.729  35.680  35.104 0.0000000000
119019  43.517  36.570  35.640 0.0000000000
101178  43.988  36.595  36.013 0.0000000000
101179  42.885  36.856  36.013 0.0000000000
101858  41.532  36.905  36.815 0.0000000000
101147  41.048  36.594  37.563 0.0000000000
101834  40.755  36.443  38.043 0.0000000000
101131  40.755  36.329  38.458 0.0000000000
101115  41.068  36.318  39.719 0.0000000000
101114  41.850  36.105  40.561 0.0000000000
100330  42.520  35.188  41.197 0.0000000000
110046  37.386  51.339  24.793 0.0000000000
128451  37.410  44.861  24.582 0.0000000000
107341  37.097  45.610  24.478 0.0000000000
106790  37.964  44.661  24.699 0.0000000000
135041  39.131  44.192  25.144 0.0000000000
122047  39.958  44.278  25.293 0.0000000000
106226  41.209  43.619  26.532 0.0000000000
124988  40.798  44.836  25.201 0.0000000000
106777  41.920  45.033  25.374 0.0000000000
106776  42.763  45.041  25.444 0.0000000000
106775  43.469  44.811  25.306 0.0000000000
106774  44.208  44.377  24.942 0.0000000000
106236  43.993  44.336  25.971 0.0000000000
119536  44.448  43.622  26.541 0.0000000000
105570  45.061  42.165  27.648 0.0000000000
105563  44.565  42.500  28.528 0.0000000000
104985  45.227  41.645  28.377 0.0000000000
104996  45.586  41.127  27.465 0.0000000000
104433  46.147  40.332  27.632 0.0000000000
103857  46.753  39.387  27.207 0.0000000000
98356  44.734  31.267  19.625 0.0000000000
98372  43.634  31.646  19.482 0.0000000000
97677  44.327  30.909  20.089 0.0000000000
97664  42.936  30.837  20.824 0.0000000000
119848  42.662  30.769  21.670 0.0000000000
97637  43.281  30.930  23.321 0.0000000000
118834  42.516  30.791  22.663 0.0000000000
97649  41.831  30.702  21.840 0.0000000000
118832  40.563  30.477  22.867 0.0000000000
97638  40.196  30.404  23.856 0.0000000000
97639  39.178  30.377  23.812 0.0000000000
94990  38.431  26.500  32.688 0.0000000000
95671  38.156  27.698  31.860 0.0000000000
94266  37.938  26.168  32.163 0.0000000000
96972  31.821  29.749  25.848 0.0000000000
120805  33.668  31.482  25.589 0.0000000000
98316  33.089  31.384  24.738 0.0000000000
96982  32.234  30.233  25.239 0.0000000000
96353  32.593  29.385  25.458 0.0000000000
96352  33.235  28.971  25.036 0.0000000000
133582  34.053  27.695  23.842 0.0000000000
103938  44.008  39.401  19.950 0.0000000000
103948  43.260  39.395  19.411 0.0000000000
104472  40.381  39.724  23.354 0.0000000000
103834  41.557  40.716  31.080 0.0000000000
103841  41.978  39.748  30.457 0.0000000000
103236  40.996  39.902  30.806 0.0000000000
103237  40.381  39.060  30.548 0.0000000000
119120  39.877  38.130  30.285 0.0000000000
103228  38.807  38.918  31.048 0.0000000000
102557  39.137  38.013  30.557 0.0000000000
135973  39.532  37.286  30.222 0.0000000000
129920  38.833  36.702  30.480 0.0000000000
101209  36.313  34.796  32.029 0.0000000000
119538  35.783  34.404  32.763 0.0000000000
143398  35.227  34.333  33.425 0.0000000000
100412  35.255  34.140  34.364 0.0000000000
109010  32.866  49.141  26.861 0.0000000000
109011  32.127  48.654  27.264 0.0000000000
109029  32.665  48.086  26.312 0.0000000000
109028  33.500  48.606  25.840 0.0000000000
138426  34.120  48.200  25.169 0.0000000000
134753  34.512  47.409  24.745 0.0000000000
107342  36.136  45.318  24.497 0.0000000000
118373  34.768  43.136  26.978 0.0000000000
136869  34.745  44.857  24.759 0.0000000000
106792  35.529  44.687  24.681 0.0000000000
106791  36.535  44.575  24.660 0.0000000000
106241  37.726  43.373  25.310 0.0000000000
105587  37.993  42.709  25.733 0.0000000000
105008  38.975  41.442  27.144 0.0000000000
104434  38.267  40.847  27.940 0.0000000000
104999  39.380  40.887  28.260 0.0000000000
125155  40.476  41.361  28.302 0.0000000000
126421  41.018  41.419  29.355 0.0000000000
104967  41.686  41.695  30.964 0.0000000000
97559  44.821  30.969  29.794 0.0000000000
134328  44.093  30.972  28.903 0.0000000000
97560  44.105  31.044  30.164 0.0000000000
97561  42.479  30.877  30.124 0.0000000000
97562  41.734  30.629  30.362 0.0000000000
97545  42.251  31.251  32.037 0.0000000000
97552  41.592  30.583  31.013 0.0000000000
135856  41.212  30.318  30.618 0.0000000000
96917  39.633  29.160  32.010 0.0000000000
96304  39.231  28.683  32.711 0.0000000000
135421  41.314  29.361  37.155 0.0000000000
96291  41.087  28.928  36.607 0.0000000000
96912  40.207  29.485  34.959 0.0000000000
118350  41.716  27.538  36.165 0.0000000000
96297  40.773  28.542  35.825 0.0000000000
96299  39.804  28.694  34.593 0.0000000000
96302  39.073  28.015  33.285 0.0000000000
95668  38.732  27.274  33.042 0.0000000000
94989  39.017  26.523  33.414 0.0000000000
100520  41.426  34.131  25.910 0.0000000000
118413  41.029  33.496  25.213 0.0000000000
99718  41.911  33.737  25.108 0.0000000000
140989  42.287  33.564  24.372 0.0000000000
100526  43.707  34.342  24.553 0.0000000000
99732  43.841  33.953  23.068 0.0000000000
99733  42.950  33.503  22.801 0.0000000000
99741  43.749  33.813  21.981 0.0000000000
99755  44.268  33.355  20.203 0.0000000000
99754  45.379  33.038  20.107 0.0000000000
101981  46.437  36.390  24.823 0.0000000000
101298  46.351  35.258  23.524 0.0000000000
100530  46.603  34.652  22.825 0.0000000000
118744  47.482  34.144  23.645 0.0000000000
100536  46.810  34.032  22.156 0.0000000000
100537  46.123  34.328  22.157 0.0000000000
99747  45.935  33.424  20.808 0.0000000000
99033  46.181  32.660  20.403 0.0000000000
99034  45.609  32.222  19.750 0.0000000000
98348  46.089  31.390  20.606 0.0000000000
97646  45.652  31.142  22.400 0.0000000000
97635  46.007  31.517  23.427 0.0000000000
98323  47.122  32.151  24.203 0.0000000000
98324  46.481  31.885  24.156 0.0000000000
97622  45.582  31.703  24.481 0.0000000000
98312  45.597  31.655  25.471 0.0000000000
97579  45.473  31.020  28.621 0.0000000000
103245  42.762  39.036  29.731 0.0000000000
131199  42.508  37.935  29.342 0.0000000000
101932  43.286  36.572  28.658 0.0000000000
101915  41.463  36.285  29.420 0.0000000000
101237  42.394  35.765  29.061 0.0000000000
127801  43.897  34.981  28.244 0.0000000000
100488  45.345  33.908  28.122 0.0000000000
99687  45.910  33.588  28.632 0.0000000000
99655  39.716  33.819  31.866 0.0000000000
100453  41.213  34.001  31.506 0.0000000000
124339  42.686  33.950  30.880 0.0000000000
100452  42.930  34.063  32.021 0.0000000000
100460  43.363  33.929  30.294 0.0000000000
99678  44.079  33.885  29.857 0.0000000000
99676  45.675  33.639  29.323 0.0000000000
99686  46.886  33.384  28.551 0.0000000000
99674  47.684  33.305  29.389 0.0000000000
99673  48.245  32.987  29.203 0.0000000000
98270  48.285  32.073  29.189 0.0000000000
98943  48.167  32.979  30.415 0.0000000000
133953  47.572  31.575  28.882 0.0000000000
98272  46.538  31.211  28.950 0.0000000000
131219  46.338  31.268  29.850 0.0000000000
142894  45.532  31.062  30.029 0.0000000000
98251  45.268  31.540  31.188 0.0000000000
98244  44.830  31.780  31.969 0.0000000000
98937  43.966  32.261  33.295 0.0000000000
98918  45.682  33.200  34.353 0.0000000000
98929  44.812  32.656  33.780 0.0000000000
98930  43.943  32.573  34.179 0.0000000000
98228  42.715  31.767  36.160 0.0000000000
98222  42.310  31.270  37.085 0.0000000000
101162  43.895  36.079  36.254 0.0000000000
100379  44.265  34.843  36.475 0.0000000000
99618  43.459  33.723  36.712 0.0000000000
99606  40.991  34.181  37.755 0.0000000000
99605  41.513  33.734  37.264 0.0000000000
98900  42.438  33.069  37.013 0.0000000000
98216  42.461  32.001  37.152 0.0000000000
98217  41.709  31.432  37.393 0.0000000000
125317  40.278  30.531  37.849 0.0000000000
130992  39.577  29.617  38.645 0.0000000000
96253  39.607  28.342  39.575 0.0000000000
127124  40.083  28.073  40.400 0.0000000000
95590  40.745  27.810  41.107 0.0000000000
107891  35.460  46.340  21.389 0.0000000000
107366  35.931  45.779  21.276 0.0000000000
106813  36.810  44.829  20.642 0.0000000000
106806  37.512  44.439  21.084 0.0000000000
106266  38.223  43.919  21.116 0.0000000000
105616  39.495  43.051  20.991 0.0000000000
110519  37.607  52.123  26.154 0.0000000000
109565  38.434  50.891  24.910 0.0000000000
136749  37.919  46.296  24.543 0.0000000000
107861  39.995  47.030  24.192 0.0000000000
109564  39.180  50.653  25.046 0.0000000000
109577  38.819  50.344  24.472 0.0000000000
109074  38.262  48.875  23.274 0.0000000000
108457  38.782  48.217  22.677 0.0000000000
107353  39.529  46.725  22.015 0.0000000000
107352  40.634  47.006  21.959 0.0000000000
134200  39.818  44.665  21.686 0.0000000000
106264  39.923  43.590  21.418 0.0000000000
105615  40.338  42.770  21.039 0.0000000000
105614  41.367  42.602  21.018 0.0000000000
129206  44.781  41.638  21.059 0.0000000000
136470  44.553  42.507  21.568 0.0000000000
105058  45.437  41.137  21.090 0.0000000000
104482  45.213  40.577  21.638 0.0000000000
137419  44.572  40.877  22.361 0.0000000000
106247  45.103  43.140  24.646 0.0000000000
105591  45.222  42.571  24.287 0.0000000000
105016  45.162  41.910  25.687 0.0000000000
105026  45.000  42.035  24.619 0.0000000000
105027  44.189  41.851  24.375 0.0000000000
105018  43.371  41.587  25.246 0.0000000000
104441  42.478  40.094  26.405 0.0000000000
103279  43.787  38.425  26.644 0.0000000000
102612  42.823  37.722  26.723 0.0000000000
100510  41.923  34.913  26.228 0.0000000000
128371  40.574  33.113  24.583 0.0000000000
98994  39.792  32.807  24.318 0.0000000000
133998  40.473  32.747  22.600 0.0000000000
99004  39.758  32.651  23.119 0.0000000000
118825  38.097  32.597  23.159 0.0000000000
99005  37.238  32.509  22.484 0.0000000000
123071  36.376  32.412  21.946 0.0000000000
98373  42.622  31.970  19.540 0.0000000000
99038  41.542  31.969  19.488 0.0000000000
135350  39.911  32.267  19.806 0.0000000000
97682  39.592  30.840  19.969 0.0000000000
98374  39.094  31.664  19.558 0.0000000000
99029  38.703  32.409  20.372 0.0000000000
136633  37.992  32.157  20.236 0.0000000000
120004  36.502  32.290  21.200 0.0000000000
99018  35.761  32.121  21.431 0.0000000000
98351  34.986  31.112  21.305 0.0000000000
97672  35.064  30.268  20.921 0.0000000000
97008  35.946  28.903  20.595 0.0000000000
136370  35.732  28.711  20.787 0.0000000000
96372  35.070  28.107  21.531 0.0000000000
119759  42.997  31.051  28.327 0.0000000000
97592  42.641  31.105  27.587 0.0000000000
120278  41.843  31.046  26.421 0.0000000000
97584  40.680  30.444  28.379 0.0000000000
97602  40.945  30.835  26.741 0.0000000000
97613  41.298  30.864  25.681 0.0000000000
97614  40.460  30.644  25.746 0.0000000000
97615  39.210  30.423  25.596 0.0000000000
97616  38.465  30.299  25.286 0.0000000000
96316  37.757  28.448  30.398 0.0000000000
96324  38.117  28.817  29.774 0.0000000000
96940  38.060  29.114  28.945 0.0000000000
123244  36.583  28.243  28.933 0.0000000000
96325  37.265  28.750  28.724 0.0000000000
96950  37.896  29.220  28.111 0.0000000000
96969  38.181  29.839  26.785 0.0000000000
96977  37.878  30.071  25.919 0.0000000000
97617  37.481  30.144  24.745 0.0000000000
130163  36.795  29.991  23.766 0.0000000000
96988  36.448  29.305  23.298 0.0000000000
93398  45.174  24.971  42.555 0.0000000000
94183  45.157  25.331  41.618 0.0000000000
94196  46.508  26.234  41.213 0.0000000000
94214  45.995  26.487  40.191 0.0000000000
93388  43.194  25.066  42.882 0.0000000000
94170  42.568  25.415  42.502 0.0000000000
94187  41.076  26.105  41.220 0.0000000000
94201  40.758  26.111  40.543 0.0000000000
94215  44.701  25.985  39.810 0.0000000000
94218  41.029  25.857  39.928 0.0000000000
94247  40.840  26.133  34.224 0.0000000000
94248  40.089  26.152  34.083 0.0000000000
94254  41.283  25.509  33.855 0.0000000000
94256  39.524  25.797  33.615 0.0000000000
94257  38.877  25.912  33.099 0.0000000000
94265  38.512  25.656  32.449 0.0000000000
94913  47.171  26.915  40.473 0.0000000000
94914  40.352  26.586  40.326 0.0000000000
94915  40.065  26.853  39.669 0.0000000000
94931  41.477  26.021  39.282 0.0000000000
94950  41.155  26.572  38.724 0.0000000000
94960  43.666  26.438  37.565 0.0000000000
94968  42.819  26.634  36.843 0.0000000000
94979  42.236  26.626  34.677 0.0000000000
94994  37.789  26.883  31.983 0.0000000000
94996  37.034  27.378  30.846 0.0000000000
95005  36.659  27.157  30.240 0.0000000000
95599  40.156  27.227  40.432 0.0000000000
95620  40.172  27.617  38.616 0.0000000000
95621  39.748  28.248  38.708 0.0000000000
95652  43.387  27.042  35.626 0.0000000000
95667  39.192  27.280  33.717 0.0000000000
95669  38.329  27.270  32.439 0.0000000000
95672  37.542  27.545  31.349 0.0000000000
95681  37.331  28.015  30.666 0.0000000000
95694  36.251  27.602  28.816 0.0000000000
96262  39.395  28.933  38.964 0.0000000000
96271  39.905  28.976  38.394 0.0000000000
96308  38.591  28.276  31.694 0.0000000000
96309  38.028  28.258  31.132 0.0000000000
96315  38.366  28.654  30.519 0.0000000000
96864  39.675  29.288  39.711 0.0000000000
96884  39.652  30.463  38.510 0.0000000000
96896  41.143  29.273  37.447 0.0000000000
96897  40.979  29.843  37.625 0.0000000000
96907  41.353  29.792  36.630 0.0000000000
96908  40.742  29.268  35.800 0.0000000000
96915  39.634  29.541  33.034 0.0000000000
96920  39.511  29.021  31.325 0.0000000000
96957  39.927  30.175  28.180 0.0000000000
96958  39.187  29.891  27.901 0.0000000000
96959  38.441  29.633  27.594 0.0000000000
96980  36.157  28.966  24.272 0.0000000000
96987  36.617  29.658  24.538 0.0000000000
97007  36.345  28.778  20.777 0.0000000000
97009  35.283  29.285  20.799 0.0000000000
97523  41.489  30.045  37.253 0.0000000000
97524  41.287  30.591  37.437 0.0000000000
97532  40.999  30.794  35.180 0.0000000000
97537  40.730  30.930  34.377 0.0000000000
97539  39.928  30.122  33.672 0.0000000000
97546  41.434  30.739  31.930 0.0000000000
97551  42.289  30.922  30.747 0.0000000000
97553  40.855  30.162  31.306 0.0000000000
97558  45.569  31.003  29.414 0.0000000000
97570  44.050  30.982  29.497 0.0000000000
97572  41.811  30.677  29.740 0.0000000000
97580  44.603  31.007  28.402 0.0000000000
97581  43.798  31.011  28.330 0.0000000000
97583  41.434  30.739  28.397 0.0000000000
97591  43.474  31.107  27.569 0.0000000000
97593  41.024  30.726  27.723 0.0000000000
97599  44.994  31.263  26.942 0.0000000000
97611  43.092  31.081  25.338 0.0000000000
97623  44.717  31.481  24.270 0.0000000000
97651  40.013  30.514  21.714 0.0000000000
97663  44.713  30.853  20.861 0.0000000000
97667  40.538  30.688  21.028 0.0000000000
97670  36.374  29.341  20.499 0.0000000000
97676  45.231  30.981  20.224 0.0000000000
97678  43.432  30.948  20.083 0.0000000000
97679  42.528  31.023  20.101 0.0000000000
97680  41.592  31.009  20.111 0.0000000000
98192  40.177  31.695  39.528 0.0000000000
98208  40.038  31.850  38.153 0.0000000000
98218  40.510  31.316  37.703 0.0000000000
98240  42.508  31.964  33.670 0.0000000000
98241  41.049  31.232  33.760 0.0000000000
98252  43.804  31.416  31.531 0.0000000000
98257  48.001  32.341  30.068 0.0000000000
98258  47.073  31.812  30.410 0.0000000000
98260  44.977  31.161  30.428 0.0000000000
98271  47.355  31.652  29.599 0.0000000000
98289  48.359  32.138  27.811 0.0000000000
98290  47.845  31.722  27.547 0.0000000000
98291  46.891  31.442  27.362 0.0000000000
98301  45.727  31.451  26.330 0.0000000000
98322  47.600  32.317  24.933 0.0000000000
98332  47.239  32.142  23.255 0.0000000000
98333  46.847  31.813  23.303 0.0000000000
98340  47.267  32.098  22.487 0.0000000000
98341  47.039  31.688  21.973 0.0000000000
98342  35.078  31.743  21.744 0.0000000000
98347  46.740  31.805  21.120 0.0000000000
98349  36.239  31.740  20.703 0.0000000000
98350  35.512  31.512  21.007 0.0000000000
98355  45.547  31.540  19.821 0.0000000000
98357  43.966  31.211  19.638 0.0000000000
98360  41.072  31.409  19.759 0.0000000000
98361  39.311  31.250  19.696 0.0000000000
98362  38.116  30.959  19.681 0.0000000000
98371  44.329  31.524  19.429 0.0000000000
98906  44.572  33.607  36.299 0.0000000000
98908  43.071  32.618  36.726 0.0000000000
98911  43.929  32.893  36.146 0.0000000000
98921  43.237  32.376  35.649 0.0000000000
98934  47.455  33.327  32.369 0.0000000000
98935  45.786  32.331  32.464 0.0000000000
98939  47.916  33.114  31.029 0.0000000000
98963  48.504  32.571  28.931 0.0000000000
98976  48.134  32.413  26.145 0.0000000000
98995  38.226  32.599  24.263 0.0000000000
99015  40.459  32.716  21.742 0.0000000000
99023  47.102  32.885  21.595 0.0000000000
99030  37.187  32.110  20.615 0.0000000000
99035  44.726  32.522  19.573 0.0000000000
99037  42.844  32.722  19.785 0.0000000000
99039  40.566  32.015  19.469 0.0000000000
99040  39.233  32.174  19.786 0.0000000000
99047  44.158  32.023  19.322 0.0000000000
99049  39.706  31.816  19.535 0.0000000000
99622  45.292  34.469  36.254 0.0000000000
99627  46.818  34.331  34.273 0.0000000000
99629  45.429  33.541  35.252 0.0000000000
99634  47.455  34.435  32.842 0.0000000000
99637  39.933  33.954  33.448 0.0000000000
99639  38.514  33.678  32.867 0.0000000000
99641  37.102  34.008  32.640 0.0000000000
99644  47.587  33.938  32.379 0.0000000000
99652  45.685  34.027  30.929 0.0000000000
99656  39.060  33.945  31.713 0.0000000000
99660  45.965  33.772  30.204 0.0000000000
99662  44.144  33.879  30.607 0.0000000000
99677  44.917  33.730  29.567 0.0000000000
99688  45.022  33.831  28.742 0.0000000000
99695  48.020  32.913  27.040 0.0000000000
99703  48.053  32.959  26.295 0.0000000000
99716  47.971  33.686  24.994 0.0000000000
99724  47.949  32.857  23.984 0.0000000000
99739  46.370  33.760  21.539 0.0000000000
99746  46.589  33.097  21.121 0.0000000000
99756  43.196  33.230  20.174 0.0000000000
100378  44.993  35.010  36.570 0.0000000000
100380  43.122  35.361  36.491 0.0000000000
100395  45.948  35.029  35.879 0.0000000000
100411  36.186  34.143  34.472 0.0000000000
100420  46.037  35.487  33.567 0.0000000000
100426  38.643  33.928  33.662 0.0000000000
100429  34.498  34.401  33.753 0.0000000000
100439  42.635  34.307  32.908 0.0000000000
100441  37.521  34.223  32.104 0.0000000000
100447  47.428  34.303  32.077 0.0000000000
100448  47.109  34.572  31.829 0.0000000000
100454  40.269  34.058  31.304 0.0000000000
100455  39.466  34.206  31.200 0.0000000000
100477  41.938  34.561  29.836 0.0000000000
100489  44.595  34.440  28.225 0.0000000000
100498  45.074  34.960  27.542 0.0000000000
100507  47.105  34.474  26.093 0.0000000000
100511  40.631  34.326  26.397 0.0000000000
100529  47.169  34.166  22.879 0.0000000000
100533  44.028  34.198  23.836 0.0000000000
100538  45.259  34.364  22.277 0.0000000000
101146  41.513  36.501  37.271 0.0000000000
101161  44.797  35.893  36.303 0.0000000000
101176  45.559  35.820  35.816 0.0000000000
101181  40.811  36.418  35.946 0.0000000000
101186  46.237  35.529  34.574 0.0000000000
101188  44.996  36.272  35.016 0.0000000000
101189  44.125  36.230  35.086 0.0000000000
101190  42.662  36.361  35.419 0.0000000000
101200  46.617  35.298  33.759 0.0000000000
101202  33.882  34.895  33.289 0.0000000000
101218  38.053  35.937  30.793 0.0000000000
101227  39.411  35.689  30.371 0.0000000000
101253  45.507  35.875  27.536 0.0000000000
101255  44.005  35.903  28.221 0.0000000000
101265  47.092  36.438  26.784 0.0000000000
101268  40.869  35.881  27.055 0.0000000000
101285  47.423  35.495  24.995 0.0000000000
101286  47.093  36.334  25.153 0.0000000000
101803  41.972  37.097  41.042 0.0000000000
101847  41.304  36.838  37.105 0.0000000000
101848  40.938  36.761  37.361 0.0000000000
101849  40.448  36.609  37.039 0.0000000000
101857  42.057  36.925  36.403 0.0000000000
101871  45.133  36.289  35.535 0.0000000000
101874  40.601  36.544  36.529 0.0000000000
101929  46.184  36.839  27.797 0.0000000000
101947  47.223  37.066  27.281 0.0000000000
101963  47.305  36.899  26.815 0.0000000000
101967  41.607  36.279  26.867 0.0000000000
102546  38.359  37.893  30.826 0.0000000000
102561  43.070  37.484  28.995 0.0000000000
102570  47.028  38.169  28.106 0.0000000000
102607  47.307  37.478  27.243 0.0000000000
102631  47.076  37.515  26.201 0.0000000000
103251  46.202  38.411  28.697 0.0000000000
103262  46.929  38.941  27.791 0.0000000000
103823  39.575  40.415  31.245 0.0000000000
103825  38.416  39.947  31.503 0.0000000000
103827  36.726  39.889  31.449 0.0000000000
103831  44.263  41.116  30.493 0.0000000000
103839  44.254  40.330  30.297 0.0000000000
103845  46.264  39.567  28.958 0.0000000000
103924  45.100  39.812  20.768 0.0000000000
103926  43.872  39.530  20.878 0.0000000000
103939  42.321  39.277  19.747 0.0000000000
104401  38.955  40.316  31.399 0.0000000000
104410  42.028  41.519  31.275 0.0000000000
104413  37.968  40.722  30.990 0.0000000000
104423  38.646  40.755  29.969 0.0000000000
104428  40.385  41.049  30.073 0.0000000000
104430  38.512  40.626  28.897 0.0000000000
104431  37.685  40.791  28.576 0.0000000000
104450  42.012  40.508  25.723 0.0000000000
104481  45.460  40.732  21.370 0.0000000000
104494  44.938  39.818  21.023 0.0000000000
104501  45.430  40.543  21.013 0.0000000000
104502  45.128  39.933  20.639 0.0000000000
104958  36.295  41.062  30.840 0.0000000000
104965  43.213  42.259  31.155 0.0000000000
104978  42.112  42.335  30.876 0.0000000000
104979  41.350  41.602  30.516 0.0000000000
104986  44.679  42.047  29.119 0.0000000000
104990  37.056  41.097  28.283 0.0000000000
104998  40.754  41.967  27.564 0.0000000000
105000  37.807  41.298  27.205 0.0000000000
105001  36.840  41.378  27.488 0.0000000000
105025  45.163  42.159  24.862 0.0000000000
105037  45.196  42.136  23.898 0.0000000000
105050  45.636  41.286  22.040 0.0000000000
105057  45.580  41.161  21.514 0.0000000000
105066  44.053  40.342  19.814 0.0000000000
105075  43.466  39.934  19.172 0.0000000000
105578  44.729  42.813  27.053 0.0000000000
105580  40.927  42.714  26.970 0.0000000000
105581  39.276  42.316  26.382 0.0000000000
105582  37.273  42.253  26.170 0.0000000000
105584  35.811  42.396  26.666 0.0000000000
105594  45.374  43.064  23.206 0.0000000000
105627  43.302  41.475  20.325 0.0000000000
106194  35.643  43.157  28.485 0.0000000000
106215  35.090  42.981  27.725 0.0000000000
106223  43.686  44.179  26.975 0.0000000000
106224  42.979  44.381  27.085 0.0000000000
106225  42.171  44.167  26.844 0.0000000000
106249  37.335  44.066  24.880 0.0000000000
106252  44.848  43.672  23.602 0.0000000000
106257  43.268  44.300  22.431 0.0000000000
106732  37.078  44.807  29.265 0.0000000000
106740  35.627  43.869  28.689 0.0000000000
106779  38.251  44.078  24.984 0.0000000000
106780  35.769  43.924  25.038 0.0000000000
106781  34.911  44.143  25.103 0.0000000000
106789  38.716  44.875  24.759 0.0000000000
106794  43.632  44.438  22.892 0.0000000000
106802  42.260  44.602  22.090 0.0000000000
106804  38.994  44.760  21.681 0.0000000000
107329  42.225  45.309  24.570 0.0000000000
107350  41.519  45.867  22.320 0.0000000000
107360  41.447  45.708  22.084 0.0000000000
107362  39.769  45.767  21.832 0.0000000000
107372  36.276  45.336  20.924 0.0000000000
107373  35.624  45.898  20.635 0.0000000000
107379  36.313  45.703  19.531 0.0000000000
107862  38.438  47.275  24.650 0.0000000000
107863  37.336  46.701  24.566 0.0000000000
107866  34.620  46.386  24.579 0.0000000000
107890  36.106  46.223  21.862 0.0000000000
107892  34.829  47.085  21.497 0.0000000000
107901  34.783  47.157  20.557 0.0000000000
107907  36.051  46.328  19.108 0.0000000000
107914  36.503  46.765  18.491 0.0000000000
108387  31.152  48.133  27.520 0.0000000000
108444  40.439  48.517  23.193 0.0000000000
108460  35.193  47.795  22.393 0.0000000000
108469  34.691  47.862  21.969 0.0000000000
108997  31.946  49.498  27.649 0.0000000000
108998  31.482  49.198  27.549 0.0000000000
109044  34.980  48.405  25.077 0.0000000000
109073  39.622  49.068  23.233 0.0000000000
109576  39.602  50.162  24.552 0.0000000000
118302  43.936  31.267  24.780 0.0000000000
118340  40.921  32.752  21.048 0.0000000000
118435  41.174  32.408  19.760 0.0000000000
118637  37.650  31.488  19.876 0.0000000000
118715  41.992  33.988  32.269 0.0000000000
118838  41.660  30.791  24.964 0.0000000000
119570  39.811  36.143  36.509 0.0000000000
120043  45.691  38.965  29.197 0.0000000000
120277  37.194  32.497  23.402 0.0000000000
120909  47.868  33.494  25.696 0.0000000000
121801  39.039  30.385  24.798 0.0000000000
121802  39.800  30.508  25.855 0.0000000000
121861  44.229  33.854  21.056 0.0000000000
123017  34.761  35.443  32.480 0.0000000000
123019  40.717  47.740  22.265 0.0000000000
123638  41.022  36.638  40.005 0.0000000000
124206  47.167  31.703  26.015 0.0000000000
124298  41.865  38.513  29.764 0.0000000000
124351  40.811  40.597  31.066 0.0000000000
124952  45.473  35.793  34.335 0.0000000000
125733  40.966  33.157  37.580 0.0000000000
125956  43.791  30.816  21.058 0.0000000000
126567  43.318  32.244  33.703 0.0000000000
126845  35.455  41.059  31.213 0.0000000000
127732  45.523  41.784  22.950 0.0000000000
129421  39.408  27.987  34.086 0.0000000000
129557  37.221  26.033  30.773 0.0000000000
130034  43.293  30.985  29.835 0.0000000000
130054  41.750  34.238  30.571 0.0000000000
131117  38.314  40.371  31.348 0.0000000000
131442  48.276  32.638  27.741 0.0000000000
131980  43.646  44.697  23.488 0.0000000000
132279  38.107  38.745  31.277 0.0000000000
132592  36.409  39.313  31.507 0.0000000000
132813  44.317  24.814  42.803 0.0000000000
132833  35.625  48.453  22.766 0.0000000000
132967  36.745  41.233  30.465 0.0000000000
132996  47.025  33.847  30.473 0.0000000000
133402  46.685  32.848  32.696 0.0000000000
133518  39.189  35.583  35.907 0.0000000000
133686  47.142  34.995  33.078 0.0000000000
133786  39.835  35.096  30.403 0.0000000000
133874  43.041  39.288  20.224 0.0000000000
134449  43.672  24.856  42.604 0.0000000000
134675  34.812  48.808  21.297 0.0000000000
134858  40.232  47.726  22.198 0.0000000000
135222  37.297  51.985  25.392 0.0000000000
135239  38.842  42.757  25.886 0.0000000000
135282  38.568  39.547  31.397 0.0000000000
135425  48.374  32.764  29.666 0.0000000000
135814  43.581  41.730  31.040 0.0000000000
136304  38.377  30.402  20.132 0.0000000000
136311  46.355  31.845  24.967 0.0000000000
136403  46.995  36.611  27.104 0.0000000000
136609  39.692  27.620  39.115 0.0000000000
136695  36.516  43.797  25.038 0.0000000000
136797  41.230  38.014  29.766 0.0000000000
137013  46.536  33.754  27.020 0.0000000000
137608  48.084  33.167  29.976 0.0000000000
137854  44.042  36.541  35.737 0.0000000000
138073  44.392  35.215  33.614 0.0000000000
138444  41.203  36.152  35.497 0.0000000000
138477  39.972  27.761  34.621 0.0000000000
138817  40.333  28.854  35.254 0.0000000000
139031  36.675  29.033  22.174 0.0000000000
139450  37.569  35.300  31.259 0.0000000000
139817  38.743  31.238  19.651 0.0000000000
140458  37.216  47.048  22.357 0.0000000000
140571  45.291  31.551  23.898 0.0000000000
140774  46.811  31.988  24.642 0.0000000000
140987  46.909  38.577  28.159 0.0000000000
141264  39.587  32.595  21.238 0.0000000000
141400  40.201  29.590  30.347 0.0000000000
141686  48.481  32.450  28.350 0.0000000000
141702  42.060  30.864  36.478 0.0000000000
141825  44.521  31.482  31.386 0.0000000000
141851  41.227  45.313  21.904 0.0000000000
141939  42.589  30.980  28.897 0.0000000000
142372  39.910  41.486  27.566 0.0000000000
142392  43.193  30.791  21.472 0.0000000000
142677  44.532  38.772  26.586 0.0000000000
142818  42.723  33.327  20.760 0.0000000000
143093  41.553  36.750  36.080 0.0000000000
143094  37.627  28.788  29.310 0.0000000000
143227  45.228  35.973  36.182 0.0000000000
143272  38.020  33.739  33.277 0.0000000000
143349  42.039  30.967  31.348 0.0000000000
143365  41.657  40.656  25.067 0.0000000000
143421  36.901  34.402  32.173 0.0000000000
143602  45.351  36.171  35.651 0.0000000000
143722  42.382  31.137  26.906 0.0000000000
