#!ascii label  , from subject sub-v2s4x29608_ses-1 vox2ras=TkReg
844
19447  30.266  -57.165  -11.588 0.3000000119
23880  31.475  -50.624  -7.883 0.6000000238
25651  29.304  -49.664  -4.627 0.6999999881
25665  28.522  -49.748  -4.950 0.6999999881
126226  29.511  -56.286  -11.496 0.4000000060
142716  26.462  -50.303  -10.957 0.4000000060
126227  30.423  -56.326  -11.513 0.5000000000
19446  31.209  -57.156  -11.720 0.5000000000
23886  31.040  -50.127  -8.563 0.6999999881
23862  31.411  -51.059  -6.411 0.6999999881
24781  31.626  -50.287  -7.048 0.5000000000
24747  30.448  -49.922  -4.897 0.6000000238
24748  29.709  -50.105  -4.779 0.6000000238
26583  28.181  -48.762  -5.008 0.6999999881
126143  28.744  -55.426  -11.576 0.5000000000
23006  26.923  -51.122  -11.734 0.4000000060
126144  29.677  -55.431  -11.478 0.6000000238
23894  27.674  -49.897  -10.412 0.4000000060
24804  28.429  -49.668  -10.348 0.5000000000
21141  29.887  -54.592  -11.503 0.6000000238
140017  29.058  -50.153  -9.808 0.6000000238
127410  29.855  -50.192  -9.616 0.6000000238
126145  30.591  -55.507  -11.471 0.6000000238
139015  30.652  -50.170  -9.227 0.6000000238
24769  31.571  -50.226  -6.159 0.6000000238
24756  31.174  -49.955  -5.388 0.6000000238
26567  30.447  -48.751  -4.184 0.6999999881
25650  30.062  -49.446  -4.532 0.6999999881
140834  29.960  -48.545  -4.120 0.6999999881
26569  28.951  -48.911  -4.503 0.6999999881
27526  27.888  -47.784  -5.227 0.6999999881
27493  29.840  -47.697  -3.900 0.6999999881
27507  29.355  -47.549  -4.138 0.6999999881
122022  28.268  -46.995  -4.937 0.6999999881
28469  29.781  -46.960  -3.869 0.6999999881
21143  27.749  -54.505  -11.812 0.5000000000
22059  27.438  -52.360  -12.057 0.5000000000
122773  25.949  -51.829  -11.652 0.5000000000
24810  27.853  -49.573  -10.848 0.4000000060
130655  29.231  -53.701  -11.721 0.5000000000
24809  28.809  -49.433  -10.712 0.5000000000
24802  30.129  -49.390  -9.814 0.6000000238
21140  30.837  -54.685  -11.461 0.6000000238
129868  30.148  -53.773  -11.535 0.5000000000
22056  30.343  -53.002  -11.587 0.5000000000
24794  31.448  -49.815  -8.153 0.6999999881
25664  31.174  -49.523  -4.941 0.6000000238
119323  31.717  -49.620  -5.233 0.6000000238
25648  31.799  -49.226  -4.595 0.6000000238
25649  30.873  -49.201  -4.588 0.6000000238
26566  31.401  -48.740  -4.062 0.6000000238
26551  30.182  -48.190  -3.907 0.6999999881
137924  27.714  -47.006  -5.577 0.6999999881
26550  30.954  -48.213  -3.745 0.6000000238
121410  28.993  -46.933  -4.392 0.6999999881
27492  30.447  -47.562  -3.685 0.6999999881
138313  27.361  -49.928  -11.277 0.4000000060
129133  28.179  -53.547  -11.939 0.5000000000
23005  28.106  -51.618  -11.975 0.4000000060
25725  28.555  -49.414  -11.058 0.5000000000
25714  29.731  -49.310  -10.463 0.6000000238
23004  29.018  -52.094  -11.907 0.4000000060
24801  30.945  -49.389  -9.178 0.6000000238
22057  29.548  -52.916  -11.719 0.4000000060
119705  28.827  -51.005  -11.898 0.4000000060
23003  29.857  -51.949  -11.713 0.4000000060
135976  30.534  -51.230  -11.593 0.4000000060
25703  31.614  -49.409  -8.596 0.6999999881
25693  31.836  -49.826  -7.268 0.6000000238
25677  31.824  -49.943  -6.017 0.6000000238
25663  32.327  -49.531  -5.033 0.6000000238
26565  32.380  -48.887  -3.931 0.6000000238
28513  27.958  -46.255  -5.558 0.6999999881
28491  28.593  -46.118  -4.832 0.6999999881
28468  30.653  -46.799  -3.628 0.6000000238
28490  29.369  -46.115  -4.302 0.6000000238
23906  27.749  -50.319  -11.637 0.4000000060
24818  29.505  -49.633  -11.368 0.4000000060
25713  30.599  -49.116  -10.074 0.6999999881
133386  29.580  -50.568  -11.668 0.4000000060
132762  31.912  -49.228  -8.802 0.8000000119
23002  31.512  -51.542  -11.568 0.5000000000
143723  31.940  -49.414  -7.894 0.6999999881
25692  32.191  -49.793  -6.873 0.6000000238
25647  32.828  -49.345  -4.459 0.5000000000
25676  32.308  -49.730  -5.757 0.6000000238
29475  27.744  -45.698  -6.371 0.6999999881
26548  32.832  -48.344  -3.613 0.6000000238
26549  31.891  -48.270  -3.611 0.6000000238
29474  28.347  -45.302  -5.645 0.8000000119
27491  31.358  -47.439  -3.501 0.6000000238
25736  29.796  -49.353  -11.051 0.5000000000
25723  30.364  -49.162  -10.610 0.6000000238
125431  30.348  -49.578  -11.220 0.5000000000
23902  32.835  -50.612  -11.526 0.6999999881
23904  30.981  -50.397  -11.486 0.4000000060
25691  32.339  -49.549  -7.861 0.6999999881
124462  32.805  -50.065  -7.100 0.6999999881
25662  33.164  -49.735  -5.254 0.6000000238
25675  33.066  -50.039  -6.192 0.6000000238
25646  33.693  -49.454  -4.627 0.6000000238
29491  28.025  -44.941  -6.977 0.6000000238
29457  29.058  -45.356  -4.829 0.6999999881
30384  28.681  -44.454  -6.232 0.6999999881
28467  31.868  -46.893  -3.462 0.6999999881
29442  31.013  -46.081  -3.779 0.6999999881
125994  29.850  -45.384  -4.432 0.6999999881
25734  31.687  -49.177  -10.832 0.5000000000
25722  31.226  -49.010  -10.477 0.6000000238
26640  31.047  -48.967  -10.261 0.6000000238
121650  33.336  -49.480  -11.083 0.6999999881
24816  32.255  -49.667  -11.276 0.6000000238
25712  31.348  -49.042  -9.643 0.6999999881
24815  33.318  -49.785  -11.326 0.6999999881
23901  33.749  -50.770  -11.561 0.6999999881
24780  33.381  -50.280  -7.836 0.6999999881
24755  34.074  -50.413  -6.112 0.5000000000
24768  33.803  -50.600  -6.913 0.6000000238
30422  27.617  -45.290  -9.649 0.5000000000
138896  34.268  -49.438  -4.899 0.6000000238
25661  34.049  -49.957  -5.389 0.6000000238
30413  28.376  -44.827  -7.976 0.6000000238
30421  28.274  -44.944  -9.157 0.5000000000
26547  33.684  -48.233  -3.753 0.6000000238
26564  33.325  -48.978  -3.951 0.6000000238
30383  29.401  -44.326  -5.724 0.6000000238
143201  29.047  -44.095  -7.469 0.5000000000
31318  29.646  -44.066  -7.871 0.5000000000
27489  33.204  -47.672  -3.549 0.6999999881
28466  32.406  -46.698  -3.495 0.6999999881
29441  31.872  -46.162  -3.610 0.6999999881
30361  30.454  -44.805  -4.752 0.6999999881
134612  30.030  -44.396  -5.352 0.5000000000
30360  31.431  -44.690  -4.727 0.6000000238
25711  32.008  -49.000  -9.863 0.6000000238
25733  32.455  -49.225  -10.996 0.6999999881
25720  32.547  -49.203  -10.612 0.6000000238
25732  34.321  -49.731  -11.400 0.6999999881
25702  32.791  -49.560  -8.931 0.6999999881
24779  34.399  -50.692  -7.771 0.6999999881
24767  34.814  -50.514  -6.892 0.6000000238
30432  28.098  -44.868  -10.190 0.4000000060
25660  34.694  -50.036  -5.984 0.5000000000
128607  29.421  -44.309  -9.514 0.4000000060
119688  33.893  -47.257  -3.666 0.6000000238
26563  34.220  -48.841  -4.291 0.6000000238
31287  30.020  -44.068  -6.027 0.5000000000
30400  29.272  -43.994  -6.708 0.5000000000
30382  30.751  -44.325  -5.468 0.5000000000
31302  30.813  -44.094  -6.364 0.4000000060
28465  33.149  -46.859  -3.540 0.6000000238
29454  32.367  -45.487  -3.819 0.6999999881
123243  32.098  -44.996  -4.243 0.6000000238
30380  32.319  -44.501  -4.747 0.5000000000
25719  34.327  -49.638  -11.311 0.6000000238
25709  33.615  -49.579  -10.565 0.6999999881
25710  32.847  -49.337  -9.952 0.6999999881
25718  35.187  -49.421  -11.518 0.6999999881
24793  33.987  -50.385  -8.728 0.6000000238
26581  35.098  -49.184  -5.796 0.6000000238
121591  35.473  -49.450  -6.621 0.5000000000
26582  34.760  -48.945  -5.090 0.6000000238
27506  34.448  -47.823  -4.065 0.6000000238
27525  34.930  -48.148  -4.781 0.6000000238
31317  30.682  -43.995  -7.451 0.4000000060
31331  30.434  -43.951  -9.027 0.4000000060
141326  33.736  -46.673  -3.588 0.6000000238
31316  31.567  -43.996  -7.992 0.4000000060
29440  32.760  -46.109  -3.604 0.6000000238
30359  32.833  -44.802  -3.954 0.5000000000
139345  35.130  -50.225  -10.119 0.6999999881
24799  34.543  -50.262  -9.717 0.6000000238
25717  36.075  -49.277  -11.353 0.6999999881
24798  35.437  -50.336  -9.499 0.6000000238
24792  34.941  -50.585  -8.654 0.6000000238
25729  36.612  -48.760  -11.836 0.6999999881
119664  35.126  -50.479  -7.842 0.5000000000
27544  35.837  -47.912  -6.088 0.6000000238
120608  35.300  -48.370  -5.562 0.6000000238
27524  35.543  -47.625  -5.305 0.5000000000
28464  34.695  -46.940  -3.891 0.6000000238
29439  33.645  -46.081  -3.584 0.6000000238
30347  33.204  -45.413  -3.688 0.5000000000
25707  37.127  -49.478  -9.729 0.6999999881
24797  36.276  -49.981  -9.546 0.6999999881
25689  36.319  -49.395  -7.939 0.6000000238
26612  36.573  -48.610  -7.583 0.5000000000
27543  36.477  -47.546  -6.571 0.6000000238
26595  36.114  -48.401  -6.819 0.6000000238
28512  35.813  -46.890  -4.996 0.6000000238
28463  34.958  -46.168  -3.725 0.6000000238
122527  33.981  -45.249  -3.554 0.5000000000
131464  33.582  -53.530  -11.686 0.5000000000
23000  33.036  -52.627  -11.550 0.5000000000
22052  35.207  -53.209  -11.926 0.5000000000
133306  33.899  -52.589  -11.599 0.5000000000
140374  34.082  -51.715  -11.596 0.6999999881
127136  35.974  -51.659  -12.357 0.6999999881
22999  34.770  -52.309  -11.692 0.5000000000
23012  35.590  -52.443  -12.099 0.5000000000
24814  34.344  -50.049  -11.648 0.6999999881
23915  34.992  -50.260  -12.049 0.6999999881
24829  34.925  -49.589  -11.968 0.6999999881
18559  31.048  -57.990  -11.659 0.3000000119
24757  30.562  -50.531  -5.318 0.6000000238
127470  28.695  -47.900  -4.526 0.6999999881
28514  27.340  -46.551  -6.438 0.6999999881
23903  31.911  -50.523  -11.513 0.6000000238
28489  30.184  -46.111  -3.953 0.6999999881
30362  29.599  -44.785  -5.012 0.6999999881
29455  31.474  -45.369  -4.025 0.6999999881
31319  28.879  -44.462  -8.442 0.5000000000
31332  28.767  -44.711  -9.952 0.5000000000
30381  31.799  -44.285  -5.729 0.5000000000
24807  35.662  -49.908  -10.474 0.6999999881
25690  35.663  -49.928  -7.489 0.5000000000
27505  35.159  -47.333  -4.478 0.6000000238
128996  34.247  -46.488  -3.638 0.6000000238
24791  35.834  -50.142  -8.509 0.6000000238
25701  36.622  -49.488  -8.776 0.5000000000
23912  37.277  -51.596  -12.668 0.6000000238
23923  41.523  -51.385  -14.138 0.6000000238
24837  42.880  -51.433  -14.408 0.4000000060
121134  39.508  -51.499  -13.508 0.5000000000
23913  36.397  -50.979  -12.502 0.6000000238
22987  30.833  -52.065  -9.345 0.5000000000
128182  43.772  -51.480  -14.388 0.4000000060
23887  30.563  -51.076  -9.368 0.5000000000
132594  31.864  -51.805  -7.921 0.5000000000
24836  44.451  -50.885  -14.295 0.4000000060
141294  31.300  -51.470  -8.738 0.5000000000
22964  31.605  -52.175  -6.763 0.5000000000
23918  40.563  -52.034  -13.984 0.6000000238
23873  31.754  -51.468  -7.160 0.5000000000
23919  38.647  -51.077  -13.045 0.5000000000
24827  35.986  -49.821  -12.456 0.6000000238
25737  44.947  -50.569  -13.901 0.4000000060
25738  43.703  -50.433  -12.797 0.4000000060
24832  42.205  -50.472  -14.129 0.4000000060
139476  29.235  -52.982  -6.720 0.5000000000
120256  40.226  -50.921  -13.626 0.5000000000
23863  31.051  -51.757  -6.087 0.5000000000
23856  28.477  -51.554  -6.132 0.5000000000
23920  37.786  -50.769  -12.717 0.6000000238
140850  36.596  -49.498  -12.464 0.6000000238
24828  35.339  -49.770  -12.262 0.6000000238
24758  29.901  -50.708  -5.131 0.5000000000
23857  27.439  -51.501  -6.872 0.4000000060
139163  38.704  -49.521  -12.719 0.5000000000
24834  39.215  -50.366  -13.140 0.5000000000
25740  37.884  -49.008  -12.574 0.6000000238
25741  36.932  -49.009  -12.383 0.6000000238
25742  36.139  -49.117  -12.248 0.6000000238
26646  36.649  -48.799  -12.072 0.6000000238
25730  35.776  -49.014  -12.024 0.6000000238
24831  43.583  -50.740  -14.404 0.4000000060
24822  44.903  -50.596  -14.143 0.4000000060
24760  28.084  -50.600  -5.791 0.5000000000
24770  27.250  -50.388  -6.719 0.5000000000
24771  26.517  -51.197  -7.351 0.4000000060
24759  29.042  -50.629  -5.100 0.6000000238
25747  40.284  -49.378  -13.340 0.6000000238
25739  38.799  -48.753  -12.595 0.6000000238
26653  38.265  -48.223  -12.358 0.6000000238
26645  37.348  -48.412  -11.994 0.6000000238
25726  44.836  -49.970  -13.181 0.4000000060
25678  27.020  -49.353  -6.679 0.5000000000
25694  25.607  -50.256  -8.048 0.4000000060
24784  24.221  -50.520  -7.955 0.4000000060
25746  41.461  -49.470  -13.712 0.6000000238
25745  43.112  -49.706  -14.200 0.4000000060
26659  39.683  -48.639  -12.830 0.6000000238
24833  40.887  -50.260  -13.692 0.6000000238
25748  39.424  -49.451  -12.941 0.5000000000
27595  38.744  -47.608  -12.248 0.6000000238
26652  39.074  -47.964  -12.534 0.5000000000
26639  37.512  -48.636  -11.355 0.6000000238
139295  43.322  -49.547  -12.309 0.4000000060
25749  44.468  -50.365  -14.368 0.4000000060
26614  25.582  -49.481  -8.488 0.5000000000
25704  24.085  -49.655  -8.905 0.5000000000
25696  23.798  -50.060  -8.383 0.5000000000
26657  41.938  -48.634  -13.684 0.4000000060
26651  39.995  -47.816  -12.779 0.5000000000
27594  39.509  -47.272  -12.440 0.5000000000
26644  38.036  -47.996  -12.097 0.6000000238
26638  38.062  -48.045  -11.680 0.6000000238
25716  37.018  -49.297  -10.876 0.6000000238
26650  45.358  -49.645  -13.862 0.4000000060
26641  45.246  -49.351  -13.114 0.4000000060
27527  27.323  -47.536  -6.089 0.6000000238
26655  45.060  -49.224  -14.245 0.4000000060
25744  44.985  -50.334  -14.198 0.4000000060
122196  26.209  -48.583  -8.088 0.6000000238
26624  23.915  -49.011  -9.370 0.5000000000
26616  23.371  -49.446  -8.803 0.4000000060
26656  43.434  -48.805  -14.048 0.4000000060
27600  41.009  -47.721  -13.213 0.5000000000
27586  39.307  -47.035  -12.156 0.5000000000
27587  38.645  -47.495  -11.934 0.6000000238
26631  38.244  -48.386  -10.439 0.6000000238
26632  37.675  -48.695  -9.528 0.6000000238
27591  45.975  -49.059  -13.767 0.4000000060
27545  26.911  -47.266  -6.875 0.6000000238
27546  26.620  -47.639  -7.805 0.6000000238
27568  25.052  -48.349  -9.555 0.5000000000
28553  22.380  -47.441  -8.989 0.5000000000
27597  44.884  -48.039  -14.009 0.4000000060
27599  42.227  -47.744  -13.605 0.4000000060
27592  41.308  -46.859  -13.151 0.5000000000
28571  40.687  -46.198  -12.772 0.5000000000
27582  38.860  -47.701  -11.032 0.5000000000
141088  46.013  -48.750  -13.195 0.4000000060
27567  25.917  -47.459  -9.676 0.5000000000
28552  23.415  -46.771  -9.799 0.5000000000
28572  39.952  -46.553  -12.419 0.4000000060
27574  39.399  -47.051  -10.479 0.4000000060
27576  38.137  -48.033  -9.238 0.6000000238
26623  36.800  -48.876  -8.202 0.4000000060
27590  46.472  -48.568  -13.729 0.4000000060
26649  46.096  -48.879  -13.918 0.4000000060
28531  26.952  -46.749  -7.568 0.6000000238
29492  27.405  -45.852  -7.507 0.5000000000
28541  26.638  -47.132  -8.856 0.5000000000
28551  24.810  -47.300  -10.021 0.5000000000
28550  25.879  -46.618  -9.999 0.4000000060
28564  40.387  -45.828  -12.308 0.5000000000
28561  40.340  -45.678  -11.564 0.6000000238
27575  38.833  -47.665  -9.864 0.4000000060
27566  38.444  -47.307  -8.872 0.4000000060
26611  37.189  -48.202  -8.061 0.4000000060
28557  39.762  -46.238  -9.995 0.5000000000
29503  27.343  -45.861  -8.954 0.5000000000
29510  26.731  -46.386  -9.512 0.6000000238
29509  27.057  -45.662  -9.871 0.4000000060
28549  38.101  -47.058  -8.026 0.5000000000
27559  36.801  -47.861  -7.299 0.5000000000
29522  40.290  -45.569  -10.561 0.5000000000
28562  39.889  -46.363  -11.051 0.5000000000
28558  39.114  -46.822  -9.424 0.5000000000
26647  46.288  -47.798  -13.985 0.4000000060
28488  35.411  -46.551  -4.198 0.5000000000
27542  37.156  -47.176  -7.006 0.4000000060
27558  37.449  -47.478  -7.682 0.5000000000
28548  38.672  -46.496  -8.526 0.5000000000
28547  39.411  -45.939  -9.031 0.5000000000
28511  36.475  -46.488  -5.479 0.4000000060
28510  37.161  -46.057  -5.927 0.4000000060
27523  36.164  -47.207  -5.811 0.5000000000
28530  36.827  -46.811  -6.289 0.5000000000
138906  37.699  -46.877  -7.428 0.5000000000
28540  37.587  -46.358  -6.805 0.5000000000
28539  38.249  -46.218  -7.642 0.5000000000
29502  38.154  -45.688  -7.008 0.4000000060
25666  27.730  -49.588  -5.693 0.6000000238
26584  27.470  -48.529  -5.864 0.6000000238
23888  29.684  -51.409  -9.601 0.5000000000
30414  27.861  -45.300  -8.354 0.5000000000
26622  37.196  -48.835  -8.798 0.6000000238
143739  37.597  -48.265  -8.756 0.4000000060
22953  30.090  -52.383  -6.113 0.5000000000
23854  30.394  -51.321  -5.587 0.5000000000
23855  29.490  -51.551  -5.660 0.5000000000
128285  26.444  -50.251  -7.411 0.4000000060
24783  24.805  -50.859  -7.885 0.4000000060
26658  40.658  -48.570  -13.290 0.6000000238
26597  26.313  -49.334  -7.608 0.6000000238
25695  24.658  -50.130  -8.494 0.4000000060
26596  26.789  -48.255  -6.927 0.6000000238
26615  24.813  -49.300  -9.055 0.5000000000
26617  22.830  -49.060  -8.431 0.5000000000
26598  23.402  -49.569  -7.028 0.5000000000
26625  22.940  -48.633  -9.095 0.5000000000
27560  26.132  -48.046  -8.897 0.5000000000
27569  23.629  -48.007  -9.724 0.5000000000
27581  39.360  -47.022  -11.574 0.5000000000
28570  41.622  -46.077  -13.046 0.5000000000
29504  27.089  -46.428  -8.471 0.6000000238
131105  37.815  -47.716  -8.389 0.3000000119
10126  40.657  -67.520  -14.458 0.3000000119
10857  40.226  -66.529  -14.389 0.3000000119
10851  40.900  -66.330  -14.025 0.3000000119
11606  40.078  -65.532  -12.840 0.3000000119
120794  39.892  -65.485  -13.629 0.3000000119
11605  40.706  -65.906  -13.198 0.3000000119
122091  38.639  -64.443  -12.955 0.3000000119
12389  39.396  -65.002  -12.296 0.3000000119
135803  42.830  -64.606  -11.343 0.3000000119
11593  41.068  -65.905  -12.197 0.3000000119
11580  39.836  -65.298  -11.288 0.3000000119
12378  39.138  -64.839  -11.373 0.3000000119
12377  42.112  -65.064  -10.855 0.3000000119
13181  41.755  -63.737  -9.645 0.3000000119
12365  41.551  -64.705  -10.007 0.3000000119
11569  40.238  -65.270  -10.455 0.4000000060
133538  39.384  -64.942  -10.530 0.4000000060
13196  38.055  -64.034  -10.163 0.4000000060
13197  37.355  -63.469  -10.619 0.3000000119
13168  41.159  -63.254  -8.944 0.3000000119
13169  40.377  -63.584  -8.706 0.4000000060
12357  39.217  -64.210  -9.081 0.4000000060
139044  38.867  -64.473  -9.831 0.4000000060
141883  41.952  -62.281  -9.026 0.3000000119
13183  37.551  -63.400  -9.569 0.4000000060
133057  41.838  -60.794  -7.906 0.4000000060
14053  41.405  -62.362  -8.604 0.4000000060
13184  36.849  -62.933  -9.989 0.4000000060
14057  36.408  -62.143  -8.694 0.3000000119
14054  40.586  -62.816  -8.341 0.4000000060
14055  39.909  -63.162  -8.235 0.3000000119
137549  38.876  -63.680  -8.523 0.4000000060
14936  41.402  -61.628  -8.137 0.4000000060
14045  37.639  -62.593  -7.701 0.5000000000
13159  38.210  -63.220  -8.193 0.4000000060
20253  31.507  -55.734  -11.608 0.5000000000
13160  37.492  -62.869  -8.260 0.4000000060
137702  31.847  -58.201  -11.602 0.3000000119
18558  32.510  -58.005  -11.958 0.4000000060
15835  33.985  -59.621  -7.984 0.3000000119
22989  28.457  -51.744  -9.750 0.4000000060
22988  29.637  -52.768  -9.564 0.4000000060
22054  32.087  -52.730  -11.551 0.4000000060
136135  32.816  -53.472  -11.568 0.4000000060
141021  31.599  -53.231  -11.529 0.4000000060
14921  40.229  -61.634  -7.422 0.4000000060
14043  39.885  -62.463  -7.760 0.3000000119
14044  38.415  -62.624  -7.548 0.5000000000
129363  32.169  -53.925  -11.560 0.4000000060
21139  31.790  -54.847  -11.553 0.4000000060
14920  40.955  -61.259  -7.606 0.4000000060
132211  32.018  -57.760  -11.970 0.4000000060
14046  36.856  -62.381  -7.941 0.4000000060
19445  33.227  -57.301  -12.620 0.5000000000
14937  36.074  -61.740  -8.002 0.5000000000
18542  33.116  -57.898  -11.512 0.4000000060
18543  32.410  -58.205  -11.233 0.4000000060
15847  35.062  -60.579  -7.777 0.3000000119
18527  32.825  -58.078  -10.525 0.4000000060
22035  31.511  -52.800  -8.995 0.4000000060
23001  32.464  -51.643  -11.549 0.4000000060
14907  39.793  -61.123  -7.000 0.4000000060
126405  39.105  -62.447  -7.462 0.4000000060
21138  33.165  -54.490  -11.743 0.4000000060
20251  33.101  -55.631  -12.164 0.5000000000
14923  38.657  -61.981  -7.081 0.4000000060
14035  37.850  -62.114  -7.122 0.4000000060
20262  33.565  -56.281  -12.640 0.5000000000
15816  39.401  -60.492  -6.698 0.4000000060
15817  38.545  -60.498  -6.626 0.4000000060
14909  38.126  -61.335  -6.771 0.4000000060
15819  36.562  -60.840  -6.719 0.5000000000
15820  35.970  -60.268  -6.649 0.5000000000
21154  33.757  -55.429  -12.363 0.4000000060
19458  33.684  -57.003  -12.847 0.5000000000
122532  38.227  -59.705  -6.618 0.4000000060
15833  35.385  -60.079  -7.081 0.5000000000
19444  33.745  -57.397  -12.680 0.4000000060
16776  34.448  -59.068  -7.651 0.4000000060
18506  33.736  -57.552  -8.929 0.4000000060
17690  33.012  -58.073  -9.416 0.4000000060
19411  33.937  -57.390  -10.922 0.4000000060
143074  34.548  -54.354  -12.172 0.4000000060
22067  35.164  -54.256  -12.270 0.3000000119
15818  37.503  -60.453  -6.567 0.4000000060
16764  36.579  -59.895  -6.505 0.4000000060
20261  34.183  -56.478  -12.851 0.4000000060
25679  23.731  -50.303  -7.584 0.4000000060
122334  38.183  -59.091  -6.806 0.4000000060
16763  37.378  -59.458  -6.601 0.4000000060
17660  35.764  -58.722  -6.971 0.5000000000
124638  34.932  -58.345  -7.510 0.5000000000
129040  34.737  -57.007  -13.016 0.5000000000
136929  34.633  -57.196  -12.866 0.4000000060
17659  37.766  -58.606  -7.592 0.4000000060
17675  34.306  -57.836  -8.151 0.4000000060
18541  33.763  -57.571  -12.193 0.4000000060
18525  34.184  -57.167  -9.598 0.4000000060
19431  34.511  -57.300  -11.772 0.4000000060
23011  36.290  -52.611  -12.439 0.4000000060
21153  34.552  -55.255  -12.516 0.3000000119
17645  36.553  -59.076  -6.669 0.4000000060
121101  36.622  -58.411  -7.303 0.4000000060
21152  35.393  -55.481  -12.742 0.3000000119
17674  37.187  -58.161  -8.363 0.4000000060
137268  35.680  -58.113  -7.470 0.4000000060
18489  35.134  -57.616  -7.931 0.5000000000
17673  38.111  -58.443  -8.395 0.4000000060
17689  38.088  -58.437  -9.457 0.4000000060
18524  35.681  -57.120  -9.705 0.4000000060
19410  34.741  -56.961  -10.328 0.4000000060
19442  35.151  -57.220  -12.506 0.4000000060
138977  36.608  -51.906  -12.529 0.4000000060
121821  36.245  -57.544  -8.784 0.4000000060
131839  33.281  -63.403  -11.739 0.3000000119
13195  43.218  -63.373  -10.897 0.3000000119
141982  42.477  -62.799  -9.719 0.3000000119
14935  42.074  -61.699  -8.700 0.4000000060
15832  40.988  -60.430  -7.164 0.4000000060
15815  40.180  -60.475  -6.835 0.4000000060
16760  40.294  -59.244  -6.628 0.4000000060
140071  38.814  -58.776  -6.839 0.4000000060
126338  36.052  -54.514  -12.572 0.3000000119
17658  38.472  -58.312  -7.861 0.4000000060
22065  36.629  -53.582  -12.599 0.4000000060
21150  36.950  -54.647  -12.859 0.4000000060
20260  35.583  -56.598  -12.996 0.4000000060
17699  38.968  -58.474  -10.690 0.4000000060
137954  36.984  -57.784  -9.700 0.4000000060
18540  37.085  -57.572  -10.964 0.4000000060
119040  36.225  -57.184  -11.731 0.4000000060
19455  36.371  -57.065  -12.794 0.3000000119
19456  35.306  -57.060  -12.744 0.4000000060
17713  38.525  -58.358  -11.200 0.4000000060
138607  32.695  -56.962  -12.474 0.4000000060
23010  37.041  -52.664  -12.659 0.4000000060
141693  39.486  -66.070  -14.459 0.3000000119
12402  38.606  -64.695  -13.636 0.3000000119
13230  33.048  -63.699  -12.647 0.3000000119
123572  34.167  -63.443  -12.155 0.3000000119
11594  40.216  -65.508  -11.998 0.3000000119
12364  42.543  -64.153  -10.555 0.3000000119
11579  40.707  -65.541  -11.297 0.4000000060
12379  38.616  -64.503  -10.830 0.4000000060
13182  40.925  -64.124  -9.300 0.3000000119
12367  39.727  -64.783  -9.733 0.4000000060
13171  38.324  -63.875  -9.063 0.4000000060
14953  42.936  -61.529  -9.336 0.3000000119
15846  42.735  -60.220  -8.314 0.4000000060
14924  37.189  -62.131  -7.331 0.4000000060
14938  35.438  -61.219  -8.138 0.5000000000
16777  33.797  -58.935  -8.014 0.3000000119
14925  36.564  -61.687  -7.279 0.5000000000
122966  39.829  -59.835  -6.621 0.4000000060
18505  34.571  -57.292  -8.658 0.4000000060
19430  35.423  -56.989  -11.106 0.4000000060
22070  40.412  -54.040  -14.180 0.4000000060
23015  39.726  -52.737  -13.775 0.4000000060
23020  42.161  -53.565  -14.412 0.4000000060
136199  42.509  -52.121  -14.411 0.3000000119
23016  38.705  -52.760  -13.346 0.4000000060
123317  38.224  -51.809  -12.953 0.4000000060
22981  37.467  -52.580  -8.730 0.3000000119
22986  37.617  -52.880  -9.521 0.3000000119
24813  39.824  -50.812  -11.125 0.3000000119
23009  41.352  -52.004  -12.349 0.3000000119
124311  43.187  -51.145  -12.834 0.3000000119
24823  44.669  -50.924  -13.964 0.3000000119
23893  38.062  -52.465  -10.132 0.3000000119
23892  38.403  -51.656  -10.018 0.3000000119
24806  39.451  -50.433  -10.210 0.3000000119
22963  37.259  -52.861  -7.229 0.3000000119
22976  37.390  -52.286  -7.913 0.3000000119
24811  41.968  -50.537  -12.243 0.3000000119
25727  42.207  -49.670  -11.931 0.3000000119
23884  38.285  -51.374  -9.164 0.3000000119
25706  39.845  -49.729  -9.699 0.3000000119
24812  40.736  -50.565  -11.591 0.3000000119
24777  38.676  -50.106  -7.367 0.3000000119
24790  38.675  -50.742  -8.814 0.3000000119
25705  40.283  -49.229  -9.075 0.3000000119
25688  39.463  -49.576  -7.825 0.3000000119
25687  40.133  -49.165  -8.207 0.3000000119
24778  37.999  -50.743  -7.349 0.3000000119
142178  40.760  -49.508  -10.875 0.3000000119
25715  41.372  -49.162  -11.002 0.3000000119
26642  43.723  -49.063  -12.142 0.3000000119
121280  38.521  -49.781  -6.444 0.3000000119
138887  40.614  -49.279  -10.097 0.3000000119
26628  42.270  -48.093  -10.023 0.3000000119
26594  39.618  -48.822  -6.734 0.3000000119
26609  40.674  -48.576  -7.807 0.3000000119
26630  40.892  -48.806  -9.309 0.3000000119
26620  41.245  -48.369  -8.604 0.3000000119
27584  45.229  -48.585  -12.299 0.3000000119
26635  42.800  -48.410  -11.083 0.3000000119
27585  43.961  -48.390  -11.685 0.3000000119
27583  46.204  -48.579  -12.575 0.3000000119
26648  46.424  -48.284  -13.909 0.3000000119
135147  47.091  -48.554  -13.454 0.3000000119
27588  46.373  -47.500  -13.888 0.3000000119
23018  43.220  -52.747  -14.205 0.3000000119
23014  41.013  -53.202  -14.307 0.4000000060
24824  44.192  -51.186  -13.511 0.3000000119
26643  42.443  -49.009  -11.521 0.3000000119
22069  41.594  -54.312  -14.417 0.5000000000
23879  37.752  -51.773  -8.593 0.3000000119
24805  40.221  -49.935  -10.801 0.3000000119
23898  40.490  -51.420  -11.728 0.3000000119
142569  42.929  -52.201  -13.135 0.3000000119
23007  43.277  -52.650  -13.660 0.3000000119
24796  38.829  -50.914  -9.685 0.3000000119
141632  38.149  -51.162  -8.486 0.3000000119
25728  41.118  -49.838  -11.456 0.3000000119
25700  39.668  -49.673  -8.708 0.3000000119
26593  40.273  -48.314  -6.852 0.3000000119
27557  40.998  -47.957  -7.287 0.3000000119
26637  41.210  -48.826  -10.092 0.3000000119
25674  39.041  -49.063  -6.239 0.3000000119
26629  41.523  -48.405  -9.588 0.3000000119
20259  36.649  -56.550  -13.130 0.3000000119
120512  37.331  -57.172  -13.237 0.4000000060
18569  40.340  -57.848  -13.357 0.4000000060
19460  39.859  -57.529  -14.011 0.4000000060
21160  37.205  -55.718  -13.226 0.3000000119
19459  40.918  -57.374  -13.977 0.4000000060
19453  40.923  -57.372  -13.188 0.3000000119
128436  38.117  -56.087  -13.621 0.4000000060
20265  40.358  -56.842  -14.325 0.4000000060
20257  41.642  -55.825  -13.603 0.3000000119
21158  38.947  -55.572  -13.865 0.3000000119
122763  39.793  -56.098  -14.319 0.4000000060
135599  41.367  -55.856  -14.320 0.4000000060
22071  39.284  -53.783  -13.715 0.3000000119
21157  39.855  -55.041  -14.167 0.4000000060
20267  41.855  -55.127  -14.276 0.4000000060
21159  37.975  -54.822  -13.327 0.3000000119
22072  38.345  -53.684  -13.305 0.3000000119
23017  37.872  -52.691  -12.913 0.3000000119
22064  37.483  -53.661  -12.904 0.3000000119
21156  41.083  -55.165  -14.464 0.4000000060
20266  39.123  -56.735  -14.132 0.4000000060
15861  43.215  -60.728  -9.116 0.3000000119
18556  37.173  -57.390  -12.030 0.3000000119
16810  45.460  -59.027  -12.281 0.3000000119
16811  44.967  -59.468  -11.353 0.3000000119
15860  43.889  -60.268  -9.616 0.3000000119
124868  42.555  -61.002  -8.629 0.3000000119
19461  38.236  -57.609  -13.333 0.3000000119
141473  37.794  -57.894  -11.349 0.3000000119
19427  45.476  -56.843  -10.583 0.3000000119
16797  44.400  -59.549  -10.001 0.3000000119
18521  45.183  -57.773  -10.422 0.3000000119
16786  43.232  -59.495  -8.455 0.3000000119
16773  41.955  -59.322  -7.372 0.3000000119
18568  38.465  -58.045  -12.961 0.3000000119
125267  46.492  -55.250  -11.159 0.3000000119
121046  44.851  -57.097  -9.790 0.3000000119
19407  45.652  -55.847  -10.564 0.3000000119
17686  44.168  -58.821  -9.263 0.3000000119
18522  44.367  -57.811  -9.383 0.3000000119
16787  42.645  -59.383  -7.876 0.3000000119
124848  45.124  -55.415  -9.888 0.3000000119
19409  44.182  -56.620  -9.109 0.3000000119
17670  43.667  -58.252  -8.651 0.3000000119
18501  43.613  -57.329  -8.584 0.3000000119
16759  41.146  -59.454  -6.888 0.3000000119
17641  39.977  -58.570  -6.621 0.3000000119
129799  38.955  -58.109  -7.381 0.3000000119
20226  45.730  -54.831  -10.375 0.3000000119
17656  42.430  -58.473  -7.530 0.3000000119
18502  43.083  -57.863  -8.018 0.3000000119
17640  40.780  -58.578  -6.665 0.3000000119
17719  39.374  -58.207  -12.234 0.3000000119
19389  44.440  -55.556  -9.333 0.3000000119
20227  44.965  -54.511  -9.572 0.3000000119
139275  43.470  -56.495  -8.470 0.3000000119
19391  42.981  -56.924  -8.006 0.3000000119
18471  41.242  -57.822  -6.764 0.3000000119
18474  39.256  -58.220  -6.954 0.3000000119
17672  38.569  -58.229  -8.941 0.3000000119
18553  39.742  -58.108  -11.809 0.3000000119
118402  40.381  -57.836  -12.530 0.3000000119
19454  37.386  -57.525  -12.921 0.3000000119
125166  42.939  -55.882  -8.078 0.3000000119
126817  41.727  -57.123  -7.084 0.3000000119
18473  39.693  -57.519  -6.819 0.3000000119
18523  39.036  -58.132  -9.516 0.3000000119
16798  43.823  -59.549  -9.077 0.3000000119
17697  45.420  -58.478  -11.390 0.3000000119
10116  41.126  -66.988  -14.249 0.3000000119
10125  41.218  -68.055  -14.403 0.3000000119
10852  40.284  -65.797  -14.002 0.3000000119
11568  41.153  -65.297  -10.571 0.3000000119
11578  41.692  -65.622  -11.389 0.3000000119
11627  39.637  -65.733  -14.310 0.3000000119
12356  40.065  -64.279  -9.132 0.4000000060
12366  40.612  -64.893  -9.782 0.4000000060
12390  38.578  -64.415  -11.918 0.3000000119
12395  39.325  -64.975  -13.370 0.3000000119
13158  39.123  -63.130  -7.961 0.5000000000
13170  39.582  -63.711  -8.565 0.4000000060
13172  37.718  -63.270  -8.752 0.4000000060
13199  32.860  -63.200  -10.999 0.3000000119
14042  40.754  -62.034  -7.952 0.4000000060
14056  37.036  -62.761  -8.942 0.4000000060
14070  42.527  -62.298  -9.465 0.3000000119
14071  41.917  -62.829  -9.348 0.3000000119
14908  39.003  -61.238  -6.824 0.4000000060
14910  37.262  -61.500  -6.853 0.4000000060
14922  39.455  -61.840  -7.208 0.4000000060
14926  35.781  -61.000  -7.246 0.5000000000
15830  42.193  -59.964  -7.721 0.3000000119
15831  41.640  -60.007  -7.375 0.3000000119
15834  34.733  -59.829  -7.609 0.4000000060
15845  43.375  -60.065  -8.871 0.3000000119
15848  34.367  -60.359  -8.115 0.3000000119
16761  39.541  -59.181  -6.614 0.4000000060
16762  38.841  -59.165  -6.685 0.4000000060
16765  35.875  -59.519  -6.669 0.5000000000
16774  40.508  -59.897  -6.750 0.4000000060
16775  35.180  -59.242  -7.180 0.5000000000
17642  39.345  -58.654  -6.718 0.3000000119
17643  38.482  -58.680  -7.109 0.4000000060
17644  37.444  -58.912  -6.949 0.4000000060
17657  41.600  -58.595  -6.994 0.3000000119
17661  34.170  -58.468  -7.900 0.4000000060
17671  43.134  -58.740  -8.161 0.3000000119
17676  33.470  -58.334  -8.459 0.4000000060
17685  44.810  -58.681  -10.241 0.3000000119
17688  38.741  -58.330  -9.960 0.4000000060
17691  32.360  -58.463  -10.132 0.4000000060
17700  38.491  -58.448  -10.355 0.4000000060
17712  39.196  -58.346  -11.472 0.3000000119
18485  42.430  -57.465  -7.516 0.3000000119
18486  41.923  -57.896  -7.101 0.3000000119
18488  36.026  -57.717  -7.953 0.4000000060
18504  35.392  -57.297  -8.636 0.5000000000
18526  33.442  -57.617  -10.070 0.4000000060
18539  37.884  -58.306  -10.466 0.4000000060
18554  38.837  -58.201  -12.183 0.3000000119
18555  38.086  -57.827  -12.168 0.3000000119
18557  33.193  -57.684  -12.359 0.4000000060
18566  39.774  -58.121  -12.729 0.3000000119
18567  39.136  -58.231  -12.794 0.3000000119
18570  39.236  -58.007  -13.391 0.4000000060
19393  34.880  -57.002  -9.296 0.4000000060
19408  44.949  -56.258  -9.812 0.3000000119
19429  36.270  -57.238  -10.602 0.4000000060
19441  36.203  -57.203  -12.647 0.3000000119
19443  34.277  -57.341  -12.691 0.4000000060
19448  29.301  -57.101  -11.557 0.4000000060
19452  41.319  -56.711  -13.749 0.3000000119
19457  34.204  -57.206  -12.896 0.4000000060
19462  41.169  -56.585  -14.226 0.4000000060
20252  33.125  -56.596  -12.554 0.5000000000
20264  41.553  -55.918  -14.069 0.4000000060
21137  34.013  -54.416  -12.069 0.4000000060
21142  28.929  -54.532  -11.671 0.5000000000
21151  36.277  -55.632  -12.940 0.3000000119
21162  40.691  -56.026  -14.447 0.4000000060
22026  37.229  -53.160  -8.047 0.3000000119
22053  34.477  -53.527  -11.839 0.5000000000
22055  31.013  -52.522  -11.567 0.5000000000
22058  28.622  -52.751  -11.943 0.4000000060
22066  35.841  -53.437  -12.307 0.4000000060
23019  42.772  -52.883  -14.377 0.3000000119
23853  31.046  -50.801  -5.744 0.6000000238
23864  28.892  -52.478  -6.478 0.5000000000
23878  37.726  -51.386  -7.774 0.3000000119
23885  37.869  -52.081  -9.384 0.3000000119
23891  39.082  -51.245  -10.587 0.3000000119
23896  25.976  -50.624  -10.827 0.4000000060
23900  34.546  -51.071  -11.705 0.6999999881
23905  28.711  -49.852  -11.573 0.4000000060
23907  26.707  -50.305  -11.254 0.4000000060
23908  25.888  -50.648  -11.025 0.4000000060
23909  44.057  -51.773  -13.829 0.3000000119
23910  42.338  -51.620  -12.649 0.3000000119
23911  41.275  -51.174  -12.142 0.3000000119
23914  35.288  -51.389  -11.968 0.6999999881
23916  44.412  -51.102  -14.189 0.4000000060
23922  43.316  -52.149  -14.375 0.4000000060
23924  41.752  -52.540  -14.367 0.4000000060
24766  37.589  -51.287  -6.846 0.3000000119
24782  25.608  -51.061  -7.681 0.4000000060
24789  39.032  -50.156  -8.321 0.3000000119
24795  39.257  -50.264  -9.223 0.3000000119
24800  33.570  -49.845  -9.593 0.6999999881
24803  29.266  -49.543  -10.175 0.5000000000
24808  34.698  -49.759  -10.748 0.6999999881
24817  31.323  -49.622  -11.221 0.5000000000
24819  28.950  -49.486  -11.200 0.5000000000
24820  28.010  -49.614  -11.242 0.4000000060
24821  27.157  -49.894  -11.071 0.4000000060
24825  38.259  -50.070  -12.726 0.5000000000
24826  37.353  -49.727  -12.579 0.6000000238
24830  44.804  -50.703  -14.173 0.4000000060
24835  44.857  -50.602  -14.230 0.4000000060
25673  39.242  -49.400  -6.996 0.3000000119
25680  23.197  -49.671  -8.034 0.5000000000
25708  36.515  -49.706  -10.380 0.6999999881
25721  31.841  -48.992  -10.538 0.6000000238
25724  29.328  -49.366  -10.937 0.6000000238
25731  35.060  -49.460  -11.830 0.6999999881
25735  30.763  -49.250  -10.827 0.5000000000
25743  35.475  -49.315  -12.141 0.6000000238
26568  29.514  -48.257  -4.161 0.6999999881
26580  38.867  -48.587  -5.479 0.3000000119
26608  41.276  -48.112  -7.875 0.3000000119
26610  39.909  -48.973  -7.405 0.3000000119
26613  36.065  -49.153  -7.284 0.5000000000
26621  40.650  -48.840  -8.572 0.3000000119
26633  31.461  -48.903  -10.215 0.6000000238
26636  41.859  -48.581  -10.566 0.3000000119
26654  37.486  -48.535  -12.225 0.6000000238
27490  32.390  -47.488  -3.473 0.6000000238
27573  41.921  -47.905  -9.084 0.3000000119
27589  46.906  -48.007  -13.852 0.3000000119
27593  40.339  -46.992  -12.765 0.5000000000
27596  45.752  -47.890  -13.995 0.4000000060
27598  43.583  -47.910  -13.833 0.4000000060
28565  39.807  -46.350  -11.971 0.4000000060
28573  45.679  -47.069  -13.760 0.4000000060
29456  30.647  -45.446  -4.195 0.6999999881
29473  28.974  -44.784  -5.406 0.6000000238
30401  28.635  -44.297  -7.225 0.5000000000
118587  36.885  -50.364  -12.588 0.6000000238
119608  35.646  -50.603  -12.325 0.6000000238
121961  32.012  -56.895  -12.074 0.5000000000
123063  21.962  -47.448  -7.941 0.5000000000
124451  32.676  -57.548  -12.362 0.4000000060
125213  29.701  -48.936  -4.332 0.6999999881
125514  34.589  -49.567  -5.406 0.6000000238
126056  39.053  -59.786  -6.609 0.4000000060
126409  31.184  -56.344  -11.617 0.5000000000
126697  40.437  -60.986  -7.200 0.4000000060
127358  43.458  -51.829  -13.305 0.3000000119
127379  44.461  -49.704  -14.347 0.4000000060
127392  39.943  -50.047  -13.413 0.6000000238
127506  38.897  -57.451  -13.784 0.4000000060
129296  32.433  -55.997  -11.962 0.5000000000
129533  34.855  -56.275  -12.941 0.4000000060
129869  31.126  -53.713  -11.492 0.4000000060
131269  43.633  -58.977  -8.671 0.3000000119
132194  38.857  -54.554  -13.665 0.3000000119
132406  25.617  -48.817  -8.937 0.5000000000
133148  33.351  -51.680  -11.547 0.4000000060
133949  37.595  -49.004  -10.373 0.6000000238
134011  38.931  -51.960  -13.358 0.4000000060
134032  39.705  -58.127  -6.738 0.3000000119
135412  38.153  -57.003  -13.648 0.4000000060
136638  35.566  -48.616  -6.201 0.6000000238
136813  38.367  -50.680  -8.030 0.3000000119
138407  32.563  -54.985  -11.700 0.4000000060
139724  31.343  -46.673  -3.545 0.6999999881
139834  32.044  -58.238  -11.507 0.4000000060
140574  44.201  -51.279  -14.298 0.4000000060
140826  30.044  -43.952  -6.824 0.4000000060
140847  30.310  -52.360  -9.487 0.4000000060
140962  26.352  -46.926  -9.612 0.4000000060
141876  30.997  -45.049  -4.401 0.6000000238
142300  33.688  -50.115  -5.689 0.6000000238
143557  30.173  -50.189  -11.487 0.4000000060
143878  37.460  -56.554  -13.379 0.3000000119
