#!ascii label  , from subject sub-v2s4x29582_ses-1 vox2ras=TkReg
1688
57745  48.967  -12.742  41.243 0.0000000000
43888  39.051  -27.686  59.325 0.0000000000
39999  28.715  -30.594  65.401 0.0000000000
39105  20.919  -31.924  67.761 0.0000000000
112549  34.884  -26.004  68.551 0.0000000000
44803  29.673  -27.051  62.472 0.0000000000
124527  44.498  -18.453  44.061 0.0000000000
60806  57.184  -9.468  36.614 0.0000000000
57631  47.202  -12.345  53.509 0.0000000000
49544  37.062  -22.183  52.413 0.0000000000
45860  29.531  -25.233  52.664 0.0000000000
126871  28.234  -27.720  69.470 0.0000000000
41797  23.814  -28.721  65.845 0.0000000000
42714  24.452  -28.042  70.479 0.0000000000
41772  30.809  -29.211  68.647 0.0000000000
127582  51.102  -13.041  52.644 0.0000000000
115052  41.056  -25.030  62.840 0.0000000000
47522  43.132  -23.588  60.044 0.0000000000
50388  43.523  -20.188  55.563 0.0000000000
46683  38.587  -25.461  55.311 0.0000000000
126219  34.034  -24.796  51.487 0.0000000000
45782  34.456  -25.842  56.189 0.0000000000
41851  32.362  -29.640  60.440 0.0000000000
41869  28.694  -29.420  57.433 0.0000000000
114602  51.482  -10.208  39.235 0.0000000000
58718  52.198  -12.664  35.703 0.0000000000
40036  29.326  -32.025  61.521 0.0000000000
38317  25.522  -32.373  62.095 0.0000000000
42804  37.316  -28.241  64.514 0.0000000000
45729  34.114  -25.702  60.820 0.0000000000
45672  31.826  -26.016  65.493 0.0000000000
40892  32.421  -30.316  64.660 0.0000000000
55210  46.345  -15.567  42.741 0.0000000000
39071  23.281  -32.214  73.847 0.0000000000
35344  18.717  -36.052  70.418 0.0000000000
58643  55.940  -11.506  42.875 0.0000000000
56855  52.103  -12.863  44.962 0.0000000000
55152  48.824  -15.768  48.212 0.0000000000
55970  46.023  -14.430  48.291 0.0000000000
55959  42.138  -14.781  49.044 0.0000000000
55869  45.933  -14.054  57.244 0.0000000000
53277  42.732  -17.525  52.616 0.0000000000
52351  36.883  -18.894  48.102 0.0000000000
47679  33.684  -23.464  46.700 0.0000000000
127622  30.284  -25.872  57.598 0.0000000000
44701  28.018  -25.822  71.630 0.0000000000
43755  25.637  -26.897  69.514 0.0000000000
44691  26.357  -25.693  72.454 0.0000000000
44699  29.442  -26.543  71.239 0.0000000000
43863  40.973  -27.815  61.872 0.0000000000
44849  40.786  -26.229  59.317 0.0000000000
46671  40.598  -24.090  57.521 0.0000000000
44876  38.839  -26.425  56.767 0.0000000000
45796  36.935  -25.831  55.266 0.0000000000
128147  37.011  -26.582  57.539 0.0000000000
40040  32.491  -31.443  60.033 0.0000000000
121110  31.569  -31.036  58.700 0.0000000000
58690  50.504  -11.302  40.077 0.0000000000
59696  48.793  -10.864  37.490 0.0000000000
113394  47.320  -12.225  38.865 0.0000000000
112620  29.116  -31.546  63.865 0.0000000000
39152  27.178  -32.317  61.469 0.0000000000
124895  26.713  -29.989  62.781 0.0000000000
116316  22.095  -30.278  66.827 0.0000000000
40008  22.003  -31.232  63.802 0.0000000000
38297  21.118  -32.800  65.716 0.0000000000
126231  19.710  -34.348  67.093 0.0000000000
45657  37.751  -26.293  66.102 0.0000000000
43790  36.498  -27.516  66.716 0.0000000000
43824  35.351  -27.136  64.917 0.0000000000
43793  34.119  -27.100  67.433 0.0000000000
39984  30.056  -30.727  67.191 0.0000000000
40875  31.782  -30.302  66.445 0.0000000000
39997  30.830  -31.608  65.599 0.0000000000
115587  31.313  -31.236  62.919 0.0000000000
54332  45.777  -17.657  43.724 0.0000000000
53413  43.820  -17.428  41.063 0.0000000000
52429  43.609  -19.090  42.602 0.0000000000
34473  17.568  -36.156  71.208 0.0000000000
56014  50.073  -13.877  46.217 0.0000000000
119011  51.271  -13.353  49.278 0.0000000000
56762  48.981  -13.505  53.017 0.0000000000
55938  48.463  -15.412  51.172 0.0000000000
56796  46.796  -13.691  50.760 0.0000000000
56824  44.183  -13.834  48.097 0.0000000000
55940  44.460  -13.916  50.519 0.0000000000
50403  40.729  -20.957  54.090 0.0000000000
51311  43.298  -19.109  54.049 0.0000000000
51328  40.534  -19.478  52.525 0.0000000000
53294  39.897  -17.851  50.920 0.0000000000
50482  36.950  -20.193  49.925 0.0000000000
49585  35.471  -21.747  47.267 0.0000000000
48587  35.636  -22.996  49.200 0.0000000000
46780  31.403  -24.131  49.654 0.0000000000
45720  31.226  -25.641  61.634 0.0000000000
45743  32.176  -25.595  59.243 0.0000000000
45733  29.662  -26.071  60.102 0.0000000000
42893  26.926  -28.544  56.049 0.0000000000
63629  54.965  -7.064  34.247 0.0000000000
60822  55.075  -10.259  34.706 0.0000000000
41785  28.250  -29.008  67.151 0.0000000000
42775  26.461  -28.367  64.982 0.0000000000
43781  25.838  -27.422  67.114 0.0000000000
42750  24.094  -27.997  67.924 0.0000000000
40840  22.751  -30.074  69.618 0.0000000000
45620  32.932  -25.234  69.475 0.0000000000
43764  32.749  -27.260  68.892 0.0000000000
43736  31.192  -28.270  70.188 0.0000000000
41761  29.863  -29.447  69.420 0.0000000000
57652  51.896  -11.772  50.682 0.0000000000
57619  49.209  -11.932  54.872 0.0000000000
49472  43.683  -21.188  57.804 0.0000000000
48527  41.137  -22.139  56.142 0.0000000000
48544  37.873  -23.346  53.869 0.0000000000
118476  36.347  -24.143  51.199 0.0000000000
45838  37.193  -25.392  53.314 0.0000000000
112185  34.166  -25.358  53.688 0.0000000000
45819  32.110  -25.492  54.393 0.0000000000
42836  30.739  -28.482  61.631 0.0000000000
42850  28.788  -27.952  60.275 0.0000000000
116451  31.169  -29.581  59.052 0.0000000000
60795  54.484  -9.421  37.309 0.0000000000
59703  53.929  -11.293  36.151 0.0000000000
59693  51.246  -10.135  36.828 0.0000000000
41835  24.132  -29.673  61.944 0.0000000000
43820  40.064  -27.382  63.947 0.0000000000
42817  38.459  -28.559  62.437 0.0000000000
44840  36.436  -26.639  59.897 0.0000000000
43839  36.048  -27.160  63.221 0.0000000000
45706  33.178  -25.574  63.151 0.0000000000
45686  30.888  -26.012  64.121 0.0000000000
43794  31.287  -27.497  67.412 0.0000000000
42774  31.037  -27.752  65.538 0.0000000000
42806  31.048  -28.009  64.041 0.0000000000
41843  32.550  -29.634  62.596 0.0000000000
40021  32.281  -30.856  61.638 0.0000000000
56057  47.121  -14.090  41.977 0.0000000000
56894  45.736  -13.638  39.799 0.0000000000
55226  44.915  -15.260  40.605 0.0000000000
40819  23.626  -29.944  72.355 0.0000000000
133697  22.215  -31.682  71.035 0.0000000000
115663  20.928  -34.247  72.133 0.0000000000
38256  19.799  -33.897  69.404 0.0000000000
59661  55.794  -9.848  40.077 0.0000000000
58674  53.360  -11.079  41.235 0.0000000000
57741  51.863  -11.932  42.148 0.0000000000
56871  50.220  -12.945  43.098 0.0000000000
56042  49.036  -13.882  44.070 0.0000000000
54307  47.762  -16.355  45.566 0.0000000000
53359  46.968  -17.469  46.238 0.0000000000
55952  49.896  -14.725  50.525 0.0000000000
131064  47.632  -16.556  48.698 0.0000000000
55166  45.958  -16.183  46.441 0.0000000000
111892  44.057  -14.308  45.946 0.0000000000
56005  41.429  -14.283  46.349 0.0000000000
56727  45.652  -13.343  55.205 0.0000000000
53231  45.131  -17.518  56.130 0.0000000000
54212  44.415  -16.530  54.343 0.0000000000
112479  44.249  -14.686  53.440 0.0000000000
54257  42.231  -15.885  51.125 0.0000000000
54279  38.792  -16.671  48.325 0.0000000000
46778  33.771  -24.118  49.125 0.0000000000
44853  34.462  -26.068  58.468 0.0000000000
45783  32.140  -26.073  56.767 0.0000000000
45801  30.023  -25.866  55.326 0.0000000000
44855  27.948  -26.758  58.235 0.0000000000
44883  27.793  -26.295  56.119 0.0000000000
44702  26.945  -25.676  71.664 0.0000000000
45569  26.190  -25.039  72.970 0.0000000000
43875  39.664  -27.784  60.138 0.0000000000
44825  41.396  -26.712  60.575 0.0000000000
43887  39.712  -27.355  59.345 0.0000000000
44862  39.740  -26.328  58.094 0.0000000000
125482  38.989  -27.100  58.105 0.0000000000
111857  37.565  -26.567  57.016 0.0000000000
43899  38.115  -27.237  58.450 0.0000000000
57753  49.448  -12.323  40.797 0.0000000000
58692  48.914  -11.670  39.423 0.0000000000
57759  47.754  -12.300  39.532 0.0000000000
40006  28.943  -31.176  64.627 0.0000000000
111605  27.746  -30.924  62.396 0.0000000000
131852  27.680  -30.111  64.239 0.0000000000
134080  21.699  -30.860  67.045 0.0000000000
39992  21.708  -30.943  66.326 0.0000000000
39113  20.704  -32.204  66.843 0.0000000000
39120  20.462  -32.977  66.440 0.0000000000
39114  20.288  -32.608  67.222 0.0000000000
45631  34.832  -25.252  68.576 0.0000000000
45646  35.888  -25.073  67.954 0.0000000000
44740  36.320  -26.612  67.560 0.0000000000
129160  35.802  -26.856  67.840 0.0000000000
43792  35.172  -27.338  67.364 0.0000000000
43762  34.808  -27.015  68.035 0.0000000000
112547  29.321  -30.786  66.076 0.0000000000
131761  30.502  -31.455  66.074 0.0000000000
39998  29.506  -31.230  65.454 0.0000000000
40005  29.657  -31.616  64.779 0.0000000000
53387  45.417  -18.174  44.144 0.0000000000
53403  44.613  -18.481  42.940 0.0000000000
52408  44.194  -18.950  43.213 0.0000000000
57670  53.555  -11.942  48.796 0.0000000000
57671  52.694  -12.530  48.661 0.0000000000
113512  52.653  -12.228  49.396 0.0000000000
57638  48.104  -12.666  53.097 0.0000000000
56780  48.028  -13.982  51.734 0.0000000000
56781  47.183  -13.390  51.659 0.0000000000
56783  45.267  -13.519  50.847 0.0000000000
56766  45.097  -13.383  51.937 0.0000000000
50419  38.539  -21.234  53.279 0.0000000000
50418  40.221  -20.580  53.402 0.0000000000
50438  38.266  -20.715  52.543 0.0000000000
51344  38.537  -19.520  51.381 0.0000000000
49562  36.686  -21.083  51.193 0.0000000000
49567  36.068  -21.605  49.775 0.0000000000
49553  36.328  -22.011  50.633 0.0000000000
45709  30.415  -26.078  62.469 0.0000000000
132657  30.724  -25.753  60.928 0.0000000000
45722  29.837  -26.156  60.914 0.0000000000
61712  56.690  -9.673  35.194 0.0000000000
60814  56.213  -10.203  35.425 0.0000000000
42735  27.832  -27.910  68.532 0.0000000000
42761  27.427  -28.344  66.731 0.0000000000
42748  26.987  -27.458  68.129 0.0000000000
118778  24.955  -27.458  69.976 0.0000000000
42726  25.019  -27.401  69.055 0.0000000000
42715  24.223  -28.096  69.644 0.0000000000
41777  23.108  -29.102  68.429 0.0000000000
41764  23.636  -28.993  69.847 0.0000000000
46512  31.991  -24.838  70.036 0.0000000000
44710  31.867  -26.842  70.312 0.0000000000
44711  31.185  -26.807  70.743 0.0000000000
43739  28.834  -27.604  70.271 0.0000000000
42713  29.611  -28.358  70.192 0.0000000000
42725  29.129  -28.407  69.664 0.0000000000
41774  29.114  -29.348  68.578 0.0000000000
46635  42.941  -24.058  60.727 0.0000000000
47506  44.230  -22.596  61.332 0.0000000000
48493  44.356  -22.288  60.198 0.0000000000
48500  44.758  -21.098  59.077 0.0000000000
121961  43.313  -22.457  59.016 0.0000000000
46681  39.567  -24.438  56.475 0.0000000000
47547  40.889  -23.183  57.228 0.0000000000
47557  39.527  -23.769  56.213 0.0000000000
48535  38.872  -23.036  55.053 0.0000000000
47567  38.429  -24.400  54.729 0.0000000000
46707  37.493  -24.974  53.421 0.0000000000
45837  37.585  -25.456  54.027 0.0000000000
45797  35.269  -25.762  55.705 0.0000000000
45816  35.441  -25.602  54.790 0.0000000000
45798  34.200  -25.613  55.223 0.0000000000
112246  32.913  -25.467  54.254 0.0000000000
129956  33.023  -25.725  55.514 0.0000000000
41849  32.239  -29.197  60.812 0.0000000000
41853  31.133  -29.017  59.899 0.0000000000
123078  31.869  -29.545  59.477 0.0000000000
60763  52.978  -9.519  38.889 0.0000000000
130342  52.621  -9.678  37.065 0.0000000000
124690  51.759  -9.708  37.477 0.0000000000
118124  48.425  -11.423  36.350 0.0000000000
39149  30.041  -32.487  61.140 0.0000000000
39150  28.919  -32.634  61.321 0.0000000000
42776  25.472  -27.935  65.222 0.0000000000
119573  25.265  -28.932  63.488 0.0000000000
41821  24.119  -28.876  63.615 0.0000000000
39135  22.299  -32.198  64.183 0.0000000000
39141  22.537  -31.470  63.361 0.0000000000
43804  38.288  -27.691  65.370 0.0000000000
44762  39.016  -27.196  64.894 0.0000000000
42787  38.474  -28.385  64.496 0.0000000000
42802  39.572  -28.679  63.314 0.0000000000
121278  38.264  -28.623  63.320 0.0000000000
119076  37.184  -27.539  62.163 0.0000000000
43838  36.679  -27.892  63.940 0.0000000000
44776  34.135  -26.537  65.304 0.0000000000
114771  34.522  -26.383  64.256 0.0000000000
45695  33.035  -25.737  64.130 0.0000000000
45696  32.275  -25.573  63.719 0.0000000000
45685  31.336  -25.959  64.757 0.0000000000
43765  31.651  -28.159  69.184 0.0000000000
43779  31.716  -27.849  68.571 0.0000000000
41784  31.065  -29.189  67.954 0.0000000000
40886  32.211  -30.353  65.534 0.0000000000
113198  31.377  -28.564  66.395 0.0000000000
42773  31.737  -28.760  65.483 0.0000000000
42792  30.795  -27.586  64.713 0.0000000000
42805  32.158  -28.808  63.901 0.0000000000
42819  32.388  -29.082  62.910 0.0000000000
41832  32.535  -29.542  63.413 0.0000000000
40023  30.706  -31.603  61.980 0.0000000000
40022  31.649  -31.305  61.829 0.0000000000
40035  30.970  -31.939  61.245 0.0000000000
56051  46.682  -14.704  42.323 0.0000000000
56059  45.538  -14.729  41.039 0.0000000000
55218  45.266  -15.561  41.487 0.0000000000
52457  43.591  -18.466  40.122 0.0000000000
132631  23.560  -30.749  72.988 0.0000000000
39969  23.053  -30.842  72.119 0.0000000000
114371  22.623  -31.921  72.297 0.0000000000
124983  19.124  -35.958  71.871 0.0000000000
36357  19.743  -35.306  71.410 0.0000000000
37312  20.181  -33.938  70.498 0.0000000000
36362  19.380  -35.127  70.200 0.0000000000
37322  19.236  -35.193  68.582 0.0000000000
35352  18.782  -35.992  69.367 0.0000000000
60760  56.569  -9.322  39.134 0.0000000000
59634  55.489  -10.949  41.470 0.0000000000
116732  54.807  -11.376  42.005 0.0000000000
126828  52.856  -11.396  41.593 0.0000000000
112193  54.227  -11.737  42.548 0.0000000000
57694  52.724  -12.646  44.421 0.0000000000
57706  51.626  -12.595  43.407 0.0000000000
56862  51.124  -12.975  44.047 0.0000000000
56864  49.642  -13.398  43.548 0.0000000000
56857  50.605  -13.329  44.628 0.0000000000
55998  49.894  -14.030  47.188 0.0000000000
56000  48.642  -15.047  46.270 0.0000000000
55164  48.385  -15.916  46.556 0.0000000000
54308  47.428  -17.173  45.953 0.0000000000
54284  47.784  -16.740  47.252 0.0000000000
56777  51.190  -12.877  51.926 0.0000000000
56793  51.086  -13.111  50.851 0.0000000000
56778  50.722  -13.637  51.494 0.0000000000
55954  47.440  -15.628  50.279 0.0000000000
55128  47.631  -16.146  49.925 0.0000000000
55143  46.889  -16.071  48.585 0.0000000000
54277  46.833  -16.569  47.902 0.0000000000
55155  46.168  -15.605  47.132 0.0000000000
56017  45.229  -15.510  45.915 0.0000000000
55987  45.233  -14.133  47.321 0.0000000000
55972  42.726  -14.390  48.420 0.0000000000
55989  42.557  -14.219  47.529 0.0000000000
55990  41.667  -14.380  47.299 0.0000000000
55156  40.236  -15.037  47.709 0.0000000000
56710  46.078  -13.124  56.030 0.0000000000
50372  44.755  -19.551  56.660 0.0000000000
52226  45.520  -18.467  57.540 0.0000000000
51288  44.515  -19.210  55.712 0.0000000000
52292  43.183  -17.927  53.138 0.0000000000
52276  44.036  -17.838  54.069 0.0000000000
53275  43.650  -16.980  53.373 0.0000000000
55081  44.280  -15.720  53.857 0.0000000000
124349  43.524  -16.009  52.715 0.0000000000
55093  43.436  -15.302  52.145 0.0000000000
54247  42.529  -16.382  51.755 0.0000000000
52340  38.349  -18.373  49.699 0.0000000000
53323  39.375  -17.294  49.704 0.0000000000
53335  37.827  -17.721  48.233 0.0000000000
53344  37.572  -17.326  47.476 0.0000000000
52370  36.389  -18.211  46.515 0.0000000000
51405  35.545  -19.431  46.307 0.0000000000
48629  34.883  -22.875  46.399 0.0000000000
116418  34.543  -22.517  45.812 0.0000000000
46737  35.830  -24.813  51.247 0.0000000000
111989  35.265  -24.269  49.728 0.0000000000
112184  33.810  -24.349  50.047 0.0000000000
47638  31.262  -23.867  48.105 0.0000000000
44827  35.707  -26.255  60.500 0.0000000000
44841  35.542  -26.246  59.589 0.0000000000
45741  33.990  -25.784  59.911 0.0000000000
114418  31.298  -25.637  58.893 0.0000000000
45758  32.125  -25.779  58.396 0.0000000000
45784  31.092  -25.948  56.909 0.0000000000
112391  30.559  -25.948  56.060 0.0000000000
45785  30.057  -25.979  56.791 0.0000000000
42870  28.310  -28.279  58.711 0.0000000000
43892  28.267  -27.516  59.182 0.0000000000
43901  27.816  -27.473  58.323 0.0000000000
44884  27.017  -26.965  56.774 0.0000000000
45824  27.745  -26.190  55.177 0.0000000000
58712  52.701  -12.112  36.136 0.0000000000
58725  53.510  -12.004  35.630 0.0000000000
56071  45.279  -14.041  38.315 0.0000000000
44714  27.505  -26.200  70.836 0.0000000000
44724  27.012  -26.467  69.892 0.0000000000
44715  26.728  -26.202  70.679 0.0000000000
44716  26.142  -26.335  71.257 0.0000000000
43727  25.386  -26.960  71.510 0.0000000000
44700  28.837  -26.177  71.407 0.0000000000
44800  41.614  -26.516  62.108 0.0000000000
46615  42.483  -24.335  62.042 0.0000000000
44812  41.830  -26.316  61.273 0.0000000000
45728  42.149  -25.525  60.535 0.0000000000
46646  42.314  -24.722  59.913 0.0000000000
47531  42.329  -23.541  59.109 0.0000000000
45769  40.741  -25.278  58.488 0.0000000000
45780  39.669  -25.452  57.257 0.0000000000
127454  38.736  -26.112  56.156 0.0000000000
45795  37.989  -25.832  54.960 0.0000000000
44878  37.789  -26.320  56.195 0.0000000000
44879  36.821  -26.336  56.678 0.0000000000
111677  35.928  -26.188  56.760 0.0000000000
40913  32.483  -30.507  59.999 0.0000000000
40915  32.230  -30.625  59.269 0.0000000000
40045  32.079  -31.349  58.945 0.0000000000
59650  51.357  -10.798  40.004 0.0000000000
59680  50.348  -10.296  38.328 0.0000000000
58701  49.348  -11.203  39.018 0.0000000000
58705  48.134  -11.285  37.717 0.0000000000
40024  28.910  -31.593  61.926 0.0000000000
40037  28.462  -32.009  61.470 0.0000000000
40025  27.992  -31.483  61.744 0.0000000000
40904  27.121  -31.275  61.714 0.0000000000
40905  26.172  -31.107  61.631 0.0000000000
131083  23.225  -29.069  66.332 0.0000000000
41823  22.574  -29.567  64.656 0.0000000000
40889  21.924  -30.295  65.072 0.0000000000
40000  21.588  -31.544  65.188 0.0000000000
119725  20.734  -34.563  66.321 0.0000000000
44751  37.288  -26.802  66.601 0.0000000000
42758  37.009  -27.739  65.953 0.0000000000
43823  36.455  -27.837  64.954 0.0000000000
110790  35.605  -27.546  66.680 0.0000000000
44752  34.068  -26.893  66.411 0.0000000000
44753  33.030  -26.606  66.857 0.0000000000
40864  30.478  -30.185  67.957 0.0000000000
40862  31.291  -29.918  67.290 0.0000000000
39982  31.046  -30.864  66.879 0.0000000000
39996  31.536  -31.324  65.684 0.0000000000
39995  32.167  -31.117  64.996 0.0000000000
133264  32.354  -30.821  64.226 0.0000000000
113791  30.869  -31.494  63.979 0.0000000000
111398  29.857  -31.697  64.009 0.0000000000
54341  46.060  -16.590  43.213 0.0000000000
54350  44.974  -16.459  41.967 0.0000000000
54343  44.777  -17.495  42.447 0.0000000000
53414  43.526  -18.439  41.640 0.0000000000
34456  18.328  -36.168  72.219 0.0000000000
34471  18.137  -36.541  70.463 0.0000000000
34477  18.166  -36.557  69.731 0.0000000000
34479  17.609  -36.262  70.361 0.0000000000
125904  52.457  -12.870  46.426 0.0000000000
56843  50.979  -13.462  46.169 0.0000000000
56841  52.128  -13.040  47.031 0.0000000000
56831  50.666  -13.664  47.568 0.0000000000
55983  49.958  -14.154  48.118 0.0000000000
56742  50.365  -13.309  53.308 0.0000000000
55921  49.782  -14.495  51.960 0.0000000000
56779  48.735  -14.236  52.154 0.0000000000
56795  47.615  -14.229  51.123 0.0000000000
56821  46.373  -13.986  49.338 0.0000000000
56832  45.413  -13.926  47.988 0.0000000000
56810  45.911  -13.688  49.542 0.0000000000
55956  44.477  -13.879  49.670 0.0000000000
55958  42.943  -14.548  49.244 0.0000000000
49520  41.976  -20.985  54.986 0.0000000000
50400  43.277  -19.863  54.739 0.0000000000
51301  42.025  -20.054  53.895 0.0000000000
52279  42.117  -18.951  53.054 0.0000000000
52294  41.732  -18.581  52.523 0.0000000000
53292  41.369  -17.615  51.695 0.0000000000
52311  39.837  -18.461  51.390 0.0000000000
51353  38.146  -19.323  50.733 0.0000000000
51367  36.831  -20.021  49.131 0.0000000000
50500  36.113  -20.318  47.834 0.0000000000
50493  36.358  -20.629  48.622 0.0000000000
48598  35.685  -22.245  48.608 0.0000000000
47656  35.242  -23.324  47.879 0.0000000000
46721  33.363  -24.822  51.860 0.0000000000
46760  32.719  -24.291  50.296 0.0000000000
46741  31.785  -24.510  51.302 0.0000000000
46762  30.316  -24.412  50.382 0.0000000000
46798  29.213  -24.375  48.972 0.0000000000
45718  33.267  -25.492  61.535 0.0000000000
45730  33.206  -25.548  60.476 0.0000000000
45732  31.517  -25.517  60.660 0.0000000000
45744  31.349  -25.547  59.859 0.0000000000
45746  29.353  -26.048  59.228 0.0000000000
42883  27.813  -28.909  57.115 0.0000000000
40929  27.749  -29.897  56.379 0.0000000000
63613  56.359  -7.395  34.991 0.0000000000
61718  55.150  -9.347  34.504 0.0000000000
61719  54.249  -9.474  34.270 0.0000000000
40878  28.393  -29.641  66.487 0.0000000000
41808  27.183  -29.118  64.940 0.0000000000
41796  27.168  -28.487  65.787 0.0000000000
112457  26.363  -27.924  65.656 0.0000000000
42763  25.581  -27.645  66.244 0.0000000000
43767  25.802  -26.952  68.637 0.0000000000
42736  25.118  -27.412  68.034 0.0000000000
124886  24.090  -28.143  67.084 0.0000000000
41787  22.893  -29.300  67.708 0.0000000000
40852  22.623  -29.859  68.153 0.0000000000
40853  22.305  -30.498  68.855 0.0000000000
45618  34.316  -25.779  68.762 0.0000000000
126847  34.259  -26.578  68.407 0.0000000000
44723  32.646  -26.834  69.575 0.0000000000
43752  31.487  -28.221  69.596 0.0000000000
42710  31.069  -28.685  69.672 0.0000000000
43724  30.316  -27.631  70.848 0.0000000000
42712  30.201  -28.645  70.148 0.0000000000
40837  30.168  -29.828  69.057 0.0000000000
40850  29.923  -30.168  68.683 0.0000000000
40866  29.081  -30.210  67.579 0.0000000000
53373  44.499  -17.739  44.397 0.0000000000
52392  44.082  -18.841  43.714 0.0000000000
131002  42.347  -18.456  43.917 0.0000000000
58536  52.924  -11.042  49.959 0.0000000000
57627  50.790  -12.326  53.785 0.0000000000
56743  49.923  -12.990  53.940 0.0000000000
56725  49.625  -12.500  54.388 0.0000000000
57630  48.053  -12.165  53.912 0.0000000000
132693  44.816  -20.093  57.634 0.0000000000
49490  43.485  -20.869  56.872 0.0000000000
47539  41.998  -23.109  58.376 0.0000000000
48519  42.114  -21.908  57.157 0.0000000000
49507  42.287  -21.136  55.791 0.0000000000
49509  40.688  -21.750  55.133 0.0000000000
49523  39.356  -21.993  54.576 0.0000000000
49534  37.435  -22.429  52.975 0.0000000000
48568  36.741  -22.981  51.938 0.0000000000
47589  37.320  -23.789  52.683 0.0000000000
46720  36.756  -24.858  52.224 0.0000000000
45869  35.812  -25.128  51.855 0.0000000000
110930  37.344  -25.594  53.968 0.0000000000
128854  35.777  -25.326  53.083 0.0000000000
114644  34.189  -25.155  52.992 0.0000000000
45857  32.570  -24.958  52.901 0.0000000000
45843  32.351  -25.252  53.658 0.0000000000
111183  30.652  -25.486  53.860 0.0000000000
42837  29.567  -28.135  61.527 0.0000000000
43878  28.880  -27.471  60.891 0.0000000000
42849  29.093  -28.205  60.836 0.0000000000
42860  29.129  -28.447  59.915 0.0000000000
41862  30.127  -29.611  58.568 0.0000000000
40918  31.516  -30.503  58.764 0.0000000000
41867  30.303  -30.294  58.375 0.0000000000
60794  55.437  -9.816  36.726 0.0000000000
60808  55.397  -10.587  36.095 0.0000000000
60809  54.418  -10.294  36.509 0.0000000000
59704  52.970  -11.188  36.309 0.0000000000
58713  51.583  -11.694  36.048 0.0000000000
59694  50.356  -10.289  36.963 0.0000000000
58714  50.376  -11.340  36.022 0.0000000000
41833  26.110  -29.506  63.088 0.0000000000
41834  25.063  -29.664  62.166 0.0000000000
40028  24.366  -31.001  61.720 0.0000000000
41845  22.742  -29.751  62.857 0.0000000000
40029  23.420  -30.748  61.879 0.0000000000
44788  40.700  -26.872  63.407 0.0000000000
42801  40.324  -28.477  63.021 0.0000000000
42831  39.748  -28.658  61.573 0.0000000000
42833  38.414  -28.012  60.827 0.0000000000
43876  37.874  -27.544  60.042 0.0000000000
115571  37.797  -27.626  60.807 0.0000000000
44814  36.579  -26.858  61.757 0.0000000000
44801  35.052  -26.099  62.062 0.0000000000
44790  35.261  -26.808  63.778 0.0000000000
44791  34.628  -26.219  63.371 0.0000000000
45717  33.683  -25.635  62.324 0.0000000000
113799  32.929  -25.432  62.380 0.0000000000
45708  31.316  -25.619  62.647 0.0000000000
44802  30.039  -26.646  63.002 0.0000000000
43778  32.716  -27.223  68.562 0.0000000000
44742  31.887  -27.010  67.808 0.0000000000
44755  31.519  -26.765  66.840 0.0000000000
42760  31.154  -28.455  67.310 0.0000000000
43808  31.091  -27.615  66.465 0.0000000000
44765  31.345  -26.512  65.968 0.0000000000
43825  30.576  -27.025  64.970 0.0000000000
43840  30.497  -27.273  64.065 0.0000000000
43854  29.772  -27.516  62.633 0.0000000000
117152  31.127  -28.450  62.471 0.0000000000
42835  32.046  -28.882  61.627 0.0000000000
41848  32.391  -29.417  61.288 0.0000000000
40011  32.138  -30.808  62.800 0.0000000000
40903  32.464  -30.272  62.255 0.0000000000
40033  32.501  -30.749  60.759 0.0000000000
133716  47.935  -13.347  41.551 0.0000000000
56889  47.201  -13.109  40.452 0.0000000000
56890  46.449  -13.603  40.611 0.0000000000
54358  44.210  -16.584  40.561 0.0000000000
53423  43.925  -17.207  40.068 0.0000000000
51442  42.716  -19.499  43.049 0.0000000000
45570  25.546  -25.474  73.218 0.0000000000
123781  25.191  -26.594  73.170 0.0000000000
42701  24.811  -27.796  71.875 0.0000000000
41736  24.140  -28.911  73.119 0.0000000000
124033  23.860  -29.281  71.702 0.0000000000
134041  23.212  -30.098  70.875 0.0000000000
39975  22.416  -30.853  69.863 0.0000000000
39098  21.406  -32.039  69.607 0.0000000000
38226  22.255  -33.363  73.115 0.0000000000
38245  21.533  -32.855  71.308 0.0000000000
39092  21.215  -32.597  70.355 0.0000000000
39099  20.833  -32.357  68.760 0.0000000000
38264  19.643  -33.683  68.194 0.0000000000
60792  57.370  -9.181  37.513 0.0000000000
120596  56.849  -9.210  38.097 0.0000000000
60761  55.282  -9.428  39.163 0.0000000000
60762  54.086  -9.450  39.073 0.0000000000
59645  56.929  -10.295  40.951 0.0000000000
59647  55.098  -10.499  40.763 0.0000000000
59649  52.892  -10.700  40.590 0.0000000000
128593  51.987  -11.008  40.587 0.0000000000
58677  50.565  -11.805  40.881 0.0000000000
57743  50.463  -12.206  41.501 0.0000000000
112844  52.573  -12.198  42.936 0.0000000000
57725  51.589  -12.286  42.667 0.0000000000
56882  49.249  -12.918  41.968 0.0000000000
56873  48.691  -13.410  42.466 0.0000000000
56049  48.119  -13.958  42.990 0.0000000000
56044  47.650  -14.680  43.485 0.0000000000
120794  49.970  -13.814  45.618 0.0000000000
56031  48.503  -14.570  44.589 0.0000000000
55200  47.327  -15.587  43.908 0.0000000000
54330  46.984  -16.600  44.391 0.0000000000
53371  46.202  -18.048  45.233 0.0000000000
53361  45.903  -17.948  45.505 0.0000000000
57653  51.767  -12.560  50.150 0.0000000000
56808  50.518  -14.031  49.687 0.0000000000
55968  49.477  -15.062  48.650 0.0000000000
55937  49.302  -15.159  51.188 0.0000000000
55140  48.774  -15.863  49.318 0.0000000000
124725  48.215  -16.442  48.599 0.0000000000
54285  47.229  -17.031  47.456 0.0000000000
53352  46.275  -17.520  45.993 0.0000000000
54309  45.399  -17.317  45.458 0.0000000000
55189  44.319  -15.754  44.797 0.0000000000
55190  43.517  -15.600  44.548 0.0000000000
56834  44.041  -13.926  47.434 0.0000000000
114285  42.137  -14.275  45.558 0.0000000000
57604  47.354  -12.015  55.450 0.0000000000
56726  46.163  -12.643  54.249 0.0000000000
55049  45.388  -15.887  56.483 0.0000000000
52264  44.395  -18.128  54.722 0.0000000000
54204  44.920  -16.889  55.498 0.0000000000
55884  45.251  -14.965  55.776 0.0000000000
55892  44.968  -14.561  55.028 0.0000000000
55080  44.701  -14.056  54.042 0.0000000000
55899  44.641  -13.699  53.076 0.0000000000
55909  44.015  -14.332  52.333 0.0000000000
132501  43.338  -14.902  50.684 0.0000000000
55131  41.651  -15.299  49.582 0.0000000000
53309  40.914  -17.155  51.163 0.0000000000
54266  40.395  -16.172  49.800 0.0000000000
55145  40.538  -15.327  48.517 0.0000000000
55158  38.639  -15.808  47.100 0.0000000000
50514  34.923  -20.686  46.030 0.0000000000
49630  34.186  -21.633  44.278 0.0000000000
47623  35.893  -23.475  50.096 0.0000000000
46776  35.109  -24.095  48.935 0.0000000000
46815  34.350  -23.840  47.894 0.0000000000
46779  32.908  -24.160  49.491 0.0000000000
47636  32.839  -23.844  48.149 0.0000000000
117232  36.240  -26.569  58.867 0.0000000000
116261  35.484  -26.316  58.012 0.0000000000
44867  34.586  -26.119  57.574 0.0000000000
45757  33.500  -25.897  58.620 0.0000000000
44868  33.750  -26.056  57.843 0.0000000000
110794  33.007  -25.972  56.359 0.0000000000
125638  32.331  -25.933  55.992 0.0000000000
45800  30.966  -25.860  55.278 0.0000000000
111382  29.786  -25.522  53.906 0.0000000000
44830  28.741  -26.931  60.057 0.0000000000
44843  28.647  -26.597  59.435 0.0000000000
45762  28.470  -26.388  58.041 0.0000000000
118179  27.069  -27.412  57.009 0.0000000000
45775  27.929  -26.488  57.546 0.0000000000
45787  28.191  -26.211  56.868 0.0000000000
128084  28.349  -26.046  55.525 0.0000000000
45823  28.503  -25.866  54.786 0.0000000000
59710  54.781  -11.010  35.472 0.0000000000
60823  54.212  -10.497  34.578 0.0000000000
60829  52.391  -10.203  33.813 0.0000000000
56893  46.217  -13.076  39.209 0.0000000000
42858  39.065  -28.019  60.100 0.0000000000
130421  40.244  -27.361  59.882 0.0000000000
43897  39.275  -27.272  58.666 0.0000000000
43898  38.740  -27.356  58.545 0.0000000000
112322  38.479  -27.512  59.054 0.0000000000
57758  48.449  -12.172  39.829 0.0000000000
57754  48.696  -12.486  40.547 0.0000000000
40007  28.166  -30.585  64.427 0.0000000000
40887  27.910  -29.875  64.954 0.0000000000
39979  21.501  -31.182  67.529 0.0000000000
39985  21.200  -31.520  66.770 0.0000000000
46537  35.277  -24.778  68.274 0.0000000000
45630  35.386  -25.642  68.354 0.0000000000
44731  35.897  -26.125  68.040 0.0000000000
44732  35.248  -26.579  68.194 0.0000000000
43775  35.393  -27.201  67.707 0.0000000000
114125  45.121  -18.205  44.314 0.0000000000
53388  44.745  -18.505  43.720 0.0000000000
57661  53.334  -11.562  49.388 0.0000000000
56764  47.230  -12.797  52.583 0.0000000000
56765  46.259  -12.984  52.154 0.0000000000
49543  37.667  -21.594  52.903 0.0000000000
50439  37.233  -21.103  52.081 0.0000000000
49552  36.632  -22.017  51.622 0.0000000000
44817  29.844  -26.565  62.280 0.0000000000
45721  30.110  -26.070  61.684 0.0000000000
44818  29.421  -26.819  61.606 0.0000000000
60813  57.003  -9.768  35.847 0.0000000000
43753  27.234  -27.074  69.066 0.0000000000
120197  24.938  -27.589  70.898 0.0000000000
41753  23.923  -28.803  70.606 0.0000000000
45603  31.366  -25.868  70.606 0.0000000000
41763  28.742  -28.547  68.932 0.0000000000
46644  43.367  -23.498  60.526 0.0000000000
46625  43.614  -23.315  61.031 0.0000000000
47514  44.014  -22.833  60.743 0.0000000000
47505  44.543  -22.314  60.884 0.0000000000
47529  43.762  -22.485  59.530 0.0000000000
47530  43.092  -23.126  59.487 0.0000000000
46682  39.139  -24.848  55.797 0.0000000000
46693  38.697  -24.890  55.182 0.0000000000
47558  38.921  -23.980  55.536 0.0000000000
46706  38.020  -25.110  54.183 0.0000000000
46694  38.324  -25.320  54.784 0.0000000000
118714  33.689  -25.810  56.005 0.0000000000
41852  32.129  -29.267  60.112 0.0000000000
41856  32.274  -29.885  59.651 0.0000000000
59678  51.999  -9.697  38.592 0.0000000000
60776  52.686  -9.381  37.818 0.0000000000
131820  30.118  -31.940  61.510 0.0000000000
42777  24.458  -28.326  65.295 0.0000000000
42794  24.815  -28.478  64.454 0.0000000000
41809  23.680  -28.829  64.758 0.0000000000
131492  37.590  -27.955  65.374 0.0000000000
42771  38.126  -28.094  65.137 0.0000000000
42803  38.055  -28.517  64.142 0.0000000000
42818  37.522  -28.304  63.652 0.0000000000
45671  32.915  -25.998  65.160 0.0000000000
45684  32.147  -25.720  64.579 0.0000000000
42734  31.217  -28.639  68.748 0.0000000000
41805  32.282  -29.563  65.099 0.0000000000
42790  32.206  -28.961  64.697 0.0000000000
41819  32.466  -29.531  64.260 0.0000000000
119001  32.480  -30.221  63.861 0.0000000000
126808  29.772  -31.641  61.992 0.0000000000
55217  45.954  -15.084  41.914 0.0000000000
39951  23.547  -30.929  73.484 0.0000000000
39070  23.379  -31.597  73.479 0.0000000000
39076  23.384  -31.182  72.859 0.0000000000
39077  22.970  -31.922  73.053 0.0000000000
34462  18.751  -36.141  71.232 0.0000000000
35339  19.214  -35.748  71.195 0.0000000000
119067  19.488  -35.371  70.837 0.0000000000
36363  19.029  -35.631  70.272 0.0000000000
36367  19.082  -35.495  69.381 0.0000000000
123558  57.468  -9.123  39.767 0.0000000000
61673  57.616  -8.884  40.096 0.0000000000
58642  56.544  -10.979  42.399 0.0000000000
58658  55.787  -11.301  42.141 0.0000000000
58644  55.154  -11.602  42.665 0.0000000000
57695  51.908  -12.810  44.206 0.0000000000
56856  51.370  -13.075  44.720 0.0000000000
129497  51.015  -13.271  45.057 0.0000000000
55984  49.340  -14.864  47.686 0.0000000000
55999  49.264  -14.560  46.715 0.0000000000
55163  48.710  -15.572  47.173 0.0000000000
125647  48.273  -16.323  47.022 0.0000000000
123594  50.880  -13.425  52.167 0.0000000000
55969  46.557  -14.864  48.909 0.0000000000
55129  47.136  -15.818  49.511 0.0000000000
55985  46.407  -15.229  48.258 0.0000000000
55154  46.515  -15.865  47.821 0.0000000000
55986  45.930  -14.791  47.628 0.0000000000
56001  45.491  -14.879  46.703 0.0000000000
55973  41.905  -14.616  48.184 0.0000000000
55991  40.770  -14.525  47.098 0.0000000000
55974  41.047  -14.764  47.973 0.0000000000
55875  45.650  -14.238  56.415 0.0000000000
50387  44.154  -19.885  55.982 0.0000000000
53262  43.653  -17.565  53.521 0.0000000000
53276  43.263  -17.220  53.035 0.0000000000
54222  43.886  -16.391  53.443 0.0000000000
54236  42.885  -16.798  52.425 0.0000000000
53291  42.251  -17.156  51.997 0.0000000000
52350  37.453  -18.442  48.560 0.0000000000
52349  38.103  -18.068  48.947 0.0000000000
52360  37.186  -18.088  47.812 0.0000000000
52361  36.644  -18.552  47.312 0.0000000000
51394  36.086  -19.000  46.810 0.0000000000
120859  36.377  -19.402  47.583 0.0000000000
47678  34.560  -23.326  46.809 0.0000000000
48630  34.288  -23.123  46.076 0.0000000000
46738  34.979  -24.922  51.524 0.0000000000
116215  35.184  -24.646  50.820 0.0000000000
111066  34.382  -24.628  50.841 0.0000000000
44816  35.010  -25.894  61.113 0.0000000000
44828  34.854  -25.937  60.213 0.0000000000
45760  30.323  -25.757  58.540 0.0000000000
45759  31.305  -25.797  57.877 0.0000000000
42875  29.072  -29.097  58.096 0.0000000000
42876  28.019  -28.569  57.876 0.0000000000
43741  25.534  -26.914  70.467 0.0000000000
44703  25.707  -26.384  72.401 0.0000000000
45587  28.342  -25.260  71.745 0.0000000000
44713  28.619  -26.677  70.953 0.0000000000
43850  41.278  -27.396  62.210 0.0000000000
114180  41.458  -27.051  61.563 0.0000000000
44838  41.184  -26.484  59.917 0.0000000000
44837  41.713  -26.051  60.282 0.0000000000
45740  41.505  -25.876  59.726 0.0000000000
45739  42.023  -25.439  60.077 0.0000000000
45753  41.759  -25.196  59.558 0.0000000000
46654  41.415  -24.857  58.944 0.0000000000
45754  41.126  -25.585  59.160 0.0000000000
44863  39.230  -26.474  57.430 0.0000000000
134344  39.553  -26.076  57.463 0.0000000000
45781  39.208  -26.046  56.695 0.0000000000
44877  38.425  -26.246  56.148 0.0000000000
126644  36.152  -26.368  57.361 0.0000000000
124724  32.416  -31.511  59.348 0.0000000000
59666  50.008  -10.923  39.135 0.0000000000
58691  49.676  -11.550  39.731 0.0000000000
58693  48.106  -11.835  39.114 0.0000000000
58702  48.625  -11.273  38.480 0.0000000000
58703  47.691  -11.685  38.262 0.0000000000
57762  46.761  -12.251  37.855 0.0000000000
40014  28.594  -31.305  62.693 0.0000000000
40898  26.866  -30.551  62.053 0.0000000000
40899  25.988  -30.130  61.919 0.0000000000
40879  22.726  -29.728  66.399 0.0000000000
41811  22.482  -29.813  65.589 0.0000000000
40880  22.091  -30.328  65.974 0.0000000000
39993  21.399  -31.577  65.859 0.0000000000
125237  21.403  -32.100  65.423 0.0000000000
110813  21.652  -32.557  65.045 0.0000000000
38296  21.575  -33.326  65.504 0.0000000000
37344  20.201  -33.970  66.557 0.0000000000
37343  20.170  -34.903  66.711 0.0000000000
133884  36.741  -24.650  66.898 0.0000000000
43774  36.705  -27.091  67.006 0.0000000000
45644  36.881  -26.297  67.158 0.0000000000
128484  37.163  -27.437  66.348 0.0000000000
42759  36.280  -27.669  66.400 0.0000000000
128129  34.857  -27.296  66.844 0.0000000000
39978  30.127  -30.377  67.991 0.0000000000
39983  30.499  -30.552  67.333 0.0000000000
113942  30.135  -31.591  65.545 0.0000000000
39989  31.039  -31.358  66.265 0.0000000000
40003  31.365  -31.499  64.909 0.0000000000
40004  30.417  -31.727  64.880 0.0000000000
40013  29.388  -31.514  62.932 0.0000000000
54342  45.447  -17.080  42.832 0.0000000000
53402  45.193  -18.065  43.336 0.0000000000
52428  44.050  -18.720  42.591 0.0000000000
51481  43.135  -19.172  41.785 0.0000000000
34465  17.655  -35.963  72.057 0.0000000000
34463  18.330  -36.380  71.274 0.0000000000
34472  17.933  -36.499  70.813 0.0000000000
34478  17.944  -36.596  70.033 0.0000000000
56819  51.843  -13.117  48.600 0.0000000000
56830  51.578  -13.307  47.764 0.0000000000
56820  50.823  -13.671  48.583 0.0000000000
56761  49.809  -13.568  53.222 0.0000000000
55908  49.484  -14.164  52.446 0.0000000000
127215  47.203  -14.564  50.468 0.0000000000
56809  46.555  -13.841  49.978 0.0000000000
56798  45.279  -13.634  49.971 0.0000000000
55957  43.713  -14.224  49.437 0.0000000000
122884  43.804  -14.391  50.247 0.0000000000
50402  41.570  -20.639  54.330 0.0000000000
50401  42.395  -20.314  54.568 0.0000000000
50436  40.149  -20.067  52.787 0.0000000000
51314  40.833  -19.891  53.074 0.0000000000
51327  41.313  -19.249  52.771 0.0000000000
52295  40.990  -18.863  52.239 0.0000000000
51342  40.200  -19.034  51.987 0.0000000000
51345  37.772  -19.938  51.077 0.0000000000
51354  37.516  -19.702  50.374 0.0000000000
116425  37.343  -19.482  49.617 0.0000000000
50483  36.459  -20.787  49.431 0.0000000000
48597  35.807  -22.139  49.316 0.0000000000
128473  35.505  -23.013  48.359 0.0000000000
128415  32.758  -24.831  52.242 0.0000000000
46722  32.587  -24.625  51.608 0.0000000000
46763  29.484  -24.643  50.494 0.0000000000
111094  29.724  -24.391  49.706 0.0000000000
126521  28.782  -24.643  49.745 0.0000000000
45719  32.222  -25.391  62.022 0.0000000000
113798  32.314  -25.431  61.061 0.0000000000
131583  30.527  -25.752  60.277 0.0000000000
134666  31.057  -25.596  60.421 0.0000000000
45745  30.427  -25.726  59.479 0.0000000000
60821  55.925  -10.051  34.841 0.0000000000
61717  56.008  -9.092  34.714 0.0000000000
41795  27.868  -28.971  66.348 0.0000000000
114450  26.824  -27.653  67.274 0.0000000000
42762  26.654  -27.807  66.409 0.0000000000
43754  26.418  -26.723  69.208 0.0000000000
43766  26.514  -27.026  68.542 0.0000000000
42737  24.397  -27.827  68.693 0.0000000000
41786  23.443  -28.645  67.587 0.0000000000
41765  23.197  -29.339  69.344 0.0000000000
114682  22.727  -29.742  68.896 0.0000000000
131907  33.150  -24.168  68.900 0.0000000000
121570  33.476  -24.746  69.050 0.0000000000
46523  34.199  -24.972  68.805 0.0000000000
45619  33.686  -25.505  69.115 0.0000000000
44722  33.594  -26.326  69.011 0.0000000000
122026  33.132  -25.998  69.466 0.0000000000
124814  31.312  -27.524  70.525 0.0000000000
43735  31.888  -27.679  70.005 0.0000000000
44698  30.091  -26.890  71.136 0.0000000000
43725  29.733  -27.281  71.028 0.0000000000
41751  29.665  -28.919  69.686 0.0000000000
41750  29.983  -29.067  69.791 0.0000000000
41749  30.358  -29.116  69.652 0.0000000000
130121  29.985  -29.839  69.169 0.0000000000
40838  29.684  -29.758  68.966 0.0000000000
40851  28.782  -29.615  67.854 0.0000000000
40867  28.651  -29.786  67.215 0.0000000000
113719  28.816  -30.174  66.938 0.0000000000
53374  43.745  -18.265  44.065 0.0000000000
57628  50.431  -12.749  53.916 0.0000000000
57617  50.424  -12.081  54.402 0.0000000000
57601  49.500  -11.667  55.153 0.0000000000
126608  49.659  -12.121  54.698 0.0000000000
57629  48.856  -12.240  54.373 0.0000000000
48509  44.044  -21.516  58.606 0.0000000000
49470  44.968  -20.487  58.523 0.0000000000
49471  44.391  -20.817  58.170 0.0000000000
49489  44.135  -20.648  57.414 0.0000000000
46661  41.642  -23.975  58.722 0.0000000000
47540  41.301  -23.577  57.964 0.0000000000
47556  40.423  -22.846  56.437 0.0000000000
48520  41.328  -22.364  56.834 0.0000000000
48526  41.822  -21.716  56.331 0.0000000000
49508  41.387  -21.591  55.538 0.0000000000
48528  40.543  -22.213  55.705 0.0000000000
48536  38.295  -23.574  54.426 0.0000000000
48543  38.479  -22.603  54.328 0.0000000000
49533  37.910  -22.219  53.639 0.0000000000
48545  37.508  -23.163  53.187 0.0000000000
47577  37.553  -24.084  53.259 0.0000000000
119753  37.095  -25.090  52.785 0.0000000000
45853  36.788  -25.241  52.624 0.0000000000
45868  36.364  -25.044  51.962 0.0000000000
45854  36.209  -25.241  52.474 0.0000000000
44894  37.700  -25.983  55.370 0.0000000000
44908  37.492  -25.774  54.705 0.0000000000
45817  34.692  -25.479  54.217 0.0000000000
45840  35.716  -25.453  53.859 0.0000000000
45841  34.945  -25.336  53.394 0.0000000000
45856  33.387  -24.988  52.623 0.0000000000
45842  33.323  -25.251  53.497 0.0000000000
45844  31.492  -25.356  53.780 0.0000000000
42848  30.288  -28.569  60.836 0.0000000000
42859  29.846  -28.652  60.185 0.0000000000
41858  30.137  -28.991  59.341 0.0000000000
42869  29.183  -28.783  58.973 0.0000000000
127939  31.891  -30.684  58.933 0.0000000000
41857  31.857  -30.095  59.014 0.0000000000
134089  30.315  -30.678  58.338 0.0000000000
40922  29.711  -30.589  57.980 0.0000000000
41868  29.510  -29.874  57.967 0.0000000000
60797  52.228  -10.174  36.723 0.0000000000
59705  51.890  -10.875  36.366 0.0000000000
127562  50.090  -10.286  37.585 0.0000000000
59695  49.558  -10.504  37.178 0.0000000000
114594  49.341  -11.304  36.159 0.0000000000
134613  27.772  -31.995  61.399 0.0000000000
39151  27.997  -32.574  61.295 0.0000000000
40888  27.077  -29.696  64.000 0.0000000000
41820  26.367  -28.955  64.143 0.0000000000
131977  24.446  -29.253  62.743 0.0000000000
131282  24.577  -29.968  61.736 0.0000000000
40906  24.109  -30.243  61.674 0.0000000000
40894  21.936  -30.379  64.120 0.0000000000
41837  22.417  -29.795  63.681 0.0000000000
40900  22.275  -30.414  63.276 0.0000000000
39140  23.107  -31.799  63.327 0.0000000000
40017  22.906  -31.227  62.604 0.0000000000
112543  24.132  -32.035  63.333 0.0000000000
45670  37.630  -25.279  65.859 0.0000000000
45669  38.219  -25.890  65.366 0.0000000000
43821  39.380  -27.810  64.530 0.0000000000
44774  39.455  -26.891  64.430 0.0000000000
43837  40.580  -27.792  63.319 0.0000000000
41831  38.964  -28.778  62.981 0.0000000000
41830  39.457  -28.777  62.753 0.0000000000
42816  39.201  -28.757  62.161 0.0000000000
42832  39.039  -28.435  61.260 0.0000000000
115333  38.618  -28.413  61.684 0.0000000000
43865  37.978  -27.978  61.703 0.0000000000
133576  36.543  -27.136  62.500 0.0000000000
43853  35.877  -26.643  62.306 0.0000000000
44815  35.805  -26.351  61.430 0.0000000000
117533  35.921  -27.433  64.146 0.0000000000
44792  33.870  -25.934  63.709 0.0000000000
45705  34.050  -25.919  62.909 0.0000000000
116155  34.677  -26.099  62.701 0.0000000000
116219  31.570  -25.718  64.135 0.0000000000
45697  31.416  -25.643  63.489 0.0000000000
45698  30.629  -26.094  63.327 0.0000000000
43750  33.176  -26.952  68.915 0.0000000000
43763  33.493  -26.888  68.436 0.0000000000
44754  32.079  -26.513  67.061 0.0000000000
41794  31.487  -29.478  66.972 0.0000000000
43795  31.062  -26.991  66.351 0.0000000000
43809  30.842  -27.144  65.772 0.0000000000
44766  30.915  -26.778  65.525 0.0000000000
43841  29.969  -27.153  63.261 0.0000000000
42821  30.309  -27.835  63.253 0.0000000000
132781  32.126  -28.859  62.454 0.0000000000
42834  32.449  -29.231  62.120 0.0000000000
113972  32.513  -29.761  61.793 0.0000000000
40002  31.924  -31.155  63.978 0.0000000000
125780  32.336  -30.716  63.613 0.0000000000
123169  32.490  -30.318  61.471 0.0000000000
40034  32.042  -31.604  60.859 0.0000000000
56874  47.863  -13.674  42.113 0.0000000000
56884  47.285  -13.566  41.318 0.0000000000
56067  44.703  -15.154  39.894 0.0000000000
54351  44.333  -16.910  41.508 0.0000000000
53431  43.728  -17.910  39.904 0.0000000000
53430  44.176  -17.677  39.347 0.0000000000
52393  43.202  -18.740  43.759 0.0000000000
52409  43.448  -19.190  43.248 0.0000000000
45551  25.662  -24.967  73.120 0.0000000000
44685  25.067  -26.175  73.438 0.0000000000
43715  25.102  -27.166  72.550 0.0000000000
43708  24.765  -27.434  73.316 0.0000000000
41737  23.861  -29.443  72.710 0.0000000000
41742  24.318  -28.663  72.287 0.0000000000
40830  23.556  -29.586  70.892 0.0000000000
40820  23.389  -30.134  71.676 0.0000000000
39084  22.601  -31.405  71.646 0.0000000000
39973  22.525  -31.113  70.721 0.0000000000
39976  21.871  -31.295  69.293 0.0000000000
113850  21.966  -31.574  70.248 0.0000000000
36351  20.931  -34.655  72.762 0.0000000000
114718  21.420  -34.485  73.315 0.0000000000
38227  21.567  -33.981  72.710 0.0000000000
38235  21.865  -33.111  72.220 0.0000000000
38236  21.251  -33.635  71.777 0.0000000000
38246  20.870  -33.373  70.908 0.0000000000
38255  20.567  -33.244  69.945 0.0000000000
128405  20.879  -32.650  69.534 0.0000000000
39100  20.312  -33.088  68.962 0.0000000000
38265  19.406  -34.651  67.809 0.0000000000
34483  18.149  -36.634  68.924 0.0000000000
61698  57.996  -8.769  37.496 0.0000000000
60772  57.366  -9.054  38.479 0.0000000000
59662  54.599  -9.940  39.973 0.0000000000
60748  57.503  -9.427  40.669 0.0000000000
58673  54.403  -11.005  41.374 0.0000000000
59648  53.951  -10.549  40.683 0.0000000000
58660  52.144  -11.570  41.576 0.0000000000
134357  51.811  -11.431  41.085 0.0000000000
58661  51.278  -11.788  41.437 0.0000000000
57724  53.710  -12.067  43.132 0.0000000000
57704  53.229  -12.380  43.791 0.0000000000
57707  50.898  -12.561  42.808 0.0000000000
57726  50.152  -12.639  42.212 0.0000000000
56872  49.476  -13.154  42.748 0.0000000000
56865  48.894  -13.667  43.259 0.0000000000
56043  48.347  -14.289  43.790 0.0000000000
56848  50.584  -13.517  45.450 0.0000000000
55177  48.245  -15.716  45.890 0.0000000000
56016  48.593  -14.799  45.419 0.0000000000
55187  48.085  -15.412  45.099 0.0000000000
56032  47.864  -15.026  44.302 0.0000000000
55188  47.570  -16.004  44.749 0.0000000000
53370  46.785  -17.558  45.566 0.0000000000
53360  46.408  -17.658  45.804 0.0000000000
116871  52.461  -11.928  49.987 0.0000000000
132576  51.855  -12.212  50.432 0.0000000000
56794  50.611  -13.850  50.699 0.0000000000
56807  51.176  -13.234  50.024 0.0000000000
55953  49.639  -14.976  49.596 0.0000000000
55922  49.040  -14.885  51.804 0.0000000000
55142  47.404  -16.306  49.078 0.0000000000
55127  48.238  -16.113  50.162 0.0000000000
55141  47.915  -16.398  49.387 0.0000000000
54275  47.683  -16.762  48.042 0.0000000000
54276  47.172  -16.675  48.199 0.0000000000
55165  46.534  -16.452  47.195 0.0000000000
54296  46.406  -17.045  46.524 0.0000000000
54297  45.922  -17.269  45.973 0.0000000000
55178  45.504  -16.559  45.832 0.0000000000
54310  44.763  -16.904  44.859 0.0000000000
55179  44.957  -16.132  45.302 0.0000000000
124155  44.799  -14.661  46.096 0.0000000000
56018  44.482  -15.015  45.333 0.0000000000
56033  43.826  -15.044  44.884 0.0000000000
55191  42.491  -15.412  44.390 0.0000000000
56034  42.881  -14.695  44.845 0.0000000000
56823  44.947  -13.688  48.388 0.0000000000
56833  44.723  -13.843  47.658 0.0000000000
56004  42.380  -14.185  46.545 0.0000000000
56021  41.832  -14.569  44.788 0.0000000000
133806  46.673  -12.462  55.843 0.0000000000
115651  46.491  -12.534  55.245 0.0000000000
57621  47.201  -12.109  54.482 0.0000000000
53222  45.437  -17.846  57.020 0.0000000000
128402  45.475  -17.498  57.294 0.0000000000
113082  45.331  -17.249  56.697 0.0000000000
55041  45.506  -15.775  57.309 0.0000000000
54194  45.185  -16.653  56.133 0.0000000000
51300  43.831  -19.229  54.626 0.0000000000
51299  44.308  -18.900  54.951 0.0000000000
52265  43.967  -18.587  54.309 0.0000000000
53251  44.386  -17.352  54.523 0.0000000000
54211  44.853  -16.298  55.139 0.0000000000
55060  45.157  -15.879  55.772 0.0000000000
114049  44.954  -15.553  55.307 0.0000000000
55069  44.683  -15.699  54.670 0.0000000000
131910  44.524  -14.968  54.236 0.0000000000
56746  45.323  -13.177  53.654 0.0000000000
55105  42.777  -15.747  51.466 0.0000000000
55104  43.176  -15.332  51.356 0.0000000000
55117  42.789  -15.316  50.682 0.0000000000
55118  41.983  -15.532  50.368 0.0000000000
53293  40.496  -17.786  51.283 0.0000000000
53310  40.265  -17.268  50.775 0.0000000000
54268  39.062  -16.958  49.025 0.0000000000
54259  40.006  -16.873  50.137 0.0000000000
54267  39.689  -16.549  49.412 0.0000000000
55133  40.058  -15.871  49.034 0.0000000000
117316  39.406  -16.282  48.667 0.0000000000
55146  39.781  -15.639  48.229 0.0000000000
54278  39.100  -16.026  47.921 0.0000000000
53354  36.637  -17.451  46.174 0.0000000000
50501  35.585  -20.844  47.248 0.0000000000
49601  35.138  -21.404  46.563 0.0000000000
48645  34.159  -22.041  45.048 0.0000000000
119714  33.705  -22.138  44.448 0.0000000000
47601  36.598  -23.676  51.514 0.0000000000
47613  36.281  -23.589  50.812 0.0000000000
130626  36.092  -23.995  50.613 0.0000000000
46777  34.640  -24.295  49.387 0.0000000000
113953  34.500  -24.062  48.615 0.0000000000
46793  34.969  -23.830  48.194 0.0000000000
46794  33.691  -23.958  48.354 0.0000000000
46761  31.776  -24.289  50.452 0.0000000000
112245  32.159  -24.143  49.765 0.0000000000
47637  32.064  -23.795  47.956 0.0000000000
43877  37.258  -27.078  60.365 0.0000000000
43891  37.196  -27.025  59.433 0.0000000000
44852  35.287  -26.222  58.833 0.0000000000
45742  33.137  -25.666  59.463 0.0000000000
126626  32.778  -25.752  58.754 0.0000000000
45772  32.218  -25.990  57.587 0.0000000000
119698  32.914  -25.933  58.061 0.0000000000
45771  33.108  -26.059  57.205 0.0000000000
45821  30.368  -25.707  54.575 0.0000000000
45822  29.439  -25.741  54.629 0.0000000000
43879  28.629  -27.491  59.902 0.0000000000
121188  28.144  -26.934  58.973 0.0000000000
44854  28.580  -26.411  58.712 0.0000000000
42884  27.196  -28.250  56.757 0.0000000000
42877  27.452  -27.847  57.448 0.0000000000
117221  27.231  -26.672  56.340 0.0000000000
44869  27.499  -26.585  56.908 0.0000000000
45803  28.686  -26.066  56.133 0.0000000000
45847  27.670  -25.922  54.162 0.0000000000
45846  28.754  -25.577  53.836 0.0000000000
59702  54.732  -11.043  35.917 0.0000000000
59701  55.486  -10.616  35.692 0.0000000000
59711  54.052  -11.514  35.770 0.0000000000
59716  54.161  -11.400  35.192 0.0000000000
118129  53.526  -11.837  35.034 0.0000000000
60824  53.399  -10.878  34.455 0.0000000000
130533  46.510  -13.212  39.937 0.0000000000
56892  47.053  -12.715  39.576 0.0000000000
45588  27.441  -25.048  72.195 0.0000000000
45589  26.785  -25.116  72.543 0.0000000000
43864  40.696  -27.764  61.192 0.0000000000
44813  41.261  -27.247  61.155 0.0000000000
43874  40.430  -27.576  60.514 0.0000000000
43886  40.812  -27.028  60.182 0.0000000000
44839  40.388  -26.888  59.446 0.0000000000
44850  40.064  -26.576  58.761 0.0000000000
43896  39.750  -27.010  58.841 0.0000000000
44851  39.388  -26.824  58.183 0.0000000000
44864  38.897  -26.771  57.527 0.0000000000
110839  38.308  -26.621  57.010 0.0000000000
43904  38.498  -27.014  57.877 0.0000000000
44865  37.799  -26.857  57.721 0.0000000000
43900  37.257  -26.890  58.456 0.0000000000
58678  49.913  -11.900  40.448 0.0000000000
57757  49.221  -12.055  40.134 0.0000000000
40015  28.348  -31.036  63.588 0.0000000000
40893  27.529  -30.363  63.345 0.0000000000
39119  21.035  -32.211  66.168 0.0000000000
38274  19.867  -33.437  67.237 0.0000000000
45645  36.432  -25.701  67.595 0.0000000000
120232  36.080  -27.244  67.351 0.0000000000
43791  35.872  -27.482  67.078 0.0000000000
43776  34.658  -27.176  67.838 0.0000000000
39991  29.426  -30.557  66.922 0.0000000000
39990  29.956  -31.167  66.290 0.0000000000
35334  17.067  -35.342  72.231 0.0000000000
110784  53.586  -12.276  47.950 0.0000000000
56818  52.504  -12.827  47.838 0.0000000000
57662  51.938  -12.849  49.371 0.0000000000
56763  48.059  -13.366  52.354 0.0000000000
56797  46.062  -13.536  50.323 0.0000000000
56782  46.157  -13.303  51.218 0.0000000000
49531  39.860  -21.313  53.975 0.0000000000
111876  39.384  -21.012  53.501 0.0000000000
50437  39.328  -20.465  52.844 0.0000000000
51329  39.741  -19.712  52.332 0.0000000000
51330  38.904  -20.005  52.089 0.0000000000
50452  38.022  -20.275  51.775 0.0000000000
50467  37.044  -20.340  50.745 0.0000000000
50468  36.484  -20.950  50.301 0.0000000000
48586  35.910  -22.530  49.938 0.0000000000
62668  56.808  -8.558  35.130 0.0000000000
59709  55.457  -10.577  35.164 0.0000000000
41775  28.394  -28.771  68.107 0.0000000000
42747  27.604  -28.197  67.638 0.0000000000
133701  23.582  -28.557  68.224 0.0000000000
41776  23.757  -28.575  68.877 0.0000000000
46525  32.688  -24.427  69.329 0.0000000000
45602  32.402  -25.948  69.986 0.0000000000
131678  29.245  -26.858  71.137 0.0000000000
43726  29.391  -27.480  70.758 0.0000000000
41762  29.423  -29.104  69.227 0.0000000000
46626  43.118  -23.891  61.152 0.0000000000
49438  45.225  -21.175  60.146 0.0000000000
49437  45.396  -20.567  59.700 0.0000000000
48492  44.889  -21.556  59.885 0.0000000000
120520  43.751  -22.057  58.960 0.0000000000
48510  43.257  -21.939  58.356 0.0000000000
46672  39.862  -24.622  57.087 0.0000000000
47548  40.132  -23.797  56.829 0.0000000000
48529  39.598  -22.924  55.787 0.0000000000
47576  37.936  -24.352  53.976 0.0000000000
130064  36.106  -25.729  55.256 0.0000000000
45818  33.755  -25.464  54.293 0.0000000000
45799  33.306  -25.557  54.839 0.0000000000
134124  32.665  -25.595  54.854 0.0000000000
42847  31.599  -28.882  60.787 0.0000000000
60775  53.678  -9.208  38.081 0.0000000000
60796  53.450  -9.508  37.118 0.0000000000
112007  48.190  -11.186  36.991 0.0000000000
59707  48.981  -10.893  36.731 0.0000000000
42793  25.731  -28.459  64.434 0.0000000000
41836  23.565  -29.374  62.698 0.0000000000
39134  23.405  -32.462  64.117 0.0000000000
44750  37.811  -27.250  65.981 0.0000000000
124771  38.472  -26.963  65.466 0.0000000000
43803  38.795  -27.599  65.011 0.0000000000
42786  39.217  -28.468  64.217 0.0000000000
114112  39.912  -28.249  63.798 0.0000000000
43851  37.735  -28.190  62.726 0.0000000000
43852  36.952  -27.711  63.038 0.0000000000
44777  33.705  -26.072  64.492 0.0000000000
122225  32.179  -27.633  69.021 0.0000000000
42746  31.281  -28.395  68.111 0.0000000000
41806  31.895  -29.588  66.037 0.0000000000
42791  31.428  -28.304  64.759 0.0000000000
42820  31.604  -28.552  63.209 0.0000000000
56050  47.396  -14.347  42.679 0.0000000000
56058  46.372  -14.223  41.424 0.0000000000
52443  43.293  -18.893  40.826 0.0000000000
53424  43.574  -18.000  40.602 0.0000000000
39961  23.635  -30.236  73.057 0.0000000000
39968  23.466  -30.546  72.531 0.0000000000
39085  22.161  -32.248  71.708 0.0000000000
35332  19.209  -35.848  72.681 0.0000000000
126633  20.329  -34.881  71.941 0.0000000000
37308  20.609  -34.159  71.378 0.0000000000
37313  19.921  -34.783  70.949 0.0000000000
118859  19.687  -34.491  70.117 0.0000000000
37317  19.373  -34.774  69.388 0.0000000000
37321  19.436  -34.424  68.664 0.0000000000
115180  19.023  -35.836  68.638 0.0000000000
60771  57.596  -8.865  38.814 0.0000000000
60759  57.254  -9.242  39.501 0.0000000000
59660  56.776  -9.827  40.192 0.0000000000
59633  56.358  -10.777  41.577 0.0000000000
58659  53.680  -11.475  41.897 0.0000000000
58646  52.729  -11.700  42.127 0.0000000000
57693  53.711  -12.322  44.754 0.0000000000
57705  52.426  -12.569  43.743 0.0000000000
117910  50.837  -12.828  43.452 0.0000000000
56863  50.380  -13.193  43.844 0.0000000000
56858  49.796  -13.599  44.319 0.0000000000
54294  47.920  -16.542  46.427 0.0000000000
54295  47.371  -17.110  46.719 0.0000000000
57645  51.282  -12.207  51.588 0.0000000000
116032  51.306  -12.522  51.002 0.0000000000
126700  51.097  -13.128  51.539 0.0000000000
55936  50.163  -14.407  51.393 0.0000000000
55116  47.936  -15.885  50.612 0.0000000000
56002  44.561  -14.114  46.812 0.0000000000
55971  43.546  -14.116  48.632 0.0000000000
55988  43.388  -14.026  47.821 0.0000000000
56006  40.516  -14.394  46.169 0.0000000000
55992  39.921  -14.708  46.872 0.0000000000
114930  46.941  -12.339  56.414 0.0000000000
131446  45.102  -19.551  57.312 0.0000000000
51277  45.313  -19.068  57.151 0.0000000000
51287  44.978  -18.817  56.211 0.0000000000
134503  45.004  -18.153  55.895 0.0000000000
52278  42.926  -18.638  53.357 0.0000000000
52277  43.585  -18.277  53.691 0.0000000000
53261  44.018  -17.119  53.868 0.0000000000
55092  43.825  -15.472  53.016 0.0000000000
54235  43.069  -16.022  52.126 0.0000000000
53312  39.057  -18.022  50.019 0.0000000000
53311  39.637  -17.573  50.389 0.0000000000
53324  38.723  -17.671  49.350 0.0000000000
53334  38.457  -17.355  48.637 0.0000000000
53343  38.236  -17.040  47.912 0.0000000000
53345  36.960  -17.745  46.987 0.0000000000
50530  35.163  -19.926  45.781 0.0000000000
48628  35.204  -22.379  46.841 0.0000000000
113548  34.938  -22.256  46.227 0.0000000000
132553  33.947  -22.714  45.516 0.0000000000
46736  36.326  -24.627  51.584 0.0000000000
46757  35.989  -24.386  50.875 0.0000000000
46758  35.519  -24.461  50.477 0.0000000000
46759  34.874  -24.503  50.157 0.0000000000
46781  30.556  -24.210  49.646 0.0000000000
46797  30.929  -24.046  48.901 0.0000000000
44842  34.683  -26.008  59.352 0.0000000000
131277  31.704  -25.998  57.278 0.0000000000
45802  29.613  -25.980  56.074 0.0000000000
42861  28.611  -28.089  59.537 0.0000000000
43908  26.872  -27.591  56.388 0.0000000000
44896  27.204  -26.592  55.660 0.0000000000
58711  53.436  -12.026  36.034 0.0000000000
56069  45.139  -14.108  39.151 0.0000000000
56898  45.589  -13.501  38.805 0.0000000000
56072  45.030  -14.641  38.626 0.0000000000
113931  27.861  -26.874  70.099 0.0000000000
43740  26.220  -26.528  70.095 0.0000000000
45586  29.081  -25.852  71.464 0.0000000000
45692  41.185  -26.235  62.830 0.0000000000
45704  41.757  -25.392  62.322 0.0000000000
44799  42.180  -25.553  61.645 0.0000000000
45716  42.268  -25.583  60.989 0.0000000000
130766  41.615  -26.738  61.024 0.0000000000
44824  41.839  -26.177  60.755 0.0000000000
45727  42.597  -24.793  60.814 0.0000000000
45738  42.457  -24.821  60.401 0.0000000000
46645  42.769  -24.109  60.282 0.0000000000
46652  42.587  -23.920  59.746 0.0000000000
46653  41.994  -24.388  59.379 0.0000000000
46662  41.026  -24.471  58.246 0.0000000000
45755  40.416  -25.975  58.659 0.0000000000
45770  40.055  -25.712  57.983 0.0000000000
46663  40.329  -24.947  57.768 0.0000000000
46673  39.381  -25.217  56.495 0.0000000000
45793  38.931  -25.687  55.915 0.0000000000
113646  38.203  -25.681  54.997 0.0000000000
45794  38.405  -25.908  55.527 0.0000000000
44893  38.130  -26.077  55.559 0.0000000000
111847  37.129  -26.059  55.914 0.0000000000
44895  36.204  -25.956  56.054 0.0000000000
44880  35.271  -25.971  56.503 0.0000000000
39160  32.294  -32.063  58.981 0.0000000000
132235  32.069  -31.902  58.821 0.0000000000
59679  51.126  -9.914  38.400 0.0000000000
59665  50.774  -10.546  39.251 0.0000000000
59681  49.498  -10.662  38.160 0.0000000000
57765  47.483  -11.571  37.382 0.0000000000
40038  27.353  -31.750  61.515 0.0000000000
40026  26.824  -31.737  61.566 0.0000000000
40027  25.308  -31.449  61.722 0.0000000000
41810  23.077  -29.256  65.633 0.0000000000
40890  21.704  -30.980  65.503 0.0000000000
40009  21.723  -31.072  64.667 0.0000000000
39136  21.750  -31.808  64.700 0.0000000000
39128  22.086  -32.957  64.977 0.0000000000
116686  20.876  -33.634  66.039 0.0000000000
46549  36.946  -25.392  67.018 0.0000000000
45658  37.285  -26.064  66.716 0.0000000000
43805  37.688  -27.746  65.705 0.0000000000
42789  37.165  -28.039  65.274 0.0000000000
42772  36.602  -27.821  65.732 0.0000000000
43806  35.922  -27.704  65.861 0.0000000000
43807  35.030  -27.227  66.038 0.0000000000
44763  33.283  -26.398  65.957 0.0000000000
44764  32.420  -26.236  66.148 0.0000000000
40848  30.612  -29.772  68.258 0.0000000000
123185  30.859  -29.600  67.897 0.0000000000
40863  30.889  -30.178  67.490 0.0000000000
40876  31.364  -30.459  66.889 0.0000000000
118837  30.530  -31.084  66.662 0.0000000000
39988  31.548  -30.967  66.385 0.0000000000
39987  31.939  -30.876  65.823 0.0000000000
40012  30.318  -31.546  62.917 0.0000000000
55211  45.647  -16.001  42.377 0.0000000000
113162  44.032  -17.854  42.029 0.0000000000
34447  18.705  -35.981  72.836 0.0000000000
34455  18.758  -36.152  72.031 0.0000000000
34470  18.394  -36.375  70.496 0.0000000000
34476  18.446  -36.320  69.811 0.0000000000
129329  17.949  -36.702  69.404 0.0000000000
35345  17.193  -35.738  70.723 0.0000000000
56846  52.288  -12.901  45.750 0.0000000000
56847  51.460  -13.197  45.471 0.0000000000
56842  51.792  -13.179  46.281 0.0000000000
125711  51.314  -13.405  46.926 0.0000000000
129490  50.578  -13.656  46.797 0.0000000000
56760  50.692  -13.423  52.777 0.0000000000
134373  50.565  -13.686  52.438 0.0000000000
55907  50.189  -13.855  52.622 0.0000000000
55923  48.311  -14.831  51.531 0.0000000000
55939  47.825  -15.282  50.904 0.0000000000
55955  46.874  -14.778  49.762 0.0000000000
56822  45.767  -13.844  48.771 0.0000000000
56811  45.170  -13.650  49.151 0.0000000000
56812  44.378  -13.829  48.847 0.0000000000
50389  42.778  -20.562  55.265 0.0000000000
128778  42.709  -19.754  54.162 0.0000000000
50417  41.170  -20.292  53.682 0.0000000000
51313  41.656  -19.644  53.335 0.0000000000
51312  42.476  -19.369  53.621 0.0000000000
52293  42.513  -18.247  52.799 0.0000000000
53278  42.028  -17.900  52.267 0.0000000000
52309  41.375  -18.275  52.093 0.0000000000
52310  40.706  -18.344  51.782 0.0000000000
51343  39.365  -19.251  51.744 0.0000000000
52312  39.046  -18.879  51.109 0.0000000000
52327  38.605  -18.682  50.494 0.0000000000
52328  37.994  -19.091  50.006 0.0000000000
52341  37.705  -18.756  49.302 0.0000000000
51381  37.155  -19.229  48.844 0.0000000000
51382  36.613  -19.743  48.369 0.0000000000
50494  35.829  -21.394  48.039 0.0000000000
49574  36.072  -21.453  48.942 0.0000000000
48613  35.462  -22.502  47.699 0.0000000000
48614  35.109  -23.047  47.135 0.0000000000
47657  34.781  -23.511  47.519 0.0000000000
46739  33.321  -24.524  51.030 0.0000000000
46740  32.427  -24.405  50.951 0.0000000000
112266  31.013  -24.494  50.885 0.0000000000
127782  31.004  -24.267  50.224 0.0000000000
45731  32.302  -25.494  60.116 0.0000000000
41874  28.268  -29.662  56.900 0.0000000000
41875  27.539  -29.192  56.483 0.0000000000
41882  27.195  -29.435  55.797 0.0000000000
62673  55.792  -7.837  34.707 0.0000000000
62674  55.041  -8.214  34.426 0.0000000000
62675  54.257  -8.458  34.121 0.0000000000
60828  53.207  -9.611  33.953 0.0000000000
122501  51.992  -13.037  35.489 0.0000000000
121838  28.380  -29.907  65.770 0.0000000000
41807  27.832  -29.329  65.725 0.0000000000
42764  24.530  -28.040  66.183 0.0000000000
43780  26.190  -27.166  67.888 0.0000000000
42749  24.815  -27.687  67.094 0.0000000000
116335  23.662  -28.605  66.666 0.0000000000
120112  22.985  -29.131  67.005 0.0000000000
40868  22.625  -29.843  67.310 0.0000000000
40869  22.077  -30.478  67.752 0.0000000000
127317  21.703  -31.191  68.337 0.0000000000
46538  34.626  -24.385  68.472 0.0000000000
43751  32.171  -27.536  69.294 0.0000000000
42724  31.135  -28.711  69.234 0.0000000000
41759  30.711  -29.091  69.343 0.0000000000
44712  30.572  -26.404  71.022 0.0000000000
43723  30.711  -27.234  70.885 0.0000000000
129990  30.830  -27.863  70.650 0.0000000000
43738  29.951  -27.995  70.630 0.0000000000
43737  30.557  -28.265  70.451 0.0000000000
42711  30.725  -28.765  69.949 0.0000000000
41760  30.371  -29.449  69.281 0.0000000000
41773  30.495  -29.582  68.898 0.0000000000
40849  30.273  -30.023  68.549 0.0000000000
40865  29.685  -30.427  67.868 0.0000000000
122289  29.403  -30.029  68.312 0.0000000000
40877  28.805  -30.322  66.296 0.0000000000
52410  42.501  -19.102  43.610 0.0000000000
58529  51.591  -11.513  51.394 0.0000000000
58523  51.303  -11.751  52.353 0.0000000000
124678  51.131  -12.409  52.965 0.0000000000
58516  51.039  -11.543  53.539 0.0000000000
56741  50.840  -12.983  53.304 0.0000000000
57618  49.987  -12.326  54.526 0.0000000000
56744  49.434  -13.020  53.819 0.0000000000
57637  48.752  -12.760  53.675 0.0000000000
114019  45.368  -19.536  57.857 0.0000000000
50373  44.181  -20.241  56.773 0.0000000000
50374  43.702  -20.405  56.212 0.0000000000
47538  42.730  -22.727  58.728 0.0000000000
48511  42.446  -22.280  57.952 0.0000000000
47546  41.660  -22.693  57.615 0.0000000000
48518  42.952  -21.579  57.424 0.0000000000
49491  42.635  -21.308  56.592 0.0000000000
49506  43.105  -20.779  56.016 0.0000000000
49521  41.125  -21.249  54.765 0.0000000000
49522  40.303  -21.551  54.603 0.0000000000
48534  39.899  -22.182  55.167 0.0000000000
49532  38.870  -21.658  53.968 0.0000000000
48557  37.180  -23.095  52.550 0.0000000000
47600  36.977  -23.799  52.165 0.0000000000
46735  36.710  -24.318  51.874 0.0000000000
46719  37.168  -24.500  52.566 0.0000000000
127583  37.731  -25.637  54.438 0.0000000000
45815  36.627  -25.660  54.392 0.0000000000
45839  36.668  -25.477  53.291 0.0000000000
110994  35.178  -25.197  52.470 0.0000000000
45855  34.177  -25.005  52.160 0.0000000000
45858  31.705  -25.009  53.053 0.0000000000
43867  29.451  -27.559  61.829 0.0000000000
133766  29.122  -27.868  61.320 0.0000000000
41861  31.079  -30.144  58.666 0.0000000000
40919  30.925  -30.717  58.504 0.0000000000
60807  56.316  -10.140  36.122 0.0000000000
60810  53.225  -10.231  36.611 0.0000000000
113746  50.777  -9.978  37.525 0.0000000000
130259  49.859  -10.734  36.546 0.0000000000
59706  50.830  -10.721  36.449 0.0000000000
41844  25.030  -30.479  61.720 0.0000000000
41822  23.108  -29.246  63.676 0.0000000000
40907  23.164  -29.972  61.935 0.0000000000
40018  22.444  -30.929  62.911 0.0000000000
40030  22.814  -30.649  62.250 0.0000000000
39145  24.679  -31.761  62.222 0.0000000000
44775  38.859  -26.421  64.885 0.0000000000
45693  40.176  -25.273  63.269 0.0000000000
129594  40.642  -26.007  63.217 0.0000000000
43836  41.168  -27.217  62.826 0.0000000000
115622  40.915  -27.974  62.642 0.0000000000
42814  40.547  -28.405  62.384 0.0000000000
42830  40.370  -28.438  61.773 0.0000000000
42844  40.077  -28.227  60.993 0.0000000000
42845  39.386  -28.265  60.785 0.0000000000
43889  38.537  -27.769  59.865 0.0000000000
43866  37.279  -27.248  61.269 0.0000000000
44826  36.548  -26.680  60.859 0.0000000000
112311  35.282  -26.447  62.905 0.0000000000
127038  34.350  -25.890  62.324 0.0000000000
125862  34.264  -25.749  61.689 0.0000000000
45707  32.224  -25.408  62.901 0.0000000000
119285  34.267  -26.971  68.095 0.0000000000
43777  33.781  -27.006  68.103 0.0000000000
44741  32.896  -26.901  67.796 0.0000000000
124013  31.789  -26.349  66.310 0.0000000000
44778  31.206  -26.320  65.307 0.0000000000
44779  30.853  -26.491  64.782 0.0000000000
44793  30.499  -26.701  63.946 0.0000000000
42822  29.912  -28.100  62.352 0.0000000000
40897  32.518  -30.240  63.095 0.0000000000
40910  32.519  -30.016  60.951 0.0000000000
39147  32.225  -32.289  60.299 0.0000000000
56883  48.075  -13.013  41.011 0.0000000000
56066  45.771  -14.054  40.625 0.0000000000
123602  45.131  -14.462  40.081 0.0000000000
55219  44.618  -16.039  41.037 0.0000000000
55227  44.453  -15.779  40.179 0.0000000000
54361  44.285  -16.333  39.698 0.0000000000
51464  42.976  -19.435  42.540 0.0000000000
51465  42.417  -19.927  42.482 0.0000000000
124984  26.371  -24.435  72.777 0.0000000000
44692  25.771  -25.860  73.151 0.0000000000
42690  24.612  -28.065  72.813 0.0000000000
41752  24.399  -28.364  71.318 0.0000000000
130705  23.587  -29.302  70.379 0.0000000000
40839  23.273  -29.697  70.213 0.0000000000
114819  22.898  -30.638  71.239 0.0000000000
40831  22.877  -30.443  70.412 0.0000000000
39980  21.361  -31.745  68.759 0.0000000000
38225  22.781  -32.713  73.517 0.0000000000
39078  22.451  -32.562  72.648 0.0000000000
39091  21.742  -32.129  70.845 0.0000000000
133216  21.595  -32.084  70.256 0.0000000000
39106  20.147  -32.784  67.995 0.0000000000
133794  19.563  -33.987  67.547 0.0000000000
34482  18.426  -36.441  69.045 0.0000000000
34495  18.355  -36.573  68.309 0.0000000000
61709  57.633  -9.291  36.349 0.0000000000
60805  57.779  -9.108  37.078 0.0000000000
60793  56.425  -9.433  37.203 0.0000000000
132945  55.380  -9.373  37.532 0.0000000000
60773  55.887  -9.258  38.234 0.0000000000
60774  54.763  -9.258  38.255 0.0000000000
60749  57.235  -9.653  40.402 0.0000000000
59646  56.176  -10.479  40.840 0.0000000000
59663  53.444  -10.044  39.865 0.0000000000
59664  52.282  -10.272  39.721 0.0000000000
58676  51.249  -11.402  40.699 0.0000000000
58675  52.484  -11.231  41.115 0.0000000000
57752  50.029  -12.159  41.014 0.0000000000
57744  49.730  -12.502  41.437 0.0000000000
111113  55.390  -11.726  43.268 0.0000000000
58645  53.379  -11.842  42.523 0.0000000000
57742  51.031  -12.246  42.096 0.0000000000
122914  48.473  -13.167  41.734 0.0000000000
55209  47.002  -15.121  43.125 0.0000000000
56849  49.886  -13.708  45.091 0.0000000000
56030  49.179  -14.121  44.858 0.0000000000
56015  49.351  -14.265  45.734 0.0000000000
55201  46.695  -16.089  43.561 0.0000000000
54331  46.388  -17.199  44.062 0.0000000000
54317  47.255  -17.008  45.185 0.0000000000
54318  46.606  -17.596  44.876 0.0000000000
53386  46.042  -18.070  44.549 0.0000000000
53372  45.740  -18.117  44.799 0.0000000000
53362  45.341  -17.876  44.896 0.0000000000
55967  50.069  -14.356  48.944 0.0000000000
55920  50.413  -13.964  52.065 0.0000000000
55115  48.575  -15.693  50.708 0.0000000000
55126  49.082  -15.550  50.306 0.0000000000
55153  48.312  -16.398  47.737 0.0000000000
53342  46.994  -17.282  46.857 0.0000000000
54286  46.867  -17.012  47.259 0.0000000000
53351  46.673  -17.336  46.409 0.0000000000
54319  44.130  -16.479  44.481 0.0000000000
56003  43.435  -14.062  46.819 0.0000000000
56020  43.110  -14.280  45.783 0.0000000000
57620  48.375  -11.729  55.175 0.0000000000
134000  47.991  -11.855  54.659 0.0000000000
55870  45.702  -14.838  57.647 0.0000000000
55876  45.591  -15.003  56.827 0.0000000000
51289  43.994  -19.569  55.224 0.0000000000
52251  44.691  -18.473  55.432 0.0000000000
53239  44.755  -17.618  55.278 0.0000000000
131387  45.007  -16.423  55.593 0.0000000000
112098  45.397  -15.219  56.222 0.0000000000
55883  45.445  -14.054  55.758 0.0000000000
56745  46.272  -12.693  53.109 0.0000000000
119775  45.462  -13.091  52.774 0.0000000000
55924  44.430  -13.855  51.344 0.0000000000
55925  43.761  -14.598  51.187 0.0000000000
55941  43.155  -14.716  50.041 0.0000000000
55130  42.449  -15.015  49.842 0.0000000000
54248  41.670  -16.651  51.339 0.0000000000
130445  41.553  -16.037  50.761 0.0000000000
54258  40.810  -16.513  50.644 0.0000000000
54265  41.190  -15.837  50.093 0.0000000000
55132  40.834  -15.574  49.320 0.0000000000
55144  41.332  -15.050  48.791 0.0000000000
55157  39.456  -15.357  47.427 0.0000000000
54287  38.011  -16.564  47.231 0.0000000000
51395  35.795  -19.868  47.086 0.0000000000
50513  35.314  -20.339  46.532 0.0000000000
50531  34.770  -20.472  45.313 0.0000000000
49602  34.682  -21.450  45.704 0.0000000000
48569  36.451  -22.898  51.161 0.0000000000
48577  36.212  -22.955  50.483 0.0000000000
47614  35.714  -24.100  50.204 0.0000000000
47624  35.469  -23.818  49.449 0.0000000000
47635  35.312  -23.592  48.630 0.0000000000
125398  34.226  -23.633  47.275 0.0000000000
46796  32.061  -24.019  48.858 0.0000000000
46795  33.039  -24.034  48.801 0.0000000000
43890  37.914  -27.382  59.190 0.0000000000
131332  36.428  -26.523  58.041 0.0000000000
44866  35.310  -26.166  57.179 0.0000000000
44881  34.555  -26.028  56.890 0.0000000000
45756  33.948  -25.890  59.162 0.0000000000
134262  33.951  -26.089  57.215 0.0000000000
44882  33.795  -25.998  56.639 0.0000000000
111284  31.986  -25.758  55.231 0.0000000000
112173  31.521  -25.958  56.036 0.0000000000
45820  31.267  -25.636  54.516 0.0000000000
45845  29.381  -25.403  53.297 0.0000000000
44829  29.091  -26.662  60.649 0.0000000000
123988  29.000  -26.416  59.937 0.0000000000
44844  28.443  -27.060  59.516 0.0000000000
45761  29.313  -26.054  58.147 0.0000000000
44870  27.407  -26.996  57.500 0.0000000000
45774  28.738  -26.212  57.468 0.0000000000
45773  29.525  -26.036  57.354 0.0000000000
45786  29.140  -26.089  56.781 0.0000000000
113827  29.111  -25.921  55.403 0.0000000000
59715  54.835  -10.871  35.020 0.0000000000
57755  47.861  -12.600  40.186 0.0000000000
57763  46.653  -12.638  38.767 0.0000000000
56897  46.090  -12.987  38.346 0.0000000000
34457  17.986  -36.077  72.384 0.0000000000
34464  17.960  -36.299  71.673 0.0000000000
35340  17.269  -35.698  71.670 0.0000000000
40908  22.627  -30.325  62.562 0.0000000000
42788  37.814  -28.252  64.840 0.0000000000
42815  39.978  -28.788  62.443 0.0000000000
42846  38.883  -28.132  60.544 0.0000000000
43822  38.742  -28.079  64.820 0.0000000000
43873  40.976  -27.264  60.727 0.0000000000
45814  37.951  -25.591  54.566 0.0000000000
47521  43.667  -23.012  60.105 0.0000000000
48501  44.296  -21.858  59.377 0.0000000000
50453  37.295  -20.496  51.411 0.0000000000
52238  45.280  -18.313  56.639 0.0000000000
52326  39.325  -18.224  50.740 0.0000000000
53250  44.681  -16.926  54.940 0.0000000000
54234  43.382  -16.570  52.884 0.0000000000
56019  43.693  -14.599  45.297 0.0000000000
57636  51.181  -12.542  52.322 0.0000000000
59644  57.387  -10.029  41.171 0.0000000000
112907  22.922  -31.435  72.426 0.0000000000
113731  45.213  -20.987  59.641 0.0000000000
113851  38.572  -19.098  50.940 0.0000000000
113996  45.251  -13.490  54.518 0.0000000000
124915  30.114  -29.503  69.397 0.0000000000
127209  38.788  -28.657  63.786 0.0000000000
132408  38.561  -16.422  47.704 0.0000000000
