#!ascii label  , from subject sub-v2s4x29582_ses-1 vox2ras=TkReg
689
120866  17.303  -59.951  -0.424 0.6000000238
113192  23.173  -62.604  5.118 0.6999999881
13397  22.854  -63.080  3.202 0.6999999881
14183  20.349  -62.832  0.360 0.8999999762
14189  19.491  -62.802  -0.031 0.8000000119
14866  19.108  -61.948  -0.223 0.8000000119
119276  18.017  -59.887  -0.088 0.6000000238
16353  16.853  -59.059  -0.450 0.6999999881
17119  15.903  -58.252  -0.813 0.6999999881
14820  23.264  -61.730  5.365 0.6999999881
111408  23.031  -62.375  6.101 0.6999999881
121437  23.019  -61.893  3.603 0.6999999881
118348  22.704  -62.043  2.654 0.6000000238
13416  22.540  -62.851  2.403 0.6999999881
13431  22.110  -63.171  1.946 0.6999999881
14858  21.663  -61.876  1.313 0.8000000119
128706  20.886  -61.819  0.555 0.8000000119
14865  20.038  -61.942  0.014 0.8000000119
15624  19.490  -60.901  0.203 0.8000000119
15625  18.671  -60.286  0.085 0.6000000238
17112  17.008  -58.284  0.063 0.6000000238
17113  16.340  -58.254  -0.384 0.6999999881
17124  15.890  -58.188  -1.356 0.6999999881
127412  23.352  -60.772  4.961 0.5000000000
14815  22.889  -61.733  6.837 0.6000000238
116752  23.204  -61.775  4.553 0.6000000238
14840  22.728  -60.989  3.022 0.5000000000
15597  21.729  -60.249  1.996 0.6000000238
14851  21.613  -60.925  1.628 0.8000000119
114756  21.251  -61.120  1.164 0.6999999881
17109  20.089  -59.332  0.987 0.6999999881
17110  19.319  -58.523  0.797 0.6999999881
17922  17.356  -57.490  0.338 0.5000000000
17923  16.433  -57.447  -0.024 0.6000000238
18699  16.140  -56.906  -0.400 0.6000000238
17935  15.759  -57.535  -0.946 0.6000000238
17957  16.808  -57.578  -2.011 0.5000000000
15554  23.230  -60.393  6.605 0.5000000000
15555  22.878  -60.964  7.104 0.6000000238
15544  22.622  -60.755  8.071 0.6000000238
15563  23.476  -60.135  5.796 0.5000000000
15596  22.280  -60.172  2.621 0.5000000000
17093  21.332  -58.598  1.937 0.6000000238
123674  20.631  -58.220  1.526 0.6000000238
17921  18.520  -57.506  0.661 0.5000000000
18689  16.731  -56.741  0.060 0.6000000238
113038  16.615  -56.151  -0.347 0.6000000238
18711  16.445  -56.176  -1.549 0.5000000000
19512  17.174  -55.687  -1.915 0.5000000000
18725  18.110  -56.365  -2.193 0.5000000000
18726  17.016  -56.591  -1.979 0.5000000000
15543  23.098  -60.202  7.394 0.5000000000
16265  22.914  -59.852  8.164 0.5000000000
15574  23.599  -59.737  4.907 0.5000000000
16310  22.923  -59.244  3.680 0.4000000060
17865  22.884  -57.623  3.513 0.3000000119
17081  22.632  -58.460  3.255 0.4000000060
17082  22.049  -58.519  2.569 0.3000000119
17886  22.300  -57.683  2.838 0.3000000119
16323  21.847  -59.388  2.300 0.5000000000
17902  21.056  -57.781  1.845 0.5000000000
17903  20.402  -57.347  1.565 0.5000000000
17904  19.515  -57.302  1.121 0.5000000000
118578  18.775  -56.716  0.868 0.5000000000
18688  17.861  -56.635  0.493 0.6000000238
19473  17.385  -55.561  0.154 0.6000000238
18698  16.285  -56.084  -0.885 0.5000000000
19495  17.462  -54.836  -1.487 0.5000000000
19511  18.352  -55.291  -2.099 0.5000000000
16264  23.353  -59.511  7.665 0.5000000000
16274  23.559  -59.575  6.710 0.5000000000
16283  23.814  -59.237  5.632 0.5000000000
17047  23.795  -58.159  4.582 0.4000000060
131424  23.333  -59.264  4.317 0.5000000000
17864  23.506  -57.548  4.137 0.4000000060
18653  22.535  -56.844  3.103 0.3000000119
120736  21.873  -56.931  2.528 0.3000000119
18675  21.127  -57.042  2.045 0.4000000060
131257  19.953  -56.799  1.437 0.5000000000
18676  19.430  -56.222  1.215 0.4000000060
19482  16.873  -55.402  -0.556 0.5000000000
20313  17.441  -53.910  -0.380 0.5000000000
20324  17.117  -54.615  -0.771 0.5000000000
19510  19.618  -55.383  -2.299 0.5000000000
20333  19.926  -54.469  -2.229 0.4000000060
16990  23.762  -58.767  7.482 0.5000000000
17814  24.217  -58.028  6.938 0.5000000000
123099  24.309  -57.989  6.123 0.5000000000
17841  24.054  -57.509  4.793 0.4000000060
114123  23.763  -56.748  4.367 0.4000000060
18652  23.172  -56.778  3.718 0.3000000119
18665  22.172  -56.100  2.715 0.3000000119
18666  21.365  -56.193  2.228 0.4000000060
19455  20.918  -55.403  1.845 0.4000000060
19462  19.920  -55.349  1.395 0.4000000060
18667  20.450  -56.332  1.686 0.4000000060
19463  18.913  -55.206  1.029 0.5000000000
121430  18.449  -54.413  0.736 0.5000000000
19464  17.865  -54.458  0.312 0.6000000238
123167  18.096  -53.421  -1.553 0.4000000060
20334  18.223  -54.187  -1.758 0.5000000000
18632  24.261  -56.742  5.050 0.4000000060
17813  24.440  -57.344  6.435 0.4000000060
118364  23.437  -55.945  3.995 0.4000000060
19443  22.441  -55.301  2.954 0.4000000060
20287  22.159  -54.652  2.517 0.4000000060
19454  21.753  -55.379  2.394 0.4000000060
20288  21.427  -54.659  2.016 0.4000000060
20295  20.470  -54.449  1.428 0.4000000060
20296  19.309  -54.475  1.070 0.5000000000
21157  18.661  -53.696  0.689 0.5000000000
21172  17.644  -53.025  -0.404 0.5000000000
22053  18.444  -51.681  -0.846 0.4000000060
22060  18.571  -52.158  -1.576 0.4000000060
18598  24.406  -56.639  7.706 0.4000000060
18641  24.462  -56.036  5.382 0.4000000060
128765  24.686  -56.087  6.091 0.4000000060
18642  24.061  -55.966  4.639 0.4000000060
19442  23.039  -55.188  3.605 0.4000000060
21147  21.909  -54.118  2.134 0.4000000060
21154  21.336  -53.907  1.623 0.4000000060
21156  19.664  -53.655  0.891 0.5000000000
21164  18.920  -52.936  0.534 0.4000000060
22050  18.096  -52.305  -0.353 0.6000000238
19414  24.863  -55.668  6.652 0.4000000060
19428  24.768  -55.464  5.804 0.4000000060
20268  24.478  -54.488  4.738 0.4000000060
130795  23.778  -55.029  4.283 0.4000000060
20269  23.380  -54.419  3.610 0.4000000060
21145  23.237  -53.358  2.800 0.4000000060
22034  22.707  -52.995  2.213 0.5000000000
21146  22.556  -53.874  2.549 0.4000000060
21153  22.042  -53.458  1.867 0.3000000119
119600  21.396  -53.072  1.308 0.3000000119
21155  20.619  -53.459  1.089 0.4000000060
22043  19.845  -52.617  0.560 0.4000000060
22048  19.588  -51.416  0.007 0.4000000060
22049  18.700  -51.948  0.007 0.5000000000
19396  24.635  -55.833  7.641 0.4000000060
21125  24.051  -54.084  4.068 0.4000000060
21138  23.661  -53.684  3.409 0.4000000060
22019  23.941  -52.982  3.045 0.3000000119
22033  23.461  -52.608  2.429 0.3000000119
22040  22.150  -52.607  1.505 0.3000000119
22041  21.312  -52.100  0.835 0.3000000119
22975  20.524  -51.326  0.074 0.4000000060
129767  20.953  -50.190  -0.728 0.4000000060
20258  25.301  -54.218  5.929 0.3000000119
21105  24.968  -54.141  5.188 0.3000000119
21124  24.787  -53.656  4.558 0.3000000119
21137  24.345  -53.314  3.756 0.3000000119
22032  24.210  -52.218  2.661 0.3000000119
22039  22.952  -52.206  1.762 0.4000000060
22970  23.201  -51.349  1.451 0.4000000060
132218  22.698  -51.094  1.061 0.3000000119
22972  21.403  -51.144  0.370 0.3000000119
23904  21.298  -50.314  -0.040 0.4000000060
24767  21.308  -49.665  -0.505 0.4000000060
24769  21.305  -49.253  -1.089 0.4000000060
22963  23.710  -51.846  2.044 0.4000000060
24763  23.574  -50.030  0.856 0.4000000060
23900  23.037  -50.659  0.976 0.4000000060
24764  22.673  -49.953  0.595 0.3000000119
24765  21.800  -49.816  0.226 0.4000000060
124385  21.655  -49.194  -0.076 0.4000000060
128984  21.768  -48.344  -0.693 0.4000000060
122109  21.511  -48.929  -0.628 0.4000000060
115526  23.142  -49.228  0.602 0.4000000060
25629  22.660  -48.433  0.393 0.5000000000
25638  22.381  -47.880  0.122 0.4000000060
26510  22.133  -47.822  -0.410 0.4000000060
25659  21.962  -48.206  -1.491 0.3000000119
26520  21.914  -47.793  -1.039 0.3000000119
15626  17.814  -60.824  -0.313 0.6999999881
14182  21.213  -62.860  0.824 0.8000000119
16352  17.610  -59.134  -0.014 0.6000000238
16350  19.388  -59.766  0.548 0.6999999881
16351  18.522  -59.331  0.328 0.6999999881
17945  16.322  -56.877  -1.687 0.6000000238
15585  22.764  -60.072  3.384 0.4000000060
16322  22.435  -59.292  2.937 0.4000000060
16334  21.249  -59.575  1.747 0.6999999881
129741  20.171  -58.612  1.194 0.6999999881
17111  18.062  -58.376  0.372 0.6999999881
17095  20.026  -57.997  1.241 0.5000000000
17887  21.628  -57.752  2.298 0.4000000060
18687  18.409  -55.884  0.758 0.6000000238
20314  17.362  -54.567  -0.175 0.5000000000
20297  18.073  -53.777  0.474 0.6000000238
125258  20.764  -52.709  0.835 0.4000000060
20224  25.079  -55.049  7.235 0.4000000060
22971  22.301  -51.627  1.096 0.3000000119
23901  22.179  -50.685  0.629 0.3000000119
25630  22.244  -49.173  0.320 0.3000000119
10449  20.150  -67.337  3.193 0.6000000238
120815  20.126  -68.054  2.509 0.6000000238
126775  19.734  -68.866  0.519 0.6000000238
9837  20.100  -68.661  -0.642 0.6000000238
9761  19.683  -68.400  4.344 0.5000000000
10434  20.063  -67.535  4.005 0.6000000238
11141  19.135  -65.789  3.448 0.6999999881
11140  19.592  -66.381  2.940 0.6999999881
9770  19.868  -68.303  3.424 0.6000000238
11155  19.607  -66.226  2.072 0.6000000238
10465  20.321  -67.306  1.747 0.6000000238
11187  19.299  -65.932  0.549 0.6000000238
9822  20.522  -67.513  0.208 0.6000000238
9823  20.224  -68.352  0.033 0.6000000238
10507  20.394  -67.481  -1.328 0.6000000238
10534  20.465  -68.093  -2.201 0.6999999881
124504  19.718  -66.972  5.294 0.6000000238
11843  19.119  -65.341  4.033 0.6999999881
118296  19.879  -67.629  4.866 0.5000000000
11129  19.187  -65.969  4.299 0.6999999881
112536  19.745  -66.612  3.726 0.6999999881
116041  18.872  -65.158  2.179 0.6999999881
11171  18.973  -65.456  1.730 0.6999999881
129960  19.223  -65.822  1.333 0.5000000000
11186  20.009  -66.562  -0.866 0.6000000238
11218  18.812  -66.244  -1.772 0.6000000238
10521  20.229  -67.250  -2.092 0.6999999881
11225  18.696  -66.010  -2.525 0.6999999881
10535  20.261  -67.326  -2.820 0.6999999881
11234  19.426  -66.248  -3.204 0.6999999881
11940  25.888  -65.545  -4.674 0.4000000060
12688  22.390  -64.768  -5.352 0.5000000000
125188  20.986  -64.782  -5.273 0.6000000238
11942  20.525  -65.607  -4.917 0.6000000238
11248  19.031  -65.728  -4.465 0.6999999881
11803  18.379  -65.375  7.273 0.5000000000
11824  18.811  -65.470  5.783 0.5000000000
12563  18.978  -64.963  5.454 0.6000000238
131493  18.924  -66.052  5.877 0.5000000000
12578  19.171  -64.991  4.687 0.6999999881
11832  19.047  -65.433  4.912 0.5000000000
11118  19.175  -66.172  5.232 0.6000000238
131930  19.314  -64.704  3.244 0.6999999881
128044  19.080  -64.856  2.669 0.6999999881
11188  18.729  -65.418  0.903 0.6999999881
11203  18.905  -65.967  -0.389 0.6000000238
11906  18.377  -65.767  -1.136 0.6000000238
11920  18.107  -65.611  -1.920 0.6999999881
125070  18.624  -65.718  -3.178 0.6999999881
11945  18.378  -65.315  -4.145 0.6999999881
11943  19.474  -65.466  -4.970 0.6000000238
11944  18.739  -65.177  -4.815 0.6000000238
13343  18.419  -63.959  7.394 0.5000000000
11804  17.864  -64.889  7.961 0.4000000060
12548  19.162  -64.480  5.910 0.5000000000
12538  18.457  -64.594  7.032 0.5000000000
12549  18.737  -64.772  6.167 0.5000000000
13370  19.759  -64.356  5.528 0.6000000238
12562  19.308  -64.756  5.280 0.6000000238
13399  20.998  -64.232  2.981 0.6999999881
12577  19.520  -64.699  4.617 0.6000000238
13400  19.975  -64.337  2.892 0.6999999881
13420  19.087  -64.542  1.800 0.6999999881
11874  18.605  -65.090  1.215 0.6999999881
114697  18.205  -65.058  0.273 0.6999999881
120625  18.522  -65.530  0.220 0.6999999881
11921  17.748  -65.087  -1.296 0.6999999881
11928  17.585  -64.989  -2.146 0.6999999881
12668  17.318  -64.330  -2.331 0.8000000119
11946  17.832  -64.877  -3.618 0.6999999881
12682  20.803  -63.912  -5.277 0.5000000000
116356  19.321  -64.857  -5.167 0.6000000238
12685  18.027  -64.594  -4.343 0.6000000238
119528  19.819  -63.620  6.872 0.6000000238
13356  19.510  -63.979  6.344 0.6000000238
13369  20.681  -64.236  5.383 0.6000000238
13383  20.998  -64.316  4.513 0.6000000238
13417  21.658  -63.799  2.343 0.6000000238
13418  20.693  -64.062  2.037 0.6999999881
13419  19.708  -64.304  1.910 0.6999999881
13446  18.903  -63.575  0.241 0.6999999881
13435  18.610  -64.286  0.693 0.6999999881
13447  18.132  -63.570  -0.197 0.8000000119
126959  17.939  -64.099  -0.040 0.8000000119
12633  17.617  -63.960  -0.510 0.6000000238
12658  17.359  -64.423  -1.770 0.6000000238
14236  16.935  -63.185  -2.589 0.8000000119
125915  17.594  -64.585  -3.200 0.6999999881
119836  21.609  -63.452  -5.140 0.5000000000
13493  20.177  -63.244  -5.040 0.6000000238
13495  18.330  -63.697  -4.534 0.6999999881
13492  21.046  -62.991  -5.030 0.6000000238
13341  20.184  -63.596  7.801 0.5000000000
13325  18.509  -63.401  8.709 0.4000000060
13312  17.726  -62.908  9.200 0.4000000060
119161  20.975  -63.765  7.124 0.5000000000
13342  19.158  -63.627  7.320 0.5000000000
13355  21.411  -64.043  6.142 0.6000000238
13382  21.990  -64.184  4.312 0.6000000238
132175  22.341  -63.456  2.587 0.6000000238
13432  21.367  -63.466  1.525 0.6999999881
13445  19.682  -63.420  0.489 0.8000000119
14191  17.694  -62.662  -0.532 0.6000000238
129832  17.001  -62.967  -0.948 0.6000000238
13465  16.830  -63.235  -1.809 0.6999999881
14225  16.658  -62.735  -2.052 0.6999999881
14235  17.386  -62.278  -3.308 0.6999999881
13494  19.254  -63.494  -4.886 0.6000000238
116083  18.228  -61.873  -3.970 0.6000000238
111137  18.643  -61.171  -3.502 0.6000000238
14238  20.486  -62.532  -4.715 0.6000000238
14909  19.235  -61.538  -4.169 0.6000000238
127611  22.306  -63.212  7.279 0.5000000000
13323  20.449  -63.334  8.525 0.5000000000
13311  18.668  -62.913  9.232 0.5000000000
14107  18.435  -62.237  9.531 0.5000000000
119451  22.601  -63.270  6.497 0.5000000000
13340  21.971  -63.730  6.815 0.5000000000
115226  22.925  -63.291  4.824 0.6000000238
14867  18.136  -61.873  -0.353 0.6999999881
14868  17.263  -61.752  -0.568 0.6000000238
14869  16.707  -61.713  -0.893 0.6000000238
14895  16.443  -61.384  -1.458 0.6000000238
113572  16.531  -61.928  -1.981 0.6999999881
14906  16.511  -60.961  -1.864 0.6000000238
14905  16.918  -61.541  -2.576 0.6000000238
14237  21.232  -62.449  -4.596 0.5000000000
15662  19.673  -60.845  -3.985 0.4000000060
14121  22.147  -62.644  7.986 0.5000000000
14797  21.449  -62.248  8.611 0.5000000000
14784  19.213  -61.778  9.586 0.5000000000
14785  18.263  -61.192  9.671 0.5000000000
15527  17.383  -59.978  9.211 0.5000000000
15538  16.011  -60.129  8.431 0.5000000000
114076  16.661  -59.974  -0.793 0.6000000238
15647  16.362  -60.442  -1.386 0.6000000238
15656  16.402  -59.951  -1.791 0.4000000060
16369  17.618  -59.938  -2.805 0.5000000000
16380  18.450  -59.394  -3.011 0.4000000060
113761  19.830  -60.150  -3.646 0.4000000060
15663  18.810  -60.283  -3.299 0.5000000000
14805  22.571  -61.734  7.657 0.6000000238
119963  22.118  -61.599  8.362 0.5000000000
122538  20.046  -61.251  9.407 0.5000000000
15525  19.088  -60.760  9.493 0.5000000000
16249  18.072  -59.689  8.708 0.5000000000
134130  16.640  -59.836  7.874 0.5000000000
15556  16.611  -59.714  6.276 0.4000000060
15564  16.170  -59.853  5.655 0.5000000000
16300  15.986  -59.484  3.928 0.4000000060
16311  15.655  -59.339  3.106 0.4000000060
16312  15.049  -59.519  2.624 0.4000000060
16371  16.250  -58.953  -1.694 0.6000000238
17134  16.978  -58.609  -2.247 0.4000000060
17133  18.092  -58.667  -2.703 0.4000000060
16379  19.452  -59.521  -3.359 0.4000000060
15533  22.018  -60.695  8.713 0.5000000000
15534  21.297  -60.495  9.106 0.4000000060
15536  18.973  -59.914  8.942 0.4000000060
16257  18.791  -59.354  8.050 0.5000000000
16267  18.465  -59.107  6.946 0.4000000060
16277  17.369  -59.400  6.022 0.5000000000
16275  18.220  -58.866  6.103 0.4000000060
16298  17.172  -58.610  4.740 0.5000000000
16284  17.321  -59.068  5.351 0.5000000000
125348  16.850  -57.939  4.256 0.3000000119
17069  15.972  -58.710  3.393 0.3000000119
17867  14.725  -57.707  2.860 0.3000000119
17956  17.906  -57.297  -2.287 0.4000000060
16254  21.864  -59.777  9.027 0.5000000000
16255  21.025  -59.696  9.263 0.5000000000
133446  20.293  -59.493  9.075 0.4000000060
16252  23.240  -59.066  8.373 0.4000000060
16247  22.221  -58.960  9.169 0.4000000060
16248  21.482  -59.010  9.279 0.4000000060
16973  20.222  -58.168  8.602 0.4000000060
16971  23.187  -58.368  8.848 0.4000000060
16959  22.613  -58.306  9.199 0.4000000060
16961  21.061  -58.241  9.208 0.4000000060
17774  23.607  -57.720  8.673 0.4000000060
123438  21.495  -57.488  9.296 0.4000000060
17775  20.585  -57.431  8.757 0.4000000060
18580  20.098  -56.612  8.242 0.4000000060
17758  22.374  -57.559  9.388 0.4000000060
17794  23.960  -57.910  7.832 0.3000000119
18563  21.979  -56.624  9.501 0.4000000060
19372  21.262  -55.883  9.135 0.4000000060
18599  19.733  -55.893  7.716 0.4000000060
17773  24.077  -57.162  8.183 0.4000000060
18601  19.223  -56.015  6.896 0.4000000060
19398  18.954  -55.406  7.104 0.4000000060
19370  24.304  -55.531  8.464 0.3000000119
19371  23.843  -55.687  9.086 0.4000000060
18562  22.626  -56.095  9.551 0.4000000060
19357  22.023  -55.684  9.514 0.4000000060
114404  20.795  -55.193  8.755 0.4000000060
19374  20.013  -55.234  8.159 0.4000000060
20203  21.302  -54.476  9.070 0.3000000119
15627  16.929  -60.881  -0.660 0.6000000238
13354  22.277  -63.854  5.903 0.5000000000
16363  16.210  -59.513  -1.300 0.6000000238
121837  17.711  -58.040  -2.382 0.4000000060
9125  19.552  -68.917  1.197 0.6000000238
11224  19.584  -66.584  -2.367 0.6999999881
11927  18.091  -65.412  -2.689 0.6999999881
12687  23.110  -64.858  -5.279 0.5000000000
13491  22.423  -63.551  -5.029 0.5000000000
11950  21.684  -65.297  -5.230 0.5000000000
12681  21.839  -64.208  -5.344 0.4000000060
118264  20.107  -64.831  -5.246 0.6000000238
11891  17.863  -64.491  -0.171 0.6999999881
12684  18.823  -64.372  -4.970 0.6000000238
13384  20.032  -64.372  4.599 0.6000000238
11907  17.795  -64.793  -0.564 0.6999999881
12659  17.046  -63.814  -2.021 0.8000000119
13496  17.465  -63.766  -3.987 0.6999999881
13326  17.805  -63.707  8.306 0.4000000060
13448  17.503  -63.353  -0.617 0.6000000238
13457  16.879  -63.090  -1.325 0.6000000238
14224  16.836  -62.518  -2.610 0.6999999881
116620  17.143  -63.083  -3.352 0.6999999881
13486  21.881  -62.860  -4.618 0.5000000000
14241  17.899  -62.831  -4.149 0.6999999881
14240  18.810  -62.983  -4.566 0.6000000238
14192  17.033  -62.492  -0.776 0.6999999881
14213  16.654  -62.707  -1.598 0.6999999881
14904  17.723  -60.833  -2.957 0.6000000238
14233  19.953  -61.933  -4.443 0.6000000238
134251  19.858  -61.350  -4.290 0.6000000238
14122  21.285  -63.095  8.337 0.5000000000
14106  19.286  -62.668  9.363 0.5000000000
15641  16.493  -60.903  -1.045 0.6000000238
15655  16.826  -60.442  -2.404 0.6000000238
16301  15.375  -59.983  3.389 0.3000000119
128851  17.578  -59.229  -2.635 0.5000000000
17145  19.080  -58.741  -3.067 0.4000000060
16268  18.080  -59.471  7.524 0.5000000000
17048  16.504  -58.705  4.096 0.4000000060
17083  14.811  -58.613  2.391 0.4000000060
18578  23.697  -56.972  8.891 0.4000000060
113332  23.044  -56.842  9.408 0.4000000060
7303  28.060  -72.532  -1.936 0.3000000119
128901  28.918  -72.244  -1.440 0.3000000119
116060  23.364  -69.573  -1.099 0.4000000060
9835  25.568  -68.480  -0.693 0.4000000060
133647  24.306  -68.624  0.516 0.4000000060
122298  24.929  -68.497  0.889 0.4000000060
9193  24.065  -69.152  -3.464 0.4000000060
8539  22.688  -70.124  -2.715 0.4000000060
8558  22.496  -70.046  -3.408 0.4000000060
9195  22.202  -69.761  -3.896 0.5000000000
7931  21.370  -71.251  -3.192 0.5000000000
8560  21.073  -70.916  -3.455 0.5000000000
9849  25.843  -68.431  -2.266 0.4000000060
9850  24.958  -68.857  -2.148 0.5000000000
9163  23.357  -69.579  -2.161 0.5000000000
125657  20.289  -71.686  -3.253 0.5000000000
128488  25.499  -68.562  -1.505 0.5000000000
113475  24.826  -68.761  -1.042 0.5000000000
9848  26.213  -68.163  -1.422 0.5000000000
9819  25.662  -68.512  0.236 0.4000000060
9800  25.809  -68.612  1.317 0.4000000060
9799  26.872  -68.769  1.184 0.4000000060
9104  26.692  -69.426  2.480 0.3000000119
8460  26.882  -70.245  2.645 0.4000000060
10553  25.874  -67.266  -4.469 0.4000000060
9889  23.884  -68.235  -4.377 0.4000000060
111691  23.139  -68.147  -4.467 0.4000000060
9876  26.184  -67.678  -4.019 0.4000000060
9878  24.880  -68.551  -3.698 0.4000000060
9888  24.711  -68.163  -4.253 0.4000000060
9205  23.014  -68.954  -4.249 0.4000000060
9196  21.352  -70.173  -3.706 0.5000000000
9862  26.257  -68.026  -3.164 0.4000000060
9863  25.429  -68.570  -3.012 0.4000000060
9178  24.102  -69.230  -2.618 0.4000000060
9891  21.548  -68.845  -3.852 0.5000000000
9207  20.991  -69.476  -3.601 0.5000000000
119499  20.713  -70.366  -3.476 0.5000000000
120219  20.510  -69.673  -3.227 0.6000000238
9865  20.501  -68.694  -2.910 0.6000000238
9181  19.640  -70.374  -2.815 0.6000000238
10547  20.201  -66.788  -3.449 0.6000000238
10546  20.652  -67.874  -3.197 0.6000000238
9165  19.726  -69.694  -2.116 0.5000000000
9818  26.563  -68.507  0.398 0.4000000060
9851  20.254  -68.592  -1.487 0.5000000000
9782  26.384  -68.844  2.088 0.4000000060
9122  27.206  -69.200  1.804 0.4000000060
9103  27.427  -69.887  2.150 0.4000000060
11244  23.254  -66.795  -4.942 0.4000000060
10556  22.752  -67.532  -4.604 0.5000000000
134206  22.000  -67.553  -4.399 0.5000000000
122311  21.375  -67.055  -4.286 0.5000000000
9892  20.995  -68.397  -3.490 0.5000000000
11246  20.599  -66.456  -4.308 0.5000000000
121095  19.793  -65.986  -4.432 0.6000000238
127399  20.132  -66.497  -3.936 0.6000000238
7914  29.599  -71.617  -1.676 0.3000000119
7867  30.264  -70.437  1.059 0.3000000119
11241  26.116  -66.294  -4.612 0.4000000060
11242  25.262  -66.073  -4.841 0.4000000060
11243  24.342  -66.677  -4.866 0.4000000060
11250  23.702  -66.036  -5.158 0.4000000060
112497  22.236  -66.781  -4.801 0.5000000000
11251  22.844  -66.130  -5.192 0.4000000060
11245  21.413  -66.214  -4.762 0.5000000000
9164  20.317  -68.990  -2.356 0.6000000238
11249  24.518  -65.813  -5.063 0.4000000060
9194  23.194  -69.434  -3.788 0.4000000060
8541  19.374  -71.104  -3.000 0.5000000000
8473  29.469  -70.528  1.395 0.3000000119
10554  24.548  -67.531  -4.557 0.4000000060
10557  21.456  -67.927  -3.930 0.5000000000
10558  20.737  -67.273  -3.721 0.6000000238
22042  20.413  -52.009  0.477 0.3000000119
7339  19.677  -71.951  -3.137 0.5000000000
8559  21.717  -70.549  -3.507 0.5000000000
8561  20.479  -71.131  -3.399 0.5000000000
8562  19.830  -71.418  -3.247 0.5000000000
9137  19.618  -69.136  -0.179 0.6000000238
9138  18.885  -69.520  0.474 0.6000000238
9162  24.075  -69.120  -1.564 0.4000000060
9179  23.335  -69.623  -3.104 0.4000000060
9180  20.138  -69.733  -2.853 0.6000000238
9197  20.045  -70.558  -3.271 0.5000000000
9206  22.146  -69.181  -4.095 0.5000000000
9803  20.310  -68.084  0.936 0.6000000238
9820  24.836  -68.541  -0.069 0.4000000060
9836  20.459  -67.938  -0.581 0.6000000238
9864  24.705  -68.906  -3.005 0.4000000060
9877  25.479  -67.967  -4.159 0.4000000060
9879  23.990  -68.816  -4.054 0.4000000060
9880  20.722  -68.868  -3.244 0.6000000238
9890  22.298  -68.353  -4.276 0.5000000000
10494  20.291  -66.669  0.394 0.6000000238
10506  20.451  -67.067  -0.393 0.6000000238
10545  26.787  -67.201  -3.697 0.4000000060
10555  23.665  -67.495  -4.655 0.4000000060
11104  19.243  -66.727  7.081 0.5000000000
11105  18.783  -65.930  6.560 0.5000000000
11117  19.391  -66.690  6.080 0.5000000000
11128  19.764  -66.806  4.557 0.6000000238
11156  19.068  -65.628  2.613 0.6999999881
11170  20.021  -66.409  1.234 0.6000000238
11217  19.825  -66.702  -1.619 0.6000000238
11235  18.816  -65.768  -3.822 0.6999999881
11247  19.513  -66.160  -3.950 0.6999999881
11252  22.143  -65.988  -5.076 0.4000000060
11814  18.541  -65.186  6.482 0.5000000000
11858  18.992  -65.244  3.123 0.6999999881
11936  18.200  -65.314  -3.436 0.6999999881
11937  17.667  -64.828  -2.893 0.6999999881
11948  23.237  -65.540  -5.272 0.5000000000
11949  22.546  -65.443  -5.279 0.4000000060
12590  19.606  -64.569  3.682 0.6999999881
12591  19.262  -64.902  3.728 0.6999999881
12622  18.788  -64.833  1.534 0.6999999881
12632  18.344  -64.699  0.551 0.6999999881
12644  17.548  -64.187  -0.786 0.6000000238
12645  17.199  -63.814  -1.436 0.6000000238
12669  17.128  -63.741  -2.458 0.8000000119
12677  17.400  -64.250  -2.877 0.6999999881
12683  19.740  -64.102  -5.209 0.6000000238
12686  17.541  -64.336  -3.512 0.6999999881
13310  19.913  -63.120  9.152 0.5000000000
13322  20.972  -63.570  7.966 0.5000000000
13324  19.455  -63.452  8.474 0.4000000060
13357  18.872  -64.066  6.617 0.5000000000
13367  22.473  -63.813  5.004 0.6000000238
13368  21.736  -64.185  5.221 0.6000000238
13381  22.669  -63.627  4.136 0.6000000238
13398  22.128  -64.041  3.272 0.6000000238
13433  20.385  -63.686  1.035 0.8999999762
13434  19.258  -63.978  1.074 0.8000000119
13456  17.280  -63.555  -0.937 0.6000000238
13476  16.886  -63.338  -2.177 0.8000000119
13487  17.259  -63.717  -3.082 0.6999999881
14108  17.349  -61.744  9.640 0.5000000000
14123  20.655  -62.756  8.909 0.5000000000
14124  16.759  -62.586  9.368 0.4000000060
14134  21.684  -63.419  7.646 0.5000000000
14140  22.669  -62.546  7.123 0.6999999881
14149  22.829  -63.291  5.580 0.6999999881
14157  23.075  -62.775  4.245 0.6999999881
14174  22.276  -62.335  1.902 0.6999999881
14181  21.804  -62.773  1.425 0.6999999881
14190  18.573  -62.804  -0.309 0.6999999881
14199  16.669  -62.404  -1.168 0.6999999881
14234  18.954  -62.278  -4.385 0.6000000238
14239  19.630  -62.723  -4.686 0.6000000238
14783  20.009  -62.356  9.375 0.5000000000
14798  20.774  -61.852  9.098 0.5000000000
14814  23.216  -61.137  6.109 0.6000000238
14850  22.191  -61.198  2.133 0.6000000238
14908  20.528  -61.249  -4.267 0.6000000238
14910  17.787  -61.554  -3.205 0.6999999881
15526  18.150  -60.235  9.374 0.5000000000
15535  20.448  -60.305  9.262 0.4000000060
15537  17.104  -59.767  8.430 0.5000000000
15545  17.220  -59.631  7.079 0.4000000060
15586  14.675  -60.302  3.082 0.3000000119
15608  21.216  -60.385  1.468 0.6999999881
15609  20.777  -60.733  0.909 0.6999999881
15623  20.291  -61.120  0.467 0.8000000119
16253  22.612  -59.460  8.766 0.4000000060
16276  17.958  -59.295  6.482 0.5000000000
16285  16.736  -59.505  5.429 0.5000000000
16286  16.116  -59.799  4.884 0.4000000060
16297  23.192  -59.997  4.188 0.4000000060
16299  16.661  -59.228  4.705 0.5000000000
16324  14.322  -59.176  2.095 0.4000000060
16335  20.691  -59.868  1.241 0.6999999881
16349  20.137  -60.260  0.733 0.6999999881
16360  16.286  -59.075  -0.857 0.6999999881
16370  16.785  -59.523  -2.323 0.5000000000
16958  23.073  -57.711  9.198 0.4000000060
16960  21.903  -58.290  9.343 0.4000000060
16972  22.803  -58.854  8.935 0.4000000060
17006  24.020  -58.679  6.372 0.5000000000
17026  24.122  -58.304  5.365 0.5000000000
17028  17.911  -58.546  5.384 0.5000000000
17067  23.256  -58.458  4.022 0.5000000000
17070  15.399  -58.638  2.810 0.3000000119
17094  20.696  -59.029  1.455 0.6999999881
17135  16.174  -58.169  -1.839 0.5000000000
17757  23.378  -57.330  9.115 0.4000000060
17793  24.331  -57.285  7.328 0.4000000060
17831  24.346  -57.445  5.574 0.5000000000
17905  16.351  -57.032  -0.071 0.6000000238
17946  15.961  -57.503  -1.583 0.6000000238
18561  23.258  -55.921  9.448 0.4000000060
18577  24.138  -56.322  8.490 0.3000000119
18579  20.950  -56.663  8.962 0.4000000060
18600  19.553  -56.600  7.390 0.4000000060
18617  24.614  -56.525  6.814 0.4000000060
18631  24.527  -56.705  5.868 0.4000000060
18712  15.951  -56.782  -1.208 0.5000000000
19356  22.714  -55.364  9.603 0.4000000060
19373  20.415  -55.894  8.511 0.4000000060
19397  19.429  -55.336  7.497 0.4000000060
19436  24.447  -55.291  4.994 0.4000000060
19496  16.746  -55.410  -1.252 0.5000000000
20204  20.395  -54.530  8.464 0.3000000119
20225  19.126  -54.909  7.621 0.4000000060
20241  25.091  -54.930  6.330 0.3000000119
20259  24.860  -54.757  5.472 0.4000000060
20278  22.744  -54.557  3.103 0.3000000119
20304  17.699  -53.705  0.095 0.6000000238
20323  17.602  -53.811  -1.029 0.4000000060
21139  23.106  -53.978  3.107 0.4000000060
21165  18.055  -52.924  0.314 0.6000000238
21179  17.772  -52.986  -1.069 0.4000000060
21189  18.196  -52.811  -1.526 0.4000000060
22018  24.627  -52.564  3.378 0.3000000119
22054  17.899  -52.305  -1.000 0.4000000060
22974  20.748  -50.702  -0.490 0.4000000060
25639  21.947  -48.516  -0.062 0.4000000060
25647  21.562  -48.566  -1.120 0.3000000119
110915  16.008  -57.668  -0.446 0.6999999881
110916  22.429  -60.110  8.561 0.5000000000
112271  23.036  -60.884  3.955 0.6000000238
112765  23.727  -58.882  4.780 0.4000000060
113402  20.344  -64.341  3.764 0.6000000238
114295  17.821  -59.068  5.844 0.4000000060
114376  22.753  -55.999  3.400 0.3000000119
114789  19.574  -59.517  8.776 0.4000000060
115609  15.988  -58.794  -1.172 0.6000000238
116386  20.286  -63.941  6.249 0.6000000238
117539  18.145  -65.365  -0.429 0.6999999881
118661  16.521  -62.163  -1.554 0.6999999881
119662  25.281  -66.924  -4.675 0.4000000060
119782  23.578  -58.389  8.286 0.4000000060
121043  19.069  -66.288  -1.146 0.6000000238
121385  21.303  -64.284  3.761 0.6000000238
122325  25.684  -68.207  -3.664 0.4000000060
122433  18.651  -61.152  -0.176 0.8000000119
123689  21.480  -55.221  9.255 0.4000000060
125116  21.439  -61.331  8.840 0.5000000000
125891  17.527  -64.465  -1.178 0.6999999881
126451  23.913  -51.254  1.722 0.4000000060
126902  20.209  -67.033  2.526 0.6000000238
126993  18.176  -55.053  0.600 0.6000000238
127020  21.626  -69.558  -3.885 0.5000000000
127141  16.391  -59.972  -1.091 0.6000000238
127379  16.507  -61.736  -1.203 0.6000000238
128314  20.837  -61.066  9.174 0.5000000000
128951  19.374  -64.588  2.771 0.6999999881
129550  19.683  -60.325  9.258 0.5000000000
130023  19.224  -63.166  9.088 0.5000000000
130782  19.953  -66.379  -0.156 0.6000000238
130833  23.625  -56.357  9.150 0.4000000060
130946  18.595  -63.651  7.929 0.4000000060
131926  19.298  -63.733  6.760 0.5000000000
134648  25.217  -67.586  -4.430 0.4000000060
