#Insight Transform File V1.0
#Transform 0
Transform: AffineTransform_float_3_3
Parameters: 1 0.000469482 -0.000373591 -0.000468857 0.999997 0.00230407 0.000374756 -0.00230474 0.999998 -0.0390078 0.0302598 0.155064
FixedParameters: 0 0 0

#Transform 1
Transform: AffineTransform_float_3_3
Parameters: 1 -3.30902e-05 -0.000423393 3.34677e-05 0.999998 0.00165258 0.000423308 -0.00165262 0.999998 -0.0249684 0.0199808 0.129169
FixedParameters: 0 0 0

#Transform 2
Transform: AffineTransform_float_3_3
Parameters: 0.999999 0.000380376 -0.000684129 -0.000378928 0.999999 0.00182032 0.000685519 -0.0018198 0.999998 -0.033656 0.0240689 0.160257
FixedParameters: 0 0 0

#Transform 3
Transform: AffineTransform_float_3_3
Parameters: 1 0.000436545 -0.000425485 -0.000436353 0.999999 0.00147568 0.000425799 -0.00147533 0.999999 -0.0264185 0.0383551 0.135517
FixedParameters: 0 0 0

#Transform 4
Transform: AffineTransform_float_3_3
Parameters: 1 0.000430273 -0.000250986 -0.000430462 0.999998 0.00165468 0.000252435 -0.00165447 0.999998 -0.0335354 0.0283913 0.136257
FixedParameters: 0 0 0

#Transform 5
Transform: AffineTransform_float_3_3
Parameters: 1 0.000415933 -0.000436105 -0.000416 1 0.0011427 0.000436082 -0.00114236 0.999999 -0.0275672 0.0270812 0.182892
FixedParameters: 0 0 0

#Transform 6
Transform: AffineTransform_float_3_3
Parameters: 1 0.000380016 -0.000376488 -0.000380086 0.999999 0.00132068 0.000376518 -0.00132041 0.999999 -0.0355438 0.0151267 0.167296
FixedParameters: 0 0 0

#Transform 7
Transform: AffineTransform_float_3_3
Parameters: 1 0.000115054 -0.000426065 -0.000113926 0.999999 0.00135031 0.000426357 -0.00135021 0.999999 -0.0305125 0.0149265 0.156766
FixedParameters: 0 0 0

#Transform 8
Transform: AffineTransform_float_3_3
Parameters: 1 0.000125732 -0.000424908 -0.000125729 1 0.00120521 0.000425236 -0.00120511 0.999999 -0.0182652 0.0181325 0.176432
FixedParameters: 0 0 0

#Transform 9
Transform: AffineTransform_float_3_3
Parameters: 1 1.44061e-05 -0.000417377 -1.36237e-05 0.999999 0.000937191 0.000417403 -0.000937179 0.999999 -0.0109931 0.00911652 0.147348
FixedParameters: 0 0 0

#Transform 10
Transform: AffineTransform_float_3_3
Parameters: 1 -6.9771e-05 -0.000414868 7.05958e-05 1 0.00102192 0.000414708 -0.00102198 1 -0.0282197 0.029578 0.153833
FixedParameters: 0 0 0

#Transform 11
Transform: AffineTransform_float_3_3
Parameters: 1 0.000152111 -0.000425262 -0.000151164 1 0.00113899 0.00042559 -0.00113887 1 -0.0147944 0.0105491 0.162748
FixedParameters: 0 0 0

#Transform 12
Transform: AffineTransform_float_3_3
Parameters: 1 -7.39327e-05 -0.000546228 7.41655e-05 1 0.00114844 0.000546083 -0.00114853 0.999999 -0.00377662 0.0147073 0.132846
FixedParameters: 0 0 0

#Transform 13
Transform: AffineTransform_float_3_3
Parameters: 1 -7.3535e-05 -0.000410036 7.40303e-05 1 0.000603962 0.000409947 -0.000604023 0.999999 0.0038689 0.0214237 0.133535
FixedParameters: 0 0 0

#Transform 14
Transform: AffineTransform_float_3_3
Parameters: 1 -7.22709e-05 -0.000411652 7.28834e-05 0.999999 0.000743948 0.000411544 -0.000744008 0.999999 0.00421073 0.00649803 0.114194
FixedParameters: 0 0 0

#Transform 15
Transform: AffineTransform_float_3_3
Parameters: 1 -6.93823e-05 -0.000415364 7.02439e-05 1 0.00106492 0.000415198 -0.00106498 1 0.0040932 0.00844308 0.125293
FixedParameters: 0 0 0

#Transform 16
Transform: AffineTransform_float_3_3
Parameters: 1 -0.000403145 -0.000400359 0.000403882 1 0.000950822 0.000399575 -0.000951145 1 0.00525053 0.00011088 0.139179
FixedParameters: 0 0 0

#Transform 17
Transform: AffineTransform_float_3_3
Parameters: 1 -0.000515359 -0.000396637 0.000515152 1 0.00102779 0.000395602 -0.00102821 1 0.00583018 0.023268 0.0989844
FixedParameters: 0 0 0

#Transform 18
Transform: AffineTransform_float_3_3
Parameters: 1 -0.000567207 -0.000398525 0.000568319 0.999999 0.00137224 0.000397948 -0.00137268 0.999999 0.00656938 0.0104221 0.0493798
FixedParameters: 0 0 0

#Transform 19
Transform: AffineTransform_float_3_3
Parameters: 1 0.000220484 -1.60356e-05 -0.000220488 1 -0.000115091 1.59849e-05 0.000115098 1 -0.0214726 -0.0202501 -0.0308756
FixedParameters: 0 0 0

#Transform 20
Transform: AffineTransform_float_3_3
Parameters: 1 -7.30024e-05 -0.000410717 7.35469e-05 1 0.000662956 0.00041062 -0.000663016 0.999999 0.0043164 0.00896372 0.0257583
FixedParameters: 0 0 0

#Transform 21
Transform: AffineTransform_float_3_3
Parameters: 1 -7.42662e-05 -0.000409101 7.46941e-05 1 0.00052297 0.000409023 -0.000523031 1 -0.00147094 0.0110634 0.025032
FixedParameters: 0 0 0

#Transform 22
Transform: AffineTransform_float_3_3
Parameters: 1 -7.94782e-05 -0.000475057 7.97292e-05 1 0.000264224 0.000475015 -0.000264299 1 0.00334564 0.0010478 0.0426516
FixedParameters: 0 0 0

#Transform 23
Transform: AffineTransform_float_3_3
Parameters: 1 -8.25333e-05 -0.000398506 8.22193e-05 1 -0.000393937 0.000398571 0.000393872 1 0.00471506 -0.00596271 0.000113957
FixedParameters: 0 0 0

#Transform 24
Transform: AffineTransform_float_3_3
Parameters: 1 -0.000585243 -0.000380856 0.000585185 1 -7.65625e-05 0.000380945 7.61167e-05 1 0.00691855 -0.00444714 -0.0387865
FixedParameters: 0 0 0

#Transform 25
Transform: AffineTransform_float_3_3
Parameters: 1 -0.00041422 0.000244054 0.000414279 1 -0.000121544 -0.000243953 0.000121747 1 -0.00376126 -0.00554357 -0.0455752
FixedParameters: 0 0 0

#Transform 26
Transform: AffineTransform_float_3_3
Parameters: 1 -0.000489706 6.80866e-05 0.000489723 1 -0.000122982 -6.79661e-05 0.000123048 1 0.0165884 0.0216136 -0.0560992
FixedParameters: 0 0 0

#Transform 27
Transform: AffineTransform_float_3_3
Parameters: 1 -0.00058264 -0.000379155 0.000582465 1 -0.000231581 0.000379424 0.000231139 1 0.00746133 -0.00960468 -0.0542394
FixedParameters: 0 0 0

#Transform 28
Transform: AffineTransform_float_3_3
Parameters: 0.999999 -0.000743678 -0.000372107 0.000743491 0.999999 -0.000251172 0.00037248 0.000250618 1 0.0128407 -0.00842636 -0.0443023
FixedParameters: 0 0 0

#Transform 29
Transform: AffineTransform_float_3_3
Parameters: 1 -0.000583962 -0.000377393 0.000583667 1 -0.000377567 0.000377824 0.000378122 1 0.00345926 -0.0053351 -0.00818589
FixedParameters: 0 0 0

#Transform 30
Transform: AffineTransform_float_3_3
Parameters: 1 -0.000583962 -0.000377393 0.000583667 1 -0.000377567 0.000377824 0.000378122 1 0.0108471 -0.0252306 -0.0123134
FixedParameters: 0 0 0

#Transform 31
Transform: AffineTransform_float_3_3
Parameters: 1 -0.000581715 -0.000380408 0.000581608 1 -0.000127594 0.000380546 0.000128148 1 0.00402788 -0.0224098 -0.0475183
FixedParameters: 0 0 0

#Transform 32
Transform: AffineTransform_float_3_3
Parameters: 1 -0.000861979 -0.000366551 0.000861775 0.999999 -0.000296136 0.000367068 0.0002965 1 0.00492841 -0.00763844 -0.0481894
FixedParameters: 0 0 0

#Transform 33
Transform: AffineTransform_float_3_3
Parameters: 0.999999 -0.00108058 -0.00084906 0.00108113 1 0.000304638 0.000849407 -0.000305549 0.999999 0.0132314 -0.0123799 -0.0209036
FixedParameters: 0 0 0

#Transform 34
Transform: AffineTransform_float_3_3
Parameters: 1 -0.000246491 1.84319e-05 0.000246507 1 -0.000444708 -1.82126e-05 0.000444717 1 -0.0213103 -0.0184216 -0.0283484
FixedParameters: 0 0 0

#Transform 35
Transform: AffineTransform_float_3_3
Parameters: 1 -0.000435851 -0.000386552 0.000435742 1 -0.000128867 0.000386654 0.000129527 1 0.00337456 -0.0118104 -0.0566502
FixedParameters: 0 0 0

#Transform 36
Transform: AffineTransform_float_3_3
Parameters: 1 -0.000679838 -0.000157236 0.000680748 0.999999 -0.00028208 0.000157578 0.000281874 1 -0.00638016 -0.0149457 -0.0598817
FixedParameters: 0 0 0

#Transform 37
Transform: AffineTransform_float_3_3
Parameters: 1 -0.000645367 0.000126684 0.000645397 1 -0.000120921 -0.000126528 0.000121084 1 -0.0125066 -0.042189 -0.0714961
FixedParameters: 0 0 0

#Transform 38
Transform: AffineTransform_float_3_3
Parameters: 0.999999 -0.00079305 -0.000986124 0.000792445 0.999999 -0.000292264 0.000985577 0.00029177 1 -0.0153283 -0.0233322 -0.0268765
FixedParameters: 0 0 0

#Transform 39
Transform: AffineTransform_float_3_3
Parameters: 1 -0.000792629 -0.000768416 0.000791764 0.999999 -0.00117874 0.000769232 0.00117851 0.999999 -0.0396561 -0.0713169 -0.0790382
FixedParameters: 0 0 0

#Transform 40
Transform: AffineTransform_float_3_3
Parameters: 1 -0.00073679 -0.000754698 0.000735852 0.999998 -0.00186708 0.000755337 0.00186695 0.999998 -0.0701103 -0.0797765 -0.0509145
FixedParameters: 0 0 0

#Transform 41
Transform: AffineTransform_float_3_3
Parameters: 1 -0.000524044 -0.00104711 0.000522223 1 -0.000850152 0.001047 0.000849045 0.999999 -0.0613481 -0.074633 -0.0775284
FixedParameters: 0 0 0

#Transform 42
Transform: AffineTransform_float_3_3
Parameters: 0.999999 -0.000570129 -0.000738855 0.000569164 0.999999 -0.00127813 0.000739243 0.00127828 0.999999 -0.0654851 -0.0613884 -0.0757632
FixedParameters: 0 0 0

#Transform 43
Transform: AffineTransform_float_3_3
Parameters: 1 0.000184478 -0.000114282 -0.000184917 0.999986 -0.00519539 0.000113095 0.00519545 0.999986 -0.107143 -0.207748 0.261239
FixedParameters: 0 0 0

#Transform 44
Transform: AffineTransform_float_3_3
Parameters: 1 6.21498e-05 0.000439888 -6.07639e-05 0.999996 -0.0028138 -0.00044026 0.00281374 0.999996 -0.147045 -0.165656 0.14112
FixedParameters: 0 0 0

#Transform 45
Transform: AffineTransform_float_3_3
Parameters: 1 0.000394523 -0.000485028 -0.000394979 1 -0.00046982 0.000484656 0.000470202 1 -0.150813 -0.144776 0.151088
FixedParameters: 0 0 0

#Transform 46
Transform: AffineTransform_float_3_3
Parameters: 0.999999 0.00036395 -0.00126301 -0.000364466 1 -0.000233148 0.00126384 0.000233168 0.999999 -0.138379 -0.118698 0.132896
FixedParameters: 0 0 0

#Transform 47
Transform: AffineTransform_float_3_3
Parameters: 0.999999 -6.4185e-05 -0.00124094 6.37473e-05 1 -0.000587784 0.00124097 0.000587717 0.999999 -0.120182 -0.149609 0.105267
FixedParameters: 0 0 0

#Transform 48
Transform: AffineTransform_float_3_3
Parameters: 0.999999 -0.000357914 -0.00122147 0.000356991 0.999999 -0.00119549 0.00122224 0.00119464 0.999998 -0.115254 -0.155286 0.0124996
FixedParameters: 0 0 0

#Transform 49
Transform: AffineTransform_float_3_3
Parameters: 0.999999 -0.000351352 -0.00173615 0.000350082 0.999999 -0.00094252 0.00173572 0.000941475 0.999998 -0.112795 -0.143826 0.104355
FixedParameters: 0 0 0

#Transform 50
Transform: AffineTransform_float_3_3
Parameters: 0.999999 0.000407859 -0.00117971 -0.000409048 0.999999 -0.00136766 0.00117949 0.00136873 0.999999 -0.122007 -0.142403 0.0317738
FixedParameters: 0 0 0

#Transform 51
Transform: AffineTransform_float_3_3
Parameters: 0.999999 -4.06536e-05 -0.000809142 3.85573e-05 0.999998 -0.00188417 0.000809215 0.00188411 0.999998 -0.11971 -0.113752 -0.0221797
FixedParameters: 0 0 0

#Transform 52
Transform: AffineTransform_float_3_3
Parameters: 1 -1.86854e-05 -0.000398269 1.74911e-05 0.999999 -0.00147057 0.000398305 0.00147056 0.999999 -0.105897 -0.12885 -0.0369447
FixedParameters: 0 0 0

#Transform 53
Transform: AffineTransform_float_3_3
Parameters: 1 -0.000115562 -0.00023927 0.00011585 0.999999 -0.00143692 0.000239543 0.00143688 0.999999 -0.107587 -0.125977 -0.0952209
FixedParameters: 0 0 0

#Transform 54
Transform: AffineTransform_float_3_3
Parameters: 1 0.000175798 0.000219304 -0.000175199 0.999999 -0.00141718 -0.000219819 0.0014171 0.999999 -0.116072 -0.130708 -0.105457
FixedParameters: 0 0 0

#Transform 55
Transform: AffineTransform_float_3_3
Parameters: 1 -0.000364011 -0.000495024 0.000363201 0.999998 -0.00176087 0.000495228 0.00176059 0.999999 -0.0964367 -0.119658 -0.10761
FixedParameters: 0 0 0

#Transform 56
Transform: AffineTransform_float_3_3
Parameters: 1 -0.000474257 -0.000413313 0.000473109 0.999999 -0.00131 0.000413538 0.0013096 0.999999 -0.0940382 -0.139073 -0.0845293
FixedParameters: 0 0 0

#Transform 57
Transform: AffineTransform_float_3_3
Parameters: 1 -0.000447064 -0.000191238 0.000446397 0.999998 -0.0015726 0.000191627 0.00157242 0.999998 -0.097906 -0.161513 -0.112144
FixedParameters: 0 0 0

#Transform 58
Transform: AffineTransform_float_3_3
Parameters: 1 -0.000500754 -0.000472322 0.00049946 0.999999 -0.00130149 0.000472608 0.00130101 0.999999 -0.0956222 -0.165887 -0.112262
FixedParameters: 0 0 0

#Transform 59
Transform: AffineTransform_float_3_3
Parameters: 1 6.61141e-05 -0.0002978 -6.67998e-05 1 -0.00111308 0.000297635 0.00111312 1 -0.0894639 -0.141977 -0.112943
FixedParameters: 0 0 0

#Transform 60
Transform: AffineTransform_float_3_3
Parameters: 1 -0.000105727 -0.000497318 0.000105484 0.999999 -0.00122597 0.000497517 0.00122588 0.999999 -0.0853827 -0.147572 -0.1199
FixedParameters: 0 0 0

#Transform 61
Transform: AffineTransform_float_3_3
Parameters: 1 0.000144673 -0.000462132 -0.000145512 0.999999 -0.000950539 0.000462837 0.000950769 1 -0.11075 -0.125899 -0.103829
FixedParameters: 0 0 0

#Transform 62
Transform: AffineTransform_float_3_3
Parameters: 1 0.000274617 -0.000439421 -0.000274173 1 0.000504765 0.000439698 -0.000504524 1 -0.104167 -0.148217 -0.11949
FixedParameters: 0 0 0

#Transform 63
Transform: AffineTransform_float_3_3
Parameters: 1 0.000320196 -0.000189108 -0.000320039 1 0.000414175 0.000189373 -0.000414054 1 -0.120129 -0.159882 -0.0941806
FixedParameters: 0 0 0

#Transform 64
Transform: AffineTransform_float_3_3
Parameters: 1 0.000547146 -0.000384591 -0.000546838 1 0.000400126 0.000385028 -0.000399705 1 -0.11481 -0.130636 -0.108226
FixedParameters: 0 0 0

#Transform 65
Transform: AffineTransform_float_3_3
Parameters: 1 0.000312994 0.00011174 -0.000312895 1 -0.000444491 -0.000112018 0.000444421 1 -0.109739 -0.134875 -0.140877
FixedParameters: 0 0 0

#Transform 66
Transform: AffineTransform_float_3_3
Parameters: 1 5.45953e-05 0.000350296 -5.42621e-05 1 -0.000475516 -0.000350348 0.000475478 1 -0.106168 -0.15801 -0.161481
FixedParameters: 0 0 0

#Transform 67
Transform: AffineTransform_float_3_3
Parameters: 1 0.000105659 -0.00015169 -0.000105629 1 0.000100376 0.000151712 -0.000100344 1 -0.115001 -0.144808 -0.151872
FixedParameters: 0 0 0

#Transform 68
Transform: AffineTransform_float_3_3
Parameters: 1 0.000110817 -0.000136509 -0.000110774 1 0.00015651 0.000136544 -0.00015648 1 -0.107276 -0.136584 -0.164888
FixedParameters: 0 0 0

#Transform 69
Transform: AffineTransform_float_3_3
Parameters: 1 8.94696e-05 -0.000690176 -8.8997e-05 1 0.000342408 0.000690238 -0.000342285 0.999999 -0.0898637 -0.150996 -0.164583
FixedParameters: 0 0 0

#Transform 70
Transform: AffineTransform_float_3_3
Parameters: 1 0.000100258 -0.000360745 -0.000100311 1 -7.39745e-05 0.00036073 7.40469e-05 1 -0.114713 -0.166849 -0.164196
FixedParameters: 0 0 0

#Transform 71
Transform: AffineTransform_float_3_3
Parameters: 1 0.000177165 -0.000209769 -0.000177083 1 0.000194124 0.000209837 -0.00019405 1 -0.105363 -0.172959 -0.209118
FixedParameters: 0 0 0

#Transform 72
Transform: AffineTransform_float_3_3
Parameters: 1 0.000531901 -2.12102e-06 -0.0005319 1 0.000165413 2.29698e-06 -0.00016541 1 -0.120511 -0.166467 -0.210271
FixedParameters: 0 0 0

#Transform 73
Transform: AffineTransform_float_3_3
Parameters: 0.999999 0.000751898 0.000179918 -0.000751436 0.999999 0.00131459 -0.000179 -0.00131486 0.999999 -0.125063 -0.147137 -0.18267
FixedParameters: 0 0 0

#Transform 74
Transform: AffineTransform_float_3_3
Parameters: 0.999999 0.0015512 0.000979303 -0.00155213 0.999998 0.000456393 -0.000978888 -0.00045745 1 -0.141047 -0.175274 -0.186862
FixedParameters: 0 0 0

#Transform 75
Transform: AffineTransform_float_3_3
Parameters: 1 0.00101745 0.000595767 -0.00101781 1 0.000297453 -0.000595142 -0.000298749 1 -0.132745 -0.171103 -0.18023
FixedParameters: 0 0 0

#Transform 76
Transform: AffineTransform_float_3_3
Parameters: 0.999999 0.000518627 0.000580759 -0.000518734 1 9.19058e-05 -0.000580663 -9.25082e-05 1 -0.129387 -0.190855 -0.286605
FixedParameters: 0 0 0

#Transform 77
Transform: AffineTransform_float_3_3
Parameters: 0.999999 0.000706885 0.000183316 -0.000706793 0.999999 -0.00027614 -0.000183717 0.000276877 1 -0.144767 -0.176047 -0.266052
FixedParameters: 0 0 0

#Transform 78
Transform: AffineTransform_float_3_3
Parameters: 0.999998 0.0019261 0.000194044 -0.00192607 0.999998 -9.28256e-05 -0.000194376 9.29062e-05 1 -0.174435 -0.188121 -0.241759
FixedParameters: 0 0 0

#Transform 79
Transform: AffineTransform_float_3_3
Parameters: 0.999999 0.0012354 0.000227048 -0.00123514 0.999999 -0.000484397 -0.000227227 0.000483764 1 -0.152613 -0.206024 -0.288945
FixedParameters: 0 0 0

#Transform 80
Transform: AffineTransform_float_3_3
Parameters: 0.999999 0.00123394 0.000228841 -0.00123359 0.999999 -0.000659381 -0.00022945 0.000658743 1 -0.139879 -0.204955 -0.334595
FixedParameters: 0 0 0

#Transform 81
Transform: AffineTransform_float_3_3
Parameters: 1 0.000974439 0.00023839 -0.000974155 1 -0.000506975 -0.000238361 0.000506438 1 -0.132858 -0.178813 -0.312078
FixedParameters: 0 0 0

#Transform 82
Transform: AffineTransform_float_3_3
Parameters: 0.999999 0.000925887 0.000246015 -0.000925358 0.999999 -0.00105347 -0.000246995 0.00105403 1 -0.127903 -0.191803 -0.265911
FixedParameters: 0 0 0

#Transform 83
Transform: AffineTransform_float_3_3
Parameters: 0.999999 0.001026 0.000242673 -0.00102542 0.999999 -0.0011504 -0.000244051 0.00114991 1 -0.127346 -0.220014 -0.33704
FixedParameters: 0 0 0

#Transform 84
Transform: AffineTransform_float_3_3
Parameters: 1 0.00118601 8.73538e-06 -0.001186 1 -0.000161179 -9.09943e-06 0.000161074 1 -0.120151 -0.205874 -0.305954
FixedParameters: 0 0 0
