#!ascii label  , from subject sub-v2s4x29621_ses-1 vox2ras=TkReg
1169
53480  -14.493  -11.145  77.238 0.0000000000
133787  -39.161  -7.705  59.089 0.0000000000
63189  -32.154  -2.378  58.444 0.0000000000
60003  -31.723  -5.447  63.987 0.0000000000
66343  -37.894  0.759  43.588 0.0000000000
67298  -31.767  1.127  48.232 0.0000000000
59997  -40.645  -4.246  63.833 0.0000000000
57066  -35.821  -9.829  62.214 0.0000000000
117994  -43.730  2.229  45.564 0.0000000000
72364  -46.825  6.630  42.419 0.0000000000
74119  -49.189  9.064  39.942 0.0000000000
68215  -35.102  2.824  56.646 0.0000000000
65226  -30.935  -0.113  53.534 0.0000000000
71338  -35.633  5.422  51.947 0.0000000000
71389  -38.782  5.757  48.420 0.0000000000
57020  -24.668  -7.827  64.600 0.0000000000
51348  -12.303  -13.502  81.367 0.0000000000
62156  -37.043  -4.092  59.464 0.0000000000
117717  -35.535  1.514  62.147 0.0000000000
58132  -26.542  -7.329  60.463 0.0000000000
57113  -31.533  -8.559  57.879 0.0000000000
73289  -46.017  7.408  34.225 0.0000000000
116417  -50.915  10.795  36.964 0.0000000000
66327  -35.696  0.180  45.701 0.0000000000
67313  -41.544  0.756  47.832 0.0000000000
55851  -15.446  -9.186  72.912 0.0000000000
45935  -9.817  -18.355  80.962 0.0000000000
132114  -45.030  4.767  43.925 0.0000000000
69251  -35.046  4.141  54.369 0.0000000000
135729  -21.897  -7.985  64.469 0.0000000000
52373  -14.094  -12.613  79.426 0.0000000000
60069  -39.315  -5.285  56.800 0.0000000000
61121  -38.240  -4.903  59.150 0.0000000000
124607  -29.308  -5.978  61.796 0.0000000000
59083  -29.425  -6.707  59.187 0.0000000000
129875  -32.037  -6.516  60.519 0.0000000000
57087  -37.907  -9.446  61.486 0.0000000000
55992  -35.798  -10.556  59.547 0.0000000000
57116  -37.997  -9.494  58.035 0.0000000000
59976  -30.143  -5.499  65.618 0.0000000000
58087  -27.953  -6.977  63.707 0.0000000000
72387  -41.978  6.018  39.105 0.0000000000
122209  -45.218  7.614  35.841 0.0000000000
74979  -50.368  9.979  38.846 0.0000000000
66285  -31.570  0.688  50.608 0.0000000000
137558  -34.132  0.935  46.175 0.0000000000
69324  -40.677  3.568  47.762 0.0000000000
56965  -19.652  -8.455  68.643 0.0000000000
56933  -19.167  -8.056  71.014 0.0000000000
56921  -17.251  -7.950  73.622 0.0000000000
55868  -16.465  -9.544  70.497 0.0000000000
47092  -10.905  -18.149  79.957 0.0000000000
127133  -39.364  -5.878  61.445 0.0000000000
62146  -39.713  -3.824  61.628 0.0000000000
136364  -40.225  -2.559  63.168 0.0000000000
128393  -34.546  -5.873  65.728 0.0000000000
59048  -34.244  -7.043  62.517 0.0000000000
58068  -35.940  -7.021  64.034 0.0000000000
122950  -38.581  -6.965  63.191 0.0000000000
68327  -40.485  2.046  44.456 0.0000000000
70404  -41.203  4.535  43.518 0.0000000000
71452  -43.126  6.014  41.852 0.0000000000
73254  -44.978  7.347  40.070 0.0000000000
73275  -46.179  8.026  38.766 0.0000000000
73250  -47.777  7.564  41.442 0.0000000000
129634  -32.946  0.464  57.632 0.0000000000
118972  -31.015  -1.149  56.020 0.0000000000
66242  -32.928  1.530  55.030 0.0000000000
126893  -33.531  2.679  52.248 0.0000000000
69284  -33.699  3.454  50.246 0.0000000000
69309  -35.011  4.108  48.195 0.0000000000
114546  -37.257  6.015  50.046 0.0000000000
56981  -23.766  -8.129  67.196 0.0000000000
56979  -20.980  -7.930  66.264 0.0000000000
75892  -49.393  10.706  31.470 0.0000000000
50320  -9.611  -14.239  81.072 0.0000000000
61132  -37.496  -4.504  57.048 0.0000000000
62153  -34.491  -3.897  59.480 0.0000000000
63153  -38.006  -2.425  61.832 0.0000000000
63140  -34.897  -2.173  62.370 0.0000000000
117831  -33.245  -0.597  60.937 0.0000000000
67198  -35.332  2.140  58.639 0.0000000000
57098  -33.574  -9.999  60.409 0.0000000000
58049  -27.011  -7.627  65.752 0.0000000000
58084  -25.761  -7.622  63.197 0.0000000000
74145  -47.279  8.888  36.695 0.0000000000
74994  -48.514  10.046  35.517 0.0000000000
75873  -49.353  10.913  33.581 0.0000000000
76802  -52.046  11.816  35.036 0.0000000000
53490  -13.098  -11.871  74.817 0.0000000000
51380  -13.071  -14.093  77.137 0.0000000000
133585  -36.866  -0.461  44.586 0.0000000000
68305  -36.608  2.729  46.712 0.0000000000
66313  -38.701  0.853  47.003 0.0000000000
65300  -39.595  -0.295  45.576 0.0000000000
66317  -42.583  0.439  46.701 0.0000000000
54688  -14.291  -9.453  75.385 0.0000000000
49258  -12.435  -15.388  78.959 0.0000000000
117558  -10.893  -16.158  81.136 0.0000000000
48171  -8.832  -16.397  80.467 0.0000000000
52386  -14.156  -12.298  78.094 0.0000000000
130231  -39.295  -7.981  58.327 0.0000000000
59095  -39.280  -6.777  58.328 0.0000000000
59086  -39.020  -6.583  59.333 0.0000000000
59030  -30.637  -5.419  62.293 0.0000000000
113783  -30.838  -5.849  60.686 0.0000000000
59045  -31.800  -5.539  62.161 0.0000000000
57100  -38.978  -8.526  59.882 0.0000000000
57099  -38.034  -9.689  59.371 0.0000000000
118521  -38.995  -8.966  58.849 0.0000000000
57117  -38.939  -8.570  57.760 0.0000000000
59978  -32.448  -5.634  65.508 0.0000000000
59977  -31.696  -5.582  65.811 0.0000000000
130340  -31.069  -5.467  64.601 0.0000000000
59029  -29.917  -5.652  63.272 0.0000000000
130755  -44.371  7.144  36.665 0.0000000000
61128  -33.713  -4.298  57.667 0.0000000000
131730  -32.489  -3.629  57.497 0.0000000000
67293  -31.824  1.202  49.196 0.0000000000
65270  -31.371  -0.427  48.516 0.0000000000
67323  -32.506  1.366  46.928 0.0000000000
56964  -18.865  -8.985  68.578 0.0000000000
56941  -19.421  -8.338  70.096 0.0000000000
55869  -18.035  -9.137  69.884 0.0000000000
56939  -17.785  -8.717  70.671 0.0000000000
55876  -17.431  -9.658  69.295 0.0000000000
59050  -39.631  -5.296  62.508 0.0000000000
60024  -40.285  -4.137  62.258 0.0000000000
62114  -40.981  -3.251  63.194 0.0000000000
58987  -35.896  -6.383  66.469 0.0000000000
59019  -35.500  -6.439  64.583 0.0000000000
59002  -37.310  -6.538  65.988 0.0000000000
59996  -40.025  -5.253  64.644 0.0000000000
125025  -39.190  -6.273  64.885 0.0000000000
59035  -39.350  -5.856  63.795 0.0000000000
58110  -39.055  -6.506  62.593 0.0000000000
68329  -42.241  1.964  44.983 0.0000000000
69351  -40.922  2.950  44.339 0.0000000000
69363  -42.410  3.627  44.282 0.0000000000
119556  -46.068  5.595  43.479 0.0000000000
71434  -44.126  5.301  43.239 0.0000000000
72362  -44.747  6.237  42.096 0.0000000000
72381  -43.664  6.680  40.709 0.0000000000
120008  -45.881  6.833  41.508 0.0000000000
72384  -46.212  7.213  41.020 0.0000000000
72377  -47.297  7.128  41.946 0.0000000000
67208  -34.244  1.712  57.349 0.0000000000
66202  -33.022  1.078  56.518 0.0000000000
67249  -34.101  2.349  55.656 0.0000000000
114920  -35.368  5.042  52.771 0.0000000000
69258  -34.577  3.553  53.163 0.0000000000
69263  -34.551  3.766  52.195 0.0000000000
116789  -33.434  2.801  51.518 0.0000000000
70328  -34.781  4.234  51.025 0.0000000000
70329  -35.162  4.963  50.606 0.0000000000
123291  -36.356  5.875  51.464 0.0000000000
130033  -25.479  -8.529  66.228 0.0000000000
56982  -24.700  -8.714  67.674 0.0000000000
57007  -24.089  -8.050  65.707 0.0000000000
56993  -21.657  -7.861  65.686 0.0000000000
76833  -51.189  11.568  32.191 0.0000000000
75894  -51.395  11.330  30.988 0.0000000000
116130  -11.057  -14.100  81.390 0.0000000000
61133  -38.312  -4.823  57.383 0.0000000000
60068  -38.414  -4.719  56.427 0.0000000000
61119  -37.024  -4.546  57.944 0.0000000000
127888  -36.072  -4.542  57.952 0.0000000000
62155  -36.529  -4.146  59.377 0.0000000000
64136  -39.186  -2.068  62.775 0.0000000000
135458  -38.856  -2.720  62.205 0.0000000000
64119  -38.430  -1.404  63.173 0.0000000000
67150  -35.647  1.282  63.218 0.0000000000
127738  -35.537  -0.809  63.731 0.0000000000
66129  -34.733  0.005  63.228 0.0000000000
64130  -33.872  -1.008  62.276 0.0000000000
131645  -34.218  0.718  61.286 0.0000000000
66158  -33.957  1.063  59.587 0.0000000000
67166  -35.388  1.740  60.565 0.0000000000
58157  -30.475  -7.537  58.202 0.0000000000
58106  -34.901  -8.374  62.258 0.0000000000
58123  -33.709  -8.039  61.387 0.0000000000
57065  -34.801  -9.775  61.813 0.0000000000
56011  -34.162  -10.600  58.438 0.0000000000
58042  -27.468  -7.072  66.225 0.0000000000
58121  -27.775  -6.664  62.122 0.0000000000
58086  -27.419  -7.566  64.036 0.0000000000
58119  -26.398  -7.208  61.517 0.0000000000
57063  -24.988  -7.964  61.457 0.0000000000
74117  -47.777  8.458  39.281 0.0000000000
74129  -46.756  8.448  38.167 0.0000000000
74131  -48.389  8.921  38.677 0.0000000000
75853  -50.728  10.543  37.648 0.0000000000
120584  -48.921  9.615  37.119 0.0000000000
75857  -49.784  10.618  35.839 0.0000000000
75862  -48.916  10.519  34.857 0.0000000000
126235  -49.808  10.928  35.183 0.0000000000
75869  -50.354  11.300  34.701 0.0000000000
76796  -51.906  11.461  35.954 0.0000000000
130200  -30.643  -0.840  54.756 0.0000000000
63220  -30.592  -2.290  55.025 0.0000000000
64344  -36.004  -1.337  44.035 0.0000000000
65296  -36.024  -0.435  45.180 0.0000000000
70351  -36.955  4.668  47.779 0.0000000000
120079  -36.040  3.910  47.219 0.0000000000
70363  -37.818  4.363  47.434 0.0000000000
69325  -41.069  2.689  48.039 0.0000000000
67311  -39.583  1.936  47.576 0.0000000000
67312  -40.279  1.316  47.702 0.0000000000
65285  -39.147  -0.509  46.001 0.0000000000
128207  -40.794  -0.091  47.096 0.0000000000
65302  -41.449  -0.339  46.027 0.0000000000
67314  -42.322  0.765  47.837 0.0000000000
55852  -16.192  -8.643  72.648 0.0000000000
55829  -15.777  -8.442  74.450 0.0000000000
55828  -14.917  -8.742  74.926 0.0000000000
54706  -14.430  -9.533  74.267 0.0000000000
54723  -14.043  -10.479  73.627 0.0000000000
54743  -14.528  -10.582  72.699 0.0000000000
49276  -12.349  -15.744  76.917 0.0000000000
50354  -12.771  -14.704  78.491 0.0000000000
49267  -12.033  -16.447  77.579 0.0000000000
45942  -10.420  -18.706  80.586 0.0000000000
48182  -11.037  -16.959  80.582 0.0000000000
48173  -10.402  -16.852  81.106 0.0000000000
49235  -10.077  -15.953  81.151 0.0000000000
47079  -9.172  -17.518  80.698 0.0000000000
114004  -38.379  -5.734  67.005 0.0000000000
68320  -45.151  2.874  46.126 0.0000000000
69354  -44.002  3.550  44.654 0.0000000000
70388  -45.760  4.226  45.203 0.0000000000
69244  -35.119  3.576  55.736 0.0000000000
114011  -23.943  -7.639  63.811 0.0000000000
57019  -23.733  -7.825  64.781 0.0000000000
53436  -14.021  -12.078  80.776 0.0000000000
51360  -13.300  -13.237  80.557 0.0000000000
128078  -39.964  -6.261  57.263 0.0000000000
60058  -38.944  -5.667  57.758 0.0000000000
62168  -37.767  -4.557  59.337 0.0000000000
68140  -36.792  2.491  61.020 0.0000000000
59069  -28.075  -6.556  61.083 0.0000000000
59081  -27.926  -6.782  60.052 0.0000000000
59071  -29.456  -6.303  60.129 0.0000000000
59084  -30.373  -6.600  59.519 0.0000000000
58146  -31.679  -7.523  59.080 0.0000000000
57067  -36.939  -9.516  62.298 0.0000000000
57085  -35.508  -10.452  61.464 0.0000000000
55977  -37.518  -10.111  60.555 0.0000000000
118472  -36.446  -10.333  58.664 0.0000000000
56026  -37.161  -9.554  56.995 0.0000000000
59975  -29.343  -5.733  65.994 0.0000000000
58997  -28.796  -6.232  65.432 0.0000000000
59016  -28.953  -6.281  64.553 0.0000000000
59028  -28.601  -6.492  63.393 0.0000000000
71460  -40.639  5.402  40.092 0.0000000000
74147  -45.631  7.789  35.024 0.0000000000
74112  -50.269  9.029  40.982 0.0000000000
74970  -49.716  9.470  39.268 0.0000000000
66278  -31.410  0.495  52.071 0.0000000000
64329  -33.221  -0.973  45.073 0.0000000000
128675  -34.883  0.340  45.823 0.0000000000
72316  -41.092  5.995  48.712 0.0000000000
71401  -40.204  4.886  47.754 0.0000000000
71391  -41.772  5.327  48.439 0.0000000000
58016  -20.574  -7.964  68.799 0.0000000000
58004  -20.757  -8.046  69.780 0.0000000000
57984  -18.944  -7.768  71.901 0.0000000000
56927  -18.087  -7.888  72.209 0.0000000000
55853  -16.584  -8.687  71.793 0.0000000000
55860  -15.723  -9.339  71.894 0.0000000000
135518  -14.853  -10.690  72.020 0.0000000000
54779  -15.355  -10.873  70.581 0.0000000000
58138  -39.139  -6.845  60.829 0.0000000000
60034  -39.182  -5.562  60.665 0.0000000000
127571  -39.642  -4.732  61.539 0.0000000000
63157  -40.118  -2.758  62.217 0.0000000000
59995  -33.340  -5.628  64.313 0.0000000000
59031  -33.146  -5.823  62.888 0.0000000000
59017  -33.979  -6.029  63.892 0.0000000000
59034  -35.181  -6.865  63.689 0.0000000000
58107  -35.402  -8.040  62.590 0.0000000000
58053  -37.966  -6.737  65.298 0.0000000000
58091  -37.305  -7.483  63.784 0.0000000000
57051  -36.966  -8.618  62.670 0.0000000000
57068  -37.764  -8.706  62.269 0.0000000000
58125  -38.931  -7.773  61.313 0.0000000000
58986  -34.410  -6.147  66.583 0.0000000000
67354  -39.102  1.360  44.182 0.0000000000
67358  -38.219  1.753  42.686 0.0000000000
119552  -39.012  2.461  43.694 0.0000000000
69360  -39.630  3.719  43.331 0.0000000000
70410  -40.210  4.763  42.399 0.0000000000
70406  -43.582  4.839  43.582 0.0000000000
135860  -42.727  5.518  43.002 0.0000000000
71450  -41.669  5.664  41.523 0.0000000000
72379  -42.018  6.205  40.017 0.0000000000
117002  -43.350  6.659  39.912 0.0000000000
73261  -44.039  7.076  38.786 0.0000000000
73273  -44.629  7.434  38.234 0.0000000000
73263  -45.592  7.653  39.406 0.0000000000
73264  -46.427  7.826  39.617 0.0000000000
73258  -48.257  8.034  40.933 0.0000000000
127023  -48.279  7.002  42.733 0.0000000000
74104  -49.815  8.507  41.442 0.0000000000
128257  -32.188  -0.770  58.121 0.0000000000
64176  -31.581  -1.496  57.205 0.0000000000
65165  -32.050  -0.103  56.677 0.0000000000
65180  -31.875  0.197  56.003 0.0000000000
66241  -31.800  0.658  54.569 0.0000000000
68238  -34.221  2.802  54.705 0.0000000000
67269  -33.040  1.956  53.581 0.0000000000
66269  -31.886  1.102  52.656 0.0000000000
67282  -32.426  1.869  51.494 0.0000000000
67288  -32.463  2.037  50.643 0.0000000000
68278  -32.679  2.472  49.128 0.0000000000
68289  -33.445  2.757  47.768 0.0000000000
70348  -34.678  4.474  49.302 0.0000000000
71375  -35.936  5.176  49.208 0.0000000000
71377  -37.746  6.003  49.497 0.0000000000
72287  -38.627  6.541  50.770 0.0000000000
72301  -39.849  6.485  49.627 0.0000000000
58029  -23.062  -7.807  67.745 0.0000000000
57006  -23.184  -7.847  65.421 0.0000000000
58039  -21.972  -7.671  66.538 0.0000000000
135589  -21.629  -7.580  67.829 0.0000000000
56966  -19.984  -8.275  67.904 0.0000000000
61116  -34.442  -4.390  58.233 0.0000000000
62152  -33.217  -3.077  59.386 0.0000000000
61109  -38.578  -4.731  60.193 0.0000000000
120809  -37.993  -4.225  60.350 0.0000000000
133275  -37.326  -3.483  60.696 0.0000000000
63142  -36.994  -2.475  61.951 0.0000000000
63168  -36.755  -3.430  60.665 0.0000000000
63166  -34.623  -3.146  60.981 0.0000000000
63149  -33.561  -2.420  60.828 0.0000000000
64155  -32.642  -1.535  59.832 0.0000000000
66157  -33.327  0.556  59.030 0.0000000000
117758  -34.546  1.696  58.234 0.0000000000
67209  -35.059  2.232  57.782 0.0000000000
68167  -36.693  2.909  59.467 0.0000000000
70268  -36.273  3.783  58.300 0.0000000000
59062  -33.370  -6.886  61.592 0.0000000000
58135  -32.748  -7.872  60.207 0.0000000000
57096  -32.466  -9.007  59.153 0.0000000000
55974  -34.184  -10.526  60.208 0.0000000000
55990  -33.534  -10.363  59.381 0.0000000000
58040  -26.433  -8.532  67.036 0.0000000000
57022  -26.155  -7.919  64.972 0.0000000000
58066  -27.238  -7.600  64.839 0.0000000000
114046  -26.830  -7.810  64.486 0.0000000000
57036  -25.004  -7.720  63.723 0.0000000000
57047  -24.583  -7.861  62.217 0.0000000000
73284  -44.999  7.605  36.665 0.0000000000
74143  -45.756  8.145  35.953 0.0000000000
74148  -46.321  8.470  35.369 0.0000000000
74977  -48.667  9.354  37.844 0.0000000000
74988  -47.860  9.468  36.128 0.0000000000
74152  -46.941  8.878  34.814 0.0000000000
74997  -47.489  9.321  34.258 0.0000000000
75002  -47.963  9.789  33.564 0.0000000000
75010  -48.161  9.735  32.597 0.0000000000
134304  -49.184  10.876  32.848 0.0000000000
76818  -50.884  11.603  33.055 0.0000000000
53479  -13.520  -11.667  76.395 0.0000000000
52398  -13.664  -12.691  77.463 0.0000000000
51415  -13.177  -13.170  75.984 0.0000000000
117257  -31.317  -2.839  56.451 0.0000000000
65314  -37.241  -0.264  44.232 0.0000000000
68302  -33.793  2.372  46.987 0.0000000000
67326  -35.506  1.841  46.470 0.0000000000
129323  -36.097  1.263  46.371 0.0000000000
124471  -38.543  3.428  47.292 0.0000000000
67309  -38.061  1.772  46.983 0.0000000000
127498  -36.995  0.315  45.930 0.0000000000
65283  -37.401  -0.219  45.543 0.0000000000
65315  -38.081  -0.422  44.778 0.0000000000
120497  -38.731  -0.275  44.783 0.0000000000
66341  -40.440  0.309  45.361 0.0000000000
67350  -41.719  1.162  45.255 0.0000000000
67340  -43.259  1.314  45.924 0.0000000000
54673  -14.950  -10.499  77.128 0.0000000000
55813  -15.107  -9.068  76.092 0.0000000000
128340  -14.230  -10.647  76.570 0.0000000000
53502  -13.320  -10.834  75.235 0.0000000000
53501  -13.497  -12.084  73.797 0.0000000000
132734  -13.507  -13.492  78.346 0.0000000000
51365  -13.289  -13.910  78.989 0.0000000000
50339  -12.463  -14.625  80.390 0.0000000000
48188  -11.645  -16.706  79.027 0.0000000000
49240  -11.929  -15.571  80.407 0.0000000000
50329  -11.860  -14.834  81.008 0.0000000000
50321  -10.427  -14.532  81.326 0.0000000000
50328  -9.102  -14.751  80.703 0.0000000000
45934  -9.159  -18.546  80.736 0.0000000000
119251  -8.570  -18.050  80.288 0.0000000000
54661  -15.066  -10.907  77.930 0.0000000000
53462  -14.542  -11.569  78.059 0.0000000000
120288  -31.130  -5.368  63.100 0.0000000000
60014  -32.236  -5.503  62.967 0.0000000000
58148  -39.123  -7.329  59.945 0.0000000000
59994  -32.539  -5.510  64.610 0.0000000000
59993  -31.749  -5.485  64.970 0.0000000000
60002  -30.623  -5.514  63.987 0.0000000000
73278  -43.862  6.914  37.102 0.0000000000
62162  -32.894  -3.223  58.709 0.0000000000
62176  -32.954  -3.777  57.974 0.0000000000
62175  -32.370  -3.164  57.950 0.0000000000
66292  -31.554  0.426  48.823 0.0000000000
66294  -31.563  0.281  47.920 0.0000000000
66307  -31.649  0.171  47.190 0.0000000000
66308  -32.141  0.463  46.666 0.0000000000
67307  -32.249  1.703  47.703 0.0000000000
55877  -18.150  -9.367  68.964 0.0000000000
56951  -18.725  -8.813  69.525 0.0000000000
59037  -39.917  -4.956  63.422 0.0000000000
60007  -40.526  -4.257  63.052 0.0000000000
61070  -40.883  -3.681  63.544 0.0000000000
58988  -36.692  -6.440  66.741 0.0000000000
58989  -37.528  -6.275  66.860 0.0000000000
59022  -40.227  -4.799  64.104 0.0000000000
59021  -39.660  -5.447  64.096 0.0000000000
59036  -39.597  -5.345  63.255 0.0000000000
58974  -36.044  -6.485  67.517 0.0000000000
68318  -43.026  2.003  45.250 0.0000000000
119583  -42.748  2.781  44.726 0.0000000000
68330  -43.506  2.829  44.940 0.0000000000
71444  -46.237  6.100  42.913 0.0000000000
71443  -45.479  5.672  43.121 0.0000000000
72363  -45.414  6.138  42.456 0.0000000000
72375  -45.297  6.562  41.758 0.0000000000
133592  -46.040  6.517  42.120 0.0000000000
72376  -46.545  6.948  41.709 0.0000000000
68198  -34.801  2.347  56.977 0.0000000000
67227  -34.159  2.003  56.490 0.0000000000
68214  -34.657  2.570  56.252 0.0000000000
69259  -34.994  4.221  52.881 0.0000000000
70309  -34.971  4.609  52.103 0.0000000000
70318  -34.725  4.193  51.604 0.0000000000
70319  -35.121  4.821  51.382 0.0000000000
71352  -35.725  5.456  51.038 0.0000000000
57008  -25.340  -8.044  65.354 0.0000000000
134397  -24.801  -8.249  65.826 0.0000000000
137517  -24.534  -7.972  65.280 0.0000000000
132525  -52.012  11.738  32.541 0.0000000000
76848  -51.764  11.496  31.705 0.0000000000
76834  -53.075  11.682  32.370 0.0000000000
51349  -12.898  -13.167  81.143 0.0000000000
51337  -11.464  -13.386  81.589 0.0000000000
51347  -11.743  -14.175  81.380 0.0000000000
62167  -37.281  -4.510  58.720 0.0000000000
123881  -37.554  -4.634  57.816 0.0000000000
62166  -36.775  -4.429  58.692 0.0000000000
64120  -38.920  -1.535  63.103 0.0000000000
65094  -38.951  -1.158  63.968 0.0000000000
66138  -35.021  0.762  62.808 0.0000000000
66137  -34.476  0.295  62.540 0.0000000000
66143  -34.710  0.921  61.870 0.0000000000
67157  -34.697  1.230  60.948 0.0000000000
130304  -35.237  1.475  61.344 0.0000000000
125786  -26.455  -7.729  59.538 0.0000000000
57048  -35.059  -9.187  62.072 0.0000000000
58124  -34.406  -8.645  61.832 0.0000000000
58120  -27.188  -6.857  61.318 0.0000000000
114766  -27.021  -6.931  62.149 0.0000000000
58118  -25.655  -7.764  60.821 0.0000000000
73291  -46.590  7.771  33.651 0.0000000000
74118  -48.500  8.730  39.616 0.0000000000
74991  -50.198  10.364  37.215 0.0000000000
75858  -50.347  10.692  36.383 0.0000000000
75865  -51.118  11.114  36.177 0.0000000000
75864  -50.554  11.108  35.536 0.0000000000
75859  -51.646  11.215  36.774 0.0000000000
64233  -30.589  -0.814  53.996 0.0000000000
64198  -30.436  -1.561  54.481 0.0000000000
65295  -35.022  -0.391  45.271 0.0000000000
65311  -34.683  -1.099  44.665 0.0000000000
65312  -35.566  -0.914  44.644 0.0000000000
71398  -37.528  5.090  47.972 0.0000000000
71399  -38.336  5.157  47.823 0.0000000000
68295  -41.106  1.569  48.060 0.0000000000
131467  -40.860  0.827  47.753 0.0000000000
66297  -40.357  0.367  47.322 0.0000000000
66298  -41.094  0.229  47.393 0.0000000000
66299  -41.772  0.212  47.214 0.0000000000
55841  -15.925  -8.564  73.503 0.0000000000
55840  -15.164  -8.984  73.850 0.0000000000
54724  -14.729  -9.739  73.256 0.0000000000
45936  -10.143  -18.420  81.054 0.0000000000
47081  -10.426  -17.729  80.790 0.0000000000
47080  -9.989  -17.564  81.042 0.0000000000
123634  -35.172  5.285  55.644 0.0000000000
57034  -23.237  -7.878  62.986 0.0000000000
52374  -14.496  -11.960  78.980 0.0000000000
53449  -14.347  -12.012  80.009 0.0000000000
52369  -13.840  -12.627  80.283 0.0000000000
127390  -13.617  -13.262  79.714 0.0000000000
58160  -39.693  -7.491  57.564 0.0000000000
60059  -38.722  -5.649  58.829 0.0000000000
123762  -38.377  -5.111  58.191 0.0000000000
59057  -28.581  -6.355  61.978 0.0000000000
59058  -28.984  -6.241  61.080 0.0000000000
59073  -31.140  -6.545  60.038 0.0000000000
59085  -31.262  -6.927  59.456 0.0000000000
58134  -31.941  -7.191  59.751 0.0000000000
57086  -36.741  -10.227  61.631 0.0000000000
127642  -37.342  -10.056  58.679 0.0000000000
56014  -36.929  -9.972  57.870 0.0000000000
57135  -38.022  -8.979  56.869 0.0000000000
117384  -30.870  -5.463  66.122 0.0000000000
59960  -31.611  -5.633  66.655 0.0000000000
59959  -30.109  -5.469  66.519 0.0000000000
59991  -29.495  -5.835  65.063 0.0000000000
59044  -29.595  -5.768  62.456 0.0000000000
133473  -29.125  -6.017  63.125 0.0000000000
59043  -28.878  -6.193  62.641 0.0000000000
71461  -41.297  5.728  39.622 0.0000000000
121733  -31.270  0.130  51.141 0.0000000000
65248  -30.926  -0.352  51.760 0.0000000000
64265  -30.963  -0.782  50.855 0.0000000000
66324  -32.646  0.179  46.149 0.0000000000
66325  -33.346  0.197  45.893 0.0000000000
66326  -34.170  -0.025  45.671 0.0000000000
72303  -41.432  6.503  49.485 0.0000000000
69311  -42.604  3.168  48.528 0.0000000000
56952  -19.995  -8.279  69.460 0.0000000000
57995  -20.014  -8.060  70.849 0.0000000000
56932  -18.309  -8.147  71.270 0.0000000000
55861  -16.934  -8.863  70.934 0.0000000000
56931  -17.452  -8.328  71.545 0.0000000000
128099  -16.248  -9.186  71.186 0.0000000000
54761  -15.823  -9.916  70.969 0.0000000000
59074  -39.278  -6.007  60.909 0.0000000000
59064  -39.626  -5.042  61.700 0.0000000000
63143  -40.701  -2.919  62.963 0.0000000000
135125  -40.691  -3.431  62.381 0.0000000000
64138  -40.171  -2.689  62.750 0.0000000000
58998  -34.131  -5.744  64.924 0.0000000000
58051  -36.249  -6.699  64.893 0.0000000000
58089  -35.618  -7.533  63.247 0.0000000000
114682  -38.805  -6.130  66.011 0.0000000000
113592  -38.175  -6.370  66.096 0.0000000000
58072  -38.744  -6.679  63.882 0.0000000000
58092  -38.154  -7.185  63.866 0.0000000000
114180  -37.039  -7.938  63.160 0.0000000000
137213  -37.661  -8.153  62.783 0.0000000000
58109  -38.517  -7.659  62.340 0.0000000000
59063  -39.403  -5.880  62.119 0.0000000000
58126  -39.111  -6.728  61.704 0.0000000000
130227  -35.245  -6.433  67.009 0.0000000000
58985  -33.859  -5.792  65.854 0.0000000000
68326  -39.664  2.029  44.208 0.0000000000
69362  -41.494  3.733  44.091 0.0000000000
69361  -40.542  3.778  43.810 0.0000000000
70403  -40.333  4.451  43.172 0.0000000000
70402  -39.690  4.290  42.723 0.0000000000
71431  -40.978  5.079  42.872 0.0000000000
70397  -44.656  4.183  44.385 0.0000000000
70396  -43.819  4.182  44.105 0.0000000000
70407  -44.367  4.734  43.748 0.0000000000
71441  -43.253  5.728  42.550 0.0000000000
71433  -43.371  5.416  43.140 0.0000000000
71440  -42.406  5.680  42.309 0.0000000000
71439  -41.557  5.430  42.412 0.0000000000
71451  -42.488  5.961  41.542 0.0000000000
71456  -42.210  6.118  40.866 0.0000000000
72372  -42.968  6.339  41.159 0.0000000000
72382  -44.474  6.973  40.616 0.0000000000
72390  -44.101  6.969  39.782 0.0000000000
72389  -43.400  6.710  39.157 0.0000000000
73262  -44.771  7.425  39.157 0.0000000000
73249  -47.006  7.378  41.211 0.0000000000
73256  -46.709  7.607  40.439 0.0000000000
73257  -47.502  7.797  40.667 0.0000000000
73252  -49.339  8.045  41.971 0.0000000000
65128  -32.772  0.047  58.362 0.0000000000
66170  -32.440  -0.093  57.484 0.0000000000
66223  -32.649  1.121  55.736 0.0000000000
66201  -32.384  0.578  56.268 0.0000000000
66222  -32.064  0.649  55.511 0.0000000000
132761  -32.351  1.088  55.017 0.0000000000
122061  -35.179  4.291  55.222 0.0000000000
69243  -34.821  3.529  54.940 0.0000000000
69250  -34.632  3.475  54.075 0.0000000000
68252  -33.574  2.524  53.133 0.0000000000
67268  -32.427  1.554  53.143 0.0000000000
67277  -32.958  2.155  52.680 0.0000000000
67276  -32.411  1.727  52.271 0.0000000000
67283  -32.915  2.323  51.905 0.0000000000
69272  -33.892  3.288  51.121 0.0000000000
67289  -32.882  2.400  51.277 0.0000000000
68264  -33.164  2.813  50.694 0.0000000000
68263  -32.703  2.490  49.988 0.0000000000
68270  -33.153  3.003  49.698 0.0000000000
69296  -33.690  3.532  49.231 0.0000000000
69297  -34.191  3.995  49.766 0.0000000000
71364  -35.739  5.514  50.166 0.0000000000
70339  -35.162  4.981  49.706 0.0000000000
71376  -36.576  5.665  49.688 0.0000000000
131089  -37.248  5.741  49.308 0.0000000000
72270  -40.103  7.024  51.261 0.0000000000
72288  -39.499  6.709  50.571 0.0000000000
72289  -40.601  6.814  50.223 0.0000000000
56967  -23.813  -8.186  68.119 0.0000000000
57018  -22.694  -7.842  64.594 0.0000000000
57005  -22.255  -7.839  65.172 0.0000000000
58028  -22.225  -7.614  67.393 0.0000000000
58027  -21.315  -7.676  67.130 0.0000000000
58026  -20.822  -7.754  67.850 0.0000000000
56978  -20.276  -8.137  66.969 0.0000000000
50319  -8.993  -13.932  80.694 0.0000000000
60084  -39.225  -5.184  55.837 0.0000000000
61142  -36.880  -4.540  56.512 0.0000000000
62164  -35.065  -4.342  58.787 0.0000000000
61117  -35.360  -4.558  58.107 0.0000000000
116722  -34.234  -4.085  58.816 0.0000000000
133202  -33.708  -3.346  59.650 0.0000000000
60035  -39.418  -4.868  61.129 0.0000000000
60047  -38.972  -5.023  60.442 0.0000000000
61110  -39.224  -4.408  61.114 0.0000000000
63154  -38.490  -2.599  62.024 0.0000000000
63170  -38.407  -3.147  61.663 0.0000000000
63183  -37.846  -3.718  60.856 0.0000000000
63169  -37.826  -3.151  61.303 0.0000000000
131787  -35.246  -1.267  63.293 0.0000000000
64117  -35.920  -1.364  63.443 0.0000000000
63141  -35.912  -2.440  62.241 0.0000000000
63152  -36.374  -2.998  61.448 0.0000000000
63151  -35.277  -2.865  61.666 0.0000000000
63167  -35.774  -3.397  60.845 0.0000000000
64145  -33.534  -1.444  61.583 0.0000000000
64156  -33.002  -1.504  60.649 0.0000000000
63165  -32.928  -2.150  60.201 0.0000000000
65117  -32.850  -0.737  60.091 0.0000000000
65120  -32.848  -0.207  59.322 0.0000000000
66150  -33.340  0.222  60.114 0.0000000000
67197  -34.688  1.623  59.115 0.0000000000
68185  -35.782  2.715  58.216 0.0000000000
68153  -37.407  3.083  60.493 0.0000000000
68152  -36.815  2.744  60.098 0.0000000000
69185  -36.907  3.400  59.593 0.0000000000
70267  -35.896  3.977  57.626 0.0000000000
59082  -28.638  -6.670  59.559 0.0000000000
58144  -27.791  -7.106  59.012 0.0000000000
59092  -28.710  -7.016  58.733 0.0000000000
59047  -33.615  -6.547  62.288 0.0000000000
59046  -32.837  -5.963  62.130 0.0000000000
57064  -33.863  -9.225  61.185 0.0000000000
58136  -33.310  -8.347  60.857 0.0000000000
57083  -33.150  -9.067  60.418 0.0000000000
57082  -32.725  -8.808  59.833 0.0000000000
57097  -32.927  -9.658  59.738 0.0000000000
55975  -35.092  -10.678  60.436 0.0000000000
58048  -26.540  -8.237  66.287 0.0000000000
57009  -26.202  -8.242  65.907 0.0000000000
58065  -26.702  -7.849  65.413 0.0000000000
58996  -28.260  -6.706  64.890 0.0000000000
58067  -27.792  -7.178  64.419 0.0000000000
58085  -26.715  -7.643  63.585 0.0000000000
58064  -26.030  -7.854  64.071 0.0000000000
58083  -24.987  -7.584  62.892 0.0000000000
73274  -45.389  7.756  38.517 0.0000000000
73280  -45.202  7.766  37.600 0.0000000000
74128  -45.943  8.198  37.879 0.0000000000
74139  -46.599  8.517  37.259 0.0000000000
74144  -46.454  8.548  36.318 0.0000000000
74978  -49.164  9.398  38.517 0.0000000000
123892  -49.791  9.749  38.462 0.0000000000
74989  -48.681  9.792  36.407 0.0000000000
74149  -47.090  8.947  35.759 0.0000000000
74993  -47.666  9.478  35.190 0.0000000000
75867  -48.709  10.512  34.051 0.0000000000
75872  -48.625  10.464  33.150 0.0000000000
75880  -48.759  10.448  32.217 0.0000000000
76801  -51.151  11.553  34.898 0.0000000000
76809  -50.968  11.716  34.089 0.0000000000
76810  -51.653  11.905  34.340 0.0000000000
76819  -51.751  11.928  33.560 0.0000000000
52435  -13.156  -12.205  75.763 0.0000000000
63208  -31.218  -1.794  56.599 0.0000000000
63194  -31.548  -2.350  57.184 0.0000000000
63221  -30.868  -2.084  55.857 0.0000000000
65313  -36.304  -0.712  44.584 0.0000000000
123622  -36.540  -0.736  43.909 0.0000000000
65319  -36.972  -0.236  43.285 0.0000000000
69319  -34.637  3.613  47.821 0.0000000000
68290  -34.243  3.024  47.380 0.0000000000
69320  -36.759  3.538  46.969 0.0000000000
68304  -35.686  2.786  46.660 0.0000000000
121464  -36.363  1.928  46.565 0.0000000000
137067  -40.293  4.182  47.612 0.0000000000
70365  -39.663  4.353  47.519 0.0000000000
69322  -39.294  3.626  47.403 0.0000000000
67310  -38.832  1.767  47.320 0.0000000000
67328  -37.849  0.924  46.660 0.0000000000
67327  -36.933  1.004  46.390 0.0000000000
66312  -37.676  0.183  46.139 0.0000000000
122603  -38.549  0.019  46.383 0.0000000000
65299  -38.633  -0.453  45.320 0.0000000000
66340  -39.415  0.319  44.778 0.0000000000
66329  -42.052  0.015  46.253 0.0000000000
67338  -41.901  0.235  45.737 0.0000000000
66330  -42.602  0.564  46.088 0.0000000000
67339  -42.490  1.145  45.555 0.0000000000
67329  -43.144  0.859  46.575 0.0000000000
122141  -14.588  -9.912  76.357 0.0000000000
54687  -13.849  -10.220  75.771 0.0000000000
54705  -13.748  -10.137  74.727 0.0000000000
53515  -13.770  -11.388  73.513 0.0000000000
120116  -13.478  -11.057  74.257 0.0000000000
52458  -13.890  -12.158  73.063 0.0000000000
51393  -13.300  -13.300  76.870 0.0000000000
51381  -13.427  -13.420  77.680 0.0000000000
50348  -12.784  -14.654  79.456 0.0000000000
49249  -12.397  -15.269  79.764 0.0000000000
127598  -11.203  -18.150  78.772 0.0000000000
47105  -11.416  -17.414  78.609 0.0000000000
47093  -11.311  -17.307  79.535 0.0000000000
48183  -11.595  -16.445  80.021 0.0000000000
48174  -11.370  -16.103  80.699 0.0000000000
49236  -11.372  -15.508  81.063 0.0000000000
49229  -11.206  -14.773  81.301 0.0000000000
49228  -10.623  -15.352  81.304 0.0000000000
49234  -9.258  -15.658  80.779 0.0000000000
49233  -8.683  -15.349  80.281 0.0000000000
45933  -8.556  -19.006  80.366 0.0000000000
117865  -14.116  -12.603  78.706 0.0000000000
60046  -38.629  -5.123  59.656 0.0000000000
59059  -30.215  -5.604  61.562 0.0000000000
59060  -31.377  -5.662  61.363 0.0000000000
59061  -32.480  -6.204  61.378 0.0000000000
57088  -38.742  -8.653  60.913 0.0000000000
130919  -38.442  -9.389  60.327 0.0000000000
136386  -38.721  -9.230  59.603 0.0000000000
59949  -33.056  -6.035  66.839 0.0000000000
59961  -32.392  -5.787  66.351 0.0000000000
118130  -30.962  -5.465  65.305 0.0000000000
59992  -30.311  -5.559  64.783 0.0000000000
71475  -41.973  5.788  38.233 0.0000000000
73283  -44.619  7.092  35.970 0.0000000000
66290  -31.555  0.556  49.734 0.0000000000
65257  -31.304  -0.097  50.259 0.0000000000
65264  -31.364  -0.226  49.384 0.0000000000
126913  -31.226  -0.931  49.098 0.0000000000
66309  -32.965  0.858  46.318 0.0000000000
117784  -19.337  -8.585  69.257 0.0000000000
56940  -18.557  -8.499  70.398 0.0000000000
128162  -17.257  -9.301  70.157 0.0000000000
54780  -15.985  -10.318  70.090 0.0000000000
55875  -16.687  -9.949  69.656 0.0000000000
128750  -39.573  -5.348  61.952 0.0000000000
60015  -39.877  -4.746  62.211 0.0000000000
60016  -40.181  -4.446  62.602 0.0000000000
61079  -40.961  -3.876  63.093 0.0000000000
121551  -40.878  -2.990  63.858 0.0000000000
117847  -35.172  -6.087  66.096 0.0000000000
58999  -35.009  -5.974  65.193 0.0000000000
59000  -35.735  -6.295  65.515 0.0000000000
59001  -36.478  -6.532  65.804 0.0000000000
59005  -39.564  -5.814  64.936 0.0000000000
59020  -39.134  -6.299  64.266 0.0000000000
58093  -39.088  -6.306  63.462 0.0000000000
59049  -39.404  -5.802  62.947 0.0000000000
68328  -41.386  2.021  44.714 0.0000000000
69352  -41.867  2.865  44.558 0.0000000000
71435  -45.580  5.186  43.746 0.0000000000
117180  -44.883  5.246  43.419 0.0000000000
71442  -44.648  5.774  42.748 0.0000000000
72361  -43.954  6.076  42.126 0.0000000000
72373  -43.614  6.389  41.465 0.0000000000
72374  -44.418  6.607  41.405 0.0000000000
72383  -45.287  7.023  40.955 0.0000000000
66189  -33.437  1.027  57.314 0.0000000000
67226  -33.670  1.483  56.727 0.0000000000
67248  -33.430  1.664  55.892 0.0000000000
70298  -35.274  4.715  53.685 0.0000000000
133288  -34.923  3.996  53.627 0.0000000000
68253  -34.120  3.077  52.645 0.0000000000
68259  -34.019  3.227  51.842 0.0000000000
69273  -34.411  3.708  51.429 0.0000000000
69285  -34.324  3.811  50.707 0.0000000000
70338  -34.659  4.476  50.198 0.0000000000
128628  -36.568  5.892  50.667 0.0000000000
56996  -25.554  -8.884  67.042 0.0000000000
117639  -24.565  -8.442  66.548 0.0000000000
56995  -23.548  -7.985  66.274 0.0000000000
57004  -21.364  -8.154  64.863 0.0000000000
136723  -50.274  11.364  32.062 0.0000000000
75893  -50.372  11.086  30.991 0.0000000000
76847  -50.989  11.447  31.574 0.0000000000
75909  -50.948  11.108  30.201 0.0000000000
51336  -10.244  -13.552  81.436 0.0000000000
61131  -36.544  -4.503  57.408 0.0000000000
61118  -36.541  -4.525  58.125 0.0000000000
62165  -36.055  -4.468  58.645 0.0000000000
62154  -35.642  -4.172  59.442 0.0000000000
63156  -39.834  -2.902  62.302 0.0000000000
63172  -39.674  -3.268  61.966 0.0000000000
64147  -38.834  -2.376  62.341 0.0000000000
64135  -38.937  -1.919  62.595 0.0000000000
64134  -38.284  -1.892  62.411 0.0000000000
133290  -35.947  -0.371  64.351 0.0000000000
65091  -35.359  -0.215  63.799 0.0000000000
65090  -34.795  -0.734  63.217 0.0000000000
127995  -34.279  -1.053  62.708 0.0000000000
64131  -34.162  -1.603  62.329 0.0000000000
65104  -34.217  -0.417  62.577 0.0000000000
65112  -33.678  -0.480  61.785 0.0000000000
66142  -33.689  0.210  61.123 0.0000000000
66151  -34.045  0.882  60.538 0.0000000000
67178  -34.726  1.453  60.050 0.0000000000
67179  -35.557  2.052  59.602 0.0000000000
126632  -37.160  3.952  59.772 0.0000000000
59094  -30.044  -7.024  58.735 0.0000000000
128848  -34.447  -7.880  62.224 0.0000000000
58105  -33.994  -7.566  61.951 0.0000000000
56012  -35.325  -10.549  58.469 0.0000000000
55991  -34.614  -10.670  59.463 0.0000000000
58103  -27.419  -7.138  63.080 0.0000000000
58102  -26.361  -7.330  62.540 0.0000000000
58101  -25.401  -7.569  62.359 0.0000000000
132268  -25.742  -7.492  61.749 0.0000000000
115791  -24.971  -8.294  60.627 0.0000000000
74116  -46.979  8.252  39.018 0.0000000000
74130  -47.558  8.632  38.438 0.0000000000
74140  -47.399  8.781  37.598 0.0000000000
74986  -49.496  9.808  37.680 0.0000000000
74990  -49.513  10.154  36.646 0.0000000000
74995  -49.152  10.239  35.964 0.0000000000
75863  -49.273  10.537  35.397 0.0000000000
137188  -49.394  10.756  35.001 0.0000000000
75868  -49.537  10.916  34.488 0.0000000000
122625  -51.352  11.406  35.529 0.0000000000
52446  -13.322  -13.002  74.092 0.0000000000
116065  -13.196  -13.012  75.035 0.0000000000
64210  -30.983  -0.575  55.362 0.0000000000
64199  -30.662  -1.394  55.289 0.0000000000
63228  -30.341  -2.484  54.145 0.0000000000
70350  -36.181  4.709  48.280 0.0000000000
122166  -35.401  3.770  47.349 0.0000000000
70362  -36.432  4.220  47.492 0.0000000000
113949  -37.096  4.072  47.272 0.0000000000
69321  -37.641  3.433  47.132 0.0000000000
127291  -40.356  2.957  47.731 0.0000000000
123007  -39.665  2.837  47.534 0.0000000000
126463  -40.336  2.203  47.809 0.0000000000
66296  -39.515  0.995  47.389 0.0000000000
66314  -39.560  -0.036  46.727 0.0000000000
65286  -40.114  -0.498  46.187 0.0000000000
65301  -40.687  -0.421  45.892 0.0000000000
65287  -40.951  -0.461  46.311 0.0000000000
65275  -41.590  -0.212  46.521 0.0000000000
66300  -42.462  0.552  47.295 0.0000000000
56925  -16.593  -8.248  73.274 0.0000000000
56920  -16.540  -8.142  74.048 0.0000000000
120495  -14.110  -11.347  72.893 0.0000000000
50365  -12.655  -14.854  76.539 0.0000000000
50360  -12.665  -14.800  77.515 0.0000000000
49268  -12.358  -15.527  77.998 0.0000000000
49257  -12.034  -16.186  78.506 0.0000000000
48172  -9.566  -16.644  80.918 0.0000000000
59965  -40.349  -4.336  66.008 0.0000000000
127015  -44.428  2.553  45.844 0.0000000000
68331  -44.171  3.003  45.208 0.0000000000
69343  -44.840  3.251  45.422 0.0000000000
69356  -45.175  3.882  44.959 0.0000000000
70398  -45.570  4.630  44.492 0.0000000000
71436  -46.620  5.821  43.567 0.0000000000
72355  -47.201  6.295  43.232 0.0000000000
70284  -35.279  4.294  56.094 0.0000000000
70292  -35.277  4.966  54.672 0.0000000000
71313  -35.569  5.462  54.127 0.0000000000
125076  -35.599  5.374  53.395 0.0000000000
71339  -36.373  5.960  52.074 0.0000000000
114218  -22.970  -7.841  63.848 0.0000000000
118086  -12.730  -13.786  80.787 0.0000000000
61120  -37.866  -4.760  58.343 0.0000000000
62157  -37.484  -4.142  59.824 0.0000000000
67158  -35.915  1.917  61.199 0.0000000000
58133  -27.361  -6.896  60.532 0.0000000000
59070  -28.617  -6.482  60.398 0.0000000000
114473  -29.810  -5.891  60.905 0.0000000000
59072  -30.314  -6.145  60.234 0.0000000000
58145  -30.885  -7.137  58.871 0.0000000000
58158  -31.262  -7.811  58.331 0.0000000000
58159  -31.931  -8.330  58.679 0.0000000000
55976  -36.308  -10.524  60.594 0.0000000000
55993  -36.974  -10.308  59.569 0.0000000000
58984  -28.671  -6.081  66.388 0.0000000000
59015  -28.402  -6.682  64.094 0.0000000000
60001  -29.673  -5.796  64.211 0.0000000000
126350  -29.080  -6.181  63.766 0.0000000000
58104  -28.237  -6.630  62.892 0.0000000000
74111  -49.492  8.792  40.710 0.0000000000
74120  -49.980  9.304  40.210 0.0000000000
74971  -50.543  9.728  39.687 0.0000000000
75860  -52.053  11.353  37.333 0.0000000000
65239  -30.912  -0.144  52.652 0.0000000000
65225  -30.593  -0.810  53.122 0.0000000000
65238  -30.613  -0.875  52.302 0.0000000000
72315  -40.161  6.125  48.743 0.0000000000
71400  -39.359  5.209  47.793 0.0000000000
71390  -40.131  5.557  48.138 0.0000000000
70352  -40.900  5.248  48.153 0.0000000000
70366  -40.866  4.364  47.836 0.0000000000
70367  -41.398  3.655  48.007 0.0000000000
69310  -41.927  2.923  48.285 0.0000000000
68280  -41.750  2.097  48.255 0.0000000000
67300  -42.063  1.364  48.154 0.0000000000
56942  -20.212  -8.174  70.181 0.0000000000
56926  -17.131  -8.132  72.598 0.0000000000
53533  -14.998  -9.904  72.353 0.0000000000
54760  -15.224  -10.278  71.515 0.0000000000
45928  -10.118  -19.242  81.039 0.0000000000
117633  -39.133  -6.344  60.243 0.0000000000
61101  -39.798  -4.262  61.592 0.0000000000
60023  -40.021  -4.283  61.902 0.0000000000
61102  -40.202  -3.757  61.954 0.0000000000
63173  -39.991  -3.220  61.900 0.0000000000
64149  -39.800  -2.610  62.624 0.0000000000
63131  -40.662  -2.521  64.727 0.0000000000
60004  -32.739  -5.536  63.698 0.0000000000
60005  -33.405  -5.797  63.543 0.0000000000
59032  -33.821  -6.290  63.033 0.0000000000
59018  -34.720  -6.242  64.265 0.0000000000
59033  -34.474  -6.638  63.309 0.0000000000
58088  -34.867  -7.473  62.780 0.0000000000
57049  -35.575  -8.799  62.329 0.0000000000
58052  -37.051  -6.822  65.136 0.0000000000
58069  -36.747  -7.137  64.317 0.0000000000
58071  -38.611  -6.724  64.597 0.0000000000
58070  -37.642  -7.072  64.499 0.0000000000
58090  -36.435  -7.551  63.569 0.0000000000
57050  -36.145  -8.205  62.823 0.0000000000
130195  -36.264  -9.011  62.420 0.0000000000
57069  -38.480  -8.521  61.714 0.0000000000
58137  -39.017  -7.851  60.544 0.0000000000
129297  -33.631  -6.013  66.547 0.0000000000
59962  -33.090  -5.821  66.066 0.0000000000
59979  -33.242  -5.625  65.210 0.0000000000
67352  -37.770  1.069  43.057 0.0000000000
67353  -38.340  1.562  43.455 0.0000000000
68335  -38.508  2.490  42.948 0.0000000000
68333  -39.894  2.928  43.981 0.0000000000
134831  -39.333  3.107  43.538 0.0000000000
69366  -39.120  3.811  42.528 0.0000000000
69353  -43.260  3.548  44.451 0.0000000000
70395  -43.001  4.280  43.912 0.0000000000
70405  -42.129  4.444  43.753 0.0000000000
128007  -42.770  5.050  43.441 0.0000000000
71432  -41.928  5.268  43.149 0.0000000000
71449  -40.843  5.265  41.992 0.0000000000
71454  -40.717  5.399  41.035 0.0000000000
71455  -41.391  5.796  40.518 0.0000000000
72380  -42.808  6.450  40.387 0.0000000000
72388  -42.710  6.432  39.519 0.0000000000
134908  -42.698  6.382  38.516 0.0000000000
135198  -43.444  6.767  38.401 0.0000000000
73272  -43.909  7.083  37.918 0.0000000000
73255  -45.852  7.470  40.264 0.0000000000
73265  -47.226  8.041  39.864 0.0000000000
74109  -47.985  8.282  40.141 0.0000000000
74110  -48.727  8.539  40.430 0.0000000000
72365  -47.622  6.816  42.613 0.0000000000
73240  -48.057  7.296  42.168 0.0000000000
73251  -48.542  7.793  41.718 0.0000000000
73259  -49.021  8.286  41.206 0.0000000000
74105  -50.591  8.659  41.607 0.0000000000
64166  -31.957  -1.582  58.230 0.0000000000
63188  -31.732  -1.967  57.775 0.0000000000
64165  -31.832  -1.305  57.714 0.0000000000
125042  -31.905  -0.739  57.287 0.0000000000
65164  -31.503  -0.897  56.657 0.0000000000
66188  -32.729  0.486  56.977 0.0000000000
65179  -31.477  -0.369  56.039 0.0000000000
66221  -31.501  0.118  55.355 0.0000000000
65204  -31.063  -0.116  54.499 0.0000000000
66256  -31.414  0.388  53.839 0.0000000000
68227  -34.687  2.956  55.563 0.0000000000
67261  -33.540  2.108  54.963 0.0000000000
68246  -34.148  2.938  53.622 0.0000000000
68245  -33.588  2.379  54.070 0.0000000000
128853  -33.131  1.843  54.359 0.0000000000
67260  -32.518  1.340  54.166 0.0000000000
66257  -31.906  0.921  53.562 0.0000000000
66268  -31.390  0.477  53.057 0.0000000000
66279  -31.926  1.261  51.820 0.0000000000
66286  -31.948  1.369  51.029 0.0000000000
67287  -31.901  1.306  50.147 0.0000000000
67294  -32.289  1.886  49.637 0.0000000000
67299  -32.217  1.828  48.649 0.0000000000
68288  -32.712  2.407  48.156 0.0000000000
68279  -33.232  2.970  48.687 0.0000000000
69307  -33.897  3.367  48.258 0.0000000000
133404  -34.798  4.333  48.736 0.0000000000
70349  -35.299  4.634  48.735 0.0000000000
132741  -36.871  5.281  48.650 0.0000000000
122665  -37.827  5.641  48.653 0.0000000000
71378  -38.417  6.112  49.285 0.0000000000
72266  -36.990  6.244  51.788 0.0000000000
72267  -37.659  6.406  51.441 0.0000000000
72286  -38.008  6.418  50.924 0.0000000000
72269  -39.057  6.757  51.532 0.0000000000
72299  -38.039  6.308  50.192 0.0000000000
72300  -38.933  6.439  49.925 0.0000000000
72314  -39.275  6.196  49.032 0.0000000000
72302  -40.630  6.439  49.329 0.0000000000
56994  -22.621  -7.789  65.984 0.0000000000
56980  -22.903  -7.769  66.850 0.0000000000
58017  -21.464  -7.646  68.498 0.0000000000
76849  -52.662  11.470  31.758 0.0000000000
75895  -52.224  11.352  31.164 0.0000000000
61130  -35.633  -4.582  57.466 0.0000000000
61129  -34.718  -4.558  57.565 0.0000000000
62163  -33.623  -3.943  58.433 0.0000000000
59096  -38.929  -5.688  59.840 0.0000000000
62145  -39.244  -3.749  61.441 0.0000000000
62158  -38.601  -4.292  60.761 0.0000000000
132672  -38.192  -4.570  59.933 0.0000000000
63182  -37.353  -3.737  60.379 0.0000000000
135053  -37.497  -1.604  62.966 0.0000000000
64133  -36.549  -1.888  62.795 0.0000000000
118115  -37.510  -2.030  62.317 0.0000000000
116233  -37.326  -3.028  61.277 0.0000000000
62144  -36.937  -3.713  60.031 0.0000000000
62143  -36.220  -3.780  60.063 0.0000000000
62142  -35.145  -3.758  60.216 0.0000000000
63150  -34.234  -2.359  61.712 0.0000000000
62141  -34.073  -3.301  60.232 0.0000000000
63181  -33.310  -2.788  59.977 0.0000000000
63180  -32.683  -2.400  59.405 0.0000000000
64161  -32.305  -1.454  58.935 0.0000000000
65127  -32.498  -0.620  58.840 0.0000000000
66171  -33.395  0.764  58.135 0.0000000000
66172  -33.932  1.215  58.664 0.0000000000
129600  -33.921  1.286  57.922 0.0000000000
68199  -35.462  2.876  57.316 0.0000000000
67167  -36.149  2.258  60.333 0.0000000000
67180  -36.319  2.516  59.657 0.0000000000
68166  -36.113  2.563  59.003 0.0000000000
69199  -36.642  3.795  59.050 0.0000000000
68186  -36.451  3.165  58.736 0.0000000000
69221  -35.991  3.311  57.892 0.0000000000
69220  -35.660  3.531  57.274 0.0000000000
58122  -33.037  -7.282  60.925 0.0000000000
58147  -32.315  -8.116  59.452 0.0000000000
57114  -32.155  -9.114  58.241 0.0000000000
57084  -34.451  -10.247  61.017 0.0000000000
57115  -32.724  -9.820  58.774 0.0000000000
56984  -26.171  -8.838  67.295 0.0000000000
56997  -26.189  -8.676  66.687 0.0000000000
58983  -28.117  -6.605  65.803 0.0000000000
58050  -27.611  -7.124  65.273 0.0000000000
57021  -25.445  -7.869  64.548 0.0000000000
57035  -24.196  -7.603  62.927 0.0000000000
73279  -44.485  7.361  37.366 0.0000000000
74138  -45.738  8.168  36.872 0.0000000000
74151  -46.330  8.216  34.459 0.0000000000
74132  -48.985  9.106  39.203 0.0000000000
74141  -48.024  8.987  37.929 0.0000000000
74985  -48.124  9.259  37.096 0.0000000000
74155  -46.915  8.611  33.909 0.0000000000
137450  -47.423  9.000  33.509 0.0000000000
74998  -48.185  9.992  34.590 0.0000000000
75001  -47.673  9.007  32.843 0.0000000000
75881  -49.457  11.019  32.305 0.0000000000
75874  -50.158  11.324  33.845 0.0000000000
76817  -49.874  11.242  32.961 0.0000000000
76820  -52.650  12.032  33.148 0.0000000000
128600  -14.005  -11.270  76.717 0.0000000000
53469  -14.032  -11.905  77.230 0.0000000000
52415  -13.438  -12.438  76.610 0.0000000000
51392  -13.011  -14.062  76.220 0.0000000000
51414  -13.094  -14.020  75.298 0.0000000000
62174  -31.896  -3.202  57.241 0.0000000000
62182  -31.762  -3.588  56.620 0.0000000000
127869  -30.313  -1.685  53.489 0.0000000000
66338  -37.469  0.303  43.466 0.0000000000
67308  -32.947  2.131  47.294 0.0000000000
124826  -34.154  1.830  46.563 0.0000000000
68291  -35.007  3.285  46.981 0.0000000000
68303  -34.731  2.451  46.691 0.0000000000
67325  -34.774  1.610  46.413 0.0000000000
66310  -35.345  0.954  46.195 0.0000000000
70364  -38.823  4.400  47.471 0.0000000000
68292  -37.454  2.650  46.900 0.0000000000
68294  -38.987  2.575  47.372 0.0000000000
68293  -38.253  2.575  47.165 0.0000000000
68306  -37.230  1.852  46.710 0.0000000000
66311  -36.284  0.627  46.045 0.0000000000
66328  -36.566  -0.019  45.564 0.0000000000
65297  -36.842  -0.446  45.076 0.0000000000
65298  -37.697  -0.536  45.021 0.0000000000
65284  -38.244  -0.403  45.715 0.0000000000
66339  -37.921  0.041  44.181 0.0000000000
67347  -38.504  0.573  44.174 0.0000000000
67348  -40.040  1.152  44.617 0.0000000000
66342  -41.265  0.500  45.428 0.0000000000
67349  -40.905  1.205  44.968 0.0000000000
67301  -42.951  1.255  48.292 0.0000000000
54674  -15.280  -9.779  76.926 0.0000000000
53491  -13.575  -10.933  76.130 0.0000000000
128601  -13.179  -11.435  75.711 0.0000000000
53532  -14.477  -11.477  72.054 0.0000000000
51372  -13.784  -12.935  78.192 0.0000000000
51366  -13.786  -13.151  78.886 0.0000000000
51371  -13.161  -14.074  78.024 0.0000000000
51359  -13.128  -13.966  80.039 0.0000000000
48193  -11.634  -16.984  78.103 0.0000000000
49248  -12.054  -15.961  79.459 0.0000000000
50330  -12.233  -14.201  81.069 0.0000000000
49227  -9.817  -15.068  81.070 0.0000000000
130723  -9.783  -19.142  81.008 0.0000000000
117604  -8.522  -17.138  80.161 0.0000000000
58108  -37.915  -7.647  63.215 0.0000000000
58155  -28.228  -7.606  58.283 0.0000000000
58972  -33.780  -6.320  67.199 0.0000000000
58990  -39.080  -5.627  66.364 0.0000000000
59051  -39.868  -4.884  62.795 0.0000000000
59075  -39.415  -5.353  61.254 0.0000000000
59980  -40.056  -5.128  65.379 0.0000000000
60006  -40.272  -4.608  63.435 0.0000000000
61091  -40.409  -3.716  62.133 0.0000000000
62135  -40.306  -3.274  61.886 0.0000000000
63155  -39.177  -2.979  62.091 0.0000000000
63158  -40.602  -3.179  62.388 0.0000000000
63171  -39.049  -3.209  61.877 0.0000000000
63184  -38.517  -3.731  61.219 0.0000000000
63195  -31.897  -2.631  57.735 0.0000000000
64099  -40.504  -2.026  65.258 0.0000000000
64122  -39.706  -2.220  63.499 0.0000000000
64123  -40.192  -2.427  63.974 0.0000000000
64132  -35.506  -1.818  62.893 0.0000000000
64137  -39.437  -2.220  62.918 0.0000000000
64146  -38.686  -2.239  62.240 0.0000000000
64148  -39.384  -2.486  62.572 0.0000000000
65113  -34.104  0.230  61.896 0.0000000000
65274  -41.143  -0.229  46.858 0.0000000000
66130  -35.385  0.479  63.652 0.0000000000
66295  -31.865  0.928  47.375 0.0000000000
66315  -40.515  -0.304  46.729 0.0000000000
66316  -42.102  0.122  46.776 0.0000000000
67324  -33.369  1.650  46.648 0.0000000000
68168  -37.121  3.154  59.964 0.0000000000
68228  -35.042  3.044  56.139 0.0000000000
69236  -35.345  3.452  56.581 0.0000000000
69308  -34.362  3.967  48.741 0.0000000000
69323  -40.001  3.587  47.536 0.0000000000
69331  -36.009  3.419  46.853 0.0000000000
69355  -44.574  3.565  44.899 0.0000000000
70361  -35.705  4.243  47.855 0.0000000000
71353  -36.991  6.175  51.233 0.0000000000
71365  -37.421  6.225  50.773 0.0000000000
72230  -35.976  5.795  53.652 0.0000000000
117846  -41.211  -0.101  45.737 0.0000000000
119322  -40.937  -4.136  62.589 0.0000000000
120148  -40.124  -4.630  63.020 0.0000000000
120581  -33.645  -3.622  59.108 0.0000000000
123154  -39.542  5.825  48.370 0.0000000000
125559  -43.876  5.664  42.765 0.0000000000
126656  -31.613  0.815  51.346 0.0000000000
128834  -34.735  -1.468  62.873 0.0000000000
130055  -32.584  -0.898  59.427 0.0000000000
130999  -41.044  -3.383  62.711 0.0000000000
134360  -39.333  -6.000  64.467 0.0000000000
135119  -33.493  -0.371  45.473 0.0000000000
135483  -45.435  7.889  36.346 0.0000000000
135821  -40.499  -4.074  62.566 0.0000000000
135833  -35.525  3.375  46.883 0.0000000000
136175  -39.113  3.098  47.379 0.0000000000
136318  -40.573  5.757  48.424 0.0000000000
