#!ascii label  , from subject sub-v2s4x29621_ses-1 vox2ras=TkReg
191
62965  27.063  -3.090  -3.783 0.0000000000
55391  27.822  -11.507  -1.438 0.0000000000
67425  25.664  0.475  -5.608 0.0000000000
74124  24.968  7.947  -10.006 0.0000000000
53024  25.692  -12.563  -0.379 0.0000000000
69607  26.982  2.940  -4.128 0.0000000000
128934  27.142  5.724  -5.577 0.0000000000
62028  25.595  -5.115  -3.834 0.0000000000
59982  27.470  -6.904  -2.405 0.0000000000
61054  28.498  -5.330  -2.869 0.0000000000
65047  29.709  -1.152  -3.207 0.0000000000
62950  30.407  -3.902  -3.331 0.0000000000
65065  26.870  -1.490  -5.011 0.0000000000
67398  28.196  1.072  -3.350 0.0000000000
112953  25.219  6.136  -9.131 0.0000000000
128912  26.728  7.150  -7.430 0.0000000000
127501  29.217  -9.946  -1.562 0.0000000000
70612  25.967  3.781  -5.441 0.0000000000
113193  25.632  5.253  -6.891 0.0000000000
62954  26.735  -3.872  -3.635 0.0000000000
61055  27.259  -5.190  -2.875 0.0000000000
62026  27.977  -4.403  -3.110 0.0000000000
54283  26.592  -12.429  -1.026 0.0000000000
67412  26.454  0.117  -5.191 0.0000000000
66217  27.241  -0.112  -3.820 0.0000000000
67411  26.682  1.366  -3.605 0.0000000000
71515  28.011  4.821  -3.849 0.0000000000
69588  29.150  3.031  -3.416 0.0000000000
112666  23.499  7.670  -9.931 0.0000000000
129982  24.486  5.928  -9.337 0.0000000000
128913  25.192  7.128  -9.544 0.0000000000
75837  28.518  9.430  -9.657 0.0000000000
74116  28.267  8.445  -8.042 0.0000000000
74117  27.417  8.062  -8.165 0.0000000000
122904  27.960  8.026  -7.543 0.0000000000
128845  27.956  7.124  -6.442 0.0000000000
58897  29.100  -7.714  -2.528 0.0000000000
57731  28.436  -8.256  -2.093 0.0000000000
53008  24.473  -12.670  0.319 0.0000000000
68572  26.349  2.062  -4.286 0.0000000000
69608  26.340  2.936  -5.115 0.0000000000
127291  27.136  4.601  -4.672 0.0000000000
113157  27.588  5.271  -4.662 0.0000000000
59984  25.378  -7.123  -2.862 0.0000000000
61044  26.771  -6.164  -2.624 0.0000000000
61043  27.942  -6.131  -2.580 0.0000000000
115854  29.495  -7.284  -2.860 0.0000000000
63958  28.697  -2.587  -3.402 0.0000000000
62952  28.563  -3.579  -3.284 0.0000000000
63956  30.167  -2.563  -3.342 0.0000000000
62966  26.360  -3.431  -4.309 0.0000000000
63984  25.580  -2.538  -5.584 0.0000000000
63974  26.794  -2.502  -4.508 0.0000000000
117134  27.667  -1.003  -3.770 0.0000000000
67377  28.644  0.330  -3.338 0.0000000000
67397  29.246  1.064  -3.171 0.0000000000
68570  28.076  2.234  -3.144 0.0000000000
68553  28.845  1.894  -3.187 0.0000000000
128911  25.234  5.439  -8.844 0.0000000000
128816  26.251  7.987  -9.173 0.0000000000
129092  25.872  7.110  -8.980 0.0000000000
128875  26.311  7.067  -8.206 0.0000000000
129093  25.483  5.644  -7.917 0.0000000000
128938  26.699  6.049  -6.269 0.0000000000
74079  28.413  6.838  -5.830 0.0000000000
56547  26.536  -9.533  -1.377 0.0000000000
57733  26.367  -8.193  -1.899 0.0000000000
62024  30.060  -4.723  -3.096 0.0000000000
59993  30.141  -6.234  -3.127 0.0000000000
113016  25.215  4.546  -6.881 0.0000000000
130857  25.068  5.016  -7.637 0.0000000000
62027  27.192  -4.336  -3.255 0.0000000000
62953  27.527  -3.653  -3.380 0.0000000000
51832  23.987  -13.118  0.917 0.0000000000
51847  24.720  -13.154  0.507 0.0000000000
54299  27.451  -12.409  -1.241 0.0000000000
122451  26.446  1.035  -4.981 0.0000000000
71495  28.931  4.994  -3.828 0.0000000000
74967  24.005  8.362  -10.462 0.0000000000
135155  24.705  6.686  -9.492 0.0000000000
74105  28.850  8.160  -7.213 0.0000000000
58896  30.021  -7.841  -2.924 0.0000000000
57730  29.448  -8.295  -2.201 0.0000000000
55374  26.003  -11.417  -0.815 0.0000000000
128450  25.871  2.343  -5.441 0.0000000000
69627  25.509  3.075  -5.602 0.0000000000
71516  26.344  4.710  -5.406 0.0000000000
132926  26.817  5.164  -5.170 0.0000000000
75852  23.578  9.151  -10.484 0.0000000000
59994  25.765  -6.397  -2.962 0.0000000000
61056  26.155  -5.589  -3.193 0.0000000000
59981  28.580  -7.031  -2.635 0.0000000000
61042  29.237  -6.410  -2.847 0.0000000000
53025  24.934  -12.487  -0.142 0.0000000000
53007  25.152  -12.928  0.028 0.0000000000
65048  28.976  -1.615  -3.386 0.0000000000
63957  29.416  -2.362  -3.332 0.0000000000
118286  29.724  -1.873  -3.283 0.0000000000
62967  25.550  -3.862  -4.798 0.0000000000
65077  25.987  -1.682  -5.561 0.0000000000
63983  26.328  -2.266  -5.219 0.0000000000
65064  27.289  -1.721  -4.121 0.0000000000
125914  27.235  -0.951  -4.241 0.0000000000
67378  27.793  0.380  -3.490 0.0000000000
66199  28.084  -0.328  -3.529 0.0000000000
68571  27.026  2.135  -3.341 0.0000000000
69606  27.904  2.844  -3.582 0.0000000000
68552  29.869  1.681  -2.986 0.0000000000
112922  24.217  5.102  -9.254 0.0000000000
128862  24.938  5.069  -9.145 0.0000000000
113290  27.602  8.993  -9.403 0.0000000000
128844  26.618  7.713  -8.565 0.0000000000
112907  27.369  7.621  -7.466 0.0000000000
112888  26.877  7.545  -7.969 0.0000000000
128826  26.156  6.485  -7.647 0.0000000000
128876  26.093  5.960  -6.890 0.0000000000
112930  26.679  6.617  -6.823 0.0000000000
113181  28.628  7.515  -6.412 0.0000000000
128928  29.053  6.394  -5.271 0.0000000000
56548  25.519  -9.485  -1.333 0.0000000000
59983  26.341  -6.954  -2.454 0.0000000000
58899  25.861  -7.636  -2.376 0.0000000000
58898  27.150  -7.676  -2.099 0.0000000000
57716  29.002  -9.049  -1.785 0.0000000000
57732  27.470  -8.530  -1.783 0.0000000000
56545  28.596  -9.779  -1.635 0.0000000000
56546  27.610  -9.515  -1.584 0.0000000000
62951  29.525  -3.967  -3.186 0.0000000000
70613  25.352  3.854  -6.116 0.0000000000
113114  25.794  4.732  -5.973 0.0000000000
112656  26.237  5.422  -5.899 0.0000000000
133110  26.471  -4.717  -3.445 0.0000000000
133259  26.218  -12.497  -0.673 0.0000000000
53023  26.578  -12.604  -0.713 0.0000000000
53022  27.275  -12.804  -0.875 0.0000000000
53004  27.999  -12.566  -0.646 0.0000000000
65046  30.383  -1.714  -3.294 0.0000000000
66233  25.489  -1.012  -5.806 0.0000000000
66232  26.297  -0.800  -5.392 0.0000000000
66218  26.898  -0.464  -4.777 0.0000000000
67400  26.664  0.483  -4.063 0.0000000000
67399  27.130  0.841  -3.563 0.0000000000
70592  27.584  3.874  -4.169 0.0000000000
70591  28.264  4.112  -3.811 0.0000000000
70573  29.117  4.092  -4.036 0.0000000000
122414  28.629  8.962  -8.783 0.0000000000
129886  27.794  8.569  -8.665 0.0000000000
128817  27.293  7.176  -6.824 0.0000000000
74106  27.992  7.627  -6.965 0.0000000000
133803  29.349  7.849  -6.451 0.0000000000
119799  28.184  -7.534  -2.389 0.0000000000
54267  24.267  -11.780  0.247 0.0000000000
54284  25.779  -12.146  -0.655 0.0000000000
55392  26.879  -11.605  -1.286 0.0000000000
68583  25.591  1.525  -5.643 0.0000000000
70593  26.816  3.776  -4.935 0.0000000000
112649  28.479  5.260  -4.102 0.0000000000
74959  23.242  8.476  -10.095 0.0000000000
74966  24.981  8.711  -10.515 0.0000000000
63959  27.824  -2.854  -3.510 0.0000000000
122719  29.569  -3.171  -3.291 0.0000000000
137436  30.245  -3.214  -3.350 0.0000000000
63955  31.055  -2.355  -3.645 0.0000000000
116136  30.837  -3.216  -3.603 0.0000000000
62038  25.967  -4.272  -4.087 0.0000000000
62978  26.022  -3.047  -5.079 0.0000000000
63973  27.350  -2.409  -3.859 0.0000000000
65049  27.985  -1.911  -3.630 0.0000000000
129305  28.337  -1.067  -3.533 0.0000000000
66198  29.011  -0.567  -3.336 0.0000000000
66197  29.822  -0.467  -3.147 0.0000000000
67376  29.578  0.220  -3.162 0.0000000000
68554  27.558  1.596  -3.303 0.0000000000
112661  24.950  4.753  -8.722 0.0000000000
74958  25.719  8.369  -9.793 0.0000000000
129166  25.633  7.702  -9.495 0.0000000000
129085  25.717  6.283  -8.543 0.0000000000
112651  27.477  6.470  -6.180 0.0000000000
112975  28.177  5.900  -5.289 0.0000000000
129046  28.959  5.714  -4.742 0.0000000000
114041  26.249  -10.449  -1.081 0.0000000000
116817  27.221  -10.532  -1.416 0.0000000000
57718  26.764  -8.830  -1.605 0.0000000000
121545  28.180  -10.549  -1.539 0.0000000000
62025  29.020  -4.560  -3.128 0.0000000000
61053  29.612  -5.474  -2.982 0.0000000000
62023  30.968  -4.934  -3.658 0.0000000000
61052  30.539  -5.630  -3.341 0.0000000000
59980  30.261  -7.115  -3.240 0.0000000000
53032  27.182  -12.799  -1.040 0.0000000000
57717  28.275  -9.018  -1.770 0.0000000000
