#!ascii label  , from subject sub-v2s4x29634_ses-1 vox2ras=TkReg
1981
62930  48.964  -1.399  57.414 0.0000000000
40190  31.413  -23.563  75.212 0.0000000000
37092  29.905  -26.065  79.179 0.0000000000
40100  23.524  -23.199  83.188 0.0000000000
38047  35.806  -26.184  83.445 0.0000000000
35247  35.622  -28.083  75.651 0.0000000000
55898  42.068  -8.155  56.925 0.0000000000
110973  57.943  -1.350  55.715 0.0000000000
53683  44.899  -10.579  67.969 0.0000000000
106761  32.481  -20.643  66.916 0.0000000000
39215  43.432  -25.314  71.507 0.0000000000
38030  30.353  -25.859  85.044 0.0000000000
39081  26.879  -24.469  80.325 0.0000000000
39022  27.205  -23.723  86.651 0.0000000000
35168  32.608  -29.241  81.669 0.0000000000
55785  49.304  -8.030  66.767 0.0000000000
48445  33.710  -15.216  78.159 0.0000000000
46429  36.703  -17.434  76.101 0.0000000000
46494  38.424  -18.227  72.238 0.0000000000
41186  32.219  -22.607  71.231 0.0000000000
41179  39.445  -22.622  71.269 0.0000000000
38165  40.107  -25.170  74.617 0.0000000000
36176  30.276  -27.944  72.145 0.0000000000
121633  33.869  -26.290  70.278 0.0000000000
62926  53.999  -1.526  58.261 0.0000000000
62955  55.202  -2.356  55.678 0.0000000000
36150  29.137  -27.568  73.980 0.0000000000
39166  26.553  -24.301  75.347 0.0000000000
38089  33.057  -25.917  79.271 0.0000000000
36082  40.546  -27.900  79.448 0.0000000000
32548  36.819  -32.156  80.748 0.0000000000
34330  31.441  -30.494  75.386 0.0000000000
59822  45.316  -4.502  57.570 0.0000000000
40990  24.006  -21.746  89.216 0.0000000000
41053  20.049  -21.737  85.695 0.0000000000
111311  53.806  2.465  61.924 0.0000000000
61894  50.703  -2.494  61.134 0.0000000000
56893  48.122  -7.233  61.918 0.0000000000
53766  44.365  -10.089  62.930 0.0000000000
51665  39.489  -12.411  63.377 0.0000000000
49539  44.182  -14.080  72.123 0.0000000000
48569  39.149  -15.176  67.887 0.0000000000
45587  35.080  -18.323  63.202 0.0000000000
43278  40.247  -20.226  69.065 0.0000000000
109881  39.385  -26.951  73.091 0.0000000000
38995  30.016  -24.698  87.505 0.0000000000
39020  28.615  -24.558  86.032 0.0000000000
40035  28.847  -23.460  87.950 0.0000000000
36020  31.496  -27.010  86.040 0.0000000000
127505  32.694  -19.367  76.266 0.0000000000
45401  32.461  -18.633  74.441 0.0000000000
45426  32.910  -18.787  72.834 0.0000000000
117577  31.187  -22.779  73.097 0.0000000000
40209  36.402  -23.735  73.674 0.0000000000
40175  36.990  -23.633  75.737 0.0000000000
36184  28.565  -28.842  71.262 0.0000000000
37188  30.103  -26.293  70.940 0.0000000000
62929  51.518  -1.255  57.115 0.0000000000
61930  52.930  -2.921  57.726 0.0000000000
125710  50.450  -3.103  56.358 0.0000000000
37122  29.452  -26.644  75.787 0.0000000000
110887  27.848  -25.229  74.195 0.0000000000
38146  28.468  -25.341  76.784 0.0000000000
115584  24.952  -23.906  82.299 0.0000000000
40148  24.697  -24.137  79.034 0.0000000000
112139  23.098  -23.854  80.133 0.0000000000
40132  21.901  -23.442  81.234 0.0000000000
43128  34.549  -20.427  79.649 0.0000000000
38074  33.713  -26.164  80.841 0.0000000000
34299  35.715  -29.533  80.703 0.0000000000
34277  35.557  -30.021  82.430 0.0000000000
36078  31.520  -27.697  80.507 0.0000000000
34306  32.584  -29.995  78.605 0.0000000000
35224  30.917  -28.211  77.411 0.0000000000
117019  30.048  -29.529  74.369 0.0000000000
57868  43.790  -6.974  57.208 0.0000000000
58871  43.518  -5.307  54.016 0.0000000000
57905  41.842  -6.934  53.702 0.0000000000
117839  17.813  -21.689  86.282 0.0000000000
58791  49.700  -5.454  61.244 0.0000000000
57805  50.764  -6.163  62.750 0.0000000000
107375  46.782  -9.361  67.248 0.0000000000
54767  46.205  -9.148  64.730 0.0000000000
53724  44.458  -10.162  65.561 0.0000000000
52709  41.619  -11.092  63.499 0.0000000000
52675  41.912  -11.646  66.107 0.0000000000
46542  35.588  -17.990  69.622 0.0000000000
47535  39.204  -16.400  69.730 0.0000000000
47557  35.858  -16.959  68.140 0.0000000000
47604  35.943  -16.047  65.760 0.0000000000
45547  33.224  -18.572  64.977 0.0000000000
44454  37.542  -19.724  66.397 0.0000000000
43294  36.527  -20.609  67.507 0.0000000000
118456  44.067  -22.236  72.725 0.0000000000
35231  38.495  -28.693  76.921 0.0000000000
35242  40.760  -28.135  75.971 0.0000000000
36158  37.692  -27.166  73.838 0.0000000000
38245  35.056  -25.583  69.053 0.0000000000
124365  58.086  0.204  50.337 0.0000000000
114151  57.378  -0.678  53.586 0.0000000000
37057  30.259  -25.926  81.503 0.0000000000
38076  28.635  -25.292  80.207 0.0000000000
38039  28.717  -24.908  82.897 0.0000000000
39047  26.748  -24.020  83.511 0.0000000000
40084  25.583  -23.520  84.566 0.0000000000
38029  35.479  -25.994  84.590 0.0000000000
34256  34.394  -30.149  84.399 0.0000000000
119545  32.919  -28.825  85.259 0.0000000000
36060  31.959  -27.614  83.406 0.0000000000
119856  51.582  -6.739  65.696 0.0000000000
53668  47.472  -9.629  69.752 0.0000000000
45397  37.629  -19.016  74.428 0.0000000000
45438  34.711  -19.185  71.362 0.0000000000
42193  31.338  -21.077  68.775 0.0000000000
42172  35.776  -21.891  69.156 0.0000000000
107248  35.776  -23.171  71.017 0.0000000000
39205  40.121  -24.587  72.828 0.0000000000
38173  44.947  -25.979  73.872 0.0000000000
35260  33.098  -28.058  73.956 0.0000000000
37151  34.743  -26.658  72.424 0.0000000000
112570  32.075  -26.175  71.742 0.0000000000
63967  56.914  -1.400  57.074 0.0000000000
63990  56.901  -1.946  55.625 0.0000000000
60852  55.912  -3.405  56.561 0.0000000000
39104  26.470  -24.694  78.125 0.0000000000
44269  32.998  -19.597  78.008 0.0000000000
39123  32.125  -24.881  77.376 0.0000000000
38130  36.353  -25.510  76.961 0.0000000000
36097  36.714  -27.667  78.657 0.0000000000
33384  39.227  -29.990  80.062 0.0000000000
34313  36.002  -30.411  77.432 0.0000000000
33377  34.010  -31.532  81.220 0.0000000000
112437  34.026  -31.542  78.088 0.0000000000
34329  33.102  -29.931  75.168 0.0000000000
33470  30.683  -30.046  73.954 0.0000000000
34349  29.006  -29.597  72.861 0.0000000000
61934  46.913  -2.558  57.717 0.0000000000
61957  47.863  -2.774  55.694 0.0000000000
60889  45.698  -3.586  55.127 0.0000000000
40039  26.109  -22.593  88.125 0.0000000000
40060  23.873  -22.582  85.874 0.0000000000
127327  21.709  -22.085  87.135 0.0000000000
41067  22.090  -22.306  83.942 0.0000000000
65826  55.486  0.781  58.572 0.0000000000
65828  54.401  1.148  59.621 0.0000000000
64923  51.268  0.242  59.169 0.0000000000
61907  49.248  -2.046  59.691 0.0000000000
59796  48.305  -4.290  59.938 0.0000000000
57842  46.689  -6.347  59.532 0.0000000000
122376  45.187  -7.868  59.571 0.0000000000
56865  48.833  -7.747  64.314 0.0000000000
55833  46.133  -8.595  62.326 0.0000000000
54833  43.366  -9.581  59.807 0.0000000000
127312  41.347  -11.334  60.108 0.0000000000
52736  38.707  -12.128  60.334 0.0000000000
51552  44.756  -12.281  70.504 0.0000000000
48507  41.998  -16.190  72.195 0.0000000000
49559  41.932  -14.949  70.219 0.0000000000
50615  41.948  -12.943  68.072 0.0000000000
50634  39.704  -13.764  66.270 0.0000000000
49689  37.127  -14.537  63.604 0.0000000000
112693  39.932  -21.213  70.297 0.0000000000
38124  41.724  -25.806  77.846 0.0000000000
36153  43.533  -27.431  74.514 0.0000000000
37162  42.232  -26.427  72.306 0.0000000000
37166  36.535  -26.562  71.680 0.0000000000
110346  37.593  -25.591  70.651 0.0000000000
111915  29.454  -24.102  87.736 0.0000000000
112573  29.755  -22.986  87.897 0.0000000000
42115  31.524  -22.073  75.794 0.0000000000
113789  32.432  -18.887  75.089 0.0000000000
112839  31.084  -22.240  74.981 0.0000000000
43192  31.089  -21.011  74.010 0.0000000000
40202  31.989  -23.741  74.362 0.0000000000
40201  34.668  -23.552  74.275 0.0000000000
39162  34.367  -24.356  75.193 0.0000000000
63973  49.780  -1.092  57.261 0.0000000000
117950  50.625  -2.115  56.632 0.0000000000
113363  49.896  -1.683  56.631 0.0000000000
37105  29.924  -26.488  77.856 0.0000000000
37116  29.053  -25.839  76.232 0.0000000000
38133  29.270  -25.838  77.968 0.0000000000
40114  24.209  -23.581  82.741 0.0000000000
123675  23.857  -23.938  80.874 0.0000000000
119014  23.379  -23.719  81.582 0.0000000000
40142  22.215  -23.787  80.320 0.0000000000
40116  22.720  -23.376  81.783 0.0000000000
39058  36.839  -24.063  83.006 0.0000000000
39068  36.207  -24.337  82.318 0.0000000000
40139  35.030  -23.753  80.919 0.0000000000
38061  34.380  -26.357  81.766 0.0000000000
36076  34.400  -28.085  81.300 0.0000000000
36068  34.770  -28.150  82.349 0.0000000000
37077  30.467  -26.676  79.504 0.0000000000
36101  31.308  -27.965  79.016 0.0000000000
36114  30.439  -27.243  77.674 0.0000000000
36122  30.388  -27.689  76.779 0.0000000000
56936  43.462  -7.521  57.485 0.0000000000
57877  42.655  -6.868  55.972 0.0000000000
56959  41.550  -7.635  55.282 0.0000000000
59762  52.819  -4.274  63.941 0.0000000000
58780  51.772  -5.463  63.054 0.0000000000
110668  52.229  -5.548  63.993 0.0000000000
53698  45.588  -10.103  67.619 0.0000000000
53711  45.644  -9.869  66.717 0.0000000000
53712  44.659  -10.235  66.542 0.0000000000
52687  43.121  -10.826  66.066 0.0000000000
52673  43.258  -11.053  66.749 0.0000000000
128341  32.807  -18.564  68.129 0.0000000000
46559  35.468  -17.506  68.752 0.0000000000
46561  34.038  -17.742  67.653 0.0000000000
46597  34.036  -17.286  66.140 0.0000000000
43326  32.771  -19.842  65.822 0.0000000000
43311  35.656  -20.320  66.298 0.0000000000
43296  34.525  -20.993  66.968 0.0000000000
35246  36.375  -28.116  75.908 0.0000000000
36133  38.009  -27.583  75.355 0.0000000000
36134  36.455  -27.540  75.243 0.0000000000
114431  58.500  -1.204  53.675 0.0000000000
64019  58.046  -1.290  54.456 0.0000000000
38048  30.407  -25.897  82.945 0.0000000000
38049  29.551  -25.366  82.627 0.0000000000
39032  29.525  -25.181  84.387 0.0000000000
39021  27.732  -23.991  86.124 0.0000000000
110323  28.024  -24.253  85.171 0.0000000000
39035  27.227  -23.879  85.134 0.0000000000
39048  26.037  -23.884  83.860 0.0000000000
126094  25.863  -23.371  85.656 0.0000000000
38018  34.524  -25.792  85.087 0.0000000000
37019  34.657  -26.884  84.934 0.0000000000
37012  33.746  -26.739  85.473 0.0000000000
37015  31.198  -26.891  85.956 0.0000000000
37021  31.468  -27.298  85.723 0.0000000000
37034  30.864  -26.365  84.170 0.0000000000
37046  31.013  -26.432  83.114 0.0000000000
47441  36.137  -16.748  76.604 0.0000000000
46413  37.993  -16.971  77.798 0.0000000000
46428  38.009  -17.619  76.860 0.0000000000
45368  38.739  -18.611  75.624 0.0000000000
45386  37.000  -18.585  74.843 0.0000000000
43233  31.281  -20.094  71.723 0.0000000000
44337  33.114  -19.218  72.096 0.0000000000
44358  31.648  -19.735  71.084 0.0000000000
123778  31.904  -19.407  69.728 0.0000000000
41215  31.410  -21.963  69.894 0.0000000000
41213  33.441  -22.260  69.737 0.0000000000
109410  33.934  -22.718  71.080 0.0000000000
39176  38.347  -24.335  74.671 0.0000000000
39207  38.106  -24.582  72.876 0.0000000000
39190  39.824  -24.983  73.515 0.0000000000
39189  41.101  -24.969  73.486 0.0000000000
38176  42.325  -25.372  74.218 0.0000000000
36163  31.719  -28.165  73.086 0.0000000000
37139  32.962  -26.919  73.135 0.0000000000
37154  31.636  -26.808  72.280 0.0000000000
62913  55.257  -1.876  57.948 0.0000000000
61927  56.424  -2.618  57.150 0.0000000000
113151  54.330  -2.290  58.071 0.0000000000
59819  54.364  -4.117  56.872 0.0000000000
36177  28.219  -28.755  72.731 0.0000000000
114111  27.958  -26.502  73.044 0.0000000000
39080  27.531  -24.774  80.170 0.0000000000
38077  27.641  -24.981  79.508 0.0000000000
39091  26.485  -24.520  79.711 0.0000000000
40157  24.164  -23.894  78.617 0.0000000000
40165  24.328  -23.778  77.604 0.0000000000
41129  33.777  -22.596  79.106 0.0000000000
43139  33.846  -20.400  79.040 0.0000000000
41133  33.095  -22.486  78.504 0.0000000000
41134  32.619  -22.494  77.793 0.0000000000
39102  32.411  -25.099  78.101 0.0000000000
37102  34.278  -26.647  77.318 0.0000000000
36099  34.524  -27.641  78.605 0.0000000000
33375  37.525  -31.316  81.107 0.0000000000
34297  37.783  -30.094  80.686 0.0000000000
33385  38.119  -31.064  80.592 0.0000000000
33404  37.594  -30.847  78.722 0.0000000000
33405  36.540  -30.998  78.327 0.0000000000
34268  33.889  -30.631  83.751 0.0000000000
33358  34.360  -31.416  83.145 0.0000000000
33368  33.400  -30.747  81.283 0.0000000000
34314  32.480  -30.360  77.631 0.0000000000
33397  33.174  -30.869  78.261 0.0000000000
33419  32.802  -30.974  76.433 0.0000000000
33433  33.551  -30.905  76.437 0.0000000000
33435  32.198  -30.723  75.558 0.0000000000
33452  31.819  -30.561  74.858 0.0000000000
33453  31.103  -30.424  74.586 0.0000000000
36149  29.510  -28.001  74.520 0.0000000000
116681  29.662  -29.557  73.605 0.0000000000
35263  28.660  -29.348  72.828 0.0000000000
60843  46.356  -3.218  57.771 0.0000000000
126785  46.167  -2.808  56.409 0.0000000000
60870  45.091  -3.774  56.172 0.0000000000
58883  44.780  -5.483  53.443 0.0000000000
41002  24.607  -22.069  88.653 0.0000000000
40049  24.904  -22.618  87.152 0.0000000000
41017  24.250  -22.263  87.794 0.0000000000
41020  20.444  -21.823  87.309 0.0000000000
41036  20.626  -21.961  86.430 0.0000000000
41052  21.709  -22.024  85.444 0.0000000000
107504  21.024  -21.871  84.797 0.0000000000
41081  21.438  -22.126  83.108 0.0000000000
124439  20.233  -21.562  84.070 0.0000000000
65845  55.788  1.603  57.234 0.0000000000
115979  54.949  1.590  60.081 0.0000000000
117817  54.187  1.943  60.427 0.0000000000
125609  52.578  0.982  59.178 0.0000000000
65800  52.753  1.460  60.373 0.0000000000
62870  51.109  -1.814  61.437 0.0000000000
63925  50.769  -0.569  60.424 0.0000000000
61895  49.827  -2.454  60.426 0.0000000000
61908  48.524  -2.583  59.437 0.0000000000
60820  49.461  -3.399  60.453 0.0000000000
57819  48.512  -6.503  61.239 0.0000000000
58800  47.867  -5.753  60.111 0.0000000000
57830  47.720  -6.454  60.545 0.0000000000
56913  46.009  -6.832  59.320 0.0000000000
56903  46.528  -7.470  60.517 0.0000000000
56853  50.210  -7.649  66.403 0.0000000000
56863  50.493  -7.266  64.729 0.0000000000
55798  49.284  -7.844  65.687 0.0000000000
54782  44.929  -9.817  63.609 0.0000000000
55825  46.677  -8.631  63.733 0.0000000000
54794  44.768  -9.696  62.352 0.0000000000
55842  44.888  -9.034  60.924 0.0000000000
54805  43.893  -9.995  61.305 0.0000000000
53818  42.348  -10.686  59.908 0.0000000000
53784  42.743  -10.711  61.482 0.0000000000
52710  40.781  -11.487  63.196 0.0000000000
52721  40.661  -11.433  62.298 0.0000000000
51675  39.324  -12.244  62.520 0.0000000000
50678  37.907  -13.269  62.126 0.0000000000
50570  44.315  -13.078  70.946 0.0000000000
46478  40.240  -18.124  73.509 0.0000000000
128332  41.530  -16.958  73.080 0.0000000000
46491  40.642  -17.043  72.209 0.0000000000
48541  39.111  -15.947  69.045 0.0000000000
48526  40.823  -15.959  70.274 0.0000000000
49577  40.989  -15.101  69.071 0.0000000000
49594  41.920  -13.961  69.142 0.0000000000
49617  41.010  -14.076  68.033 0.0000000000
50632  41.011  -13.002  66.987 0.0000000000
49639  39.323  -14.372  66.669 0.0000000000
47617  34.337  -16.942  63.885 0.0000000000
48615  36.334  -15.452  64.455 0.0000000000
111808  34.832  -16.588  62.756 0.0000000000
48647  35.436  -15.782  61.949 0.0000000000
45604  35.614  -17.965  62.591 0.0000000000
114438  37.570  -18.743  64.374 0.0000000000
44415  39.055  -20.027  67.929 0.0000000000
44452  39.202  -19.376  66.665 0.0000000000
41195  38.184  -22.480  70.481 0.0000000000
42161  38.584  -21.913  70.244 0.0000000000
42151  39.870  -21.855  70.904 0.0000000000
42141  43.992  -21.556  72.659 0.0000000000
113286  38.963  -26.421  78.752 0.0000000000
38127  39.156  -25.071  78.033 0.0000000000
37085  41.177  -26.813  78.897 0.0000000000
36143  40.189  -27.586  74.399 0.0000000000
36141  42.691  -27.834  74.896 0.0000000000
36169  41.062  -27.220  73.175 0.0000000000
36168  42.512  -27.289  73.405 0.0000000000
125635  40.815  -26.878  72.664 0.0000000000
37168  34.960  -26.680  71.412 0.0000000000
116054  35.456  -26.732  71.925 0.0000000000
111419  35.175  -26.582  70.756 0.0000000000
38226  36.311  -25.500  69.841 0.0000000000
39223  38.946  -24.788  70.253 0.0000000000
62954  56.419  -2.573  55.847 0.0000000000
64006  55.511  -0.826  55.038 0.0000000000
59849  48.796  -4.495  55.373 0.0000000000
116741  30.531  -25.970  86.345 0.0000000000
38031  29.686  -25.312  85.355 0.0000000000
128342  29.465  -25.095  87.020 0.0000000000
38004  28.925  -24.566  87.106 0.0000000000
38997  28.062  -23.867  87.203 0.0000000000
37002  31.240  -26.125  86.608 0.0000000000
47444  33.276  -16.415  76.969 0.0000000000
48444  34.119  -15.279  77.626 0.0000000000
47462  33.333  -16.841  75.883 0.0000000000
47460  34.005  -16.362  75.230 0.0000000000
46444  34.357  -16.753  74.659 0.0000000000
46461  35.185  -17.812  74.146 0.0000000000
45414  32.702  -18.455  73.658 0.0000000000
43204  30.698  -21.003  72.885 0.0000000000
112214  31.186  -22.406  72.126 0.0000000000
41169  34.449  -23.152  72.579 0.0000000000
41156  34.166  -23.223  73.192 0.0000000000
40185  37.008  -23.528  75.249 0.0000000000
39157  39.031  -24.260  76.227 0.0000000000
36183  29.507  -28.296  71.696 0.0000000000
37172  30.275  -26.962  71.648 0.0000000000
37173  29.382  -27.348  71.132 0.0000000000
62927  53.009  -1.209  57.800 0.0000000000
111760  53.389  -2.189  58.001 0.0000000000
111358  52.373  -1.946  57.416 0.0000000000
61931  52.112  -2.913  57.032 0.0000000000
37130  29.350  -26.998  74.852 0.0000000000
38178  28.298  -26.040  73.740 0.0000000000
37123  29.038  -26.049  75.255 0.0000000000
119884  28.331  -25.309  75.788 0.0000000000
38157  27.399  -24.716  75.818 0.0000000000
125399  25.890  -24.161  80.909 0.0000000000
39092  25.700  -24.331  79.743 0.0000000000
39082  25.249  -24.152  80.582 0.0000000000
40149  24.235  -24.031  79.452 0.0000000000
40152  21.584  -23.880  79.634 0.0000000000
40140  34.310  -23.713  80.194 0.0000000000
38088  33.330  -25.583  79.981 0.0000000000
113096  34.255  -27.931  79.520 0.0000000000
36084  34.288  -28.033  80.423 0.0000000000
34288  35.500  -29.658  81.307 0.0000000000
32523  36.436  -32.029  81.796 0.0000000000
35178  32.017  -28.312  80.907 0.0000000000
34289  32.856  -29.949  80.859 0.0000000000
35194  32.105  -28.869  79.622 0.0000000000
35223  31.480  -28.927  77.691 0.0000000000
35235  31.239  -29.224  76.791 0.0000000000
34331  30.923  -30.224  75.351 0.0000000000
35236  30.687  -28.700  76.385 0.0000000000
36135  29.720  -27.567  75.393 0.0000000000
58820  44.726  -6.060  57.634 0.0000000000
59838  44.560  -4.529  56.306 0.0000000000
58842  43.699  -5.787  56.294 0.0000000000
58872  42.818  -5.862  54.390 0.0000000000
41008  19.135  -21.169  87.764 0.0000000000
111025  19.126  -21.626  85.637 0.0000000000
41069  19.208  -21.709  83.994 0.0000000000
41055  18.495  -21.883  84.722 0.0000000000
60810  51.433  -3.608  61.973 0.0000000000
59787  50.639  -3.914  61.353 0.0000000000
59778  51.108  -4.431  61.884 0.0000000000
57817  50.305  -6.097  62.092 0.0000000000
57806  49.811  -6.667  62.538 0.0000000000
117857  48.012  -8.598  67.044 0.0000000000
55800  47.765  -8.440  65.522 0.0000000000
119294  46.552  -9.166  66.096 0.0000000000
54756  45.798  -9.546  65.170 0.0000000000
53754  44.301  -10.170  63.817 0.0000000000
53768  42.893  -10.620  62.434 0.0000000000
53741  42.824  -10.647  64.084 0.0000000000
52701  41.614  -11.297  64.431 0.0000000000
52690  41.034  -11.811  64.947 0.0000000000
46510  36.541  -18.207  70.690 0.0000000000
46526  38.394  -17.409  71.012 0.0000000000
47537  36.837  -17.258  69.497 0.0000000000
47556  36.769  -16.815  68.619 0.0000000000
48558  37.917  -15.787  67.972 0.0000000000
48585  38.187  -15.220  66.791 0.0000000000
47590  36.145  -16.217  66.670 0.0000000000
46613  33.804  -17.353  65.215 0.0000000000
45569  33.953  -18.550  64.046 0.0000000000
44486  36.079  -19.237  64.554 0.0000000000
44456  35.664  -19.865  65.571 0.0000000000
43309  37.057  -20.203  66.964 0.0000000000
43280  38.929  -20.412  68.547 0.0000000000
40222  41.387  -23.755  72.590 0.0000000000
41166  41.987  -22.392  72.246 0.0000000000
41165  43.398  -22.926  72.659 0.0000000000
40218  45.424  -23.891  72.564 0.0000000000
41176  45.491  -22.996  72.467 0.0000000000
128498  39.738  -28.839  77.507 0.0000000000
35229  41.140  -28.267  77.107 0.0000000000
35243  39.513  -28.055  76.048 0.0000000000
36144  39.193  -27.436  74.413 0.0000000000
109689  38.000  -26.935  73.213 0.0000000000
38227  34.812  -26.104  69.530 0.0000000000
38246  34.321  -25.705  68.828 0.0000000000
64049  58.904  -0.685  51.872 0.0000000000
110689  57.460  -0.156  51.927 0.0000000000
64051  56.074  0.051  51.657 0.0000000000
37078  29.979  -26.022  80.000 0.0000000000
38090  29.251  -25.625  79.692 0.0000000000
38075  29.346  -25.598  80.542 0.0000000000
38064  28.715  -25.212  81.039 0.0000000000
39070  28.062  -24.753  81.422 0.0000000000
39045  28.754  -24.792  83.847 0.0000000000
106459  28.040  -24.459  83.285 0.0000000000
39060  27.185  -24.160  82.799 0.0000000000
39061  26.265  -24.014  82.956 0.0000000000
40098  25.208  -23.671  83.764 0.0000000000
40099  24.401  -23.375  83.682 0.0000000000
37043  35.965  -26.418  83.934 0.0000000000
126127  35.188  -28.761  84.032 0.0000000000
122306  34.705  -28.737  84.697 0.0000000000
35136  33.488  -29.335  85.142 0.0000000000
35147  32.990  -29.258  84.809 0.0000000000
36019  32.166  -27.500  86.047 0.0000000000
115282  32.441  -28.433  85.136 0.0000000000
35159  32.375  -28.292  82.993 0.0000000000
115238  31.834  -27.566  82.273 0.0000000000
37065  31.177  -27.057  80.750 0.0000000000
54878  40.917  -9.203  56.985 0.0000000000
55913  40.345  -8.611  55.132 0.0000000000
54891  39.384  -9.703  55.210 0.0000000000
58746  52.540  -5.454  65.508 0.0000000000
55774  49.558  -8.004  67.804 0.0000000000
54711  48.225  -8.725  68.464 0.0000000000
54712  47.438  -9.264  68.630 0.0000000000
106549  45.994  -10.267  68.830 0.0000000000
45396  39.548  -18.958  74.619 0.0000000000
45421  38.141  -18.957  72.937 0.0000000000
45411  35.742  -18.952  73.252 0.0000000000
45423  36.191  -19.149  72.480 0.0000000000
45436  36.566  -18.800  71.613 0.0000000000
45452  34.512  -18.930  70.528 0.0000000000
44396  31.725  -19.435  68.937 0.0000000000
42202  32.203  -20.963  67.666 0.0000000000
42190  34.419  -21.646  68.333 0.0000000000
42173  33.859  -22.017  68.971 0.0000000000
41197  36.409  -22.716  70.330 0.0000000000
41181  37.643  -23.195  70.874 0.0000000000
40226  36.525  -23.933  72.515 0.0000000000
40224  38.544  -24.287  72.072 0.0000000000
40223  39.479  -24.102  72.156 0.0000000000
39204  41.290  -24.485  72.975 0.0000000000
116877  45.384  -25.608  73.470 0.0000000000
38186  45.086  -26.032  73.186 0.0000000000
125968  34.065  -28.081  74.838 0.0000000000
36160  34.470  -27.012  73.791 0.0000000000
119123  33.745  -26.989  73.529 0.0000000000
111792  33.234  -26.430  72.432 0.0000000000
37185  33.519  -26.233  70.960 0.0000000000
37187  30.806  -26.177  71.200 0.0000000000
38214  31.939  -25.630  70.218 0.0000000000
63981  57.536  -1.584  56.288 0.0000000000
63989  57.721  -1.751  55.734 0.0000000000
120851  57.307  -2.040  56.597 0.0000000000
61953  56.606  -2.870  56.125 0.0000000000
60864  56.162  -3.453  55.944 0.0000000000
60853  54.739  -3.542  57.266 0.0000000000
123251  55.336  -4.023  56.498 0.0000000000
38109  28.536  -25.399  78.461 0.0000000000
124379  27.013  -24.851  77.541 0.0000000000
39149  26.515  -24.396  76.316 0.0000000000
39105  25.635  -24.408  78.298 0.0000000000
39126  25.702  -24.108  76.825 0.0000000000
46416  33.067  -16.646  77.714 0.0000000000
44282  32.830  -19.524  77.028 0.0000000000
42114  32.107  -21.886  76.599 0.0000000000
39146  31.992  -24.732  76.373 0.0000000000
38143  34.983  -25.270  76.181 0.0000000000
37113  34.586  -26.098  76.712 0.0000000000
37100  37.192  -26.785  78.188 0.0000000000
36083  39.470  -27.905  79.572 0.0000000000
35207  36.182  -28.466  79.244 0.0000000000
35190  38.519  -29.047  80.096 0.0000000000
34294  39.529  -29.276  79.860 0.0000000000
34311  38.992  -29.889  78.431 0.0000000000
120916  37.381  -29.449  77.248 0.0000000000
35234  35.900  -28.779  76.299 0.0000000000
112485  34.932  -30.243  84.004 0.0000000000
32514  35.248  -32.094  82.773 0.0000000000
32537  35.467  -32.421  80.887 0.0000000000
33378  33.359  -30.741  80.170 0.0000000000
116613  34.433  -31.716  79.072 0.0000000000
32576  35.137  -31.647  78.465 0.0000000000
33407  34.665  -31.346  77.661 0.0000000000
34321  34.444  -30.346  76.524 0.0000000000
35248  33.982  -29.034  75.260 0.0000000000
35253  33.287  -28.755  74.549 0.0000000000
34345  31.906  -29.552  73.917 0.0000000000
34357  30.941  -29.008  73.087 0.0000000000
34337  30.122  -29.872  74.046 0.0000000000
34347  30.239  -29.727  73.494 0.0000000000
35266  29.476  -29.411  72.429 0.0000000000
34368  28.853  -29.431  72.320 0.0000000000
61932  48.239  -1.680  57.536 0.0000000000
61945  48.213  -2.171  56.212 0.0000000000
61946  47.304  -2.362  56.250 0.0000000000
59867  44.552  -4.577  54.658 0.0000000000
58882  45.625  -5.547  53.605 0.0000000000
56976  40.870  -7.994  53.904 0.0000000000
42008  29.508  -21.341  88.047 0.0000000000
40998  28.094  -22.320  88.454 0.0000000000
40046  27.339  -23.373  87.718 0.0000000000
41000  26.235  -22.351  88.600 0.0000000000
40047  26.643  -23.162  87.562 0.0000000000
40058  25.612  -22.997  86.573 0.0000000000
40071  24.522  -22.824  85.428 0.0000000000
40086  23.633  -22.951  84.107 0.0000000000
41004  22.693  -21.996  88.461 0.0000000000
41033  23.029  -22.308  86.712 0.0000000000
41050  23.123  -22.463  85.487 0.0000000000
40087  22.814  -22.799  83.617 0.0000000000
41094  21.742  -22.608  82.522 0.0000000000
64983  57.785  -0.334  55.754 0.0000000000
64958  56.365  -0.348  57.187 0.0000000000
121554  55.874  -0.464  57.792 0.0000000000
63956  54.773  -0.309  58.660 0.0000000000
66718  55.582  2.827  59.141 0.0000000000
64940  54.931  0.467  59.329 0.0000000000
63969  53.680  -0.501  58.247 0.0000000000
64960  52.889  0.256  58.298 0.0000000000
64962  51.034  -0.308  57.938 0.0000000000
63957  50.155  -0.639  57.941 0.0000000000
64909  51.270  0.250  60.057 0.0000000000
63942  50.100  -0.723  59.195 0.0000000000
62914  49.280  -1.253  58.539 0.0000000000
61920  48.115  -2.075  58.478 0.0000000000
60830  47.408  -3.364  59.067 0.0000000000
59807  46.395  -4.159  58.568 0.0000000000
59789  49.051  -4.247  60.424 0.0000000000
58808  47.795  -5.052  59.780 0.0000000000
58818  45.906  -5.629  58.634 0.0000000000
115012  45.426  -6.219  58.370 0.0000000000
56926  44.509  -7.366  58.236 0.0000000000
55872  44.165  -8.099  58.792 0.0000000000
57785  51.783  -6.218  64.401 0.0000000000
56873  49.587  -7.191  63.337 0.0000000000
56883  48.441  -7.429  62.682 0.0000000000
55812  47.774  -8.275  64.818 0.0000000000
55824  47.395  -8.191  63.482 0.0000000000
55832  46.837  -7.988  62.054 0.0000000000
114488  45.487  -8.634  61.071 0.0000000000
55861  44.562  -8.443  59.616 0.0000000000
55874  42.694  -8.820  58.385 0.0000000000
54850  41.773  -9.912  58.504 0.0000000000
53840  40.961  -11.137  58.433 0.0000000000
52733  41.359  -11.173  61.694 0.0000000000
52751  40.570  -11.567  60.345 0.0000000000
53658  45.949  -10.968  70.278 0.0000000000
52631  44.675  -11.483  69.291 0.0000000000
112315  43.239  -15.066  71.965 0.0000000000
47522  40.336  -16.468  70.736 0.0000000000
48524  42.288  -15.277  70.976 0.0000000000
49557  43.333  -14.252  70.894 0.0000000000
50571  43.662  -13.546  70.532 0.0000000000
51569  43.631  -12.529  69.415 0.0000000000
51605  42.968  -11.881  67.999 0.0000000000
51621  42.085  -11.937  66.919 0.0000000000
51623  40.750  -12.700  66.224 0.0000000000
50663  39.226  -13.301  64.690 0.0000000000
48599  37.962  -15.022  66.030 0.0000000000
116040  38.174  -14.307  64.823 0.0000000000
116673  38.352  -13.575  63.610 0.0000000000
49697  36.598  -14.282  61.960 0.0000000000
126698  38.362  -19.073  65.489 0.0000000000
45524  39.721  -18.969  66.083 0.0000000000
42188  37.080  -21.270  68.895 0.0000000000
43264  38.759  -20.890  69.177 0.0000000000
43249  40.044  -20.678  69.701 0.0000000000
42149  41.849  -21.631  71.718 0.0000000000
42158  41.272  -21.180  70.985 0.0000000000
39122  37.257  -24.374  76.735 0.0000000000
39140  39.098  -24.481  77.017 0.0000000000
113663  41.770  -25.623  76.564 0.0000000000
36121  42.706  -27.488  76.632 0.0000000000
37111  43.186  -26.645  76.469 0.0000000000
119106  42.312  -25.773  75.718 0.0000000000
38162  44.532  -26.160  74.622 0.0000000000
37135  44.598  -26.583  73.545 0.0000000000
38196  42.878  -25.900  71.864 0.0000000000
36173  36.373  -26.891  72.949 0.0000000000
37149  36.893  -26.739  72.360 0.0000000000
37148  37.844  -26.670  72.494 0.0000000000
38212  35.925  -26.049  70.284 0.0000000000
37181  37.177  -26.070  71.128 0.0000000000
37164  38.453  -26.402  71.879 0.0000000000
38197  40.071  -25.839  71.491 0.0000000000
38208  40.634  -25.242  70.916 0.0000000000
64005  57.178  -1.337  54.969 0.0000000000
64021  55.637  -0.358  54.136 0.0000000000
107798  54.197  -0.328  52.226 0.0000000000
60869  48.768  -2.876  55.850 0.0000000000
41148  31.225  -22.948  75.454 0.0000000000
42127  31.575  -21.234  75.258 0.0000000000
41151  31.051  -22.969  74.569 0.0000000000
39177  32.549  -24.145  74.841 0.0000000000
40189  33.784  -23.925  74.620 0.0000000000
39163  33.189  -24.654  75.266 0.0000000000
115699  49.227  -1.515  56.851 0.0000000000
113049  29.752  -26.140  78.494 0.0000000000
118964  24.082  -23.811  81.865 0.0000000000
40115  23.425  -23.476  82.309 0.0000000000
38059  36.269  -25.152  83.030 0.0000000000
107440  36.617  -23.545  82.349 0.0000000000
117372  35.513  -25.071  82.185 0.0000000000
38060  35.323  -25.896  82.457 0.0000000000
37053  35.036  -27.057  82.693 0.0000000000
36087  30.814  -27.271  79.067 0.0000000000
37091  30.350  -26.756  78.584 0.0000000000
56937  42.771  -7.823  57.227 0.0000000000
56946  42.426  -7.545  56.507 0.0000000000
56947  41.776  -7.898  56.136 0.0000000000
58770  52.634  -4.892  63.780 0.0000000000
58769  52.888  -4.896  64.483 0.0000000000
111133  45.043  -10.223  67.239 0.0000000000
53699  44.508  -10.527  67.317 0.0000000000
53700  43.927  -10.729  67.023 0.0000000000
52656  44.122  -10.977  67.780 0.0000000000
44438  31.743  -19.521  67.261 0.0000000000
45489  32.939  -18.297  67.331 0.0000000000
45508  32.229  -18.915  66.790 0.0000000000
45527  32.456  -18.893  66.034 0.0000000000
43314  32.176  -19.985  66.481 0.0000000000
43312  33.987  -20.627  66.234 0.0000000000
43297  33.468  -20.945  66.827 0.0000000000
123175  35.576  -27.393  74.839 0.0000000000
63988  58.339  -1.099  55.215 0.0000000000
64003  58.680  -1.223  54.434 0.0000000000
64004  58.163  -1.461  55.200 0.0000000000
124602  30.050  -25.552  83.739 0.0000000000
39008  27.711  -23.905  86.847 0.0000000000
40070  26.810  -23.651  85.892 0.0000000000
39017  34.976  -23.610  85.534 0.0000000000
38019  33.618  -25.743  85.501 0.0000000000
38021  30.703  -26.441  86.020 0.0000000000
37022  31.066  -26.807  85.513 0.0000000000
46430  35.806  -17.009  75.725 0.0000000000
109697  37.170  -16.601  77.792 0.0000000000
46414  37.131  -17.084  76.990 0.0000000000
110007  37.421  -17.705  76.337 0.0000000000
45369  38.013  -18.177  76.038 0.0000000000
45370  37.242  -18.111  75.636 0.0000000000
114617  30.678  -21.370  71.756 0.0000000000
42152  30.858  -21.710  71.064 0.0000000000
42162  30.821  -21.121  70.343 0.0000000000
41202  31.387  -22.185  70.670 0.0000000000
41200  33.069  -22.547  70.584 0.0000000000
41185  33.306  -22.757  71.555 0.0000000000
39175  39.042  -24.517  75.242 0.0000000000
125959  39.141  -24.856  74.250 0.0000000000
38177  40.901  -25.277  73.986 0.0000000000
38164  41.648  -25.547  74.790 0.0000000000
36175  31.114  -27.847  72.604 0.0000000000
125396  54.629  -1.033  58.308 0.0000000000
113595  28.457  -27.320  73.384 0.0000000000
114587  27.422  -24.520  80.884 0.0000000000
106454  27.107  -24.706  79.747 0.0000000000
40166  23.422  -23.547  77.017 0.0000000000
39089  33.024  -24.280  79.010 0.0000000000
40155  33.058  -23.359  78.736 0.0000000000
111389  32.372  -24.145  78.127 0.0000000000
38107  32.738  -25.487  78.662 0.0000000000
37089  33.363  -26.700  78.375 0.0000000000
37090  32.969  -26.160  78.574 0.0000000000
32534  37.403  -31.678  80.869 0.0000000000
32558  37.411  -31.702  80.293 0.0000000000
33395  37.095  -31.536  79.344 0.0000000000
32559  36.517  -32.029  79.882 0.0000000000
34269  33.229  -29.922  83.079 0.0000000000
121550  33.673  -30.827  82.946 0.0000000000
34278  33.224  -30.349  82.030 0.0000000000
33409  32.302  -30.622  76.668 0.0000000000
33420  32.089  -30.775  75.848 0.0000000000
113271  32.609  -30.876  76.041 0.0000000000
33436  31.587  -30.580  75.187 0.0000000000
36164  29.206  -28.501  73.852 0.0000000000
36165  28.718  -28.596  73.368 0.0000000000
59821  45.796  -3.885  57.763 0.0000000000
60857  45.392  -3.699  56.927 0.0000000000
59837  44.985  -4.268  56.878 0.0000000000
40989  24.857  -21.778  89.221 0.0000000000
41003  23.648  -22.001  88.516 0.0000000000
41037  19.743  -21.755  86.480 0.0000000000
108738  20.881  -21.923  85.632 0.0000000000
123796  20.338  -21.679  84.997 0.0000000000
66746  55.815  2.881  57.328 0.0000000000
67627  55.582  3.634  57.597 0.0000000000
65799  54.296  2.480  61.142 0.0000000000
109930  53.554  1.959  61.181 0.0000000000
125931  53.367  1.678  60.419 0.0000000000
62887  50.419  -1.537  60.672 0.0000000000
60819  50.190  -3.262  60.974 0.0000000000
56894  47.685  -7.078  61.220 0.0000000000
56902  47.199  -7.072  60.714 0.0000000000
123454  44.997  -9.691  62.994 0.0000000000
54795  44.146  -10.067  62.063 0.0000000000
54806  43.228  -10.396  61.008 0.0000000000
53783  43.446  -10.387  61.785 0.0000000000
51664  40.177  -11.995  63.748 0.0000000000
52711  40.016  -11.825  62.879 0.0000000000
114449  38.548  -12.699  62.128 0.0000000000
51666  38.873  -12.841  63.005 0.0000000000
50559  44.539  -13.373  71.763 0.0000000000
46479  39.497  -18.300  73.060 0.0000000000
46492  40.093  -17.646  72.633 0.0000000000
115647  39.229  -17.788  72.215 0.0000000000
48556  39.499  -15.524  68.583 0.0000000000
48555  40.286  -15.385  68.786 0.0000000000
49596  40.661  -14.747  68.402 0.0000000000
49597  39.941  -14.996  68.122 0.0000000000
49618  40.338  -14.399  67.706 0.0000000000
49619  39.610  -14.637  67.420 0.0000000000
46650  34.215  -17.494  63.712 0.0000000000
47630  34.789  -16.462  63.393 0.0000000000
121253  34.564  -17.443  63.145 0.0000000000
46662  34.830  -17.036  62.498 0.0000000000
45605  34.863  -17.688  62.791 0.0000000000
45586  36.102  -18.483  63.262 0.0000000000
44414  39.746  -20.012  68.352 0.0000000000
44413  40.610  -19.737  68.481 0.0000000000
41194  39.000  -22.227  70.691 0.0000000000
41178  40.332  -22.370  71.544 0.0000000000
37087  39.621  -26.902  79.212 0.0000000000
37086  40.380  -26.691  79.156 0.0000000000
37074  40.707  -27.347  79.323 0.0000000000
36155  40.666  -27.435  73.792 0.0000000000
36170  40.074  -27.095  73.307 0.0000000000
37146  40.012  -26.789  72.734 0.0000000000
37184  34.456  -26.502  70.683 0.0000000000
62964  54.016  -1.337  55.465 0.0000000000
39006  29.951  -25.289  87.101 0.0000000000
38012  29.909  -25.452  86.624 0.0000000000
38003  29.400  -24.758  87.313 0.0000000000
38996  28.763  -24.144  87.484 0.0000000000
40045  28.069  -23.503  87.762 0.0000000000
39005  30.698  -25.196  87.122 0.0000000000
38011  30.554  -25.764  86.623 0.0000000000
119461  32.918  -18.030  76.251 0.0000000000
46431  33.108  -17.237  76.503 0.0000000000
120136  32.677  -18.305  74.992 0.0000000000
46445  33.376  -17.104  74.977 0.0000000000
46464  32.949  -17.864  74.459 0.0000000000
47477  33.813  -16.772  74.705 0.0000000000
46463  33.506  -17.365  74.230 0.0000000000
46462  34.211  -17.278  74.089 0.0000000000
46481  33.212  -17.861  73.802 0.0000000000
41159  30.866  -22.474  73.632 0.0000000000
43203  31.132  -20.551  73.416 0.0000000000
42136  30.675  -21.745  73.155 0.0000000000
42143  30.646  -21.531  72.426 0.0000000000
41158  32.204  -22.968  72.860 0.0000000000
41157  33.314  -23.142  73.226 0.0000000000
40187  35.770  -23.555  75.048 0.0000000000
40200  35.901  -23.461  74.624 0.0000000000
40186  36.444  -23.510  75.170 0.0000000000
39158  38.254  -23.895  75.693 0.0000000000
39159  37.604  -23.686  75.812 0.0000000000
62928  52.244  -1.031  57.401 0.0000000000
62940  51.428  -2.091  56.838 0.0000000000
61942  51.063  -2.900  56.579 0.0000000000
60867  50.749  -3.658  56.356 0.0000000000
38147  27.850  -24.974  76.532 0.0000000000
39073  25.656  -24.036  81.533 0.0000000000
39074  24.716  -24.017  81.330 0.0000000000
40141  23.802  -23.969  79.973 0.0000000000
40150  23.392  -23.825  79.158 0.0000000000
40159  22.534  -23.650  78.425 0.0000000000
40151  22.431  -23.799  79.410 0.0000000000
40153  20.814  -24.051  79.849 0.0000000000
40143  21.388  -23.762  80.463 0.0000000000
118165  35.637  -20.791  80.620 0.0000000000
39077  34.304  -24.542  80.746 0.0000000000
110970  35.001  -23.100  80.460 0.0000000000
118956  33.775  -25.262  80.593 0.0000000000
39078  33.564  -24.583  79.896 0.0000000000
37064  33.349  -26.447  79.951 0.0000000000
124468  33.656  -26.922  80.541 0.0000000000
35176  34.867  -28.885  81.221 0.0000000000
34276  35.900  -30.629  82.085 0.0000000000
33366  36.178  -31.646  82.244 0.0000000000
35177  32.326  -28.998  80.418 0.0000000000
36086  31.703  -28.233  79.914 0.0000000000
35210  31.282  -28.229  78.185 0.0000000000
35209  31.660  -28.681  78.520 0.0000000000
36123  29.873  -27.199  76.269 0.0000000000
57875  44.052  -6.343  57.028 0.0000000000
116415  44.257  -5.454  56.788 0.0000000000
57904  42.156  -6.624  54.303 0.0000000000
57890  42.540  -6.470  55.082 0.0000000000
56998  42.671  -6.900  52.780 0.0000000000
56986  41.929  -7.063  53.088 0.0000000000
41022  18.439  -21.450  87.066 0.0000000000
114498  18.776  -21.595  86.389 0.0000000000
41038  18.150  -21.791  85.576 0.0000000000
59771  52.014  -4.159  62.553 0.0000000000
58781  50.939  -5.579  62.249 0.0000000000
54726  47.479  -8.957  67.660 0.0000000000
54742  47.102  -8.929  66.687 0.0000000000
53723  45.310  -9.848  65.786 0.0000000000
53738  45.071  -9.858  64.930 0.0000000000
54769  44.855  -9.918  64.234 0.0000000000
53739  44.319  -10.136  64.670 0.0000000000
53740  43.586  -10.404  64.317 0.0000000000
52688  42.580  -11.036  65.535 0.0000000000
52689  41.756  -11.451  65.264 0.0000000000
127486  35.961  -18.259  70.287 0.0000000000
113730  37.196  -17.536  70.274 0.0000000000
46528  36.393  -17.783  69.917 0.0000000000
125811  36.077  -17.157  68.678 0.0000000000
47555  37.762  -16.255  68.596 0.0000000000
47573  36.412  -16.458  67.589 0.0000000000
48572  36.944  -15.901  67.029 0.0000000000
47574  35.432  -16.770  67.168 0.0000000000
45526  32.921  -18.438  65.542 0.0000000000
46614  33.388  -17.969  64.968 0.0000000000
121408  33.695  -18.107  64.244 0.0000000000
44489  33.546  -18.763  64.509 0.0000000000
124432  35.632  -19.508  64.974 0.0000000000
44472  34.807  -19.643  64.980 0.0000000000
43310  36.309  -20.377  66.814 0.0000000000
43293  37.354  -20.449  67.749 0.0000000000
43292  38.260  -20.310  67.988 0.0000000000
123641  43.494  -23.861  72.868 0.0000000000
40221  42.188  -23.305  72.583 0.0000000000
121838  45.446  -23.664  72.338 0.0000000000
40238  44.995  -23.618  71.684 0.0000000000
35230  40.142  -28.460  76.865 0.0000000000
121299  39.209  -28.527  76.814 0.0000000000
36146  37.373  -27.361  74.831 0.0000000000
36132  38.854  -27.625  75.305 0.0000000000
36145  38.274  -27.359  74.530 0.0000000000
36157  38.550  -27.189  73.701 0.0000000000
64035  57.788  -0.569  52.907 0.0000000000
64034  58.641  -0.831  52.668 0.0000000000
64036  56.667  -0.183  52.681 0.0000000000
37066  30.085  -25.960  80.808 0.0000000000
38063  29.520  -25.539  81.492 0.0000000000
38050  28.760  -25.053  81.953 0.0000000000
39059  28.032  -24.556  82.336 0.0000000000
38023  29.412  -25.165  86.088 0.0000000000
39033  28.893  -24.757  85.013 0.0000000000
39034  27.530  -24.090  84.482 0.0000000000
106677  28.115  -24.378  84.231 0.0000000000
39046  27.417  -24.142  83.740 0.0000000000
39072  26.472  -23.998  82.082 0.0000000000
40113  24.856  -23.694  83.106 0.0000000000
127689  24.946  -23.394  84.310 0.0000000000
39030  36.213  -24.090  84.686 0.0000000000
38038  36.158  -25.250  84.364 0.0000000000
39044  36.630  -24.501  83.852 0.0000000000
37031  36.015  -26.126  84.145 0.0000000000
37032  35.457  -27.002  84.313 0.0000000000
37020  33.893  -27.623  85.412 0.0000000000
36032  34.556  -28.084  84.919 0.0000000000
36033  33.432  -28.579  85.463 0.0000000000
37014  32.025  -26.629  86.316 0.0000000000
36049  31.921  -27.822  84.643 0.0000000000
36035  31.914  -27.773  85.430 0.0000000000
36048  32.411  -28.480  84.184 0.0000000000
37056  30.786  -26.250  82.125 0.0000000000
37055  31.307  -26.916  81.662 0.0000000000
111605  30.705  -26.423  81.152 0.0000000000
116901  30.578  -26.585  80.324 0.0000000000
54879  40.234  -9.546  56.451 0.0000000000
55775  48.984  -8.359  68.229 0.0000000000
55761  49.062  -8.417  69.331 0.0000000000
108913  48.154  -8.943  69.297 0.0000000000
54713  46.715  -9.821  68.767 0.0000000000
53669  46.521  -10.134  69.383 0.0000000000
48443  34.885  -15.422  77.633 0.0000000000
45384  38.672  -19.043  74.775 0.0000000000
45383  39.481  -18.804  75.280 0.0000000000
121631  39.021  -19.079  74.146 0.0000000000
109633  38.306  -19.130  73.901 0.0000000000
45400  34.789  -18.204  73.510 0.0000000000
45399  35.713  -18.519  73.881 0.0000000000
45412  34.172  -18.350  73.085 0.0000000000
44336  33.983  -19.262  71.757 0.0000000000
45424  35.441  -19.111  72.502 0.0000000000
45437  35.567  -19.129  71.706 0.0000000000
45450  35.879  -18.699  70.928 0.0000000000
112107  35.228  -18.989  70.963 0.0000000000
118614  31.286  -19.961  69.388 0.0000000000
44395  32.713  -19.004  69.548 0.0000000000
44397  31.247  -19.931  68.502 0.0000000000
44416  31.586  -19.509  68.039 0.0000000000
42192  31.965  -21.370  68.419 0.0000000000
42191  33.145  -21.583  68.146 0.0000000000
42174  32.673  -21.970  68.970 0.0000000000
41198  35.545  -22.678  70.323 0.0000000000
41182  36.707  -23.270  70.885 0.0000000000
41168  35.046  -23.407  73.229 0.0000000000
41183  35.170  -23.258  72.063 0.0000000000
40227  35.802  -23.636  72.900 0.0000000000
39206  39.096  -24.630  72.752 0.0000000000
40225  37.747  -24.355  72.228 0.0000000000
116812  40.458  -23.872  72.377 0.0000000000
38175  44.210  -25.718  74.491 0.0000000000
39188  42.998  -25.028  73.688 0.0000000000
39187  44.862  -25.709  74.009 0.0000000000
36148  33.795  -27.616  74.162 0.0000000000
36161  33.237  -27.445  73.661 0.0000000000
37153  32.475  -26.558  72.416 0.0000000000
118308  32.970  -26.216  71.742 0.0000000000
38215  30.881  -25.671  70.457 0.0000000000
62925  57.009  -2.144  57.059 0.0000000000
62939  57.037  -2.479  56.418 0.0000000000
61941  56.569  -2.967  56.336 0.0000000000
61929  53.950  -2.930  57.880 0.0000000000
60854  53.565  -3.548  57.466 0.0000000000
38179  27.671  -25.630  73.253 0.0000000000
38091  28.427  -25.316  79.355 0.0000000000
39090  26.987  -24.795  79.009 0.0000000000
39103  27.320  -24.966  78.157 0.0000000000
39125  26.444  -24.582  77.210 0.0000000000
114731  25.313  -24.320  79.027 0.0000000000
40164  24.903  -23.869  76.963 0.0000000000
120952  25.218  -24.143  77.618 0.0000000000
40177  25.015  -23.703  76.178 0.0000000000
44239  34.497  -19.730  80.115 0.0000000000
44255  34.099  -19.877  79.409 0.0000000000
43140  33.248  -20.292  78.320 0.0000000000
112061  33.332  -18.885  78.557 0.0000000000
45355  33.045  -17.892  78.367 0.0000000000
45371  32.874  -18.777  77.597 0.0000000000
45356  33.002  -17.771  77.276 0.0000000000
43150  32.875  -20.238  77.412 0.0000000000
110373  32.200  -23.352  77.488 0.0000000000
42105  32.594  -21.738  77.398 0.0000000000
40162  31.867  -24.151  77.104 0.0000000000
40163  31.752  -23.474  76.689 0.0000000000
38145  32.512  -25.439  76.777 0.0000000000
38144  33.254  -25.809  76.387 0.0000000000
37114  33.699  -26.293  76.870 0.0000000000
36112  35.019  -27.052  77.759 0.0000000000
36111  36.173  -27.008  77.892 0.0000000000
36096  37.795  -27.480  78.894 0.0000000000
35208  35.072  -28.359  79.251 0.0000000000
35192  35.760  -29.056  79.982 0.0000000000
33374  38.773  -30.342  80.497 0.0000000000
114095  37.966  -29.371  80.265 0.0000000000
34295  39.077  -29.760  80.231 0.0000000000
35189  39.238  -29.033  79.994 0.0000000000
122922  39.488  -29.822  78.972 0.0000000000
111511  39.221  -30.163  79.431 0.0000000000
111458  36.994  -30.206  77.742 0.0000000000
34312  38.000  -30.121  78.068 0.0000000000
34319  36.481  -29.421  76.931 0.0000000000
34320  35.454  -29.783  76.707 0.0000000000
35146  34.723  -29.345  84.444 0.0000000000
35157  35.209  -29.215  83.559 0.0000000000
32526  34.536  -31.913  82.276 0.0000000000
32515  34.906  -31.994  82.867 0.0000000000
32538  34.877  -32.232  81.317 0.0000000000
125095  35.511  -32.467  81.700 0.0000000000
126323  34.964  -32.181  80.515 0.0000000000
34300  32.631  -29.687  79.669 0.0000000000
33387  33.086  -30.457  79.149 0.0000000000
32563  33.499  -31.241  77.790 0.0000000000
32562  33.833  -31.456  78.673 0.0000000000
32561  34.787  -31.766  78.825 0.0000000000
32577  34.482  -31.530  78.079 0.0000000000
32592  33.977  -31.365  77.431 0.0000000000
33434  32.879  -30.779  75.825 0.0000000000
34328  33.767  -30.064  75.873 0.0000000000
34327  34.864  -29.155  75.930 0.0000000000
34335  31.468  -30.169  74.223 0.0000000000
34346  31.202  -29.711  73.637 0.0000000000
117656  30.567  -29.670  73.354 0.0000000000
121530  30.452  -29.324  75.364 0.0000000000
34336  30.556  -30.049  74.622 0.0000000000
126677  29.334  -29.575  73.204 0.0000000000
34348  29.689  -29.633  73.395 0.0000000000
34359  29.477  -29.611  72.902 0.0000000000
34358  30.064  -29.602  72.928 0.0000000000
61933  47.547  -2.071  57.665 0.0000000000
62943  47.777  -1.870  56.847 0.0000000000
119138  47.138  -2.114  57.016 0.0000000000
122378  45.737  -3.124  55.985 0.0000000000
61959  46.548  -2.694  55.970 0.0000000000
60882  46.603  -3.304  55.283 0.0000000000
58856  43.994  -4.995  55.205 0.0000000000
59852  44.382  -4.614  55.522 0.0000000000
58870  44.262  -5.031  53.910 0.0000000000
57919  45.266  -6.012  53.164 0.0000000000
58881  46.499  -5.788  53.769 0.0000000000
55914  39.760  -9.110  54.780 0.0000000000
55927  40.304  -8.597  54.332 0.0000000000
40037  27.442  -22.973  88.240 0.0000000000
40999  27.257  -22.209  88.577 0.0000000000
40038  26.811  -22.850  88.157 0.0000000000
117733  26.192  -23.097  87.078 0.0000000000
40048  25.821  -22.787  87.430 0.0000000000
40050  23.866  -22.456  86.792 0.0000000000
40059  24.657  -22.756  86.274 0.0000000000
40085  24.416  -23.025  84.580 0.0000000000
40072  23.771  -22.661  84.995 0.0000000000
41019  21.341  -21.980  87.658 0.0000000000
40992  21.446  -21.596  88.977 0.0000000000
41005  21.782  -21.945  88.418 0.0000000000
40991  22.294  -21.783  89.100 0.0000000000
108846  22.166  -22.075  87.706 0.0000000000
41018  23.152  -22.140  87.554 0.0000000000
111715  22.349  -22.164  86.926 0.0000000000
122223  21.791  -22.086  84.648 0.0000000000
41051  22.392  -22.233  85.141 0.0000000000
128420  22.291  -22.289  84.585 0.0000000000
40073  22.879  -22.559  84.564 0.0000000000
41080  22.134  -22.545  83.151 0.0000000000
41095  21.007  -22.260  82.445 0.0000000000
65871  57.108  1.308  55.534 0.0000000000
64973  57.076  -0.597  56.683 0.0000000000
117684  56.217  0.599  56.821 0.0000000000
111906  55.722  0.627  57.566 0.0000000000
64939  55.279  0.082  58.677 0.0000000000
67606  55.451  3.477  59.240 0.0000000000
66719  55.259  3.046  59.840 0.0000000000
127496  54.981  0.992  59.777 0.0000000000
64959  53.991  0.440  58.759 0.0000000000
64942  52.166  0.553  58.705 0.0000000000
125450  51.370  0.065  58.448 0.0000000000
64943  50.570  -0.322  58.683 0.0000000000
64908  52.028  0.807  60.621 0.0000000000
63924  51.542  -0.059  60.989 0.0000000000
62888  49.822  -1.660  59.969 0.0000000000
62903  50.161  -0.991  59.857 0.0000000000
62904  49.569  -1.273  59.247 0.0000000000
62905  48.902  -1.762  58.901 0.0000000000
60829  48.058  -3.449  59.522 0.0000000000
61909  47.839  -2.779  59.058 0.0000000000
59806  47.001  -3.974  59.041 0.0000000000
59797  47.596  -4.198  59.465 0.0000000000
59779  50.237  -4.787  61.365 0.0000000000
59788  49.819  -4.100  60.896 0.0000000000
58798  49.414  -4.939  60.830 0.0000000000
58809  47.224  -5.679  59.636 0.0000000000
59798  46.990  -4.887  59.250 0.0000000000
58810  46.565  -5.708  59.133 0.0000000000
57854  46.037  -6.272  58.948 0.0000000000
56914  45.435  -7.287  59.150 0.0000000000
56915  44.846  -7.691  58.971 0.0000000000
56927  43.811  -7.812  58.078 0.0000000000
57774  52.156  -6.032  65.987 0.0000000000
112165  52.110  -6.157  65.221 0.0000000000
56851  51.282  -6.764  64.894 0.0000000000
56864  49.615  -7.633  64.710 0.0000000000
56872  50.086  -7.298  63.988 0.0000000000
108819  49.382  -7.519  63.955 0.0000000000
56882  49.133  -7.208  62.790 0.0000000000
109487  48.794  -7.594  63.472 0.0000000000
54766  46.966  -8.674  64.998 0.0000000000
54792  46.029  -8.828  63.223 0.0000000000
106256  46.771  -8.347  62.914 0.0000000000
56884  47.586  -7.800  62.593 0.0000000000
55840  46.212  -8.198  61.363 0.0000000000
55834  45.574  -8.874  61.795 0.0000000000
54819  44.294  -9.470  60.790 0.0000000000
55851  44.617  -8.937  60.330 0.0000000000
55852  44.068  -9.229  60.057 0.0000000000
55862  43.765  -8.833  59.335 0.0000000000
55863  43.015  -9.185  59.109 0.0000000000
54849  42.345  -9.602  58.810 0.0000000000
54834  42.674  -9.994  59.514 0.0000000000
53819  41.705  -11.097  59.630 0.0000000000
53820  41.333  -11.134  58.958 0.0000000000
52771  40.724  -11.583  58.763 0.0000000000
52770  41.023  -11.481  59.491 0.0000000000
53757  42.086  -10.805  62.770 0.0000000000
53769  42.096  -10.881  61.998 0.0000000000
52720  41.420  -11.110  62.576 0.0000000000
52735  39.814  -11.715  61.098 0.0000000000
52734  40.605  -11.460  61.374 0.0000000000
52752  39.571  -11.834  60.252 0.0000000000
52773  39.053  -12.004  59.421 0.0000000000
108135  45.397  -11.962  71.011 0.0000000000
52615  44.868  -11.726  69.920 0.0000000000
52630  45.308  -11.179  69.715 0.0000000000
51568  44.305  -12.115  69.712 0.0000000000
47499  42.003  -16.569  73.030 0.0000000000
47488  42.543  -16.270  73.460 0.0000000000
48506  42.565  -15.977  72.718 0.0000000000
48505  43.122  -15.402  72.594 0.0000000000
48514  42.605  -15.562  71.852 0.0000000000
46525  38.803  -16.891  70.447 0.0000000000
47512  39.924  -16.874  71.145 0.0000000000
47523  39.603  -16.687  70.526 0.0000000000
48538  41.253  -15.347  69.839 0.0000000000
48525  41.548  -15.619  70.631 0.0000000000
49541  43.009  -14.940  71.275 0.0000000000
49558  42.663  -14.613  70.557 0.0000000000
50572  42.992  -13.927  70.187 0.0000000000
50599  42.274  -13.278  68.769 0.0000000000
50598  42.906  -12.863  69.145 0.0000000000
51589  42.619  -12.589  68.390 0.0000000000
51588  43.310  -12.240  68.688 0.0000000000
51606  42.345  -12.280  67.659 0.0000000000
50633  40.374  -13.404  66.614 0.0000000000
50650  40.100  -13.110  65.858 0.0000000000
51640  39.866  -12.855  65.065 0.0000000000
50651  39.454  -13.520  65.497 0.0000000000
48586  37.490  -15.489  66.491 0.0000000000
48600  37.288  -15.334  65.702 0.0000000000
49677  36.864  -14.993  64.217 0.0000000000
49676  37.492  -14.648  64.500 0.0000000000
49675  37.906  -14.102  64.045 0.0000000000
49688  37.727  -13.929  63.248 0.0000000000
49698  36.478  -14.693  62.758 0.0000000000
46671  35.346  -16.733  61.840 0.0000000000
44470  37.267  -19.454  65.625 0.0000000000
45566  37.013  -19.186  64.841 0.0000000000
44469  38.055  -19.332  65.839 0.0000000000
44434  40.437  -19.206  67.233 0.0000000000
44451  39.936  -19.207  66.758 0.0000000000
42189  35.423  -21.548  68.506 0.0000000000
42171  36.583  -21.764  69.289 0.0000000000
42160  39.213  -21.582  70.319 0.0000000000
111199  38.620  -21.441  69.756 0.0000000000
124126  39.339  -21.051  69.743 0.0000000000
41177  41.148  -22.184  71.770 0.0000000000
42142  42.964  -21.947  72.362 0.0000000000
43216  43.905  -21.017  72.492 0.0000000000
42148  43.004  -21.295  72.039 0.0000000000
43232  42.241  -20.924  71.375 0.0000000000
38142  36.032  -24.956  76.420 0.0000000000
38141  36.732  -24.729  76.741 0.0000000000
38125  40.859  -25.446  78.125 0.0000000000
39119  39.400  -24.836  77.692 0.0000000000
38140  40.086  -24.919  77.676 0.0000000000
38139  40.192  -24.902  76.731 0.0000000000
111838  41.184  -25.424  77.473 0.0000000000
35228  42.034  -27.945  77.333 0.0000000000
35241  41.967  -28.017  76.343 0.0000000000
36140  43.602  -27.235  75.333 0.0000000000
36128  43.370  -27.112  76.126 0.0000000000
38152  43.190  -26.175  76.071 0.0000000000
37121  43.675  -26.741  75.624 0.0000000000
113211  43.892  -26.429  75.104 0.0000000000
37129  44.183  -26.716  74.774 0.0000000000
110022  41.671  -26.912  72.726 0.0000000000
37144  43.205  -26.926  73.025 0.0000000000
38187  44.007  -26.428  72.724 0.0000000000
110660  41.338  -25.859  71.596 0.0000000000
122865  34.913  -26.765  73.219 0.0000000000
36159  35.466  -26.948  73.763 0.0000000000
37137  35.549  -26.784  72.695 0.0000000000
37167  35.755  -26.626  71.293 0.0000000000
37150  36.131  -26.754  72.089 0.0000000000
127420  37.152  -26.570  71.955 0.0000000000
112947  35.525  -25.839  69.662 0.0000000000
38213  35.353  -26.266  70.014 0.0000000000
38211  36.726  -25.785  70.509 0.0000000000
37180  38.030  -25.964  71.271 0.0000000000
38198  38.983  -25.897  71.382 0.0000000000
38210  38.521  -25.443  70.730 0.0000000000
38209  39.511  -25.305  70.808 0.0000000000
65056  58.116  0.575  49.546 0.0000000000
112150  54.422  -0.240  53.422 0.0000000000
64037  55.370  -0.116  52.679 0.0000000000
38994  30.678  -24.199  87.350 0.0000000000
40044  30.318  -23.635  87.664 0.0000000000
42126  32.165  -21.133  76.108 0.0000000000
45388  32.679  -18.642  75.735 0.0000000000
44283  32.401  -19.603  75.570 0.0000000000
43176  31.946  -20.294  74.984 0.0000000000
44293  32.151  -19.439  74.700 0.0000000000
44306  31.611  -20.124  74.140 0.0000000000
43177  31.413  -20.842  74.597 0.0000000000
41152  30.879  -22.263  74.295 0.0000000000
40214  31.445  -23.206  73.822 0.0000000000
40213  32.630  -23.354  73.701 0.0000000000
117534  32.946  -23.697  74.253 0.0000000000
40188  34.945  -23.819  74.813 0.0000000000
39160  36.244  -23.765  75.561 0.0000000000
63972  50.722  -0.762  57.388 0.0000000000
62941  50.625  -1.410  56.882 0.0000000000
61943  50.169  -2.522  56.401 0.0000000000
112920  29.531  -26.400  76.642 0.0000000000
109042  29.574  -26.253  77.337 0.0000000000
37115  29.145  -25.749  77.100 0.0000000000
38134  28.544  -25.393  77.639 0.0000000000
40131  22.850  -23.749  81.005 0.0000000000
41105  36.361  -22.568  81.640 0.0000000000
40138  35.818  -22.930  81.095 0.0000000000
39069  35.148  -24.464  81.549 0.0000000000
38073  34.454  -25.404  81.448 0.0000000000
37054  34.107  -27.188  81.429 0.0000000000
35167  35.014  -29.027  82.277 0.0000000000
36079  31.063  -27.356  79.853 0.0000000000
36102  30.864  -27.596  78.330 0.0000000000
36115  29.997  -26.842  77.084 0.0000000000
57876  43.385  -6.542  56.545 0.0000000000
56945  43.076  -7.177  56.875 0.0000000000
124079  42.095  -7.381  55.823 0.0000000000
56975  41.506  -7.368  54.311 0.0000000000
41023  17.327  -21.553  86.965 0.0000000000
59770  52.662  -3.838  63.343 0.0000000000
59763  52.386  -4.598  63.164 0.0000000000
57794  51.328  -6.219  63.555 0.0000000000
53710  46.251  -9.730  67.367 0.0000000000
54743  46.402  -9.448  66.658 0.0000000000
53725  43.530  -10.486  65.311 0.0000000000
53713  43.816  -10.556  66.205 0.0000000000
52674  42.606  -11.349  66.439 0.0000000000
45467  34.201  -18.276  69.072 0.0000000000
46543  34.929  -17.980  69.152 0.0000000000
46560  34.570  -17.819  68.495 0.0000000000
46577  35.000  -17.341  67.895 0.0000000000
46578  34.478  -17.273  67.028 0.0000000000
46579  33.532  -17.753  66.684 0.0000000000
44474  33.186  -19.328  65.142 0.0000000000
44473  33.944  -19.740  65.068 0.0000000000
43325  33.494  -20.076  65.608 0.0000000000
112756  34.913  -20.599  66.470 0.0000000000
43295  35.590  -20.744  67.132 0.0000000000
35232  37.621  -28.652  76.692 0.0000000000
35244  38.393  -28.061  76.150 0.0000000000
35245  37.252  -27.911  75.823 0.0000000000
121812  36.616  -27.099  74.085 0.0000000000
64018  59.044  -1.295  53.651 0.0000000000
38062  30.130  -25.718  82.105 0.0000000000
127807  29.302  -25.141  83.462 0.0000000000
116724  26.881  -23.924  84.254 0.0000000000
40083  26.376  -23.674  84.891 0.0000000000
39031  35.361  -24.745  84.958 0.0000000000
36018  33.012  -27.721  85.845 0.0000000000
37033  31.403  -27.310  85.059 0.0000000000
37045  31.490  -27.003  83.838 0.0000000000
110329  31.436  -26.899  82.691 0.0000000000
47423  35.503  -16.060  77.076 0.0000000000
47422  36.442  -16.383  77.417 0.0000000000
46426  39.690  -17.748  77.011 0.0000000000
45367  39.525  -18.375  76.050 0.0000000000
46427  38.789  -18.058  76.509 0.0000000000
45385  37.882  -18.735  75.241 0.0000000000
44338  32.410  -19.236  72.458 0.0000000000
45425  33.910  -18.899  72.555 0.0000000000
44357  32.160  -19.444  71.733 0.0000000000
44356  33.111  -19.325  71.225 0.0000000000
44374  32.510  -19.290  70.392 0.0000000000
44375  31.644  -19.688  70.320 0.0000000000
43265  31.014  -20.617  69.718 0.0000000000
42176  31.044  -21.255  69.516 0.0000000000
41214  32.325  -22.226  69.746 0.0000000000
41199  34.112  -22.487  70.411 0.0000000000
109411  34.813  -22.855  70.993 0.0000000000
40198  36.989  -23.749  74.421 0.0000000000
40208  37.153  -24.205  73.121 0.0000000000
39192  37.746  -24.295  73.974 0.0000000000
39191  38.660  -24.732  73.594 0.0000000000
36162  32.512  -27.867  73.464 0.0000000000
36174  32.079  -27.304  72.847 0.0000000000
63968  56.317  -1.647  57.587 0.0000000000
61928  55.174  -2.856  57.585 0.0000000000
60855  52.657  -3.607  57.268 0.0000000000
121774  28.056  -25.060  79.971 0.0000000000
40156  24.886  -24.138  78.370 0.0000000000
40178  24.228  -23.614  76.563 0.0000000000
42086  34.474  -21.846  79.407 0.0000000000
42095  34.238  -21.093  79.241 0.0000000000
114150  33.715  -21.764  78.859 0.0000000000
42096  33.470  -21.006  78.634 0.0000000000
42097  32.960  -21.687  78.259 0.0000000000
42104  32.863  -20.931  77.880 0.0000000000
122392  32.664  -23.163  78.126 0.0000000000
117245  32.467  -25.491  77.505 0.0000000000
38131  32.874  -26.120  77.246 0.0000000000
37103  33.492  -26.553  77.626 0.0000000000
36113  34.000  -27.055  78.066 0.0000000000
36098  35.567  -27.735  78.500 0.0000000000
34298  36.596  -29.927  80.713 0.0000000000
34286  37.425  -30.871  81.176 0.0000000000
34285  38.180  -30.650  80.764 0.0000000000
33393  38.771  -30.594  80.029 0.0000000000
34305  38.591  -30.608  79.124 0.0000000000
33394  38.064  -31.173  79.773 0.0000000000
34257  33.980  -30.199  84.430 0.0000000000
33347  34.534  -30.790  83.782 0.0000000000
33367  33.808  -31.210  82.210 0.0000000000
33408  32.909  -31.076  77.242 0.0000000000
32578  33.388  -31.229  77.094 0.0000000000
124847  33.537  -31.199  76.866 0.0000000000
33418  33.063  -31.079  76.430 0.0000000000
33451  32.430  -30.524  75.176 0.0000000000
35255  29.526  -29.022  74.094 0.0000000000
35262  28.962  -29.269  73.300 0.0000000000
61947  46.547  -2.539  56.828 0.0000000000
60856  45.899  -3.096  56.974 0.0000000000
121617  45.335  -3.565  55.642 0.0000000000
58884  43.869  -5.645  53.298 0.0000000000
58895  44.589  -6.106  52.927 0.0000000000
41001  25.481  -22.171  88.690 0.0000000000
40040  25.208  -22.456  88.039 0.0000000000
41007  20.033  -21.347  87.912 0.0000000000
122617  21.129  -22.033  86.992 0.0000000000
41035  21.573  -22.039  86.372 0.0000000000
41068  21.208  -21.882  83.931 0.0000000000
41082  20.632  -21.757  83.105 0.0000000000
65861  56.151  1.968  56.594 0.0000000000
107427  55.689  1.977  58.250 0.0000000000
115844  54.958  2.723  60.244 0.0000000000
65798  54.793  2.331  60.428 0.0000000000
64941  53.141  0.951  58.921 0.0000000000
123858  53.122  1.434  59.719 0.0000000000
64922  52.115  0.912  59.597 0.0000000000
63911  51.190  -0.971  61.285 0.0000000000
61896  49.138  -2.783  60.029 0.0000000000
60821  48.739  -3.465  60.007 0.0000000000
58792  49.064  -5.734  60.904 0.0000000000
57829  48.382  -5.933  60.580 0.0000000000
57841  47.308  -6.175  59.981 0.0000000000
57831  46.996  -6.741  60.156 0.0000000000
108818  46.451  -6.990  59.832 0.0000000000
56904  45.830  -7.551  59.881 0.0000000000
116987  51.021  -7.274  66.099 0.0000000000
126536  50.925  -7.190  65.355 0.0000000000
56852  50.255  -7.541  65.484 0.0000000000
55810  48.856  -7.801  64.976 0.0000000000
127204  46.592  -8.779  64.367 0.0000000000
54780  46.028  -9.021  64.013 0.0000000000
54793  45.419  -9.228  62.601 0.0000000000
54803  45.097  -9.334  61.954 0.0000000000
54804  44.605  -9.569  61.557 0.0000000000
54820  43.636  -9.847  60.553 0.0000000000
54821  42.994  -10.280  60.245 0.0000000000
53800  42.582  -10.763  60.675 0.0000000000
53801  41.926  -11.073  60.362 0.0000000000
52722  39.908  -11.747  61.989 0.0000000000
51689  39.202  -12.101  61.653 0.0000000000
51690  38.537  -12.396  61.171 0.0000000000
50687  37.877  -12.982  61.424 0.0000000000
106348  40.957  -17.907  74.077 0.0000000000
47489  41.756  -17.150  73.794 0.0000000000
46477  40.947  -17.362  73.099 0.0000000000
47500  41.365  -16.708  72.459 0.0000000000
47534  40.096  -16.262  69.946 0.0000000000
48540  39.822  -15.901  69.244 0.0000000000
48539  40.572  -15.711  69.483 0.0000000000
49576  41.633  -14.704  69.436 0.0000000000
49575  42.280  -14.277  69.849 0.0000000000
49595  41.343  -14.431  68.712 0.0000000000
50600  41.633  -13.680  68.401 0.0000000000
50616  41.346  -13.370  67.679 0.0000000000
50617  40.677  -13.723  67.342 0.0000000000
49638  40.018  -14.071  66.994 0.0000000000
48602  35.700  -15.923  64.834 0.0000000000
48601  36.533  -15.597  65.324 0.0000000000
48616  35.465  -15.855  63.859 0.0000000000
48631  36.182  -15.213  63.466 0.0000000000
48646  35.787  -15.230  62.413 0.0000000000
48632  35.242  -15.912  62.802 0.0000000000
46661  35.366  -17.321  62.167 0.0000000000
46660  36.182  -17.585  62.025 0.0000000000
122424  38.267  -18.661  64.639 0.0000000000
44436  38.727  -19.790  67.304 0.0000000000
44453  38.376  -19.553  66.541 0.0000000000
44435  39.624  -19.589  67.453 0.0000000000
118251  40.292  -19.546  67.873 0.0000000000
41210  36.931  -22.177  69.808 0.0000000000
42170  37.851  -21.948  69.866 0.0000000000
42140  45.119  -21.962  72.787 0.0000000000
37099  37.697  -25.870  77.876 0.0000000000
38128  38.241  -25.089  77.634 0.0000000000
38105  39.671  -25.873  78.653 0.0000000000
38104  40.620  -25.907  78.644 0.0000000000
37098  41.513  -26.107  78.336 0.0000000000
127616  40.762  -27.870  75.066 0.0000000000
36130  41.759  -27.960  75.388 0.0000000000
36142  41.330  -27.797  74.530 0.0000000000
36154  42.131  -27.588  73.984 0.0000000000
126027  43.173  -27.479  73.972 0.0000000000
37145  40.741  -26.524  72.139 0.0000000000
122174  35.834  -25.154  69.221 0.0000000000
38224  38.039  -24.969  70.162 0.0000000000
59850  47.953  -4.241  55.154 0.0000000000
60880  48.358  -3.619  55.513 0.0000000000
38022  30.127  -25.744  86.024 0.0000000000
38013  29.171  -24.895  86.705 0.0000000000
39007  28.382  -24.323  86.726 0.0000000000
38010  32.117  -25.406  86.306 0.0000000000
37003  30.955  -26.466  86.257 0.0000000000
47424  33.469  -15.724  77.549 0.0000000000
48458  33.865  -15.774  76.801 0.0000000000
48471  33.886  -16.270  75.901 0.0000000000
46446  32.999  -17.686  75.470 0.0000000000
47461  33.715  -16.564  75.451 0.0000000000
48457  34.268  -16.138  76.011 0.0000000000
47442  35.169  -16.356  76.253 0.0000000000
47459  34.816  -16.579  75.416 0.0000000000
46443  35.368  -17.295  74.829 0.0000000000
46442  36.402  -17.810  75.255 0.0000000000
126418  34.765  -17.209  74.360 0.0000000000
46480  33.833  -17.788  73.589 0.0000000000
45413  33.406  -18.283  73.239 0.0000000000
44305  32.071  -19.180  73.888 0.0000000000
44321  31.619  -19.769  73.296 0.0000000000
44320  32.202  -19.131  73.115 0.0000000000
43217  31.167  -20.299  72.663 0.0000000000
41188  30.784  -21.995  71.904 0.0000000000
41171  31.822  -22.667  72.035 0.0000000000
41170  33.521  -22.952  72.495 0.0000000000
40210  35.811  -23.495  73.930 0.0000000000
40212  33.784  -23.410  73.855 0.0000000000
127215  35.273  -23.444  74.071 0.0000000000
40199  36.422  -23.512  74.632 0.0000000000
114876  37.594  -23.758  75.122 0.0000000000
38154  39.775  -24.801  75.727 0.0000000000
35272  29.682  -28.930  72.096 0.0000000000
36191  28.523  -27.457  70.583 0.0000000000
37189  29.384  -26.386  70.506 0.0000000000
37131  28.888  -26.510  74.266 0.0000000000
38166  28.444  -25.621  74.705 0.0000000000
38167  27.913  -25.011  75.056 0.0000000000
109156  26.542  -24.183  81.115 0.0000000000
120829  26.121  -24.293  80.399 0.0000000000
39093  24.932  -24.192  79.685 0.0000000000
125404  24.558  -24.057  80.761 0.0000000000
114206  24.434  -24.077  80.228 0.0000000000
40158  23.404  -23.637  78.046 0.0000000000
41120  35.437  -22.319  80.466 0.0000000000
115371  35.100  -21.878  79.952 0.0000000000
40146  34.524  -22.713  79.831 0.0000000000
40147  33.655  -23.534  79.471 0.0000000000
37076  33.315  -26.632  79.165 0.0000000000
36085  33.683  -27.280  79.870 0.0000000000
35193  34.893  -28.818  80.252 0.0000000000
36077  33.956  -27.492  80.669 0.0000000000
34287  36.351  -30.568  81.487 0.0000000000
33376  36.883  -31.572  81.572 0.0000000000
32535  36.937  -31.915  81.312 0.0000000000
34307  32.153  -29.142  78.942 0.0000000000
115849  31.768  -28.538  79.205 0.0000000000
34315  32.062  -29.449  78.065 0.0000000000
110878  31.815  -29.872  77.156 0.0000000000
34322  31.520  -30.222  76.127 0.0000000000
34323  30.944  -29.584  76.000 0.0000000000
35237  30.216  -28.131  75.858 0.0000000000
35249  29.935  -28.591  74.934 0.0000000000
59823  44.779  -4.998  57.258 0.0000000000
107726  44.069  -5.127  55.980 0.0000000000
58857  43.490  -5.387  54.869 0.0000000000
57889  43.098  -5.989  55.580 0.0000000000
58885  43.113  -5.766  53.557 0.0000000000
57920  43.198  -6.207  52.964 0.0000000000
42011  19.688  -20.952  88.464 0.0000000000
41021  19.435  -21.577  87.185 0.0000000000
41054  19.583  -21.622  84.855 0.0000000000
41056  17.477  -22.387  84.919 0.0000000000
60811  50.916  -3.183  61.472 0.0000000000
59772  51.625  -4.955  62.357 0.0000000000
116703  50.834  -5.088  61.870 0.0000000000
58790  50.255  -5.551  61.704 0.0000000000
57818  49.542  -6.178  61.624 0.0000000000
57807  48.979  -6.950  62.065 0.0000000000
111238  48.530  -8.351  66.677 0.0000000000
55799  48.543  -8.252  66.032 0.0000000000
54741  47.835  -8.553  66.273 0.0000000000
54754  47.052  -8.749  65.830 0.0000000000
54755  46.407  -9.155  65.448 0.0000000000
54744  46.055  -9.541  65.945 0.0000000000
54768  45.490  -9.545  64.304 0.0000000000
53767  43.693  -10.346  62.486 0.0000000000
53755  43.487  -10.447  63.324 0.0000000000
53756  42.508  -10.719  63.352 0.0000000000
52708  42.161  -10.917  64.018 0.0000000000
53726  42.938  -10.636  64.799 0.0000000000
52700  42.298  -10.974  64.698 0.0000000000
52702  40.913  -11.627  64.083 0.0000000000
51653  40.370  -12.237  64.586 0.0000000000
49523  44.463  -14.256  73.026 0.0000000000
46508  37.913  -17.976  71.598 0.0000000000
113038  38.628  -17.683  71.676 0.0000000000
106493  37.761  -17.642  70.848 0.0000000000
46527  38.040  -17.160  70.300 0.0000000000
117325  38.421  -16.692  69.830 0.0000000000
46558  36.190  -17.407  69.186 0.0000000000
47536  37.631  -16.826  69.481 0.0000000000
47554  38.445  -16.281  69.195 0.0000000000
48557  38.592  -15.719  68.433 0.0000000000
48570  38.402  -15.404  67.581 0.0000000000
48571  37.698  -15.646  67.284 0.0000000000
47575  34.753  -16.888  66.467 0.0000000000
47591  35.315  -16.489  66.188 0.0000000000
47605  35.083  -16.383  65.253 0.0000000000
47606  34.306  -16.867  64.729 0.0000000000
45568  34.594  -18.727  63.808 0.0000000000
45567  35.562  -18.868  63.806 0.0000000000
44487  35.064  -19.256  64.339 0.0000000000
44471  36.403  -19.521  65.316 0.0000000000
44455  36.589  -19.937  66.144 0.0000000000
44437  37.896  -20.020  67.156 0.0000000000
41167  40.985  -22.914  72.161 0.0000000000
40219  45.377  -24.146  72.709 0.0000000000
41164  44.835  -23.023  72.682 0.0000000000
41163  45.444  -23.033  72.543 0.0000000000
35203  40.898  -28.421  79.059 0.0000000000
35202  41.451  -27.989  78.710 0.0000000000
35220  40.471  -28.715  77.881 0.0000000000
36131  39.858  -27.782  75.188 0.0000000000
36156  39.503  -27.223  73.632 0.0000000000
36171  38.668  -26.926  73.107 0.0000000000
37199  33.630  -26.106  69.731 0.0000000000
37198  34.348  -26.303  69.881 0.0000000000
38228  34.021  -25.975  69.199 0.0000000000
39249  34.628  -25.305  68.570 0.0000000000
64066  58.580  -0.260  51.061 0.0000000000
64050  58.383  -0.401  51.675 0.0000000000
65027  57.742  0.023  51.067 0.0000000000
64067  56.736  0.186  51.097 0.0000000000
62956  53.949  -2.371  55.527 0.0000000000
39079  28.073  -24.933  80.616 0.0000000000
39071  27.310  -24.263  81.759 0.0000000000
125661  25.764  -23.949  82.390 0.0000000000
39062  25.496  -23.875  83.068 0.0000000000
39043  36.895  -23.580  83.612 0.0000000000
38046  36.286  -25.676  83.830 0.0000000000
36059  35.254  -28.116  83.503 0.0000000000
37044  35.580  -27.138  83.790 0.0000000000
36047  35.154  -28.206  84.257 0.0000000000
35135  34.214  -29.122  85.135 0.0000000000
34245  34.047  -29.789  84.910 0.0000000000
34246  33.607  -29.703  84.785 0.0000000000
34258  33.467  -29.874  84.250 0.0000000000
35158  32.829  -29.236  83.779 0.0000000000
37013  32.840  -26.792  85.974 0.0000000000
36034  32.465  -28.129  85.580 0.0000000000
122987  31.856  -27.573  85.752 0.0000000000
112896  32.621  -28.990  82.661 0.0000000000
35169  32.232  -28.275  81.912 0.0000000000
36069  31.670  -27.620  81.286 0.0000000000
55887  41.653  -8.850  57.379 0.0000000000
55899  41.372  -8.516  56.536 0.0000000000
55900  40.663  -8.877  56.057 0.0000000000
54890  39.943  -9.218  55.580 0.0000000000
54902  39.405  -9.731  54.582 0.0000000000
57766  51.980  -6.035  66.928 0.0000000000
56839  51.108  -7.259  67.022 0.0000000000
55773  50.277  -7.655  67.378 0.0000000000
55759  50.318  -7.558  68.337 0.0000000000
55786  48.813  -8.335  67.358 0.0000000000
54725  48.313  -8.590  67.726 0.0000000000
54727  46.794  -9.547  67.940 0.0000000000
53681  46.150  -9.984  68.132 0.0000000000
53682  45.555  -10.333  68.295 0.0000000000
45407  40.245  -18.572  74.382 0.0000000000
45408  39.604  -18.793  73.867 0.0000000000
45420  38.911  -18.895  73.461 0.0000000000
46493  38.842  -18.458  72.779 0.0000000000
45387  36.071  -18.221  74.489 0.0000000000
45398  36.584  -18.933  73.999 0.0000000000
109990  34.844  -18.832  72.825 0.0000000000
45410  36.609  -19.125  73.197 0.0000000000
45422  37.160  -19.026  72.543 0.0000000000
45435  37.330  -18.563  71.824 0.0000000000
46509  37.220  -18.119  71.140 0.0000000000
45451  35.333  -18.556  70.344 0.0000000000
45466  34.753  -18.406  69.747 0.0000000000
44355  33.489  -19.098  70.436 0.0000000000
45453  33.847  -18.694  69.734 0.0000000000
45468  33.270  -18.587  68.907 0.0000000000
45469  32.306  -18.972  68.529 0.0000000000
43298  31.718  -20.280  67.278 0.0000000000
127942  33.006  -21.203  67.354 0.0000000000
117666  34.886  -21.932  69.074 0.0000000000
120232  34.428  -22.247  69.700 0.0000000000
41212  35.280  -22.269  69.702 0.0000000000
41211  36.107  -22.298  69.735 0.0000000000
41196  37.304  -22.620  70.363 0.0000000000
41180  38.559  -22.969  71.019 0.0000000000
41184  34.234  -22.904  71.822 0.0000000000
40235  36.124  -23.586  71.791 0.0000000000
120289  37.194  -24.183  72.076 0.0000000000
40234  37.002  -23.768  71.506 0.0000000000
40233  37.958  -23.811  71.520 0.0000000000
40232  38.983  -23.519  71.562 0.0000000000
40231  39.928  -23.226  71.782 0.0000000000
119616  42.575  -24.266  73.015 0.0000000000
39203  44.630  -24.841  73.439 0.0000000000
35252  34.760  -28.100  75.256 0.0000000000
36147  34.652  -27.438  74.527 0.0000000000
37138  34.337  -26.731  73.204 0.0000000000
37152  33.827  -26.576  72.815 0.0000000000
37169  33.974  -26.445  71.782 0.0000000000
125065  33.284  -26.098  70.342 0.0000000000
37155  30.901  -27.101  72.115 0.0000000000
37171  31.214  -26.439  71.704 0.0000000000
38199  31.590  -25.906  71.068 0.0000000000
37170  32.587  -25.945  70.893 0.0000000000
62952  57.404  -2.128  56.130 0.0000000000
62953  57.071  -2.512  56.040 0.0000000000
38108  29.198  -25.700  78.862 0.0000000000
38092  27.808  -25.122  78.772 0.0000000000
38110  28.006  -25.149  78.096 0.0000000000
39124  27.782  -25.023  77.377 0.0000000000
39148  27.147  -24.785  76.813 0.0000000000
110045  26.097  -24.523  78.995 0.0000000000
108569  25.886  -24.415  77.618 0.0000000000
39150  25.797  -23.947  75.817 0.0000000000
39167  25.789  -23.935  74.907 0.0000000000
44256  33.618  -19.700  78.775 0.0000000000
47425  33.178  -15.764  78.449 0.0000000000
45372  32.837  -18.722  76.635 0.0000000000
43151  32.642  -20.991  76.926 0.0000000000
43160  32.643  -20.194  76.410 0.0000000000
40176  31.446  -23.576  75.928 0.0000000000
39165  31.681  -24.132  75.732 0.0000000000
39164  32.206  -24.559  75.522 0.0000000000
38156  32.754  -25.203  75.934 0.0000000000
113535  34.084  -25.815  76.314 0.0000000000
37112  35.472  -25.794  76.740 0.0000000000
115264  35.024  -26.414  77.135 0.0000000000
37101  35.805  -26.350  77.279 0.0000000000
119528  36.748  -26.111  77.532 0.0000000000
37088  38.150  -26.555  78.503 0.0000000000
36095  38.759  -27.225  79.103 0.0000000000
37075  40.188  -27.533  79.474 0.0000000000
36100  33.743  -27.261  78.925 0.0000000000
35191  36.917  -29.244  80.063 0.0000000000
35206  37.524  -28.483  79.561 0.0000000000
35205  38.582  -28.198  79.587 0.0000000000
35188  39.990  -28.441  79.571 0.0000000000
34303  40.458  -28.915  78.847 0.0000000000
34310  39.762  -29.341  78.403 0.0000000000
35221  39.081  -29.114  77.579 0.0000000000
35222  38.263  -29.337  77.458 0.0000000000
35233  36.736  -28.570  76.442 0.0000000000
122968  35.325  -30.042  83.329 0.0000000000
33357  34.979  -31.662  83.255 0.0000000000
33356  35.483  -31.784  82.842 0.0000000000
32524  35.778  -32.282  82.245 0.0000000000
32536  36.186  -32.368  81.359 0.0000000000
32549  35.989  -32.395  80.373 0.0000000000
33386  33.531  -31.121  79.203 0.0000000000
32551  34.266  -31.747  79.977 0.0000000000
32550  35.093  -32.088  79.865 0.0000000000
32560  35.582  -31.977  79.409 0.0000000000
33396  36.064  -31.688  78.865 0.0000000000
33406  35.537  -31.177  77.972 0.0000000000
33416  35.021  -30.753  77.187 0.0000000000
33417  34.152  -31.121  76.980 0.0000000000
34334  32.382  -29.903  74.475 0.0000000000
35254  32.544  -28.854  73.929 0.0000000000
35261  31.828  -28.885  73.497 0.0000000000
35265  30.249  -28.955  72.488 0.0000000000
33437  30.981  -30.488  74.856 0.0000000000
33454  30.611  -30.134  74.304 0.0000000000
33455  30.219  -29.858  73.899 0.0000000000
35273  29.021  -29.295  71.861 0.0000000000
35274  28.285  -29.318  71.688 0.0000000000
35284  27.830  -29.290  71.200 0.0000000000
62942  48.555  -1.681  56.807 0.0000000000
61958  47.149  -2.814  55.624 0.0000000000
60881  47.523  -3.440  55.339 0.0000000000
60883  44.913  -3.990  55.381 0.0000000000
59866  45.463  -4.268  54.536 0.0000000000
59881  45.115  -4.870  53.956 0.0000000000
58869  46.038  -4.961  54.099 0.0000000000
55912  41.087  -8.233  55.641 0.0000000000
56960  40.903  -8.048  54.724 0.0000000000
55937  41.160  -8.143  53.186 0.0000000000
41016  30.018  -21.830  87.807 0.0000000000
40997  29.063  -22.349  88.205 0.0000000000
40036  28.259  -23.035  88.204 0.0000000000
38998  27.239  -23.624  87.194 0.0000000000
125036  26.788  -22.555  88.478 0.0000000000
40057  26.512  -23.420  86.710 0.0000000000
115781  25.156  -23.032  85.805 0.0000000000
121815  25.121  -23.122  85.035 0.0000000000
116676  23.140  -21.810  89.170 0.0000000000
128160  23.279  -22.432  86.202 0.0000000000
41034  22.509  -22.179  86.049 0.0000000000
40101  22.635  -23.004  82.654 0.0000000000
127914  22.059  -23.044  82.013 0.0000000000
40117  21.373  -22.965  81.954 0.0000000000
41083  19.698  -21.786  83.191 0.0000000000
127514  57.624  -0.781  56.196 0.0000000000
63955  55.400  -0.884  58.111 0.0000000000
67617  55.586  3.648  58.461 0.0000000000
65812  55.452  1.788  59.250 0.0000000000
65813  55.185  2.222  59.937 0.0000000000
65827  55.147  1.081  59.527 0.0000000000
63970  52.552  -0.421  57.745 0.0000000000
63971  51.657  -0.548  57.482 0.0000000000
64961  51.953  0.060  57.928 0.0000000000
63958  49.407  -1.028  57.957 0.0000000000
65785  53.388  1.912  62.296 0.0000000000
111765  50.619  -0.321  59.573 0.0000000000
63943  49.821  -0.842  58.572 0.0000000000
62915  48.766  -1.451  58.113 0.0000000000
61921  47.409  -2.656  58.442 0.0000000000
60842  46.859  -3.288  58.490 0.0000000000
59808  45.803  -4.780  58.287 0.0000000000
58799  48.574  -5.171  60.345 0.0000000000
117087  46.316  -5.066  58.828 0.0000000000
58819  45.304  -5.394  58.005 0.0000000000
57856  45.011  -6.776  58.143 0.0000000000
57855  45.528  -6.750  58.711 0.0000000000
57867  44.411  -6.854  57.611 0.0000000000
56935  44.022  -7.282  57.697 0.0000000000
55885  43.105  -8.139  57.891 0.0000000000
58756  52.525  -5.498  64.842 0.0000000000
57795  50.886  -6.807  64.114 0.0000000000
57796  50.386  -6.740  63.358 0.0000000000
110331  48.409  -8.109  65.319 0.0000000000
55811  48.351  -7.955  64.718 0.0000000000
55813  47.249  -8.465  64.244 0.0000000000
55823  48.040  -7.982  64.058 0.0000000000
56874  48.049  -7.797  63.261 0.0000000000
108446  47.451  -7.535  61.807 0.0000000000
55839  46.987  -7.559  61.268 0.0000000000
55849  45.865  -8.061  60.614 0.0000000000
55850  45.219  -8.381  60.279 0.0000000000
55873  43.423  -8.465  58.599 0.0000000000
55886  42.382  -8.476  57.663 0.0000000000
54864  41.981  -9.199  58.144 0.0000000000
54865  41.273  -9.752  57.855 0.0000000000
54835  41.976  -10.498  59.102 0.0000000000
53839  41.371  -10.559  58.474 0.0000000000
53785  42.029  -10.987  61.148 0.0000000000
52750  41.332  -11.286  60.822 0.0000000000
52772  40.167  -11.833  59.340 0.0000000000
110736  46.633  -10.339  70.111 0.0000000000
53670  45.913  -10.596  69.527 0.0000000000
52643  45.235  -10.805  68.882 0.0000000000
52644  44.416  -11.209  68.533 0.0000000000
49524  43.771  -14.808  72.564 0.0000000000
46506  39.946  -17.234  71.806 0.0000000000
47511  40.486  -16.736  71.474 0.0000000000
109058  41.458  -16.313  71.808 0.0000000000
47510  41.072  -16.221  71.158 0.0000000000
48515  41.869  -15.911  71.405 0.0000000000
49540  43.579  -14.501  71.671 0.0000000000
50560  43.953  -13.833  71.288 0.0000000000
51553  43.979  -12.795  70.159 0.0000000000
50584  42.612  -13.588  69.493 0.0000000000
50583  43.300  -13.221  69.827 0.0000000000
51587  43.996  -11.869  68.978 0.0000000000
52645  43.695  -11.587  68.252 0.0000000000
52657  43.440  -11.312  67.506 0.0000000000
52658  42.752  -11.615  67.230 0.0000000000
51607  41.673  -12.626  67.334 0.0000000000
51622  41.435  -12.324  66.563 0.0000000000
51638  41.209  -12.033  65.773 0.0000000000
51639  40.548  -12.459  65.413 0.0000000000
51654  39.666  -12.632  64.229 0.0000000000
49620  38.857  -14.875  67.132 0.0000000000
49640  38.626  -14.685  66.349 0.0000000000
49658  39.058  -14.145  65.917 0.0000000000
48614  37.059  -15.137  64.932 0.0000000000
49659  38.398  -14.496  65.592 0.0000000000
50652  38.797  -13.905  65.161 0.0000000000
50664  38.575  -13.720  64.362 0.0000000000
50671  38.958  -13.087  63.813 0.0000000000
50672  38.231  -13.330  62.855 0.0000000000
50679  37.481  -13.749  62.478 0.0000000000
126347  36.112  -14.797  62.162 0.0000000000
108832  36.618  -18.839  64.074 0.0000000000
45565  38.624  -18.790  65.167 0.0000000000
45525  38.844  -19.132  65.844 0.0000000000
42200  35.020  -21.281  67.732 0.0000000000
43283  35.976  -21.098  67.974 0.0000000000
43282  36.803  -20.890  68.250 0.0000000000
111725  37.269  -21.651  69.411 0.0000000000
42187  37.918  -21.225  69.186 0.0000000000
43281  37.605  -20.780  68.482 0.0000000000
118781  38.281  -20.703  68.694 0.0000000000
43279  39.494  -20.519  69.119 0.0000000000
43263  40.667  -20.409  69.591 0.0000000000
42150  40.783  -21.745  71.307 0.0000000000
42159  40.501  -21.370  70.747 0.0000000000
43248  40.749  -20.795  70.262 0.0000000000
39145  34.915  -24.625  75.636 0.0000000000
39144  35.764  -24.404  75.876 0.0000000000
39142  37.616  -23.930  76.371 0.0000000000
39121  37.907  -24.449  77.038 0.0000000000
127613  38.335  -24.257  76.774 0.0000000000
39141  38.276  -24.000  76.343 0.0000000000
38153  40.919  -25.367  75.618 0.0000000000
36093  41.675  -27.395  78.579 0.0000000000
36092  41.962  -26.790  78.246 0.0000000000
37097  42.237  -26.356  77.745 0.0000000000
36129  42.861  -27.695  75.786 0.0000000000
118794  42.975  -26.998  76.892 0.0000000000
38138  42.420  -26.059  77.112 0.0000000000
38163  43.450  -25.869  75.105 0.0000000000
37128  44.706  -26.353  74.248 0.0000000000
37136  43.966  -27.078  73.988 0.0000000000
36172  37.247  -26.935  73.115 0.0000000000
37147  38.920  -26.698  72.576 0.0000000000
37197  34.991  -26.489  70.157 0.0000000000
37183  35.567  -26.407  70.546 0.0000000000
37182  36.354  -26.324  70.970 0.0000000000
124979  36.940  -26.380  71.500 0.0000000000
37165  37.591  -26.382  71.701 0.0000000000
37163  39.496  -26.407  72.003 0.0000000000
38207  41.918  -25.206  71.173 0.0000000000
64020  56.811  -0.687  54.158 0.0000000000
114192  56.261  -0.275  53.475 0.0000000000
64052  54.887  -0.259  51.436 0.0000000000
61944  49.208  -2.149  56.340 0.0000000000
60868  49.833  -3.207  56.128 0.0000000000
60879  49.278  -3.859  55.737 0.0000000000
32525  35.156  -32.342  82.313 0.0000000000
34266  35.725  -31.154  82.770 0.0000000000
34267  35.248  -31.036  83.446 0.0000000000
34296  38.692  -29.868  80.469 0.0000000000
34304  39.637  -29.465  79.393 0.0000000000
35187  40.572  -28.296  79.414 0.0000000000
35204  40.204  -28.834  79.432 0.0000000000
35217  42.440  -27.356  77.424 0.0000000000
35218  41.900  -27.732  78.077 0.0000000000
35219  41.284  -28.357  78.204 0.0000000000
36094  41.093  -27.769  79.216 0.0000000000
36110  42.178  -27.242  78.020 0.0000000000
37096  42.522  -26.885  77.598 0.0000000000
37104  32.988  -26.341  77.944 0.0000000000
38106  38.642  -25.727  78.279 0.0000000000
38126  39.986  -25.171  78.230 0.0000000000
38129  37.262  -25.067  77.247 0.0000000000
38132  32.662  -25.822  78.007 0.0000000000
38155  33.912  -25.238  75.723 0.0000000000
38174  44.835  -26.064  74.338 0.0000000000
39120  38.704  -24.641  77.367 0.0000000000
39143  36.697  -24.089  76.242 0.0000000000
39147  31.665  -24.082  76.338 0.0000000000
39161  35.386  -24.012  75.349 0.0000000000
39178  31.753  -24.023  75.031 0.0000000000
40127  36.304  -23.110  81.779 0.0000000000
40128  35.898  -23.697  81.653 0.0000000000
40203  31.463  -23.536  74.601 0.0000000000
40211  34.624  -23.382  73.731 0.0000000000
41136  32.140  -22.627  77.037 0.0000000000
41143  31.569  -22.808  76.266 0.0000000000
41172  31.377  -22.663  72.549 0.0000000000
41173  30.812  -22.280  72.690 0.0000000000
41187  31.340  -22.332  71.482 0.0000000000
41201  32.033  -22.382  70.388 0.0000000000
41216  30.958  -21.678  70.243 0.0000000000
42073  35.701  -21.463  80.520 0.0000000000
42131  31.043  -21.584  74.510 0.0000000000
42132  30.786  -21.768  73.847 0.0000000000
42175  31.630  -21.679  69.165 0.0000000000
42201  33.950  -21.346  67.538 0.0000000000
43218  30.735  -20.810  72.128 0.0000000000
43234  30.797  -20.865  71.261 0.0000000000
43250  31.148  -20.301  70.627 0.0000000000
43284  31.512  -20.644  68.106 0.0000000000
43299  31.691  -19.872  67.043 0.0000000000
43313  32.954  -20.383  66.234 0.0000000000
43324  34.642  -20.193  65.695 0.0000000000
43327  32.539  -19.392  65.915 0.0000000000
44240  33.883  -19.020  79.548 0.0000000000
44339  31.756  -19.612  72.511 0.0000000000
44417  31.361  -20.028  67.788 0.0000000000
44457  32.135  -19.461  66.608 0.0000000000
44488  34.035  -19.209  64.415 0.0000000000
45409  37.403  -19.125  73.533 0.0000000000
45434  37.794  -18.623  72.232 0.0000000000
45488  33.657  -18.191  68.289 0.0000000000
45490  32.113  -18.949  67.620 0.0000000000
45507  32.746  -18.332  66.268 0.0000000000
45546  37.898  -19.042  65.135 0.0000000000
45548  32.746  -18.898  65.468 0.0000000000
45588  34.314  -18.049  63.478 0.0000000000
46507  39.199  -17.168  71.285 0.0000000000
46598  33.283  -17.825  65.740 0.0000000000
46632  33.875  -17.467  64.396 0.0000000000
46670  35.842  -17.029  61.494 0.0000000000
47443  33.617  -16.284  76.350 0.0000000000
47572  37.252  -16.149  67.848 0.0000000000
47592  34.506  -16.823  65.671 0.0000000000
47616  34.869  -16.373  64.295 0.0000000000
47631  34.538  -16.998  63.179 0.0000000000
47646  35.119  -16.391  62.212 0.0000000000
48587  36.743  -15.756  66.171 0.0000000000
49660  37.735  -14.821  65.277 0.0000000000
52614  45.343  -11.574  70.398 0.0000000000
54781  45.467  -9.386  63.470 0.0000000000
54880  39.677  -9.798  55.951 0.0000000000
55841  45.127  -9.113  61.467 0.0000000000
56838  51.712  -6.709  66.606 0.0000000000
56925  45.117  -7.153  58.580 0.0000000000
56958  42.091  -7.057  55.118 0.0000000000
56987  41.452  -7.490  53.509 0.0000000000
57921  42.442  -6.377  53.479 0.0000000000
59753  52.693  -4.696  64.656 0.0000000000
59868  43.964  -5.020  54.500 0.0000000000
106864  34.765  -19.196  72.144 0.0000000000
107224  32.645  -22.780  72.045 0.0000000000
107853  41.004  -16.600  71.818 0.0000000000
108941  31.226  -20.495  68.789 0.0000000000
109688  37.097  -14.224  62.836 0.0000000000
114089  36.289  -21.399  68.691 0.0000000000
115355  32.984  -25.113  79.270 0.0000000000
121819  32.179  -20.477  75.680 0.0000000000
122124  30.818  -21.222  73.467 0.0000000000
122522  42.759  -26.598  77.149 0.0000000000
124075  34.005  -19.247  71.065 0.0000000000
124161  32.202  -19.451  70.966 0.0000000000
124502  34.844  -22.514  70.232 0.0000000000
124725  32.640  -24.819  78.662 0.0000000000
126133  39.146  -11.967  60.917 0.0000000000
126160  37.021  -28.990  76.803 0.0000000000
126255  43.656  -5.443  55.603 0.0000000000
126474  42.202  -16.660  73.608 0.0000000000
126888  31.252  -20.144  70.014 0.0000000000
128059  38.619  -13.222  63.321 0.0000000000
128094  35.373  -23.562  74.557 0.0000000000
