#!ascii label  , from subject sub-v2s4x29634_ses-1 vox2ras=TkReg
1514
22573  30.607  -42.720  12.446 0.6000000238
127276  30.015  -43.554  13.494 0.5000000000
24372  30.338  -40.862  12.329 0.6999999881
25297  30.334  -40.038  12.373 0.6000000238
24384  30.838  -40.331  11.884 0.6000000238
25296  31.095  -38.911  12.052 0.6000000238
22560  29.843  -42.325  12.971 0.6999999881
23476  30.402  -41.781  12.351 0.6000000238
23489  30.907  -41.235  11.844 0.5000000000
23488  31.578  -41.587  11.469 0.5000000000
23487  32.246  -41.929  11.117 0.5000000000
25309  31.468  -39.605  11.581 0.6000000238
113054  29.290  -41.664  13.470 0.5000000000
21682  30.245  -43.226  13.075 0.5000000000
121972  31.364  -43.130  11.966 0.6000000238
26263  31.891  -38.548  11.615 0.6000000238
20866  30.148  -44.658  14.041 0.5000000000
110806  29.672  -44.549  14.679 0.5000000000
27201  30.212  -37.268  13.290 0.6000000238
123832  29.422  -40.091  13.244 0.6000000238
25286  29.298  -39.352  13.466 0.6999999881
26239  30.115  -38.108  13.045 0.6000000238
26251  30.635  -38.461  12.537 0.6000000238
27213  30.863  -37.620  12.708 0.6000000238
24361  29.295  -40.793  13.345 0.6000000238
23477  29.760  -41.325  12.796 0.6999999881
26250  31.499  -37.965  12.147 0.6000000238
22561  29.361  -42.420  13.649 0.5000000000
23465  28.758  -41.077  14.084 0.5000000000
127217  32.033  -37.374  12.006 0.6000000238
21683  29.714  -43.829  13.993 0.5000000000
26262  32.755  -38.088  11.128 0.6000000238
21661  29.264  -43.737  14.812 0.5000000000
27242  33.505  -37.684  10.630 0.6000000238
124026  33.980  -35.905  11.461 0.6999999881
28288  34.362  -35.829  10.344 0.6999999881
27241  34.222  -36.853  10.163 0.6000000238
27256  34.647  -36.937  9.266 0.6000000238
28296  34.484  -35.875  8.708 0.6000000238
28287  34.492  -36.086  9.311 0.6000000238
28291  30.930  -36.693  10.655 0.5000000000
28271  29.297  -36.665  11.523 0.6999999881
27244  30.668  -37.535  10.552 0.6000000238
28272  28.195  -36.578  11.827 0.8000000119
26264  29.325  -37.995  11.271 0.6999999881
29299  29.878  -35.986  13.925 0.6000000238
28246  30.542  -36.376  13.444 0.6999999881
26241  28.972  -38.770  13.853 0.6999999881
26240  29.489  -38.509  13.430 0.6999999881
27202  29.431  -37.313  13.782 0.6000000238
28259  31.119  -36.767  12.897 0.6999999881
28245  31.523  -35.941  13.205 0.6999999881
25278  28.655  -39.369  14.304 0.6000000238
26228  28.700  -38.578  14.374 0.6000000238
24344  28.235  -40.493  15.360 0.5000000000
24353  28.524  -40.282  14.583 0.5000000000
29313  32.643  -35.574  12.984 0.8000000119
23447  28.278  -41.267  15.452 0.5000000000
117681  28.464  -40.948  14.848 0.5000000000
28257  33.321  -35.854  12.305 0.8000000119
27212  32.722  -36.776  11.928 0.6000000238
21662  28.834  -43.618  15.507 0.5000000000
29312  33.634  -35.098  12.737 0.8000000119
28256  34.149  -35.153  11.941 0.8000000119
27224  33.522  -36.982  11.087 0.6999999881
109553  34.040  -34.630  11.493 0.6999999881
29325  34.299  -35.117  10.955 0.6999999881
124237  33.688  -34.844  9.854 0.6999999881
30407  34.007  -34.606  10.560 0.6999999881
112675  32.886  -34.654  10.157 0.6000000238
29352  34.109  -35.411  9.339 0.6000000238
29351  34.290  -35.603  9.450 0.6000000238
124477  32.286  -35.297  10.322 0.6999999881
28289  33.008  -35.218  9.771 0.6999999881
29353  33.721  -35.334  9.416 0.6000000238
28290  32.033  -36.155  10.146 0.6000000238
27226  30.003  -37.230  11.093 0.8000000119
28270  30.372  -36.301  11.194 0.8000000119
123956  31.375  -37.085  10.270 0.6000000238
28260  27.873  -35.746  12.008 0.8999999762
27228  27.558  -37.269  11.749 0.6999999881
27227  28.546  -37.439  11.614 0.6999999881
29280  30.086  -35.184  14.357 0.6000000238
29279  31.099  -34.674  14.250 0.6999999881
30358  31.343  -33.830  14.893 0.6999999881
30357  32.202  -34.173  14.245 0.6000000238
120087  28.538  -36.130  15.721 0.4000000060
28236  28.621  -37.072  14.872 0.6000000238
29281  29.281  -35.738  14.622 0.6000000238
27175  28.405  -37.485  15.424 0.6000000238
29297  32.025  -34.997  13.596 0.8000000119
26199  28.087  -39.014  15.957 0.4000000060
25269  28.263  -39.653  15.201 0.5000000000
26215  28.379  -38.783  15.038 0.6000000238
111701  33.107  -34.934  13.315 0.8000000119
25255  28.007  -39.986  16.016 0.5000000000
23435  28.066  -41.628  16.143 0.4000000060
29311  33.948  -34.556  12.388 0.8000000119
109244  28.570  -42.865  15.556 0.5000000000
30396  33.647  -34.149  11.125 0.8000000119
31411  31.825  -33.170  12.117 0.8000000119
30382  33.756  -34.080  12.046 0.8000000119
29342  31.965  -34.826  10.807 0.8000000119
30397  32.978  -33.907  10.957 0.6999999881
30383  30.380  -34.179  12.119 0.8999999762
30399  31.127  -34.568  11.511 0.8999999762
30398  32.181  -34.112  11.148 0.6999999881
29326  30.764  -35.410  11.309 0.8999999762
29343  31.387  -35.782  10.747 0.6000000238
29328  28.917  -35.855  11.899 0.8999999762
108077  29.818  -35.868  11.558 0.8999999762
28274  26.533  -36.346  11.413 0.8000000119
27229  26.738  -37.228  11.549 0.8000000119
28273  27.254  -36.460  11.768 0.8000000119
28261  27.017  -35.591  11.792 0.8000000119
31367  30.946  -33.297  15.687 0.6999999881
121050  31.803  -33.114  15.203 0.6000000238
119976  30.451  -33.893  15.444 0.5000000000
31365  32.264  -32.785  14.968 0.6999999881
29247  29.064  -34.943  15.897 0.4000000060
29263  29.459  -34.973  15.072 0.6000000238
106488  32.471  -33.433  14.550 0.6999999881
28206  28.372  -36.463  16.473 0.5000000000
30374  32.997  -34.276  13.728 0.6999999881
28193  28.329  -36.439  17.357 0.5000000000
110747  28.276  -38.157  15.627 0.6000000238
27148  27.959  -37.790  17.686 0.4000000060
27160  28.101  -37.976  16.929 0.4000000060
32354  32.725  -32.804  13.697 0.8000000119
31396  33.387  -33.619  13.361 0.8000000119
26187  27.753  -39.076  17.471 0.4000000060
31409  33.424  -33.452  12.629 0.8000000119
32365  33.186  -33.196  13.302 0.8000000119
29296  33.635  -34.479  13.136 0.8000000119
22532  28.244  -42.453  16.231 0.3000000119
32368  31.296  -32.713  12.639 0.8000000119
122975  31.570  -32.425  13.019 0.8000000119
31410  32.703  -33.202  12.212 0.8000000119
31412  30.845  -33.367  12.354 0.8000000119
31423  32.430  -33.572  11.562 0.8000000119
31413  29.631  -33.710  12.728 0.8999999762
30384  29.255  -34.480  12.359 0.8999999762
29327  29.831  -35.078  11.865 0.8999999762
123203  28.723  -34.096  12.609 0.8999999762
29314  28.625  -35.116  12.191 0.8999999762
28275  25.957  -36.281  10.912 0.8000000119
121908  26.015  -37.255  11.033 0.8000000119
29315  27.619  -34.853  12.158 0.8999999762
29330  26.339  -35.361  11.376 0.8000000119
29329  26.861  -34.832  11.829 0.8000000119
32313  31.382  -32.415  16.738 0.6000000238
31366  31.498  -32.540  15.855 0.6000000238
33152  32.436  -31.475  16.734 0.6000000238
31355  30.708  -32.987  16.636 0.6000000238
30327  29.349  -34.342  16.620 0.4000000060
31343  29.925  -33.621  17.103 0.4000000060
30326  30.106  -33.687  16.177 0.4000000060
30328  28.810  -35.046  16.625 0.4000000060
31382  32.764  -33.204  14.438 0.6999999881
117251  28.633  -35.304  17.838 0.5000000000
30314  28.840  -34.824  17.333 0.4000000060
32353  32.981  -33.294  13.919 0.6999999881
116963  28.405  -35.974  17.976 0.5000000000
33185  31.508  -31.444  14.458 0.8000000119
32356  30.874  -32.219  13.182 0.8000000119
32355  32.115  -32.484  13.245 0.8000000119
31397  30.296  -32.906  13.006 0.8000000119
31398  29.227  -32.984  13.228 0.8999999762
31414  28.520  -33.537  12.859 0.8999999762
114572  27.903  -34.064  12.493 0.8999999762
30386  27.116  -34.127  12.184 1.0000000000
29344  25.871  -35.510  10.767 0.8000000119
30400  25.991  -34.839  11.147 0.8000000119
32312  31.894  -31.884  16.533 0.6000000238
32301  31.751  -32.169  17.360 0.6000000238
34070  32.603  -30.951  16.493 0.6999999881
126713  30.912  -32.906  18.044 0.4000000060
32290  31.583  -32.543  18.198 0.4000000060
32302  31.102  -32.665  17.421 0.4000000060
31330  29.869  -33.593  17.982 0.4000000060
32343  32.432  -32.788  14.641 0.6999999881
30302  29.477  -34.206  18.486 0.5000000000
31308  32.568  -33.353  19.370 0.4000000060
33184  31.876  -31.917  15.164 0.8000000119
33199  31.346  -31.917  13.634 0.8000000119
33200  30.447  -31.639  13.683 0.8000000119
33201  29.469  -31.615  13.733 0.8000000119
31415  27.557  -33.307  12.603 0.8999999762
121208  27.681  -32.568  12.828 0.8999999762
31416  26.788  -33.431  12.075 1.0000000000
30411  25.901  -34.898  10.560 0.8000000119
31425  26.332  -33.452  11.412 1.0000000000
31432  25.998  -34.197  11.007 0.8000000119
120959  26.464  -34.315  11.582 0.8000000119
33141  33.569  -31.244  17.954 0.6000000238
116282  32.370  -31.711  17.316 0.6000000238
34057  33.040  -31.297  17.169 0.6000000238
33168  31.944  -31.415  16.095 0.6999999881
34951  32.620  -30.047  16.381 0.6999999881
32289  32.361  -32.335  18.579 0.4000000060
117564  32.989  -32.168  18.774 0.5000000000
123324  32.162  -32.048  17.947 0.5000000000
34084  31.954  -30.576  16.002 0.8000000119
31328  31.181  -33.159  18.629 0.4000000060
33169  31.644  -31.016  15.293 0.8000000119
31307  33.396  -33.324  19.413 0.4000000060
32267  34.225  -32.778  19.337 0.4000000060
33186  30.880  -31.131  14.111 0.8000000119
34100  31.199  -30.628  14.590 0.8000000119
32369  28.100  -32.110  13.240 0.8999999762
34115  28.378  -30.785  13.572 0.8000000119
32370  27.123  -32.656  12.380 1.0000000000
33214  27.043  -31.300  12.081 1.0000000000
32373  26.656  -32.683  11.795 1.0000000000
114541  26.529  -32.812  10.179 1.0000000000
30410  26.139  -34.304  10.156 0.8999999762
118171  25.888  -35.553  10.117 0.8000000119
30418  26.429  -34.653  9.115 0.8999999762
31431  26.244  -33.480  10.612 1.0000000000
31439  26.525  -33.593  9.589 1.0000000000
33227  27.198  -31.641  9.323 1.0000000000
33239  27.692  -31.306  8.746 1.0000000000
125632  27.461  -32.009  8.698 1.0000000000
32398  27.982  -32.111  7.979 1.0000000000
33238  28.368  -31.137  8.181 1.0000000000
34068  34.166  -30.391  17.007 0.6999999881
34069  33.324  -30.646  16.751 0.6999999881
34949  34.425  -29.642  16.636 0.6999999881
34056  34.234  -30.839  17.782 0.6000000238
113592  33.677  -30.891  17.276 0.6000000238
34950  33.588  -29.874  16.574 0.6999999881
33142  32.826  -31.720  18.107 0.6000000238
33104  34.213  -31.965  19.096 0.5000000000
35835  32.139  -29.177  16.191 0.8000000119
122060  35.516  -32.703  19.092 0.4000000060
34965  31.878  -29.837  15.966 0.8000000119
121067  30.937  -29.984  14.609 0.8000000119
114604  29.599  -30.304  14.249 0.8000000119
34101  30.496  -30.424  14.349 0.8000000119
34114  29.100  -30.943  13.974 0.6999999881
33203  27.940  -31.362  13.185 0.8999999762
35000  28.136  -30.008  13.462 0.8000000119
126247  27.499  -31.140  12.683 0.8999999762
34116  27.778  -30.610  13.046 1.0000000000
34122  27.376  -30.528  12.333 1.0000000000
33209  26.926  -32.068  12.133 1.0000000000
119768  27.341  -29.808  11.093 1.0000000000
33215  26.734  -31.837  11.457 1.0000000000
34128  26.807  -31.156  10.898 1.0000000000
34144  27.388  -30.806  9.503 1.0000000000
31446  26.853  -34.183  8.504 1.0000000000
32400  26.995  -33.204  8.852 1.0000000000
31445  27.398  -33.783  7.957 1.0000000000
32415  28.620  -32.866  7.076 1.0000000000
33253  28.721  -31.785  7.408 1.0000000000
34054  36.349  -30.440  17.609 0.5000000000
34067  35.001  -30.005  17.070 0.6999999881
107114  32.965  -29.110  16.441 0.6999999881
34041  35.008  -30.933  18.215 0.6000000238
33103  34.917  -31.639  18.787 0.5000000000
33122  35.559  -31.443  18.534 0.5000000000
34966  31.501  -29.250  15.595 0.8000000119
34967  30.939  -29.364  14.925 0.6999999881
35837  30.941  -28.590  15.355 0.8000000119
119547  29.579  -28.993  14.524 0.8000000119
34982  30.172  -29.625  14.518 0.8000000119
34999  28.525  -29.408  13.889 0.6999999881
34983  29.211  -29.564  14.316 0.6999999881
35008  28.052  -29.230  13.189 0.8999999762
36836  28.547  -27.869  13.307 0.8000000119
36835  28.861  -27.097  12.866 0.8000000119
37834  29.894  -25.894  12.790 0.8000000119
35009  27.690  -29.860  12.745 0.8999999762
35878  28.194  -28.481  12.798 0.8000000119
36847  28.501  -27.766  12.359 0.8000000119
35014  27.456  -29.800  11.886 1.0000000000
35879  27.839  -29.130  12.317 0.8999999762
37835  29.429  -26.498  12.318 0.8000000119
35888  28.160  -28.439  11.866 0.8999999762
35889  27.775  -29.113  11.324 1.0000000000
34134  27.190  -30.405  10.433 1.0000000000
33228  26.912  -31.298  10.070 1.0000000000
35032  28.152  -29.465  9.551 1.0000000000
34143  28.043  -30.344  8.912 1.0000000000
35042  28.680  -29.556  8.754 1.0000000000
34152  28.774  -30.334  8.143 1.0000000000
35041  29.344  -29.675  8.079 1.0000000000
34164  29.569  -30.513  7.410 1.0000000000
34932  35.839  -29.897  17.090 0.6999999881
34948  35.254  -29.400  16.477 0.6999999881
120850  34.545  -29.012  16.284 0.6999999881
35813  33.842  -29.014  16.424 0.6999999881
34040  35.952  -30.939  18.184 0.5000000000
111842  33.298  -28.231  16.400 0.6999999881
33120  37.076  -31.723  18.164 0.5000000000
35814  32.404  -28.330  16.323 0.8000000119
35836  31.631  -28.458  15.923 0.6999999881
35851  30.231  -28.774  14.843 0.6999999881
109978  30.244  -27.835  15.185 0.6999999881
35852  29.425  -28.187  14.594 0.6999999881
35867  28.443  -28.643  13.630 0.6999999881
35853  28.909  -28.806  14.242 0.6999999881
36817  29.104  -27.361  13.917 0.8000000119
38799  30.575  -25.567  14.172 0.8000000119
38798  31.068  -24.974  13.752 0.8000000119
37821  29.978  -25.993  13.750 0.8000000119
38819  30.487  -25.441  13.261 0.8000000119
36856  28.577  -27.814  11.418 1.0000000000
36846  28.979  -27.139  11.860 0.8999999762
37843  29.991  -25.940  11.802 0.8000000119
36855  29.189  -27.330  10.912 1.0000000000
37844  29.595  -26.606  11.322 0.8000000119
35022  27.700  -29.451  10.420 1.0000000000
111072  28.206  -28.462  11.001 1.0000000000
110256  28.742  -28.810  9.344 1.0000000000
35910  29.291  -28.931  8.627 1.0000000000
32414  29.353  -32.499  6.629 1.0000000000
32427  29.382  -33.698  6.299 1.0000000000
107497  29.887  -29.067  7.989 1.0000000000
35053  29.980  -29.772  7.534 1.0000000000
33252  29.428  -31.472  6.994 1.0000000000
35052  30.548  -29.317  7.329 1.0000000000
118703  36.151  -29.475  16.444 0.6999999881
34964  35.706  -29.071  15.998 0.6999999881
35812  34.207  -28.163  16.195 0.6000000238
36785  33.619  -27.372  16.334 0.6000000238
36786  32.748  -27.458  16.391 0.6999999881
127199  31.265  -27.323  15.784 0.6999999881
35815  31.799  -27.541  16.124 0.6999999881
36802  30.761  -27.177  15.507 0.6999999881
36816  30.117  -26.933  15.012 0.6999999881
124497  30.757  -25.836  14.843 0.8000000119
112935  29.651  -27.387  14.657 0.6999999881
37803  29.678  -26.689  14.254 0.8000000119
39844  31.642  -24.450  13.314 0.8000000119
38818  31.079  -24.949  12.792 0.8000000119
38835  31.099  -24.943  11.856 0.8000000119
37853  30.244  -26.110  10.875 0.8000000119
38844  30.630  -25.487  11.346 0.8000000119
35895  28.889  -28.251  9.868 1.0000000000
37854  29.883  -26.816  10.288 1.0000000000
36875  29.977  -27.353  9.408 1.0000000000
111478  30.574  -26.278  10.144 0.8999999762
36883  30.180  -27.838  8.662 1.0000000000
36874  30.640  -27.177  8.846 1.0000000000
31471  29.779  -34.078  5.433 1.0000000000
35909  29.840  -28.466  8.475 1.0000000000
35908  30.468  -28.400  7.899 1.0000000000
34175  30.135  -31.211  6.619 1.0000000000
33266  30.154  -32.179  6.160 1.0000000000
32426  30.044  -33.264  5.738 1.0000000000
34163  30.578  -30.387  6.703 1.0000000000
35811  35.044  -28.647  15.887 0.6999999881
37770  33.153  -26.647  16.361 0.6000000238
37771  32.274  -26.684  16.240 0.6999999881
37786  30.709  -26.442  15.237 0.6999999881
37772  31.404  -26.712  15.785 0.6999999881
38780  31.246  -25.899  15.362 0.8000000119
118648  31.245  -25.243  14.702 0.6999999881
39827  31.691  -24.502  14.241 0.6999999881
39862  32.279  -24.029  12.878 0.6999999881
39863  31.675  -24.488  12.371 0.6999999881
39871  31.662  -24.488  11.489 0.6999999881
38852  30.883  -25.676  10.462 0.8000000119
38843  31.203  -25.013  10.957 0.6999999881
37866  30.555  -26.696  9.527 0.8999999762
115043  31.007  -26.596  8.964 1.0000000000
32425  30.933  -33.000  5.166 1.0000000000
36882  30.784  -27.598  8.170 1.0000000000
33265  31.115  -31.744  5.654 1.0000000000
35067  31.244  -29.678  6.467 1.0000000000
123947  35.332  -28.146  15.418 0.6000000238
35834  34.811  -27.814  15.675 0.6000000238
36784  34.326  -27.185  16.041 0.6000000238
36801  34.856  -27.071  15.606 0.6000000238
37769  33.869  -26.641  16.215 0.6000000238
38760  33.623  -25.944  16.139 0.6000000238
38761  32.749  -25.924  16.142 0.6000000238
37785  31.929  -25.956  15.849 0.6000000238
38778  32.368  -25.312  15.582 0.6999999881
39826  32.425  -24.236  14.562 0.6999999881
40788  32.943  -23.744  14.101 0.6999999881
40815  32.817  -23.725  13.367 0.6999999881
125527  33.638  -23.140  12.916 0.6999999881
40833  33.076  -23.510  12.534 0.6999999881
39870  32.282  -24.038  11.974 0.6999999881
39923  41.932  -24.457  6.940 0.3000000119
39880  31.621  -24.455  10.665 0.6999999881
39879  32.120  -23.969  11.112 0.6999999881
38884  42.337  -24.908  6.341 0.3000000119
38851  31.363  -25.094  10.008 0.8000000119
31474  26.779  -33.886  6.093 0.8999999762
38860  31.105  -26.015  9.551 1.0000000000
31485  28.724  -33.648  4.930 1.0000000000
31484  30.111  -34.199  4.810 1.0000000000
30456  29.692  -34.265  4.888 1.0000000000
128532  31.091  -27.407  7.833 1.0000000000
35921  31.322  -28.118  6.703 1.0000000000
35922  31.041  -28.716  7.062 1.0000000000
35850  35.828  -28.063  14.972 0.6000000238
36800  35.339  -27.518  15.229 0.6000000238
36815  35.969  -27.207  14.645 0.6000000238
37784  35.321  -26.666  15.231 0.6000000238
37801  35.823  -26.287  14.795 0.6000000238
38797  35.336  -25.702  15.208 0.6999999881
38775  34.776  -25.237  15.422 0.6999999881
38776  34.072  -25.260  15.709 0.6000000238
39803  34.419  -24.555  15.213 0.6999999881
36864  40.636  -27.563  11.078 0.3000000119
37841  40.795  -26.477  11.290 0.3000000119
120191  33.898  -24.068  14.901 0.6999999881
114169  33.718  -23.572  14.364 0.6999999881
40814  33.526  -23.324  13.525 0.6999999881
40866  41.831  -23.791  8.248 0.3000000119
39906  41.485  -24.097  7.539 0.4000000060
39924  40.970  -24.754  7.025 0.4000000060
31475  26.114  -34.249  6.486 0.6999999881
31462  26.267  -33.342  6.670 0.6999999881
37910  39.858  -27.488  5.224 0.3000000119
38885  41.357  -25.348  6.411 0.3000000119
40850  31.954  -23.878  10.333 0.6999999881
31473  27.359  -33.466  5.683 0.8999999762
36911  40.791  -27.594  5.071 0.3000000119
32441  27.975  -33.108  5.276 0.8999999762
37894  40.756  -26.470  5.747 0.3000000119
38886  40.338  -25.621  6.468 0.3000000119
38859  31.439  -25.341  9.037 0.8000000119
38868  31.467  -25.452  8.116 1.0000000000
32438  31.227  -33.373  4.249 1.0000000000
36890  31.275  -27.226  7.324 1.0000000000
33264  32.302  -31.818  4.735 1.0000000000
33279  31.820  -32.638  4.452 1.0000000000
34174  31.629  -30.795  5.671 1.0000000000
35935  31.618  -29.043  6.150 1.0000000000
35066  31.943  -30.079  5.407 1.0000000000
113496  31.657  -28.437  5.687 1.0000000000
38796  36.035  -25.493  14.657 0.6999999881
36852  39.972  -27.315  11.516 0.3000000119
36853  39.317  -27.050  11.966 0.4000000060
39823  35.393  -24.602  14.861 0.6999999881
40786  35.348  -23.663  14.424 0.6999999881
39824  34.579  -23.726  14.576 0.6999999881
37842  40.069  -26.257  11.687 0.4000000060
40787  34.324  -22.990  13.981 0.6999999881
38841  40.677  -25.288  11.192 0.3000000119
38842  39.845  -25.344  11.728 0.5000000000
41823  34.950  -22.707  13.379 0.6999999881
40813  34.155  -22.855  13.167 0.6999999881
40832  33.805  -22.940  12.387 0.6999999881
113544  40.736  -24.338  10.232 0.4000000060
40848  39.456  -23.543  10.756 0.6000000238
40857  39.976  -24.342  9.779 0.5000000000
114088  33.390  -23.163  11.776 0.6999999881
40855  41.735  -23.728  8.943 0.3000000119
40843  32.786  -23.547  11.512 0.6999999881
38889  37.224  -25.991  5.823 0.4000000060
40882  39.616  -24.004  8.203 0.4000000060
40849  32.588  -23.483  10.671 0.6999999881
32417  26.462  -32.513  6.967 0.6999999881
37897  37.556  -26.755  5.432 0.4000000060
39907  40.571  -24.119  7.590 0.4000000060
39908  39.629  -24.220  7.769 0.4000000060
31463  25.601  -33.661  7.149 0.6000000238
36913  39.004  -28.166  4.430 0.3000000119
37911  38.836  -27.474  5.164 0.3000000119
37896  38.520  -26.646  5.741 0.4000000060
39925  39.990  -24.859  7.117 0.4000000060
127366  31.632  -24.362  10.006 0.6999999881
41856  33.052  -22.979  10.180 0.6999999881
32429  26.923  -33.033  6.253 0.6999999881
38888  38.080  -26.016  6.338 0.4000000060
125978  39.189  -24.974  7.328 0.4000000060
39909  38.664  -24.571  7.744 0.4000000060
39887  31.590  -24.557  9.362 0.8000000119
37895  39.615  -26.548  5.830 0.3000000119
38887  39.186  -25.680  6.569 0.4000000060
40874  31.740  -24.033  8.990 0.8000000119
32449  30.220  -33.619  4.173 1.0000000000
39896  31.620  -24.570  8.478 0.8999999762
37884  31.368  -26.303  7.726 1.0000000000
34183  32.579  -31.155  4.702 1.0000000000
37898  31.431  -26.466  6.659 1.0000000000
106301  32.066  -29.426  4.875 1.0000000000
35072  32.784  -30.477  4.210 1.0000000000
35946  32.085  -28.665  4.214 1.0000000000
35082  32.872  -29.779  3.433 1.0000000000
37800  36.472  -26.373  14.195 0.6000000238
117176  37.530  -26.078  13.349 0.6000000238
38816  37.264  -25.349  13.607 0.6000000238
39842  36.893  -24.620  13.819 0.6999999881
36843  38.632  -26.564  12.519 0.5000000000
37818  38.110  -26.065  13.007 0.6000000238
119270  36.521  -24.010  14.031 0.6999999881
37833  39.511  -26.132  12.133 0.5000000000
38833  39.240  -25.438  12.309 0.4000000060
41803  35.098  -23.008  14.081 0.6999999881
39840  38.313  -24.577  13.032 0.6000000238
40811  36.312  -23.372  13.808 0.6999999881
119732  39.510  -24.730  11.898 0.6000000238
41822  35.835  -22.775  13.463 0.6999999881
39869  40.002  -24.486  11.323 0.6000000238
109778  39.676  -23.804  11.233 0.6000000238
41835  35.597  -22.465  12.637 0.6999999881
109205  34.663  -22.634  12.365 0.6999999881
39878  40.066  -24.136  10.720 0.5000000000
41843  39.038  -22.998  10.810 0.6000000238
109956  37.896  -22.441  11.462 0.6000000238
121028  35.365  -22.450  11.872 0.6000000238
39926  36.605  -24.792  6.093 0.4000000060
40868  40.072  -24.161  8.951 0.4000000060
40858  39.475  -24.108  9.875 0.4000000060
40859  38.909  -23.333  10.007 0.5000000000
107572  36.970  -22.342  11.254 0.6000000238
41847  34.003  -22.721  11.470 0.6999999881
38890  36.656  -25.654  5.169 0.4000000060
106626  38.933  -23.960  9.150 0.5000000000
40842  33.280  -23.111  11.011 0.6999999881
38877  36.977  -25.377  6.184 0.5000000000
39894  39.040  -24.271  8.210 0.4000000060
39895  38.773  -24.125  8.318 0.4000000060
41855  33.769  -22.673  10.483 0.6999999881
32428  27.468  -32.720  5.761 0.8999999762
40883  38.010  -24.131  7.950 0.4000000060
40860  32.115  -23.370  9.018 0.6999999881
41865  32.805  -22.832  9.367 0.6999999881
38875  38.443  -25.271  7.074 0.4000000060
33293  29.539  -32.923  4.250 0.8999999762
33292  30.655  -33.002  3.776 0.8999999762
126666  33.032  -31.843  4.123 1.0000000000
32448  31.206  -33.444  3.878 1.0000000000
38878  31.484  -25.561  7.198 1.0000000000
32437  32.072  -32.967  3.797 1.0000000000
36898  31.454  -27.507  6.301 1.0000000000
33277  33.288  -31.874  3.554 1.0000000000
33290  32.855  -32.197  3.328 1.0000000000
113143  31.504  -27.000  5.619 1.0000000000
109546  31.756  -26.725  3.310 0.8999999762
112477  31.519  -26.569  4.683 1.0000000000
36916  31.679  -27.637  4.431 1.0000000000
35081  33.460  -30.832  2.961 1.0000000000
37928  31.913  -27.498  3.375 1.0000000000
36933  32.394  -28.371  3.025 1.0000000000
35956  32.812  -29.199  2.683 0.8999999762
36947  32.482  -28.247  2.101 0.8999999762
38815  37.969  -25.342  13.291 0.6000000238
39841  37.619  -24.549  13.454 0.6999999881
40810  37.101  -23.702  13.542 0.6999999881
40809  37.936  -23.795  13.131 0.6999999881
40831  37.503  -23.057  12.966 0.6999999881
119042  38.469  -23.927  12.679 0.6000000238
40830  38.199  -23.260  12.572 0.6000000238
41834  37.107  -22.575  12.671 0.6999999881
41833  37.744  -22.641  12.321 0.6999999881
41845  37.077  -22.312  12.078 0.6000000238
107150  36.206  -22.261  11.834 0.6000000238
39942  36.387  -24.863  4.894 0.3000000119
124404  39.140  -23.301  11.426 0.6000000238
41844  38.653  -22.756  11.262 0.6000000238
41853  35.481  -22.448  11.011 0.6000000238
110026  36.233  -24.248  5.530 0.4000000060
40896  35.829  -23.436  5.512 0.4000000060
41860  38.167  -22.702  9.750 0.6000000238
121152  36.274  -22.376  10.974 0.6000000238
41861  37.274  -22.708  9.713 0.5000000000
41854  34.562  -22.550  10.706 0.6000000238
41871  37.804  -22.996  9.007 0.4000000060
110096  36.387  -23.842  6.638 0.5000000000
40871  37.282  -23.663  8.311 0.4000000060
41863  34.267  -22.407  9.831 0.6000000238
39911  36.789  -24.428  7.085 0.5000000000
118892  37.838  -24.817  7.405 0.4000000060
40884  37.233  -24.360  7.610 0.4000000060
40872  36.655  -23.327  8.354 0.4000000060
33282  28.102  -32.504  5.342 0.8999999762
40887  31.765  -23.953  7.822 0.8999999762
120252  31.820  -23.827  8.491 0.8000000119
33281  28.870  -32.349  4.863 0.8999999762
33280  29.832  -32.167  4.245 0.8999999762
34191  31.177  -31.901  3.588 0.8999999762
34195  33.482  -31.293  2.604 1.0000000000
35955  33.122  -30.113  2.366 0.8999999762
115874  32.513  -27.316  1.764 1.0000000000
37944  32.551  -28.068  1.468 1.0000000000
117160  32.519  -28.784  2.037 0.8999999762
37952  32.603  -27.863  1.073 0.8999999762
128132  36.659  -25.361  4.386 0.3000000119
40911  36.074  -24.135  4.574 0.3000000119
41852  36.744  -22.516  10.405 0.6000000238
41896  35.970  -22.938  6.605 0.5000000000
41897  35.536  -22.439  6.033 0.4000000060
41872  36.883  -23.089  9.010 0.5000000000
41862  36.426  -22.646  9.593 0.5000000000
106377  35.087  -22.459  9.999 0.5000000000
107540  35.545  -22.407  9.209 0.5000000000
41884  36.222  -22.989  7.672 0.5000000000
41873  36.208  -22.732  8.727 0.5000000000
41864  33.534  -22.533  9.629 0.6000000238
40885  36.716  -23.877  7.705 0.5000000000
41876  32.619  -22.685  8.553 0.6999999881
42914  35.085  -21.526  7.862 0.5000000000
41874  35.620  -22.185  8.238 0.5000000000
40873  32.100  -23.257  8.153 0.6000000238
113945  31.543  -24.831  6.692 0.8999999762
39912  31.585  -24.740  7.551 0.8999999762
38891  31.488  -25.582  6.321 0.8999999762
38922  31.409  -25.658  4.306 0.8999999762
38907  31.472  -25.572  5.422 0.8999999762
37915  31.485  -26.202  5.797 1.0000000000
34196  32.865  -30.790  1.999 0.8999999762
117903  32.452  -32.020  3.055 0.8999999762
35089  32.812  -30.238  2.087 0.8999999762
38935  31.718  -25.894  3.016 0.8000000119
38946  32.472  -26.347  1.713 0.6999999881
35090  32.325  -30.357  2.196 0.8999999762
36954  32.359  -28.389  1.520 0.8999999762
35964  32.576  -29.465  2.206 0.8999999762
39958  36.529  -24.645  4.081 0.3000000119
40925  36.228  -23.800  3.846 0.4000000060
40926  35.912  -22.959  3.667 0.3000000119
40912  35.709  -23.363  4.321 0.3000000119
114919  35.180  -22.021  5.590 0.4000000060
108282  35.941  -22.472  10.214 0.6000000238
117588  35.027  -21.407  7.077 0.5000000000
42928  35.166  -21.680  6.324 0.4000000060
42899  34.716  -22.112  9.150 0.5000000000
42900  33.972  -22.059  9.044 0.5000000000
42905  34.391  -21.573  8.349 0.5000000000
41875  33.315  -22.319  8.853 0.5000000000
42916  33.755  -21.409  7.639 0.5000000000
42906  33.722  -21.799  8.415 0.5000000000
42917  33.060  -21.917  7.230 0.6000000238
119594  32.524  -22.584  7.708 0.6000000238
40897  31.896  -23.283  6.448 0.6999999881
40898  31.691  -24.039  6.986 0.6999999881
108599  31.586  -24.138  6.062 0.8000000119
34190  32.080  -31.140  2.600 0.8999999762
39943  31.452  -24.648  5.160 0.8999999762
39927  31.484  -24.939  5.959 0.8999999762
35965  31.849  -29.425  2.284 0.8999999762
35970  32.140  -28.714  1.798 0.8999999762
109670  32.603  -27.300  0.848 1.0000000000
41913  35.300  -22.622  4.075 0.4000000060
41924  36.217  -22.347  3.430 0.3000000119
41906  35.345  -22.695  5.033 0.4000000060
42949  34.879  -22.142  3.843 0.3000000119
110178  34.719  -21.586  5.650 0.4000000060
42939  34.907  -22.124  4.815 0.4000000060
42940  34.308  -21.646  4.773 0.4000000060
44019  34.005  -20.947  6.969 0.4000000060
44034  34.155  -21.200  5.734 0.4000000060
125348  33.971  -20.975  6.390 0.4000000060
42930  33.585  -21.299  5.957 0.4000000060
42931  32.980  -21.774  6.321 0.5000000000
111454  33.594  -21.312  6.756 0.5000000000
40914  31.722  -23.351  5.600 0.6000000238
125949  31.532  -23.933  5.427 0.8000000119
39959  31.344  -24.701  3.940 0.6999999881
39973  31.608  -24.850  2.757 0.6999999881
36960  32.255  -28.122  1.134 0.8999999762
36955  31.711  -28.342  1.401 0.8999999762
38955  32.820  -26.721  0.345 0.8999999762
37960  32.354  -27.824  1.001 0.8000000119
38963  33.204  -26.299  -0.117 0.6999999881
38972  33.618  -26.095  -0.885 0.8000000119
42947  36.594  -21.774  3.447 0.3000000119
41914  35.609  -22.205  3.385 0.3000000119
42959  35.302  -21.790  2.855 0.4000000060
42951  33.757  -21.597  4.412 0.4000000060
42950  34.260  -21.851  3.688 0.4000000060
42952  33.188  -21.579  4.584 0.5000000000
42942  33.024  -21.612  5.428 0.5000000000
41915  32.521  -22.110  4.844 0.5000000000
109653  32.610  -21.947  3.977 0.5000000000
41916  32.079  -22.474  4.262 0.5000000000
41907  31.877  -22.786  4.935 0.6000000238
40927  31.494  -23.677  4.733 0.6999999881
40936  31.408  -23.672  3.559 0.6999999881
40947  32.229  -24.060  1.581 0.6999999881
39984  32.249  -25.216  1.739 0.6999999881
39996  33.071  -25.842  0.758 0.8000000119
39995  33.649  -25.688  -0.045 0.6999999881
42958  36.098  -21.447  3.094 0.3000000119
42960  34.398  -21.717  2.685 0.4000000060
117885  33.455  -21.706  3.632 0.4000000060
127926  32.728  -21.864  3.154 0.5000000000
42961  33.458  -21.730  2.540 0.3000000119
41926  31.860  -22.545  3.220 0.5000000000
41925  32.508  -22.055  2.332 0.4000000060
121963  31.614  -22.948  4.167 0.6999999881
41936  31.877  -22.789  2.002 0.6000000238
40942  31.647  -23.719  2.459 0.6999999881
41948  32.451  -23.153  1.412 0.6000000238
42965  35.991  -21.188  2.298 0.3000000119
119969  35.359  -21.543  2.156 0.3000000119
42967  34.695  -21.544  1.739 0.3000000119
42966  35.643  -21.069  1.701 0.3000000119
42968  33.416  -21.795  1.649 0.3000000119
42982  33.484  -22.082  0.978 0.5000000000
41935  32.645  -22.414  1.553 0.6000000238
41947  33.269  -22.944  0.678 0.6000000238
44040  36.637  -20.848  3.991 0.4000000060
113953  36.246  -20.600  3.496 0.3000000119
44050  36.157  -20.759  2.817 0.3000000119
44057  35.887  -20.477  2.058 0.3000000119
42980  35.043  -20.957  1.166 0.3000000119
42981  34.361  -21.482  0.929 0.4000000060
42992  34.408  -22.138  0.146 0.4000000060
42991  34.588  -21.275  0.158 0.4000000060
41960  34.269  -23.081  -0.086 0.6000000238
40016  33.994  -25.642  -1.518 0.6999999881
40008  32.624  -25.726  -0.357 0.8000000119
44041  36.076  -20.378  4.312 0.4000000060
45191  35.818  -20.189  2.831 0.3000000119
44058  35.386  -20.461  1.469 0.3000000119
125347  35.464  -19.999  1.662 0.4000000060
44068  34.873  -20.501  0.818 0.4000000060
113349  34.925  -22.207  -0.595 0.4000000060
41959  35.162  -22.862  -0.600 0.5000000000
42999  34.924  -22.006  -0.764 0.4000000060
40960  34.099  -24.349  -0.056 0.6000000238
41958  35.406  -22.746  -0.979 0.4000000060
38969  35.051  -25.063  -1.495 0.6999999881
118557  35.346  -24.020  -1.529 0.4000000060
41968  34.365  -22.661  -1.605 0.4000000060
40974  34.668  -24.361  -1.823 0.6000000238
127819  33.495  -22.729  -1.484 0.5000000000
40970  33.652  -24.497  -1.650 0.6000000238
40017  33.028  -25.237  -1.029 0.6999999881
40971  32.479  -24.024  -0.914 0.6999999881
44027  36.187  -20.367  5.923 0.3000000119
45180  35.703  -20.092  3.700 0.3000000119
45181  35.118  -19.665  3.321 0.3000000119
45192  35.375  -19.810  2.355 0.3000000119
45201  35.117  -19.960  1.087 0.4000000060
45211  34.730  -20.071  0.505 0.3000000119
45202  34.450  -19.603  0.773 0.3000000119
44078  34.538  -20.660  -0.038 0.3000000119
44079  34.206  -19.854  0.037 0.3000000119
43000  35.019  -22.644  -1.398 0.4000000060
44085  34.235  -20.976  -0.492 0.3000000119
126687  34.008  -20.180  -0.339 0.3000000119
114602  34.436  -21.852  -1.046 0.3000000119
117366  33.546  -21.038  -0.638 0.3000000119
124648  33.523  -21.945  -1.067 0.3000000119
43001  32.513  -21.339  -0.577 0.4000000060
117836  32.617  -22.368  -0.880 0.5000000000
41969  33.004  -23.322  -1.397 0.5000000000
40972  31.480  -23.569  -0.335 0.5000000000
45163  35.318  -19.651  5.488 0.3000000119
45172  34.877  -19.535  4.285 0.3000000119
45182  34.505  -19.267  2.901 0.3000000119
45193  34.735  -19.479  1.738 0.3000000119
46290  33.600  -19.241  0.294 0.3000000119
45212  33.267  -19.521  -0.374 0.3000000119
44086  32.512  -20.272  -0.537 0.3000000119
41970  31.920  -22.953  -0.642 0.5000000000
121020  31.500  -21.858  -0.436 0.5000000000
41961  30.654  -22.520  -0.002 0.5000000000
45164  34.798  -19.349  5.192 0.3000000119
45173  34.360  -19.112  3.872 0.3000000119
46271  33.721  -18.830  2.505 0.3000000119
46282  33.651  -18.917  1.333 0.3000000119
46291  33.027  -18.683  0.614 0.3000000119
46297  32.689  -18.833  -0.207 0.3000000119
116010  31.386  -20.712  -0.382 0.4000000060
42993  30.323  -21.263  -0.067 0.4000000060
43002  30.166  -20.263  -0.299 0.4000000060
127218  35.598  -19.562  6.898 0.3000000119
45159  34.961  -19.211  6.025 0.3000000119
111239  33.703  -18.619  3.640 0.3000000119
45221  32.390  -19.412  -0.612 0.3000000119
46303  32.076  -18.842  -0.701 0.3000000119
44087  31.216  -19.569  -0.735 0.4000000060
114977  34.600  -18.656  6.621 0.3000000119
46242  34.325  -18.750  5.762 0.3000000119
46251  33.769  -18.154  5.470 0.3000000119
46250  34.177  -18.855  4.793 0.3000000119
46261  32.988  -17.975  4.029 0.3000000119
46272  32.927  -18.277  3.155 0.3000000119
105265  32.565  -17.642  3.531 0.3000000119
105264  32.991  -18.284  2.123 0.3000000119
105263  32.883  -18.308  1.254 0.3000000119
123683  32.419  -17.693  2.733 0.3000000119
46243  34.029  -18.055  6.333 0.3000000119
46260  33.544  -18.201  4.613 0.3000000119
47300  33.352  -17.600  5.218 0.3000000119
128419  33.056  -17.545  4.706 0.3000000119
106363  32.356  -17.730  1.665 0.3000000119
105270  32.139  -18.060  0.450 0.3000000119
46298  31.758  -18.226  -0.738 0.3000000119
118960  33.540  -17.300  5.970 0.3000000119
120619  32.639  -17.137  4.228 0.3000000119
105269  31.779  -17.092  2.256 0.3000000119
47289  32.607  -16.451  4.597 0.4000000060
48305  32.961  -16.808  5.222 0.4000000060
105815  32.139  -16.939  3.339 0.4000000060
48304  33.291  -16.499  6.008 0.3000000119
126208  32.697  -16.045  5.024 0.4000000060
32379  26.412  -32.619  10.967 1.0000000000
126617  26.587  -32.350  10.397 1.0000000000
115973  32.846  -26.537  0.937 0.6999999881
38954  33.277  -26.316  -0.051 0.8000000119
38971  34.406  -25.984  -1.227 0.8000000119
40007  34.434  -25.624  -0.575 0.6999999881
25298  29.821  -39.676  12.811 0.6000000238
118657  30.421  -39.264  12.438 0.6000000238
118339  31.691  -37.130  12.366 0.6000000238
22552  29.202  -42.963  14.273 0.5000000000
21673  28.875  -43.142  14.985 0.5000000000
27191  28.931  -37.396  14.310 0.6000000238
28220  28.703  -36.291  15.031 0.5000000000
25256  27.895  -39.536  16.775 0.4000000060
112747  28.126  -38.267  16.304 0.5000000000
24334  27.857  -40.386  16.777 0.4000000060
116643  33.038  -33.637  13.944 0.6999999881
31424  31.492  -33.810  11.779 0.8999999762
32327  31.915  -32.154  15.546 0.6999999881
27129  28.202  -36.929  18.096 0.5000000000
33198  32.038  -32.239  14.138 0.8000000119
122568  27.752  -40.763  17.333 0.4000000060
32367  32.087  -32.748  12.615 0.8000000119
30301  30.194  -33.853  18.745 0.4000000060
32358  28.899  -32.267  13.470 0.8000000119
32269  32.769  -32.727  19.149 0.4000000060
116313  32.072  -33.669  19.395 0.4000000060
34085  31.460  -30.075  15.223 0.8000000119
32266  34.907  -32.349  19.152 0.5000000000
32288  33.530  -31.745  18.660 0.5000000000
118202  26.767  -32.802  9.532 1.0000000000
34055  35.494  -30.436  17.634 0.6999999881
126507  26.861  -31.193  11.483 1.0000000000
33221  26.685  -31.886  10.597 1.0000000000
34165  28.933  -31.006  7.636 1.0000000000
36818  28.763  -28.152  14.054 0.8000000119
35902  29.450  -28.168  9.199 1.0000000000
38836  30.508  -25.416  12.290 0.8000000119
36866  28.715  -28.005  10.563 1.0000000000
35021  28.286  -28.724  10.193 1.0000000000
39806  31.961  -24.791  15.016 0.6999999881
36881  31.160  -26.936  8.246 1.0000000000
36891  30.988  -27.897  7.504 1.0000000000
37865  31.295  -26.132  8.629 1.0000000000
123573  34.544  -26.180  15.788 0.6000000238
38777  33.206  -25.259  15.739 0.6999999881
39886  41.973  -24.250  9.440 0.4000000060
31486  28.050  -34.059  5.337 1.0000000000
32450  29.331  -33.404  4.499 1.0000000000
40867  41.051  -23.677  8.554 0.4000000060
122540  31.623  -27.838  5.350 1.0000000000
38850  41.252  -24.933  10.609 0.4000000060
40856  41.093  -23.977  9.496 0.5000000000
39877  40.719  -24.593  10.721 0.5000000000
39910  37.148  -24.903  6.921 0.4000000060
38876  37.615  -25.420  6.700 0.4000000060
109349  38.443  -23.224  9.204 0.5000000000
41885  35.578  -22.104  7.134 0.5000000000
42904  35.068  -21.875  8.551 0.5000000000
41886  33.151  -22.075  8.091 0.5000000000
40886  32.051  -23.279  7.316 0.6999999881
41898  32.458  -22.548  6.806 0.6000000238
40913  32.335  -22.473  5.785 0.5000000000
42941  33.693  -21.372  5.142 0.5000000000
40946  33.096  -24.381  0.771 0.6999999881
40958  35.441  -23.753  -1.163 0.6000000238
28304  34.590  -36.061  8.277 0.5000000000
28305  33.740  -36.338  8.613 0.5000000000
28298  33.151  -36.057  9.418 0.5000000000
27264  35.548  -37.592  6.610 0.5000000000
27266  34.980  -36.524  7.615 0.5000000000
117719  35.205  -38.484  8.256 0.5000000000
27255  34.875  -36.156  8.343 0.5000000000
28303  34.877  -36.112  8.064 0.5000000000
26292  34.546  -38.126  9.292 0.5000000000
25328  33.655  -38.974  10.044 0.4000000060
26281  33.973  -37.862  10.051 0.5000000000
114480  33.372  -40.049  10.054 0.4000000060
112101  32.101  -40.095  11.051 0.5000000000
26282  33.144  -38.579  10.635 0.5000000000
28318  26.031  -36.848  7.167 0.6999999881
28319  25.191  -36.860  7.445 0.6999999881
28306  26.511  -36.726  7.311 0.8000000119
29354  26.369  -35.714  8.588 0.8000000119
29361  26.371  -36.776  8.083 0.8000000119
30425  26.695  -35.264  7.966 0.8999999762
29372  25.307  -36.183  6.985 0.6999999881
29360  26.712  -36.343  7.508 0.8999999762
29371  27.041  -36.439  6.877 0.8999999762
30436  27.350  -36.021  7.062 0.8999999762
30424  27.375  -34.965  7.500 0.8999999762
30448  26.104  -35.331  6.410 0.6000000238
28321  26.100  -36.216  6.683 0.8000000119
30435  27.898  -35.603  6.572 0.8999999762
31461  28.016  -34.588  7.046 0.8999999762
32416  27.971  -33.314  7.507 0.8999999762
34981  37.842  -28.960  14.910 0.5000000000
35831  37.076  -28.573  14.784 0.5000000000
35832  36.441  -28.546  15.149 0.5000000000
34947  37.058  -29.558  16.233 0.6000000238
34963  36.355  -29.074  15.776 0.5000000000
35833  35.767  -28.602  15.516 0.5000000000
30447  26.831  -35.036  6.029 0.8999999762
29370  27.577  -35.959  6.434 0.8999999762
119881  26.953  -36.051  6.440 0.8999999762
30446  28.253  -35.722  6.015 0.8999999762
30434  28.540  -35.180  6.262 0.8999999762
31460  28.667  -34.112  6.701 0.8999999762
35866  36.889  -27.940  13.715 0.5000000000
36834  36.625  -27.346  13.928 0.5000000000
35849  37.366  -28.417  13.973 0.5000000000
120317  36.534  -28.043  14.385 0.5000000000
35848  38.214  -28.969  13.923 0.5000000000
31487  27.453  -34.573  5.646 0.8999999762
29377  27.731  -35.625  5.838 0.8999999762
29376  28.339  -35.318  5.672 0.8999999762
30445  28.717  -35.056  5.733 0.8999999762
31472  29.174  -34.584  5.965 0.8999999762
36833  37.034  -27.557  13.439 0.5000000000
35865  37.298  -28.047  13.252 0.5000000000
35864  37.838  -28.532  12.961 0.5000000000
30458  28.127  -35.008  5.466 0.8999999762
30457  28.853  -34.530  5.281 0.8999999762
30444  29.384  -34.454  5.314 0.8999999762
37820  37.053  -26.818  13.434 0.5000000000
36844  37.913  -27.567  12.550 0.5000000000
37819  37.734  -26.788  12.938 0.5000000000
35876  37.990  -28.293  12.286 0.5000000000
36854  38.440  -27.766  12.019 0.4000000060
33269  27.123  -32.251  6.505 0.6000000238
33254  27.383  -31.196  6.869 0.6000000238
33268  27.673  -32.058  5.964 0.8000000119
34177  27.957  -31.330  6.254 0.6999999881
34166  27.943  -30.371  6.782 0.6999999881
35055  27.863  -29.371  7.256 0.6999999881
35056  27.322  -28.899  7.687 0.6999999881
33267  28.297  -31.822  5.556 0.8000000119
117575  28.538  -30.793  6.089 0.6999999881
35054  28.498  -29.452  6.594 0.6999999881
35923  27.905  -28.608  7.212 0.6999999881
35068  29.248  -29.020  5.974 0.6999999881
35948  29.019  -28.137  5.871 0.6999999881
34185  30.022  -30.890  4.675 0.8000000119
35074  29.959  -29.730  5.107 0.8000000119
35947  29.831  -28.796  5.067 0.6999999881
35073  30.508  -29.580  4.370 0.8000000119
34184  30.870  -30.498  4.046 0.8000000119
35957  30.700  -29.104  3.797 0.8000000119
36949  30.292  -27.770  2.852 0.6000000238
35083  31.360  -30.054  3.080 0.8000000119
36956  30.612  -28.011  1.703 0.6000000238
37954  30.147  -27.048  1.784 0.6000000238
36948  31.154  -28.605  1.870 0.8000000119
37962  31.010  -27.273  1.126 0.6000000238
38957  30.792  -26.323  1.101 0.6000000238
37953  31.283  -27.919  1.229 0.6999999881
38964  32.330  -26.323  0.129 0.6000000238
40009  31.501  -25.131  0.221 0.6999999881
39997  31.171  -25.821  0.670 0.6000000238
40961  31.952  -24.594  -0.346 0.6000000238
38956  31.987  -27.154  0.586 0.6999999881
24382  32.106  -41.050  11.044 0.4000000060
24402  32.686  -40.534  10.591 0.5000000000
25308  32.350  -39.106  11.143 0.5000000000
26291  35.118  -37.124  8.328 0.5000000000
117337  39.046  -28.070  11.572 0.3000000119
34176  29.116  -31.397  5.202 0.8000000119
26303  35.401  -37.472  7.404 0.5000000000
25338  34.247  -39.422  9.366 0.5000000000
28317  26.593  -36.561  6.872 0.8000000119
34962  37.084  -29.015  15.430 0.5000000000
35075  29.244  -30.137  5.690 0.8000000119
36934  29.710  -27.805  3.977 0.6999999881
35966  30.612  -28.538  3.172 0.6999999881
32286  36.164  -32.627  18.829 0.4000000060
118411  37.426  -33.136  18.071 0.4000000060
32285  36.910  -32.473  18.412 0.4000000060
33139  37.596  -31.340  17.589 0.5000000000
31341  38.020  -32.897  17.482 0.4000000060
31340  38.390  -33.487  16.976 0.4000000060
34052  37.849  -30.639  16.997 0.5000000000
34065  37.379  -30.108  16.841 0.5000000000
114636  38.680  -31.968  16.666 0.5000000000
124828  38.923  -32.539  16.383 0.4000000060
32299  38.162  -32.070  17.292 0.4000000060
31353  39.200  -33.557  15.897 0.4000000060
31354  38.851  -33.205  16.404 0.4000000060
32311  38.521  -32.698  16.883 0.4000000060
30340  39.332  -34.296  15.506 0.4000000060
34946  37.993  -30.026  16.285 0.5000000000
33138  38.306  -31.311  16.960 0.5000000000
32310  39.302  -32.835  15.912 0.4000000060
31364  39.679  -33.329  15.245 0.4000000060
29324  40.621  -35.270  12.127 0.4000000060
30372  40.354  -34.634  13.519 0.4000000060
30356  39.806  -34.084  14.731 0.4000000060
114060  40.561  -36.018  11.620 0.4000000060
29310  40.440  -35.357  13.021 0.4000000060
121147  38.405  -30.719  16.541 0.5000000000
33151  38.841  -31.253  16.363 0.4000000060
111485  42.131  -34.872  6.321 0.3000000119
33150  39.259  -31.953  16.031 0.4000000060
29369  42.302  -35.765  7.179 0.3000000119
119684  40.114  -33.427  14.524 0.4000000060
29359  41.887  -35.700  8.130 0.3000000119
113055  41.514  -35.828  8.829 0.3000000119
30406  41.045  -35.183  10.522 0.3000000119
107408  40.784  -35.250  11.247 0.4000000060
30381  40.597  -34.512  12.668 0.4000000060
31380  40.281  -33.966  14.053 0.4000000060
28302  41.339  -36.586  8.921 0.3000000119
29339  41.083  -35.729  9.993 0.3000000119
34099  39.124  -29.924  15.034 0.4000000060
34082  39.434  -30.750  15.266 0.4000000060
122569  40.140  -31.820  14.795 0.4000000060
33166  39.655  -31.537  15.380 0.4000000060
30443  41.383  -34.208  5.434 0.3000000119
31459  41.784  -33.216  7.525 0.3000000119
29358  42.158  -34.768  7.488 0.3000000119
110653  41.791  -34.902  8.553 0.3000000119
30405  41.289  -34.300  10.177 0.3000000119
31430  41.108  -33.803  10.843 0.4000000060
30395  40.833  -34.341  11.670 0.4000000060
31395  40.477  -33.798  13.237 0.4000000060
29350  41.419  -35.356  9.365 0.3000000119
122734  41.019  -34.594  10.911 0.3000000119
34961  38.371  -29.665  15.430 0.4000000060
32378  40.963  -31.952  9.707 0.3000000119
121744  40.883  -31.946  10.487 0.3000000119
115937  40.711  -31.972  11.797 0.4000000060
33207  40.525  -31.311  11.926 0.4000000060
33197  40.338  -31.630  13.309 0.4000000060
33183  40.064  -31.166  14.033 0.4000000060
114068  41.616  -32.744  7.995 0.3000000119
31429  41.276  -32.693  9.539 0.3000000119
111664  41.109  -32.783  10.518 0.3000000119
119970  40.732  -32.705  12.086 0.4000000060
32352  40.418  -32.371  13.348 0.4000000060
32342  40.351  -32.121  14.048 0.4000000060
31438  41.467  -33.480  9.373 0.3000000119
125194  41.298  -33.426  10.126 0.3000000119
31421  40.905  -33.284  11.473 0.4000000060
116026  40.497  -32.942  12.913 0.4000000060
126823  41.777  -34.154  8.569 0.3000000119
31408  40.686  -33.608  12.352 0.4000000060
32341  40.398  -33.054  13.858 0.4000000060
34998  38.484  -29.169  12.979 0.4000000060
34997  39.201  -29.634  13.068 0.4000000060
119155  38.556  -29.402  14.686 0.4000000060
34125  40.218  -30.668  11.219 0.3000000119
34121  39.694  -29.948  12.487 0.4000000060
34113  39.660  -30.238  13.542 0.4000000060
33213  40.614  -31.447  10.985 0.4000000060
34120  40.214  -30.602  12.160 0.4000000060
34112  40.134  -30.772  13.062 0.4000000060
34098  39.579  -30.450  14.470 0.4000000060
36917  29.352  -27.923  4.982 0.6000000238
36899  28.139  -27.732  6.233 0.6000000238
37945  29.786  -27.021  2.657 0.5000000000
125925  29.405  -26.102  2.227 0.5000000000
38947  29.790  -25.997  1.785 0.5000000000
39998  29.730  -24.981  1.460 0.5000000000
40010  30.265  -24.382  0.937 0.5000000000
40962  30.655  -23.697  0.310 0.4000000060
120565  30.977  -16.521  0.318 0.3000000119
105681  30.577  -15.616  -0.548 0.3000000119
120791  30.172  -16.086  -1.510 0.3000000119
120452  31.173  -16.444  1.601 0.3000000119
105634  30.814  -15.544  0.828 0.3000000119
105944  30.302  -14.728  -1.290 0.3000000119
105282  31.120  -13.561  -0.997 0.3000000119
120593  32.067  -15.922  3.586 0.3000000119
105903  31.577  -16.204  2.682 0.3000000119
120466  31.298  -15.410  1.890 0.3000000119
105276  31.008  -14.336  -0.134 0.3000000119
106099  31.382  -12.864  -1.026 0.3000000119
106092  29.862  -12.975  -1.365 0.3000000119
49312  32.475  -15.760  4.384 0.3000000119
105266  32.272  -15.053  3.825 0.3000000119
105773  31.775  -15.003  2.882 0.3000000119
127672  31.205  -14.674  1.080 0.3000000119
120447  32.093  -13.480  0.534 0.3000000119
105283  31.975  -13.049  -0.441 0.3000000119
111034  31.250  -12.388  -0.807 0.3000000119
49301  32.744  -15.340  5.036 0.3000000119
126979  32.538  -15.005  4.476 0.3000000119
121887  32.243  -13.914  2.414 0.3000000119
51366  32.664  -13.033  1.398 0.3000000119
51374  32.563  -12.487  0.361 0.3000000119
51373  32.857  -12.118  1.036 0.3000000119
50355  32.564  -14.297  4.103 0.3000000119
50364  32.354  -14.172  3.256 0.3000000119
108411  32.652  -13.394  3.508 0.3000000119
51365  32.684  -12.501  1.787 0.3000000119
50342  32.812  -14.482  4.885 0.3000000119
51342  32.891  -13.548  4.455 0.3000000119
51354  33.220  -12.844  4.860 0.3000000119
51341  33.173  -13.799  5.483 0.3000000119
109999  33.349  -12.996  5.698 0.3000000119
29277  39.965  -34.725  14.245 0.4000000060
31326  36.659  -33.456  18.610 0.4000000060
112371  37.865  -33.728  17.579 0.4000000060
29261  39.280  -35.244  15.327 0.4000000060
30310  38.229  -34.288  17.052 0.4000000060
28269  40.551  -36.652  11.243 0.4000000060
116322  40.406  -36.103  12.509 0.4000000060
29278  39.610  -35.499  14.523 0.4000000060
119046  42.385  -36.039  6.063 0.3000000119
28315  42.332  -36.806  6.898 0.3000000119
28316  41.825  -36.583  7.994 0.3000000119
28286  40.940  -36.596  9.852 0.3000000119
29340  40.738  -36.058  10.705 0.3000000119
31470  41.657  -33.927  6.154 0.3000000119
32397  41.429  -32.264  8.367 0.3000000119
31458  41.806  -33.478  7.083 0.3000000119
35875  38.799  -29.069  11.601 0.4000000060
120000  39.289  -29.514  11.707 0.4000000060
34126  39.683  -30.017  11.420 0.4000000060
33220  40.581  -31.298  9.950 0.3000000119
35887  38.484  -28.571  11.780 0.4000000060
35937  27.695  -27.903  6.967 0.6000000238
113230  33.240  -15.268  6.281 0.3000000119
50341  33.022  -14.858  5.666 0.3000000119
51330  33.455  -13.452  6.384 0.3000000119
30455  41.496  -34.794  4.868 0.3000000119
32287  35.575  -32.075  18.844 0.4000000060
34053  37.162  -30.526  17.434 0.5000000000
31381  40.169  -32.682  14.675 0.4000000060
30423  42.046  -34.227  7.976 0.3000000119
34980  39.045  -29.625  13.996 0.4000000060
51380  31.995  -12.336  -0.325 0.3000000119
50368  32.568  -13.239  2.511 0.3000000119
52372  33.547  -12.572  6.357 0.3000000119
31305  35.815  -33.374  19.109 0.3000000119
31325  37.289  -34.004  18.121 0.3000000119
119207  27.820  -37.935  11.756 0.6000000238
112813  27.070  -37.978  11.721 0.6999999881
26267  26.626  -38.758  11.688 0.6999999881
30311  37.677  -34.545  17.587 0.3000000119
112916  27.585  -39.311  18.262 0.3000000119
117477  27.707  -38.485  18.029 0.3000000119
27246  25.553  -37.754  10.337 0.6999999881
30283  35.199  -33.997  19.273 0.3000000119
117786  25.680  -38.232  10.827 0.6999999881
115757  26.299  -38.053  11.383 0.6999999881
30300  36.044  -34.312  18.871 0.3000000119
30299  36.730  -34.292  18.438 0.3000000119
29232  37.412  -35.342  17.486 0.3000000119
28218  38.608  -36.595  15.492 0.3000000119
29246  37.794  -35.813  16.841 0.3000000119
29231  38.049  -35.058  17.057 0.3000000119
28234  39.048  -36.960  14.693 0.3000000119
124084  39.450  -36.277  14.421 0.3000000119
29262  38.785  -35.764  15.778 0.3000000119
28175  28.372  -36.209  18.851 0.3000000119
30288  29.904  -34.466  19.249 0.4000000060
27259  25.536  -37.707  9.305 0.6999999881
30284  34.516  -34.537  19.341 0.3000000119
30285  32.694  -34.151  19.482 0.3000000119
29200  35.241  -34.861  19.034 0.3000000119
28171  36.604  -35.590  17.942 0.3000000119
28203  38.216  -36.238  16.207 0.3000000119
30341  38.899  -34.951  16.038 0.3000000119
27188  39.166  -37.510  14.088 0.3000000119
29219  28.648  -35.411  18.581 0.4000000060
29202  33.103  -35.066  19.452 0.3000000119
30286  31.780  -34.297  19.497 0.3000000119
29216  35.885  -35.261  18.546 0.3000000119
123223  34.609  -35.232  19.153 0.3000000119
125770  25.689  -37.111  9.626 0.6999999881
28189  37.096  -36.153  17.226 0.3000000119
111974  25.690  -37.064  10.288 0.6999999881
29295  39.747  -36.011  13.968 0.3000000119
27200  39.503  -37.680  13.440 0.3000000119
28233  39.600  -36.806  13.840 0.3000000119
28299  25.938  -37.158  8.776 0.6999999881
113184  33.947  -35.133  19.368 0.3000000119
29355  26.041  -36.116  9.236 0.6999999881
28191  35.569  -36.878  17.728 0.3000000119
28172  35.790  -36.115  18.157 0.3000000119
28292  25.777  -36.368  10.026 0.6999999881
27210  40.247  -37.467  12.195 0.3000000119
29201  34.220  -35.828  19.090 0.3000000119
28255  40.405  -36.783  11.975 0.3000000119
35013  39.342  -29.506  11.036 0.3000000119
25312  27.034  -39.495  11.818 0.6999999881
127401  28.286  -38.851  11.520 0.6000000238
25311  28.114  -39.489  11.466 0.6000000238
26265  28.424  -38.306  11.546 0.6000000238
26285  25.280  -39.014  10.517 0.6999999881
26295  25.208  -38.424  9.777 0.6999999881
27120  28.100  -37.051  19.113 0.3000000119
26307  25.167  -38.186  8.850 0.6999999881
29207  28.802  -35.618  19.526 0.4000000060
27268  25.529  -37.565  8.325 0.6999999881
29205  30.485  -34.900  19.848 0.4000000060
28307  26.130  -37.188  7.776 0.6999999881
29203  32.252  -35.024  19.659 0.3000000119
119651  33.482  -35.817  19.340 0.3000000119
122542  33.785  -36.368  19.050 0.3000000119
26266  27.598  -38.675  11.721 0.6000000238
28173  34.384  -36.594  18.587 0.3000000119
29179  30.136  -35.455  20.386 0.3000000119
27267  34.252  -36.773  7.924 0.5000000000
27243  31.284  -37.843  10.053 0.5000000000
26293  32.120  -38.105  9.337 0.5000000000
21735  26.853  -44.297  8.121 0.4000000060
121245  25.848  -45.744  7.801 0.5000000000
27258  32.092  -37.066  9.752 0.4000000060
122831  32.821  -37.012  9.150 0.5000000000
20105  25.218  -46.538  9.001 0.4000000060
127088  25.430  -46.446  9.515 0.4000000060
26284  29.780  -38.643  10.722 0.4000000060
20089  25.039  -46.251  9.835 0.4000000060
20073  25.320  -46.050  11.275 0.4000000060
121045  24.728  -45.825  9.095 0.4000000060
21736  25.720  -44.854  8.222 0.5000000000
20923  25.367  -46.047  8.242 0.4000000060
22613  27.529  -43.169  9.115 0.5000000000
23505  27.945  -41.902  10.746 0.4000000060
25310  28.960  -38.943  11.233 0.5000000000
24405  28.468  -40.455  11.125 0.4000000060
23504  28.690  -41.441  10.457 0.4000000060
25331  28.945  -39.779  11.025 0.4000000060
19352  24.555  -46.196  10.880 0.4000000060
20884  20.967  -44.639  11.806 0.4000000060
21722  20.183  -43.765  10.887 0.4000000060
21717  25.876  -43.671  9.762 0.5000000000
21737  25.051  -44.845  9.154 0.4000000060
21721  20.901  -43.971  10.609 0.4000000060
23509  21.988  -41.448  10.374 0.4000000060
122698  21.351  -42.136  10.444 0.4000000060
21716  26.659  -43.436  9.419 0.5000000000
22587  26.822  -42.233  11.056 0.5000000000
24409  21.333  -40.578  10.315 0.4000000060
22599  27.344  -42.542  10.402 0.5000000000
23491  27.276  -41.785  11.233 0.6000000238
23490  27.842  -41.160  11.232 0.6000000238
24385  27.490  -40.302  11.596 0.5000000000
20060  21.432  -45.394  11.696 0.4000000060
20900  20.503  -44.189  11.280 0.4000000060
20090  24.225  -45.991  10.414 0.4000000060
21718  25.191  -43.700  10.148 0.5000000000
121184  24.634  -44.732  10.004 0.4000000060
21720  22.208  -44.128  10.521 0.4000000060
22601  25.841  -42.868  10.632 0.5000000000
114736  22.566  -42.266  10.388 0.4000000060
114494  21.447  -43.046  10.468 0.4000000060
22600  26.528  -42.820  10.524 0.5000000000
23492  26.552  -41.647  11.467 0.5000000000
24421  22.286  -40.203  9.758 0.4000000060
24386  26.977  -41.058  11.742 0.6000000238
20077  21.474  -45.254  11.168 0.4000000060
20911  21.639  -44.854  10.726 0.4000000060
114037  23.040  -43.257  10.402 0.4000000060
123391  25.623  -42.211  11.016 0.5000000000
114886  23.817  -42.416  10.388 0.4000000060
23508  23.314  -41.501  10.262 0.4000000060
22588  26.230  -42.256  11.120 0.5000000000
24408  22.730  -40.781  10.014 0.4000000060
25313  26.180  -39.563  11.687 0.6000000238
118505  25.900  -40.258  11.670 0.6000000238
20074  23.506  -46.270  11.032 0.4000000060
20910  22.739  -45.106  10.539 0.4000000060
21719  23.611  -44.485  10.361 0.4000000060
22602  24.992  -42.576  10.570 0.5000000000
115985  24.272  -43.505  10.348 0.5000000000
23507  24.320  -41.585  10.461 0.5000000000
23493  25.828  -41.590  11.373 0.5000000000
23506  25.110  -41.599  10.897 0.5000000000
24420  23.277  -40.116  9.663 0.5000000000
26268  25.855  -38.879  11.321 0.6000000238
24388  25.407  -40.759  11.243 0.6000000238
24406  24.654  -40.846  10.584 0.5000000000
24407  23.897  -40.685  10.081 0.5000000000
25314  25.439  -39.768  11.138 0.6000000238
127410  24.912  -40.252  10.651 0.6000000238
121151  24.463  -40.242  10.218 0.5000000000
109584  24.295  -37.886  8.450 0.5000000000
119860  24.997  -37.934  8.428 0.6000000238
26308  24.603  -38.418  8.688 0.6000000238
26297  24.111  -38.986  8.861 0.5000000000
25343  23.638  -39.488  9.299 0.5000000000
24419  24.113  -39.895  9.776 0.5000000000
26298  22.899  -38.914  8.984 0.5000000000
27269  24.937  -37.493  7.952 0.5000000000
27276  25.679  -37.274  7.658 0.6000000238
25342  24.400  -39.293  9.439 0.6000000238
26296  24.767  -38.768  9.120 0.6000000238
26294  31.161  -38.816  9.845 0.4000000060
25330  29.590  -39.517  10.592 0.4000000060
27245  30.067  -37.958  10.832 0.5000000000
26283  30.536  -38.341  10.393 0.4000000060
25341  24.842  -39.026  9.755 0.6000000238
27257  33.174  -37.465  8.533 0.5000000000
25353  31.987  -39.783  7.955 0.5000000000
26306  32.565  -38.713  8.419 0.5000000000
25339  31.710  -39.338  9.057 0.5000000000
20106  24.835  -46.063  9.598 0.4000000060
20909  24.397  -45.465  10.125 0.4000000060
22603  20.439  -42.490  10.569 0.4000000060
107730  23.665  -45.409  10.420 0.4000000060
20092  22.221  -45.654  10.847 0.4000000060
25332  24.751  -39.635  10.187 0.6000000238
21704  20.117  -43.563  11.194 0.3000000119
23510  20.536  -41.603  10.731 0.3000000119
22604  19.800  -43.095  11.018 0.3000000119
107946  19.956  -42.399  10.904 0.3000000119
115659  20.353  -40.664  10.916 0.3000000119
24391  20.211  -40.614  11.068 0.3000000119
20035  29.898  -45.278  14.842 0.5000000000
20091  23.163  -45.854  10.713 0.4000000060
20857  29.233  -44.328  15.406 0.5000000000
20885  20.441  -43.874  11.575 0.3000000119
20899  21.026  -44.789  11.388 0.4000000060
20912  20.854  -44.500  10.969 0.4000000060
21691  30.878  -43.628  12.652 0.5000000000
22543  28.392  -42.061  15.500 0.4000000060
22553  28.712  -42.466  14.853 0.5000000000
22562  28.873  -42.055  14.124 0.5000000000
22586  31.052  -42.169  11.863 0.5000000000
23457  28.565  -41.646  14.796 0.5000000000
23494  20.031  -41.373  11.133 0.3000000119
23502  32.755  -41.423  10.635 0.4000000060
24333  27.992  -40.827  16.075 0.5000000000
24362  28.916  -40.166  13.799 0.6000000238
24373  29.780  -40.468  12.759 0.6999999881
24383  31.478  -40.651  11.468 0.6000000238
24387  26.153  -40.950  11.764 0.6000000238
25242  27.659  -40.012  17.580 0.3000000119
26200  27.994  -38.716  16.810 0.4000000060
26227  29.031  -38.043  13.937 0.6999999881
26252  29.906  -38.882  12.887 0.6000000238
26305  33.519  -37.992  7.686 0.5000000000
27130  27.867  -37.786  18.551 0.3000000119
27147  28.200  -37.181  17.124 0.5000000000
27159  28.225  -37.470  16.206 0.6000000238
27192  28.581  -37.928  14.791 0.6000000238
27225  32.375  -37.624  11.648 0.6000000238
27265  35.097  -36.734  7.503 0.5000000000
28160  32.678  -35.904  19.665 0.3000000119
28190  36.327  -36.513  17.520 0.3000000119
28217  39.178  -36.074  15.068 0.3000000119
28235  29.182  -36.632  14.277 0.6000000238
28244  40.054  -37.003  12.870 0.3000000119
28258  32.119  -36.351  12.590 0.6000000238
28297  34.096  -35.695  8.873 0.6000000238
29204  31.401  -34.926  19.799 0.4000000060
29206  29.582  -35.105  19.761 0.4000000060
29217  35.035  -35.766  18.678 0.3000000119
29218  29.111  -34.839  19.008 0.4000000060
29233  28.523  -35.651  17.113 0.5000000000
29245  38.386  -35.439  16.434 0.3000000119
29248  28.623  -35.609  16.190 0.4000000060
29264  28.850  -35.573  15.382 0.5000000000
29294  40.055  -35.391  13.774 0.4000000060
29298  30.819  -35.508  13.739 0.6999999881
29341  34.210  -35.114  10.027 0.6000000238
30287  30.846  -34.237  19.347 0.4000000060
30303  28.900  -34.718  18.168 0.5000000000
30312  37.085  -34.794  18.062 0.3000000119
30313  29.314  -34.156  17.616 0.4000000060
30325  38.768  -34.082  16.354 0.4000000060
30342  29.718  -34.331  15.642 0.6000000238
30359  30.293  -34.424  14.880 0.5000000000
30373  33.794  -33.991  12.874 0.8000000119
30385  28.391  -34.543  12.408 0.8999999762
30408  33.350  -34.381  10.460 0.6999999881
30409  32.728  -34.289  10.604 0.6999999881
30417  41.554  -34.399  9.244 0.3000000119
30419  26.066  -35.158  9.670 0.8000000119
30433  41.817  -33.778  6.628 0.3000000119
31306  34.338  -33.671  19.418 0.4000000060
31309  31.425  -33.647  19.190 0.4000000060
31310  30.809  -33.620  18.874 0.4000000060
31327  31.939  -32.976  19.073 0.4000000060
31329  30.528  -33.337  18.305 0.4000000060
31342  30.458  -33.142  17.581 0.4000000060
31399  28.292  -32.827  13.114 0.8999999762
31422  33.267  -33.625  11.674 0.8000000119
31444  41.678  -33.413  8.431 0.3000000119
31483  30.617  -33.793  4.342 1.0000000000
31495  30.140  -34.032  4.529 1.0000000000
31496  29.553  -34.001  4.639 1.0000000000
32268  33.520  -32.427  19.182 0.4000000060
32300  37.558  -32.266  17.871 0.4000000060
32326  39.755  -32.364  15.372 0.4000000060
32357  29.852  -32.291  13.449 0.8000000119
32364  40.532  -32.034  12.599 0.4000000060
32366  32.812  -32.882  12.899 0.8000000119
32372  40.864  -32.365  11.247 0.4000000060
32387  41.075  -31.979  8.886 0.3000000119
32389  27.103  -32.401  9.116 1.0000000000
32390  26.769  -32.140  9.869 1.0000000000
32399  27.457  -32.754  8.354 1.0000000000
32439  30.526  -33.786  4.855 1.0000000000
32440  28.692  -32.900  4.835 0.8999999762
33121  36.326  -31.733  18.500 0.5000000000
33123  34.226  -31.331  18.472 0.6000000238
33140  36.807  -31.046  18.040 0.5000000000
33167  39.272  -31.173  15.834 0.4000000060
33187  29.973  -31.014  14.088 0.8000000119
33202  28.625  -31.533  13.573 0.8000000119
33208  27.446  -31.893  12.682 0.8999999762
33255  26.593  -31.425  7.482 0.6000000238
33278  32.774  -32.332  3.943 1.0000000000
33289  33.396  -31.683  2.964 1.0000000000
33291  31.894  -32.787  3.577 1.0000000000
34066  36.684  -29.940  17.013 0.5000000000
34083  38.805  -30.476  15.844 0.5000000000
34102  28.774  -30.195  14.018 0.6999999881
34127  27.065  -30.558  11.463 1.0000000000
34182  33.338  -31.424  3.802 1.0000000000
34188  33.534  -31.510  3.135 1.0000000000
34189  33.126  -31.470  2.421 1.0000000000
35006  38.917  -29.337  12.282 0.4000000060
35007  38.308  -28.839  12.215 0.5000000000
35020  39.772  -29.775  10.562 0.3000000119
35033  27.643  -30.058  9.739 1.0000000000
35088  33.323  -30.807  2.129 0.8999999762
35877  37.596  -28.054  12.729 0.5000000000
35936  28.441  -28.401  6.550 0.6999999881
35958  29.993  -28.413  4.299 0.6999999881
36845  37.410  -27.497  13.021 0.5000000000
36865  29.332  -27.629  10.030 1.0000000000
37802  30.266  -26.221  14.560 0.8000000119
37822  29.435  -26.534  13.322 0.8000000119
37961  31.845  -27.832  0.975 0.8000000119
38779  31.714  -25.409  15.355 0.8000000119
38817  36.656  -25.419  14.057 0.6000000238
38834  38.574  -25.431  12.791 0.4000000060
38961  34.737  -25.717  -1.011 0.8000000119
38962  33.975  -26.226  -0.627 0.8000000119
38970  34.852  -25.408  -1.377 0.6999999881
38973  34.660  -25.424  -1.506 0.6999999881
39804  33.596  -24.593  15.339 0.6999999881
39805  32.753  -24.641  15.234 0.6999999881
39822  36.281  -24.652  14.364 0.6999999881
39825  33.207  -24.091  14.798 0.6999999881
39843  32.195  -23.955  13.795 0.6999999881
39860  39.380  -24.032  11.739 0.6000000238
39861  38.945  -24.513  12.387 0.6000000238
39876  41.289  -24.476  10.079 0.4000000060
39905  42.307  -24.188  7.563 0.3000000119
40015  35.200  -24.864  -1.440 0.6999999881
40018  34.893  -24.937  -1.645 0.6999999881
40019  34.357  -24.913  -1.742 0.6999999881
40785  35.964  -23.890  14.341 0.6999999881
40812  35.713  -23.274  14.069 0.6999999881
40829  38.820  -23.607  12.152 0.6000000238
40861  31.830  -23.895  9.606 0.8000000119
40869  39.332  -24.207  9.021 0.4000000060
40870  38.252  -23.576  8.542 0.4000000060
40880  41.036  -23.688  7.951 0.4000000060
40881  40.293  -23.672  8.012 0.4000000060
40959  35.093  -24.847  -0.825 0.6999999881
40973  35.192  -24.561  -1.631 0.6999999881
41821  36.745  -22.855  13.250 0.6999999881
41832  38.488  -22.874  11.914 0.6999999881
41846  34.808  -22.562  11.478 0.6999999881
41850  38.434  -22.632  10.628 0.5000000000
41851  37.599  -22.472  10.528 0.6000000238
41967  35.354  -23.143  -1.328 0.4000000060
41971  35.057  -23.560  -1.725 0.4000000060
41972  34.082  -23.496  -1.867 0.5000000000
42915  34.463  -21.231  7.428 0.5000000000
42929  34.472  -21.216  6.518 0.4000000060
45171  35.435  -19.860  4.710 0.3000000119
45220  33.439  -20.143  -0.503 0.3000000119
52352  33.674  -13.089  6.994 0.3000000119
105281  30.490  -13.592  -1.343 0.3000000119
105285  30.564  -12.843  -1.309 0.3000000119
105286  30.518  -12.361  -0.892 0.3000000119
106656  39.598  -34.770  14.869 0.4000000060
107795  29.706  -43.061  13.556 0.5000000000
109974  41.274  -35.022  9.907 0.3000000119
110793  35.135  -36.513  18.241 0.3000000119
111391  31.111  -27.825  15.643 0.6999999881
111666  36.907  -25.356  3.924 0.3000000119
112141  32.362  -23.384  9.870 0.6999999881
112943  25.429  -46.237  10.167 0.4000000060
113345  27.881  -41.162  16.798 0.3000000119
113800  36.489  -34.858  18.404 0.3000000119
113848  40.094  -36.119  13.340 0.3000000119
114212  40.389  -31.261  12.641 0.4000000060
114237  26.568  -40.268  11.815 0.6000000238
114665  35.044  -23.784  -0.537 0.5000000000
114755  27.377  -29.903  7.495 0.6999999881
115243  41.412  -32.654  8.646 0.3000000119
115311  32.837  -39.581  10.602 0.4000000060
115609  38.473  -34.767  16.595 0.3000000119
116750  34.781  -30.489  17.549 0.6999999881
117566  35.012  -33.138  19.281 0.3000000119
117832  28.431  -36.809  15.610 0.6000000238
118179  33.674  -34.304  19.461 0.3000000119
118312  20.188  -43.148  10.685 0.4000000060
118334  29.635  -37.855  13.470 0.6000000238
120320  37.679  -29.439  15.667 0.4000000060
120367  31.767  -14.260  1.766 0.3000000119
120622  32.418  -16.450  4.028 0.4000000060
123461  33.509  -33.979  13.447 0.6999999881
123486  32.348  -27.629  2.347 0.8999999762
123725  36.450  -22.463  12.669 0.6999999881
124216  29.807  -36.712  13.689 0.6000000238
124396  36.974  -26.018  13.701 0.6000000238
124780  27.892  -38.408  17.386 0.4000000060
126542  32.778  -33.839  14.154 0.6999999881
126893  41.615  -36.202  8.493 0.3000000119
127126  36.039  -20.426  3.147 0.3000000119
127503  29.298  -37.334  11.382 0.6999999881
127598  30.804  -39.625  12.043 0.6000000238
127666  30.039  -44.983  14.455 0.5000000000
127890  27.955  -28.906  10.725 1.0000000000
128056  33.942  -18.664  4.238 0.3000000119
128233  41.254  -36.037  9.420 0.3000000119
128527  39.824  -31.140  14.815 0.4000000060
