#!ascii label  , from subject sub-v2s4x29616_ses-1 vox2ras=TkReg
1800
23820  36.576  -42.074  5.566 0.6000000238
24635  35.699  -41.966  6.516 0.5000000000
26208  36.787  -39.459  4.996 0.6999999881
107650  37.578  -39.068  4.475 0.6000000238
124975  37.563  -38.207  4.629 0.6000000238
25479  36.045  -40.589  5.775 0.6999999881
25494  36.638  -40.510  5.146 0.6000000238
25493  37.166  -40.877  4.655 0.5000000000
109463  37.309  -40.088  4.576 0.5000000000
26218  37.996  -39.874  4.046 0.5000000000
26207  38.353  -39.060  3.969 0.6000000238
26929  38.139  -38.300  4.227 0.6000000238
111528  35.428  -41.239  6.533 0.5000000000
23795  36.267  -42.496  6.157 0.5000000000
24663  36.846  -41.462  5.035 0.6000000238
26942  38.783  -38.408  3.749 0.6000000238
22885  34.973  -43.686  7.711 0.5000000000
22019  34.573  -44.162  8.186 0.5000000000
28546  37.332  -36.229  5.594 0.6000000238
28545  37.857  -36.158  5.022 0.6999999881
26918  35.649  -38.562  6.199 0.6000000238
27699  36.166  -37.890  5.900 0.6999999881
27698  36.817  -37.144  5.612 0.6000000238
27697  37.630  -36.887  5.126 0.6000000238
108377  37.944  -37.477  4.539 0.6000000238
115459  35.704  -40.058  5.976 0.6000000238
26193  36.167  -39.795  5.546 0.6999999881
28557  38.349  -36.960  4.115 0.6000000238
24621  35.026  -41.589  6.998 0.5000000000
26185  35.191  -39.908  6.427 0.5000000000
116298  38.720  -37.228  3.620 0.6000000238
23782  35.269  -42.459  7.109 0.5000000000
27729  38.996  -37.094  3.072 0.6000000238
126153  34.420  -42.525  7.956 0.5000000000
28580  39.134  -36.813  2.234 0.6000000238
29504  39.472  -36.290  1.495 0.6999999881
28579  39.780  -37.153  1.683 0.6000000238
29503  40.075  -35.686  0.861 0.6999999881
28591  40.288  -36.614  1.038 0.6000000238
28589  42.026  -36.489  0.129 0.6000000238
110459  41.197  -36.946  0.679 0.6000000238
107562  42.747  -35.117  -2.252 0.5000000000
30394  39.842  -34.633  -1.393 0.6999999881
118032  41.493  -35.067  -1.836 0.6000000238
122057  38.908  -34.204  -1.080 0.8000000119
29515  39.143  -35.092  -0.969 0.6999999881
30333  37.331  -34.787  5.723 0.6000000238
30332  37.556  -34.960  5.076 0.6999999881
27684  36.064  -37.090  6.226 0.6999999881
29460  37.177  -35.452  6.122 0.6000000238
29473  37.731  -35.503  4.697 0.6999999881
30345  37.438  -34.843  4.407 0.6999999881
26907  35.243  -39.120  6.451 0.6000000238
122030  35.495  -37.075  6.690 0.6000000238
29487  37.710  -35.342  3.824 0.8000000119
26896  34.303  -38.865  7.350 0.5000000000
26186  34.740  -39.351  6.852 0.5000000000
29495  37.731  -35.033  3.132 0.8000000119
28570  38.490  -36.622  3.486 0.6000000238
25462  33.766  -40.222  7.872 0.5000000000
116176  34.655  -40.078  6.902 0.5000000000
114636  37.997  -34.961  2.608 0.8000000119
28581  38.689  -36.479  2.789 0.6000000238
23770  33.906  -42.449  8.369 0.5000000000
29494  38.457  -35.133  2.082 0.8000000119
112319  39.236  -35.241  1.369 0.8000000119
114535  38.736  -36.017  2.080 0.6999999881
122541  39.962  -34.869  0.803 0.6999999881
30378  39.528  -34.258  1.052 0.6999999881
29511  42.161  -34.622  -0.210 0.6999999881
29502  40.931  -34.982  0.400 0.6999999881
29510  43.216  -35.095  -0.700 0.6000000238
28601  42.050  -35.541  -0.043 0.6000000238
28590  41.044  -36.031  0.536 0.6000000238
30387  44.074  -34.513  -1.606 0.6999999881
29514  44.074  -35.349  -1.498 0.6999999881
28600  43.288  -36.111  -0.617 0.6000000238
30395  43.529  -34.349  -2.271 0.6999999881
29519  43.998  -35.977  -2.215 0.6000000238
30393  40.902  -34.359  -1.682 0.8000000119
30392  42.218  -34.323  -2.210 0.8000000119
123269  43.164  -35.872  -2.301 0.6000000238
31314  39.982  -33.636  -1.551 0.8999999762
30388  37.449  -34.437  -0.541 0.6999999881
106984  38.178  -34.921  -0.730 0.6999999881
114587  37.066  -34.156  5.696 0.6000000238
30346  37.194  -34.309  4.972 0.6999999881
32128  36.356  -32.771  4.801 0.6999999881
123844  37.204  -34.866  6.260 0.6000000238
31277  36.768  -33.508  4.269 0.6000000238
118908  36.281  -34.861  7.321 0.4000000060
28530  35.841  -36.385  6.652 0.6000000238
110874  36.976  -34.871  6.695 0.6000000238
30360  37.104  -34.244  4.162 0.6999999881
28519  35.549  -35.701  7.290 0.6000000238
31276  37.102  -33.834  3.657 0.8000000119
123898  33.890  -37.666  7.880 0.4000000060
27673  34.371  -37.987  7.411 0.5000000000
27686  34.971  -37.496  7.022 0.6000000238
31287  37.396  -33.763  3.027 0.8000000119
26175  33.693  -39.295  7.850 0.5000000000
31286  37.878  -33.641  2.397 0.8000000119
25450  33.380  -40.772  8.410 0.4000000060
31299  39.145  -33.520  1.262 0.8000000119
24611  33.593  -41.636  8.396 0.5000000000
31298  39.841  -33.452  0.788 0.8000000119
32160  41.080  -32.510  0.258 0.8000000119
31297  40.685  -33.326  0.395 0.6999999881
31302  43.064  -33.337  -0.615 0.8000000119
31303  41.741  -33.203  -0.102 0.6999999881
32164  43.927  -32.791  -1.036 0.8999999762
31306  43.984  -33.634  -1.445 0.8999999762
30384  42.281  -33.876  -0.330 0.6999999881
31311  44.247  -33.096  -1.794 0.8999999762
30383  43.417  -34.265  -0.862 0.6999999881
114901  43.956  -33.893  -1.883 0.6000000238
31313  41.410  -33.551  -1.965 0.8999999762
31312  42.764  -33.495  -2.353 0.8999999762
31309  37.028  -33.103  -0.469 0.8000000119
30390  36.080  -34.079  -0.063 0.8000000119
31308  37.606  -33.714  -0.639 0.8000000119
114314  36.828  -33.897  -0.363 0.8000000119
109626  38.845  -33.256  -1.229 0.8000000119
31315  38.277  -33.672  -0.914 0.6999999881
32114  36.260  -32.963  5.688 0.6999999881
111996  35.883  -31.384  5.021 0.6000000238
30318  37.045  -34.362  6.378 0.6000000238
120985  36.346  -33.134  6.424 0.5000000000
32996  36.213  -31.849  4.496 0.6999999881
30295  36.454  -33.850  7.983 0.4000000060
30305  36.778  -34.179  7.223 0.5000000000
31239  36.727  -33.687  6.866 0.6000000238
32139  37.073  -33.021  3.352 0.6999999881
106061  35.752  -34.480  8.196 0.5000000000
114769  37.559  -33.078  2.691 0.6999999881
29424  34.809  -34.847  8.885 0.5000000000
28520  34.678  -36.093  7.777 0.6000000238
29416  33.757  -35.765  9.469 0.4000000060
28512  33.560  -36.341  8.866 0.4000000060
33017  38.837  -31.126  1.529 0.8000000119
32152  38.127  -32.710  2.133 0.8000000119
26887  32.868  -38.077  9.048 0.4000000060
32162  39.473  -32.819  0.990 0.8000000119
32151  38.859  -32.709  1.439 0.8000000119
31285  38.474  -33.542  1.791 0.8000000119
25451  32.829  -40.556  8.861 0.3000000119
33023  41.251  -31.689  0.311 0.8000000119
33024  40.445  -31.435  0.594 0.8000000119
32161  40.135  -32.644  0.632 0.8000000119
33022  42.319  -31.077  0.162 0.8000000119
33033  44.298  -31.863  -1.100 0.8999999762
124544  43.783  -32.120  -0.706 0.8999999762
33032  44.403  -31.243  -1.240 0.8999999762
115667  44.298  -32.465  -1.548 0.8999999762
33037  44.159  -31.535  -1.542 0.8999999762
32177  43.790  -32.552  -2.203 0.8999999762
32178  43.028  -32.713  -2.370 0.8999999762
31310  36.258  -33.265  -0.164 0.8000000119
31304  35.655  -33.405  0.222 0.8000000119
32172  41.890  -32.780  -2.217 0.8999999762
32173  40.701  -32.766  -1.765 0.8999999762
114757  37.920  -32.946  -0.831 0.8000000119
32174  39.551  -32.624  -1.478 0.8000000119
104911  35.990  -32.285  6.324 0.6000000238
105658  35.976  -32.141  5.330 0.6000000238
33896  35.834  -30.717  5.347 0.6000000238
115441  36.125  -31.954  7.247 0.6000000238
31213  36.550  -33.167  8.454 0.4000000060
31224  36.536  -33.412  7.660 0.4000000060
32103  36.303  -32.865  7.130 0.5000000000
33009  36.614  -31.580  3.743 0.6999999881
31214  36.048  -33.663  8.829 0.4000000060
33008  37.207  -31.500  3.152 0.6999999881
30296  35.378  -34.205  9.289 0.5000000000
33019  37.725  -31.386  2.602 0.6999999881
30286  35.343  -34.204  10.077 0.5000000000
33928  38.561  -30.348  1.924 0.8000000119
33018  38.250  -31.205  2.051 0.8000000119
33934  40.610  -30.024  0.895 0.8000000119
33025  39.550  -31.768  0.980 0.8000000119
33027  44.312  -30.909  -0.882 0.8999999762
33028  43.583  -31.478  -0.490 0.8999999762
33940  44.459  -30.361  -1.083 0.8999999762
33951  42.559  -31.432  -1.969 0.8999999762
116053  41.694  -31.541  -1.904 1.0000000000
32168  36.401  -32.473  -0.313 0.8000000119
114312  40.811  -31.279  -1.694 1.0000000000
32167  37.204  -32.310  -0.577 0.8000000119
33041  39.753  -31.036  -1.485 1.0000000000
32175  38.574  -32.389  -1.193 0.8000000119
32176  37.862  -32.151  -0.900 0.8000000119
32968  35.851  -30.791  6.076 0.6000000238
113192  35.871  -30.037  5.046 0.6000000238
112523  36.252  -31.034  7.379 0.6000000238
34795  36.292  -29.627  4.468 0.6999999881
32926  37.094  -31.972  9.313 0.4000000060
32940  36.782  -31.757  8.577 0.4000000060
32956  36.465  -31.612  7.903 0.4000000060
31201  36.484  -33.092  9.291 0.4000000060
33919  37.446  -30.882  2.957 0.6999999881
123841  36.588  -33.464  10.731 0.5000000000
32061  37.256  -32.300  10.139 0.4000000060
33929  37.917  -30.644  2.514 0.8000000119
122605  39.490  -30.457  1.267 0.8000000119
34817  38.582  -29.444  2.247 0.8000000119
34823  40.776  -29.067  1.289 0.8000000119
33935  40.168  -30.890  0.758 0.8000000119
34821  42.669  -29.502  0.634 0.8000000119
33933  41.773  -30.198  0.597 0.8000000119
33938  43.573  -30.587  -0.238 0.8999999762
33944  44.035  -30.705  -1.401 0.8999999762
34831  44.377  -29.555  -0.910 0.8999999762
33945  42.962  -30.650  -1.704 1.0000000000
33946  41.677  -30.710  -1.712 1.0000000000
33043  37.402  -31.544  -0.738 0.8000000119
32165  35.341  -32.752  0.346 0.8000000119
116225  37.717  -30.759  -0.895 0.8000000119
116350  39.148  -31.722  -1.364 0.8000000119
33868  36.507  -30.053  7.462 0.6000000238
32967  35.939  -31.333  6.601 0.6000000238
33884  35.911  -30.021  5.914 0.6000000238
34808  36.702  -29.912  3.692 0.6999999881
35662  37.238  -28.472  4.357 0.6999999881
32939  37.240  -31.185  9.004 0.4000000060
33853  36.766  -30.839  8.200 0.5000000000
113201  37.276  -29.416  3.452 0.8000000119
35678  37.503  -28.773  3.644 0.8000000119
120542  36.836  -32.561  9.564 0.4000000060
34806  37.936  -29.214  2.948 0.8000000119
32897  39.083  -31.859  11.122 0.4000000060
32913  38.630  -31.427  10.697 0.4000000060
34824  39.852  -29.434  1.407 0.8000000119
33927  39.112  -29.704  1.713 0.8000000119
34822  41.578  -29.398  0.934 0.8000000119
34827  44.201  -29.309  -0.385 0.8999999762
35699  43.044  -28.670  0.939 0.8000000119
34836  44.214  -29.881  -1.139 1.0000000000
34837  43.450  -29.822  -1.413 1.0000000000
35709  43.894  -28.315  -0.492 1.0000000000
34838  42.223  -29.856  -1.529 1.0000000000
34841  38.717  -29.636  -1.165 1.0000000000
33034  36.838  -30.851  -0.670 0.8999999762
33030  35.250  -32.069  0.107 0.8000000119
33036  35.185  -31.196  -0.137 0.8999999762
114287  38.032  -30.028  -0.938 1.0000000000
109790  37.186  -29.883  -0.777 1.0000000000
33035  35.980  -31.051  -0.472 1.0000000000
35723  39.370  -28.617  -1.227 1.0000000000
35714  38.548  -27.727  -1.252 1.0000000000
35724  38.529  -28.705  -1.158 1.0000000000
35715  37.727  -28.152  -1.063 1.0000000000
36655  38.653  -26.758  -1.280 1.0000000000
34770  36.341  -29.267  6.251 0.6999999881
35649  36.696  -28.733  5.729 0.6999999881
35635  37.238  -28.188  6.110 0.6999999881
34752  37.148  -29.337  7.657 0.6000000238
34753  36.586  -29.239  7.049 0.6000000238
35663  36.650  -28.869  4.805 0.6999999881
33867  37.072  -30.052  8.108 0.6000000238
33836  37.774  -30.699  9.425 0.5000000000
36615  37.762  -28.181  3.981 0.8000000119
33822  38.993  -30.706  10.180 0.4000000060
35677  38.176  -28.364  3.374 0.8000000119
34816  39.254  -28.917  1.920 0.8000000119
35693  39.583  -28.036  2.396 0.8000000119
35701  40.922  -28.405  1.604 0.8000000119
34815  40.112  -28.585  1.703 0.8000000119
35700  41.776  -28.642  1.308 0.8000000119
35698  43.981  -28.362  0.404 0.8999999762
35689  43.797  -27.901  1.048 0.8000000119
111385  44.201  -28.892  -0.587 0.8999999762
36644  44.048  -27.578  0.470 1.0000000000
36650  43.989  -27.647  -0.101 1.0000000000
35721  42.600  -29.005  -1.194 1.0000000000
36651  43.480  -27.742  -0.379 1.0000000000
37566  43.465  -27.146  -0.092 1.0000000000
125654  42.224  -28.455  -0.904 1.0000000000
36652  42.313  -27.346  -0.328 1.0000000000
35711  41.695  -27.921  -0.669 1.0000000000
36653  40.777  -27.034  -0.560 1.0000000000
35713  39.420  -27.607  -1.138 1.0000000000
33941  36.273  -30.228  -0.645 1.0000000000
33942  35.548  -30.444  -0.428 1.0000000000
36654  39.500  -26.649  -1.001 1.0000000000
34832  37.224  -28.934  -0.815 1.0000000000
34833  36.431  -29.277  -0.735 1.0000000000
35716  36.930  -28.301  -0.816 1.0000000000
36656  37.823  -27.026  -1.247 1.0000000000
107936  37.292  -27.553  -1.003 1.0000000000
117876  37.379  -28.323  6.851 0.6999999881
35648  37.157  -28.222  5.212 0.6999999881
108961  38.362  -29.533  8.170 0.5000000000
35622  37.601  -28.648  7.378 0.6999999881
36603  37.673  -27.809  4.661 0.6999999881
34732  37.723  -29.761  8.359 0.6000000238
33851  37.914  -30.141  9.073 0.5000000000
34714  38.384  -29.854  8.891 0.5000000000
36614  38.343  -27.638  4.007 0.8000000119
35676  38.877  -27.858  3.175 0.8000000119
36633  39.559  -27.317  3.118 0.6999999881
36632  40.282  -27.303  2.560 0.8000000119
35691  41.532  -27.915  1.785 0.8000000119
35692  40.563  -27.877  1.985 0.8000000119
35690  42.661  -27.986  1.500 0.6999999881
36630  42.272  -27.336  2.031 0.6999999881
36639  44.088  -27.258  1.091 0.8999999762
37514  43.541  -26.081  2.284 0.8000000119
38426  43.925  -25.385  2.513 0.8000000119
39367  44.321  -24.701  2.908 0.8000000119
37545  44.182  -26.849  0.867 0.8999999762
37530  43.980  -26.617  1.516 0.8000000119
38441  44.184  -25.831  1.777 0.8000000119
37553  44.041  -27.040  0.309 1.0000000000
38453  44.170  -26.173  1.231 0.8999999762
122500  44.268  -25.588  1.581 0.8999999762
39381  44.557  -25.084  2.045 0.8000000119
38466  44.040  -26.430  0.706 0.8999999762
37554  43.503  -26.557  0.289 1.0000000000
35712  40.481  -27.720  -0.822 1.0000000000
37568  39.952  -26.112  -0.628 1.0000000000
35717  36.084  -28.411  -0.597 1.0000000000
38479  40.359  -25.547  -0.265 1.0000000000
37569  38.802  -26.096  -1.224 1.0000000000
36657  36.747  -27.616  -0.732 1.0000000000
38480  39.501  -25.532  -0.602 1.0000000000
38481  38.773  -25.673  -0.984 1.0000000000
37571  37.556  -26.568  -0.998 1.0000000000
35621  38.335  -28.464  7.458 0.6999999881
36565  37.993  -28.032  7.087 0.6999999881
36578  37.781  -27.763  6.505 0.6999999881
36577  38.234  -27.192  6.281 0.6999999881
34750  38.829  -29.124  7.714 0.6000000238
36594  38.256  -26.994  5.639 0.6999999881
34731  39.024  -29.682  8.271 0.5000000000
37496  38.646  -26.588  5.236 0.6999999881
33850  39.803  -29.973  8.225 0.5000000000
37506  38.825  -26.946  4.377 0.8000000119
37517  39.514  -26.771  3.816 0.6999999881
36613  40.186  -26.720  3.170 0.6999999881
37533  40.829  -26.792  2.680 0.6999999881
37532  41.761  -26.611  2.544 0.6999999881
36629  43.429  -27.325  1.582 0.6999999881
38427  42.706  -25.461  2.989 0.8000000119
39368  43.280  -24.823  3.335 0.8000000119
39349  43.630  -24.144  3.812 0.8000000119
39348  44.603  -23.894  3.440 0.8000000119
39405  44.029  -25.664  1.165 1.0000000000
39380  45.017  -24.362  1.989 0.8999999762
39366  45.038  -24.301  2.470 0.8000000119
39390  44.370  -24.998  1.743 1.0000000000
40216  45.651  -23.779  2.186 0.8000000119
126254  42.616  -26.090  0.365 1.0000000000
121796  43.393  -25.919  0.612 1.0000000000
37567  41.143  -26.435  -0.200 1.0000000000
37555  41.503  -25.879  0.205 1.0000000000
38469  40.018  -24.929  -0.203 1.0000000000
36658  36.058  -27.536  -0.338 1.0000000000
114110  35.405  -27.968  -0.312 1.0000000000
38470  39.412  -25.245  -0.344 1.0000000000
37556  37.994  -25.972  -0.858 1.0000000000
37572  36.707  -26.978  -0.467 1.0000000000
38471  38.648  -25.573  -0.162 1.0000000000
35620  39.100  -28.175  7.487 0.6999999881
107417  38.707  -27.559  7.231 0.6999999881
37482  38.732  -26.820  6.810 0.6000000238
116611  38.586  -26.545  6.073 0.6000000238
38372  39.116  -25.924  5.676 0.6000000238
37505  39.321  -26.284  4.653 0.6999999881
37504  40.184  -26.048  3.924 0.6999999881
38414  39.799  -25.555  4.915 0.6999999881
37516  40.899  -26.218  3.075 0.6999999881
121238  41.721  -25.838  3.008 0.6999999881
39369  42.330  -24.831  3.647 0.8000000119
37515  42.548  -26.141  2.611 0.6999999881
40187  44.013  -23.451  4.610 0.8000000119
40186  45.018  -23.071  4.063 0.8000000119
40205  46.072  -23.071  2.523 0.8000000119
40222  45.488  -23.718  1.919 0.8000000119
41069  46.293  -22.507  2.232 0.8000000119
106673  42.503  -24.179  1.110 1.0000000000
41079  44.831  -23.099  1.591 1.0000000000
116462  46.155  -22.377  1.917 0.6999999881
40233  42.356  -23.186  1.072 1.0000000000
41090  45.206  -22.025  1.500 0.8999999762
40234  41.320  -23.468  0.741 1.0000000000
39408  40.617  -24.297  0.466 1.0000000000
40235  40.786  -23.401  0.817 1.0000000000
35719  34.031  -27.999  0.013 1.0000000000
39409  39.945  -24.553  0.149 1.0000000000
38454  39.416  -24.989  0.355 1.0000000000
37573  35.755  -26.948  -0.003 1.0000000000
117904  35.400  -27.217  -0.163 1.0000000000
37557  37.318  -26.505  -0.439 1.0000000000
37467  39.189  -26.829  7.237 0.6999999881
38394  39.671  -25.342  5.724 0.6000000238
38393  40.222  -24.968  5.310 0.6999999881
38429  40.992  -25.655  3.546 0.6999999881
38413  40.716  -25.190  4.358 0.6999999881
38428  41.648  -25.221  3.619 0.6999999881
38412  41.624  -24.571  4.416 0.8000000119
39350  42.638  -24.317  4.119 0.6999999881
40174  43.120  -23.543  5.405 0.6999999881
40172  44.886  -22.762  5.248 0.6999999881
41042  45.647  -22.277  4.640 0.6999999881
41041  46.201  -21.978  3.998 0.6999999881
118901  45.864  -21.094  2.008 0.8000000119
41978  46.267  -21.442  2.602 0.6999999881
41092  42.505  -22.052  0.968 0.8999999762
114936  41.573  -22.542  0.898 1.0000000000
41093  41.547  -21.769  1.017 1.0000000000
36659  34.703  -27.280  -0.175 1.0000000000
39392  40.429  -24.003  0.786 1.0000000000
118133  36.060  -26.784  0.026 1.0000000000
111481  37.781  -26.163  0.115 1.0000000000
37481  39.285  -26.245  7.034 0.6000000238
38371  39.499  -25.615  6.518 0.6000000238
38370  40.125  -25.263  6.915 0.6000000238
39315  40.036  -24.986  6.170 0.6000000238
39331  40.657  -24.614  5.821 0.6000000238
39351  40.832  -24.608  5.023 0.6000000238
110156  41.787  -23.947  5.949 0.6999999881
40173  44.070  -23.146  5.818 0.6999999881
41031  44.577  -22.587  6.095 0.6999999881
41030  45.206  -22.129  5.543 0.6999999881
44654  48.379  -18.413  8.660 0.3000000119
42872  46.053  -20.804  2.800 0.6999999881
41979  46.182  -21.418  3.487 0.6999999881
45613  48.394  -17.180  7.858 0.3000000119
42889  45.585  -20.300  2.036 0.8000000119
35681  31.297  -28.357  3.186 0.8999999762
42016  43.149  -20.958  0.862 1.0000000000
35708  31.958  -27.871  0.857 1.0000000000
36660  33.869  -26.850  -0.254 1.0000000000
36645  33.251  -27.624  0.201 1.0000000000
40226  40.230  -23.669  1.380 1.0000000000
37546  37.441  -26.480  1.213 1.0000000000
38455  38.868  -25.443  0.935 1.0000000000
37558  36.603  -26.671  0.082 1.0000000000
37547  36.702  -26.733  1.038 1.0000000000
37465  40.493  -26.442  8.034 0.6000000238
38359  39.766  -25.807  7.188 0.6000000238
38345  40.905  -25.858  8.195 0.6000000238
38357  41.131  -25.236  7.876 0.6000000238
39288  41.824  -24.888  8.184 0.6000000238
39301  41.525  -24.583  7.398 0.6999999881
39314  41.221  -24.417  6.466 0.6999999881
39313  42.142  -23.968  6.789 0.6999999881
39272  46.464  -24.702  9.444 0.3000000119
105731  45.975  -24.012  9.503 0.3000000119
109815  42.438  -23.702  5.940 0.6999999881
40159  43.180  -23.410  6.494 0.6999999881
44646  47.917  -18.920  9.175 0.3000000119
44647  47.208  -18.708  9.199 0.4000000060
45593  48.033  -17.673  8.409 0.4000000060
45594  47.117  -17.478  8.478 0.4000000060
35682  30.406  -28.152  3.478 0.6999999881
35683  29.502  -28.089  3.720 0.6999999881
47517  46.725  -15.375  6.627 0.3000000119
45614  47.713  -17.112  8.100 0.3000000119
42873  45.155  -20.130  2.780 0.6999999881
122568  31.181  -27.800  1.662 0.8999999762
48427  47.302  -15.159  6.220 0.3000000119
46554  47.119  -16.746  7.940 0.3000000119
43841  44.142  -19.697  1.286 0.8000000119
36640  31.112  -27.598  0.985 0.8999999762
47498  47.135  -16.104  7.277 0.3000000119
46555  46.384  -16.956  8.174 0.3000000119
42917  42.636  -20.147  1.112 0.8000000119
40217  40.499  -22.765  1.590 1.0000000000
37575  33.651  -25.698  -0.611 1.0000000000
39394  39.300  -24.902  1.460 1.0000000000
37559  35.315  -26.426  0.081 1.0000000000
116303  34.311  -26.199  -0.386 1.0000000000
37534  38.225  -26.010  1.080 1.0000000000
37548  35.868  -26.704  0.575 1.0000000000
37537  36.063  -26.903  1.710 1.0000000000
39287  42.555  -24.607  8.506 0.6999999881
39300  42.275  -24.251  7.765 0.6999999881
117616  45.782  -24.853  9.506 0.3000000119
124666  45.799  -23.319  9.520 0.4000000060
125700  44.014  -22.974  6.547 0.6999999881
40115  46.529  -23.239  9.520 0.3000000119
41019  44.138  -22.381  6.840 0.6999999881
105730  46.542  -22.414  9.537 0.5000000000
41018  44.681  -22.102  6.212 0.6999999881
42774  47.209  -20.330  9.462 0.4000000060
123689  45.400  -20.828  9.372 0.6000000238
42776  45.619  -20.193  9.373 0.5000000000
43710  47.247  -19.387  9.371 0.3000000119
41965  45.677  -21.444  4.605 0.6999999881
46572  43.283  -16.950  7.311 0.4000000060
44656  45.914  -18.421  8.983 0.4000000060
42856  44.984  -20.384  3.945 0.6999999881
35684  28.692  -27.950  3.848 0.6999999881
47501  44.466  -15.803  7.240 0.4000000060
112478  46.750  -18.208  8.965 0.4000000060
35665  29.091  -28.477  4.509 0.6000000238
47518  45.796  -15.210  6.771 0.3000000119
47499  46.200  -15.877  7.251 0.3000000119
47500  45.321  -15.779  7.250 0.4000000060
45595  46.173  -17.660  8.606 0.4000000060
107629  45.228  -17.888  8.496 0.4000000060
42890  44.116  -19.601  2.162 0.6999999881
42874  43.975  -19.684  3.163 0.6999999881
35697  30.703  -27.818  2.328 0.6999999881
105695  44.911  -16.343  7.542 0.4000000060
119688  45.674  -17.184  8.232 0.4000000060
43842  43.305  -19.590  1.744 0.8000000119
46569  46.509  -16.426  7.684 0.3000000119
45596  44.869  -17.078  7.945 0.4000000060
43856  42.355  -19.859  1.674 0.8000000119
36646  32.978  -26.529  -0.361 1.0000000000
42006  41.232  -21.130  1.748 0.8999999762
39382  39.715  -24.202  1.918 1.0000000000
110727  34.960  -26.055  0.302 1.0000000000
37536  36.817  -26.707  2.187 1.0000000000
37535  37.749  -26.222  2.247 1.0000000000
117246  38.555  -25.547  2.067 1.0000000000
105071  35.205  -26.554  1.280 1.0000000000
38456  34.413  -25.325  0.064 1.0000000000
37549  34.454  -25.820  0.805 1.0000000000
38343  42.246  -25.323  8.848 0.6000000238
39273  43.454  -24.965  9.331 0.6000000238
39286  43.293  -24.286  8.884 0.6000000238
40132  42.936  -23.901  8.215 0.6999999881
110808  44.180  -24.940  9.489 0.5000000000
105371  43.935  -24.244  9.293 0.6000000238
124175  45.267  -24.307  9.525 0.5000000000
40116  45.164  -23.545  9.496 0.4000000060
40145  42.871  -23.616  7.480 0.6999999881
40158  43.611  -23.025  7.256 0.6999999881
40117  44.419  -23.568  9.300 0.6000000238
40144  43.491  -23.151  8.060 0.6999999881
123166  44.801  -22.965  9.353 0.6000000238
41887  46.164  -21.735  9.540 0.6000000238
41888  45.281  -21.496  9.378 0.6000000238
41928  43.881  -21.620  7.308 0.6999999881
116035  45.909  -20.972  9.489 0.5000000000
42777  44.829  -20.626  9.128 0.6000000238
42799  44.186  -20.774  8.546 0.6000000238
41943  44.212  -21.607  6.596 0.6000000238
106902  42.320  -17.216  6.824 0.4000000060
44648  46.537  -18.917  9.285 0.4000000060
119711  44.864  -19.605  8.985 0.4000000060
119404  44.313  -20.104  8.694 0.5000000000
117335  43.732  -20.802  8.049 0.6000000238
41953  44.745  -21.389  5.715 0.6999999881
46573  42.688  -16.444  6.974 0.4000000060
124679  44.756  -20.647  4.857 0.6999999881
46571  44.170  -16.588  7.496 0.4000000060
43725  45.125  -18.767  8.844 0.4000000060
44657  44.407  -18.506  8.418 0.4000000060
42857  43.953  -19.806  4.257 0.6999999881
108200  29.936  -27.493  1.592 0.8999999762
36619  29.695  -27.647  2.670 0.6999999881
46570  45.696  -16.507  7.740 0.4000000060
45597  44.462  -17.771  8.163 0.4000000060
43827  42.530  -19.509  2.262 0.6999999881
43805  42.823  -19.381  2.634 0.6999999881
105884  30.759  -27.162  0.463 0.8999999762
41070  40.788  -21.665  2.118 0.8999999762
37561  31.949  -26.520  -0.240 0.8999999762
37560  34.589  -25.668  -0.140 1.0000000000
39383  39.070  -24.772  2.542 1.0000000000
126010  38.110  -25.793  2.739 1.0000000000
38472  33.987  -24.959  -0.322 1.0000000000
38483  33.412  -24.806  -0.656 1.0000000000
37520  36.461  -26.725  3.346 1.0000000000
37522  33.563  -26.442  3.709 0.8999999762
36618  34.832  -27.038  3.193 1.0000000000
37538  34.435  -26.513  2.070 1.0000000000
38457  33.788  -24.855  0.312 1.0000000000
37521  34.104  -26.646  3.125 1.0000000000
38442  33.153  -25.236  1.388 1.0000000000
38458  32.632  -24.101  0.338 0.8999999762
37539  33.472  -26.136  2.486 1.0000000000
38443  32.074  -25.204  1.786 0.8999999762
40131  43.493  -23.607  8.576 0.6999999881
40971  43.931  -23.015  8.604 0.6999999881
40970  44.328  -22.940  9.076 0.6999999881
40990  43.931  -22.317  8.193 0.6999999881
110641  44.760  -22.270  9.208 0.6000000238
40989  44.315  -22.261  8.695 0.6000000238
41003  43.800  -22.348  7.708 0.6999999881
41910  44.092  -21.502  8.331 0.6999999881
41911  43.833  -21.531  7.887 0.6000000238
117487  41.865  -16.268  6.588 0.3000000119
41889  44.541  -21.475  8.899 0.6000000238
42837  43.734  -20.960  6.899 0.6000000238
44712  40.765  -17.281  5.568 0.4000000060
45643  41.024  -16.669  6.054 0.4000000060
42800  43.746  -20.156  8.248 0.6000000238
42821  43.601  -20.698  7.437 0.6000000238
120692  43.473  -20.225  7.769 0.5000000000
42844  43.809  -20.689  6.223 0.6000000238
43753  43.344  -19.513  7.793 0.4000000060
107934  43.908  -20.263  5.289 0.6000000238
45642  41.689  -17.618  6.334 0.5000000000
44682  42.950  -18.788  7.439 0.4000000060
44658  43.615  -18.710  7.972 0.4000000060
107701  42.415  -18.198  6.992 0.5000000000
45615  43.953  -17.402  7.763 0.4000000060
45616  43.184  -17.952  7.499 0.4000000060
44683  42.513  -18.852  6.995 0.4000000060
36635  30.613  -27.591  1.433 0.8999999762
125688  41.079  -20.905  2.173 0.8999999762
42891  41.537  -19.716  2.381 0.8000000119
36641  30.190  -27.238  0.797 0.8999999762
37562  31.003  -26.682  -0.064 0.8999999762
37578  30.585  -26.031  -0.264 0.8999999762
37577  31.392  -25.595  -0.555 0.8999999762
38430  38.352  -25.342  3.210 1.0000000000
36617  35.656  -27.091  3.342 1.0000000000
38473  33.079  -24.287  -0.381 1.0000000000
37540  32.692  -25.744  2.483 1.0000000000
38459  31.471  -24.145  0.752 0.8999999762
38432  31.867  -25.811  3.098 1.0000000000
38444  30.932  -25.172  2.188 0.8999999762
47522  41.666  -15.452  6.513 0.3000000119
45644  39.889  -17.108  5.424 0.3000000119
42838  43.190  -20.081  6.629 0.6000000238
44727  40.046  -17.707  5.098 0.4000000060
42822  43.133  -19.863  7.247 0.5000000000
43754  42.831  -19.302  7.235 0.5000000000
42845  43.073  -19.749  5.697 0.5000000000
112920  42.514  -19.331  5.984 0.5000000000
44711  41.429  -17.892  5.833 0.5000000000
43772  42.575  -19.223  6.628 0.5000000000
43789  42.786  -19.227  3.557 0.6000000238
44710  42.093  -18.403  6.449 0.5000000000
106622  41.820  -19.166  2.762 0.6999999881
43791  40.837  -18.363  3.887 0.5000000000
43781  41.211  -18.236  4.590 0.5000000000
42892  41.111  -19.585  2.686 0.6000000238
41071  40.283  -22.507  2.543 0.8999999762
39370  39.505  -24.008  2.881 0.8999999762
40218  40.032  -23.397  2.234 0.8999999762
38415  38.275  -24.959  3.993 0.8999999762
37508  34.398  -26.808  4.086 0.8999999762
37507  35.869  -26.855  4.280 0.8999999762
124846  36.566  -26.494  4.158 0.8999999762
38431  37.697  -25.946  3.218 1.0000000000
39410  32.157  -23.628  -0.488 0.8999999762
38484  31.711  -24.278  -0.873 0.8999999762
39395  31.763  -23.440  -0.188 0.8999999762
37523  32.852  -26.052  3.405 0.8000000119
39411  31.445  -23.366  -0.553 0.8999999762
38460  30.419  -24.165  0.931 0.8999999762
39396  30.982  -23.383  -0.075 0.8999999762
46591  40.910  -15.842  6.211 0.3000000119
112395  39.877  -16.622  5.656 0.3000000119
45645  39.343  -17.142  5.928 0.4000000060
45665  39.586  -17.625  5.499 0.3000000119
44713  39.312  -18.045  5.977 0.4000000060
44728  39.622  -18.087  5.203 0.4000000060
43793  40.014  -18.186  4.574 0.5000000000
43780  42.210  -18.864  5.063 0.5000000000
42858  42.917  -19.377  4.614 0.5000000000
43792  40.520  -18.368  4.001 0.5000000000
43773  41.824  -18.482  5.664 0.5000000000
43790  41.693  -18.672  3.939 0.5000000000
43806  41.692  -18.939  3.192 0.5000000000
108405  40.883  -18.527  3.522 0.5000000000
43807  41.186  -18.769  3.203 0.5000000000
108103  40.601  -18.832  3.576 0.5000000000
41980  40.383  -20.605  3.354 0.6000000238
41997  40.818  -20.558  2.621 0.6000000238
40189  39.614  -22.906  4.119 0.6999999881
40207  39.810  -23.185  3.147 0.6999999881
40190  38.970  -23.748  4.697 0.6999999881
39353  38.601  -24.417  4.331 0.8000000119
39352  39.281  -23.829  3.798 0.8000000119
39419  31.096  -23.699  -0.714 0.8999999762
38417  36.958  -26.071  4.566 0.8999999762
38416  37.658  -25.566  4.107 0.8999999762
37509  33.792  -26.351  4.581 0.6999999881
39412  30.711  -23.611  -0.342 0.8999999762
39397  30.050  -23.675  0.092 0.8999999762
38434  30.220  -25.204  2.703 1.0000000000
45617  39.052  -17.646  6.838 0.3000000119
43755  39.300  -18.983  6.436 0.4000000060
110227  38.634  -18.852  7.768 0.3000000119
112907  39.472  -18.630  5.621 0.4000000060
43756  38.918  -19.336  7.357 0.3000000119
42846  39.652  -19.686  5.054 0.4000000060
42839  39.490  -19.512  5.827 0.4000000060
41929  38.993  -20.866  7.244 0.4000000060
42860  40.031  -18.966  4.256 0.4000000060
121498  39.572  -20.117  5.647 0.4000000060
41944  39.433  -21.337  6.275 0.4000000060
104412  39.860  -20.141  4.475 0.4000000060
41954  39.626  -20.680  5.413 0.4000000060
112472  39.765  -21.179  4.657 0.5000000000
42859  40.276  -19.738  3.759 0.5000000000
39332  38.326  -24.357  5.208 0.6000000238
38395  37.299  -25.522  5.139 0.8000000119
120617  35.754  -26.436  5.283 0.6999999881
37510  33.114  -26.089  4.296 0.6999999881
38445  30.027  -24.923  1.930 0.8999999762
38461  29.532  -24.256  1.041 0.8999999762
39373  29.678  -24.631  3.095 0.8999999762
39374  28.843  -24.284  2.442 0.8000000119
38435  29.487  -24.822  2.135 0.8000000119
40210  29.374  -23.781  3.277 0.6999999881
41061  29.233  -22.900  3.252 0.8000000119
44659  38.038  -18.743  8.349 0.3000000119
43727  38.362  -19.529  8.133 0.3000000119
112062  38.376  -20.945  7.874 0.3000000119
41912  37.679  -21.076  8.175 0.4000000060
41945  38.932  -21.737  7.054 0.4000000060
41930  38.118  -21.719  7.713 0.4000000060
40146  37.968  -23.068  7.101 0.5000000000
123039  39.544  -21.683  5.531 0.5000000000
40160  38.329  -23.464  6.409 0.5000000000
39303  36.788  -24.034  7.114 0.5000000000
41033  38.922  -23.153  5.944 0.5000000000
39317  37.195  -24.528  6.515 0.5000000000
39316  37.956  -24.147  6.075 0.5000000000
39333  37.606  -24.848  5.662 0.6000000238
38396  36.558  -25.989  5.336 0.6999999881
38397  35.375  -25.868  5.963 0.6999999881
38418  33.439  -25.813  4.935 0.6999999881
38400  33.123  -25.233  5.101 0.6999999881
38420  31.811  -25.412  4.031 0.6999999881
39355  32.093  -24.681  4.585 0.6999999881
39372  30.515  -24.755  3.552 0.8000000119
40208  30.909  -24.024  4.144 0.6999999881
45618  38.637  -17.312  7.670 0.3000000119
125014  37.405  -18.243  8.539 0.3000000119
43729  36.764  -19.696  8.491 0.4000000060
43728  37.629  -19.615  8.474 0.3000000119
41913  36.825  -21.145  8.202 0.4000000060
41931  37.214  -21.805  7.923 0.4000000060
111361  37.138  -23.283  7.365 0.4000000060
41007  35.703  -22.936  7.445 0.3000000119
39304  36.139  -24.142  7.173 0.5000000000
39318  36.418  -24.709  6.789 0.6000000238
40148  35.584  -23.739  7.174 0.3000000119
39319  35.608  -24.524  6.853 0.5000000000
119104  34.738  -23.977  6.659 0.4000000060
38373  36.747  -25.344  6.077 0.6999999881
38374  35.889  -25.366  6.491 0.6999999881
39334  34.238  -24.747  5.994 0.6000000238
38398  34.558  -25.579  5.752 0.6999999881
125186  34.432  -26.546  4.854 0.6999999881
38399  33.809  -25.349  5.447 0.6999999881
39336  32.811  -24.578  5.086 0.6000000238
42803  36.363  -20.448  8.283 0.3000000119
115605  35.790  -22.113  7.724 0.3000000119
41008  34.991  -22.395  7.301 0.3000000119
41933  35.255  -21.647  7.618 0.3000000119
41934  34.614  -21.508  7.205 0.3000000119
41946  33.994  -21.220  6.310 0.3000000119
40162  34.563  -22.985  6.704 0.3000000119
114376  33.953  -22.730  6.149 0.4000000060
39320  33.925  -23.943  6.000 0.5000000000
123263  33.740  -23.265  5.873 0.5000000000
109341  33.446  -22.686  5.479 0.5000000000
40177  33.283  -23.680  5.429 0.6000000238
40192  32.550  -23.766  4.901 0.6000000238
46557  37.148  -16.504  8.657 0.4000000060
46558  36.433  -17.212  8.531 0.3000000119
43730  35.833  -19.698  8.272 0.3000000119
44662  35.743  -18.729  8.298 0.3000000119
43757  35.064  -20.147  7.822 0.3000000119
124796  34.596  -19.812  7.441 0.3000000119
42826  34.421  -20.576  7.174 0.3000000119
42840  33.984  -20.422  6.340 0.3000000119
41022  33.728  -22.000  5.863 0.4000000060
41955  33.560  -21.333  5.364 0.4000000060
125133  32.961  -23.015  5.063 0.6000000238
41034  33.416  -21.963  5.209 0.4000000060
41967  33.273  -21.560  4.675 0.4000000060
41044  32.399  -22.873  4.544 0.5000000000
40219  28.003  -23.307  2.402 0.8000000119
120708  36.316  -16.444  8.532 0.4000000060
45602  35.747  -17.796  8.297 0.3000000119
107700  34.973  -18.352  7.778 0.3000000119
44687  34.427  -19.140  7.291 0.3000000119
115430  33.805  -19.856  5.896 0.3000000119
42847  33.682  -20.582  5.567 0.4000000060
42861  33.443  -20.744  4.629 0.4000000060
41982  33.211  -21.177  4.110 0.4000000060
41968  32.776  -21.852  4.162 0.4000000060
119083  32.079  -22.375  3.995 0.5000000000
41983  32.913  -21.103  3.584 0.4000000060
114412  31.545  -23.121  4.152 0.6000000238
41058  32.059  -21.649  3.525 0.4000000060
120036  30.654  -22.544  3.569 0.6999999881
41984  31.052  -21.848  3.340 0.4000000060
41999  30.605  -21.299  2.950 0.4000000060
41985  30.048  -22.161  3.277 0.6000000238
42000  29.706  -21.409  2.843 0.5000000000
125212  29.218  -22.122  3.035 0.6000000238
41073  28.442  -22.611  2.795 0.6999999881
41072  28.806  -21.599  2.694 0.6999999881
47483  36.582  -15.723  8.643 0.3000000119
45619  35.199  -17.409  7.826 0.3000000119
45620  34.629  -17.735  7.352 0.3000000119
43775  33.947  -19.133  6.423 0.3000000119
43783  33.654  -19.156  5.410 0.3000000119
106847  33.568  -19.947  4.970 0.4000000060
42876  33.331  -20.568  3.789 0.3000000119
43809  33.412  -19.867  3.387 0.3000000119
43810  33.199  -19.861  2.827 0.3000000119
41998  31.517  -21.129  2.990 0.4000000060
42878  32.414  -20.825  3.060 0.3000000119
42894  31.805  -20.412  2.627 0.3000000119
123347  31.036  -20.687  2.665 0.3000000119
43832  30.980  -19.981  2.232 0.3000000119
42895  30.248  -20.659  2.557 0.3000000119
43833  29.857  -19.984  2.127 0.4000000060
42896  29.320  -20.740  2.453 0.5000000000
42897  28.418  -20.901  2.316 0.5000000000
46575  35.267  -16.581  7.753 0.3000000119
107219  34.725  -17.050  7.267 0.3000000119
45647  34.201  -17.545  6.633 0.3000000119
44715  33.809  -18.349  6.045 0.3000000119
43829  33.354  -19.227  2.781 0.3000000119
43830  32.892  -19.481  2.370 0.3000000119
43831  32.077  -19.713  2.226 0.3000000119
43846  31.479  -19.209  1.694 0.3000000119
42907  28.910  -20.067  2.030 0.5000000000
43849  28.522  -19.540  1.395 0.5000000000
42908  28.039  -20.246  1.801 0.5000000000
47505  35.140  -15.797  7.545 0.3000000119
47506  34.613  -15.845  6.884 0.3000000119
126050  34.015  -17.128  6.226 0.3000000119
45648  33.759  -17.576  5.797 0.3000000119
44729  33.528  -18.280  4.920 0.3000000119
105937  33.513  -19.239  3.498 0.3000000119
44755  33.113  -18.812  2.022 0.3000000119
43847  30.392  -19.329  1.631 0.4000000060
43848  29.408  -19.448  1.540 0.4000000060
43858  28.243  -18.932  0.815 0.4000000060
43850  27.504  -19.547  1.199 0.5000000000
43859  27.440  -18.789  0.592 0.4000000060
49218  36.725  -13.272  8.458 0.3000000119
119952  35.729  -14.244  8.156 0.3000000119
46595  33.785  -16.750  5.784 0.3000000119
45666  33.530  -17.372  5.082 0.3000000119
45674  33.466  -17.551  4.076 0.3000000119
44742  33.508  -18.754  3.073 0.3000000119
43845  32.478  -19.043  1.807 0.3000000119
44769  31.989  -18.518  1.224 0.3000000119
44771  29.804  -18.815  1.017 0.4000000060
43857  29.005  -19.049  1.009 0.3000000119
123331  35.353  -13.620  7.700 0.3000000119
48417  34.793  -14.979  7.185 0.3000000119
48435  34.304  -14.563  6.428 0.3000000119
110640  34.099  -15.951  6.242 0.3000000119
46615  33.512  -16.666  4.831 0.3000000119
46631  33.515  -16.560  3.888 0.3000000119
108506  33.517  -18.083  3.039 0.3000000119
44754  33.383  -18.457  2.408 0.3000000119
45679  33.559  -17.216  3.045 0.3000000119
44768  32.930  -18.436  1.303 0.3000000119
49241  34.781  -13.958  6.985 0.3000000119
47527  33.937  -15.239  6.006 0.3000000119
49264  34.037  -13.946  5.971 0.3000000119
106930  33.681  -15.131  5.275 0.3000000119
47547  33.531  -15.826  4.626 0.3000000119
45686  33.559  -17.646  2.078 0.3000000119
44767  33.367  -18.140  1.574 0.3000000119
113309  34.401  -13.260  6.387 0.3000000119
50188  34.285  -12.513  5.964 0.3000000119
106120  33.554  -15.008  4.452 0.3000000119
49275  33.869  -13.160  5.463 0.4000000060
47566  33.539  -15.691  3.753 0.3000000119
46637  33.601  -16.358  2.970 0.3000000119
109998  33.710  -16.916  2.288 0.3000000119
48473  33.549  -14.296  4.177 0.4000000060
49294  33.636  -13.524  4.527 0.4000000060
48489  33.602  -14.386  3.599 0.4000000060
51119  34.157  -12.216  5.264 0.3000000119
115240  33.732  -13.093  4.004 0.4000000060
34839  40.349  -29.332  -1.331 1.0000000000
35722  40.377  -28.507  -1.073 1.0000000000
33949  38.689  -30.719  -1.223 0.8999999762
38433  31.004  -25.425  3.375 0.6999999881
40209  30.139  -23.982  3.710 0.8000000119
41060  29.977  -23.123  3.604 0.8000000119
114559  30.765  -23.213  3.840 0.6999999881
107085  36.690  -38.006  5.396 0.6000000238
27709  37.275  -37.703  5.043 0.6000000238
28558  38.058  -36.162  4.146 0.6000000238
24622  34.486  -41.414  7.474 0.5000000000
121392  34.190  -41.879  7.950 0.5000000000
28529  36.639  -36.318  6.160 0.6000000238
31316  43.854  -33.241  -2.213 0.8999999762
29445  36.428  -35.596  6.687 0.5000000000
109495  33.411  -37.846  8.393 0.4000000060
121190  34.078  -36.422  8.236 0.5000000000
26886  33.224  -38.736  8.441 0.4000000060
33029  42.562  -32.275  -0.275 0.8999999762
33911  36.183  -30.718  4.336 0.6999999881
29434  35.072  -35.297  8.060 0.5000000000
29415  34.288  -35.227  9.360 0.5000000000
26162  32.618  -39.016  9.111 0.4000000060
114397  40.444  -32.002  0.530 0.8000000119
33920  36.880  -30.772  3.444 0.6999999881
31187  36.560  -33.086  10.141 0.4000000060
33931  43.675  -29.816  0.091 0.8000000119
109234  36.578  -31.676  -0.487 0.8000000119
110589  36.227  -29.781  6.712 0.6000000238
32925  37.567  -31.468  9.767 0.4000000060
32051  37.638  -32.389  10.846 0.4000000060
35694  38.698  -28.613  2.627 0.8000000119
121416  41.184  -29.873  -1.506 1.0000000000
33852  37.416  -30.430  8.713 0.5000000000
34842  37.900  -29.199  -0.908 1.0000000000
34751  37.979  -29.136  7.807 0.6999999881
35710  42.970  -28.275  -0.739 1.0000000000
109699  41.464  -28.495  -0.961 1.0000000000
113089  37.222  -27.062  -1.007 1.0000000000
37570  38.231  -26.210  -1.212 1.0000000000
39407  41.630  -24.553  0.656 1.0000000000
39391  43.794  -24.748  1.385 1.0000000000
39406  42.923  -25.104  0.968 1.0000000000
39329  42.220  -23.952  5.084 0.6999999881
42015  44.388  -20.948  0.953 0.8000000119
107392  40.738  -22.783  1.023 1.0000000000
42005  41.575  -20.984  1.406 1.0000000000
39302  40.792  -24.961  7.168 0.6000000238
39330  41.321  -24.257  5.438 0.6999999881
42773  47.997  -20.650  9.368 0.4000000060
35703  31.785  -28.067  1.442 1.0000000000
116571  32.346  -27.422  0.274 1.0000000000
36616  36.097  -26.987  2.623 1.0000000000
41886  47.020  -21.835  9.517 0.4000000060
42775  46.370  -20.459  9.482 0.5000000000
111596  46.696  -21.088  9.509 0.5000000000
43726  44.078  -19.381  8.442 0.5000000000
44726  40.835  -17.859  5.141 0.5000000000
43808  41.000  -18.888  3.147 0.5000000000
41056  40.389  -21.571  2.943 0.6999999881
41981  39.975  -21.664  3.861 0.6000000238
41043  39.589  -22.202  4.829 0.5000000000
40175  39.251  -23.090  5.167 0.5000000000
41020  38.766  -22.674  6.600 0.5000000000
39356  31.313  -24.767  4.066 0.6999999881
40193  31.771  -23.884  4.485 0.6999999881
41059  31.383  -22.440  3.720 0.6000000238
43794  33.549  -19.280  4.326 0.3000000119
109310  42.943  -37.119  -0.267 0.5000000000
28599  43.936  -37.034  -0.892 0.5000000000
29520  44.198  -35.844  -1.938 0.5000000000
26966  43.365  -38.784  -0.436 0.5000000000
27741  44.102  -37.638  -1.186 0.5000000000
26232  42.317  -39.328  0.970 0.5000000000
27733  42.760  -37.930  0.114 0.5000000000
26949  41.359  -39.238  1.679 0.5000000000
26951  39.970  -38.416  2.688 0.4000000060
27727  40.213  -37.892  1.923 0.5000000000
26225  39.984  -39.220  2.960 0.4000000060
27728  39.555  -37.554  2.528 0.5000000000
112143  38.917  -39.049  3.612 0.5000000000
33913  32.683  -30.387  4.730 0.6999999881
116964  31.756  -31.148  5.437 0.6999999881
111167  33.839  -30.973  2.853 0.8000000119
33026  34.285  -30.914  1.168 0.8000000119
112087  34.430  -31.646  1.685 0.8000000119
115395  34.589  -30.817  0.379 0.8999999762
34796  32.182  -29.702  4.499 0.6999999881
33930  33.615  -30.397  2.440 0.8999999762
33943  34.896  -30.317  -0.159 0.8999999762
34811  31.781  -28.986  3.818 0.6000000238
33922  33.015  -30.012  3.968 0.8000000119
33939  34.028  -30.212  0.830 0.8999999762
34828  34.245  -29.854  0.258 0.8999999762
34835  34.857  -29.407  -0.263 0.8999999762
34834  35.626  -29.294  -0.577 0.8999999762
35605  41.683  -28.312  8.220 0.5000000000
36553  40.652  -27.264  8.162 0.5000000000
35619  39.990  -27.917  7.637 0.6000000238
36564  39.475  -27.264  7.486 0.5000000000
35664  31.019  -28.655  4.179 0.6000000238
34810  32.533  -29.388  3.435 0.8999999762
34818  33.264  -29.800  1.976 0.8999999762
34809  33.174  -29.846  2.958 0.8999999762
34829  33.748  -29.642  0.724 0.8999999762
35705  34.116  -28.995  0.060 0.8999999762
108213  35.323  -28.732  -0.444 0.8999999762
37441  42.573  -26.705  9.368 0.5000000000
38330  41.992  -26.161  9.133 0.5000000000
36538  41.831  -26.928  9.131 0.5000000000
37453  41.217  -26.535  8.620 0.5000000000
36551  42.280  -27.667  9.019 0.5000000000
36552  41.404  -27.499  8.574 0.5000000000
35680  32.062  -28.763  2.833 0.8999999762
34819  32.693  -29.275  2.409 0.8999999762
34830  33.205  -29.075  0.887 0.8999999762
35706  33.492  -28.589  0.420 0.8999999762
37440  43.545  -26.456  9.540 0.5000000000
38344  41.514  -25.632  8.529 0.5000000000
36536  44.078  -27.225  9.401 0.5000000000
35702  32.479  -28.523  1.195 0.8999999762
35707  32.748  -28.253  0.681 0.8999999762
38329  42.875  -25.732  9.375 0.5000000000
38328  43.746  -25.629  9.530 0.5000000000
37439  44.411  -26.522  9.520 0.5000000000
111005  44.977  -24.948  9.528 0.4000000060
105615  28.957  -27.385  2.525 0.6000000238
36620  28.248  -27.384  3.019 0.6000000238
36636  29.210  -27.275  1.769 0.8000000119
36637  28.549  -27.063  1.962 0.6999999881
36638  27.915  -26.925  2.142 0.6999999881
37542  27.247  -26.566  1.820 0.6999999881
37543  26.454  -26.257  1.931 0.6999999881
36643  28.789  -26.941  1.183 0.8000000119
37541  28.104  -26.611  1.185 0.6999999881
37552  26.899  -26.107  1.289 0.6999999881
37551  27.432  -26.114  0.861 0.6999999881
38462  26.950  -25.688  0.804 0.6999999881
112410  29.242  -25.707  -0.099 0.8000000119
111605  28.679  -25.510  0.006 0.8000000119
37563  29.934  -25.863  -0.151 0.8000000119
105673  27.426  -25.258  0.324 0.6999999881
37565  28.091  -25.875  0.352 0.6999999881
38476  28.270  -24.901  -0.030 0.8000000119
38485  30.611  -24.852  -0.545 0.8000000119
39414  28.731  -24.265  0.211 0.8000000119
40236  26.961  -24.036  0.339 0.6000000238
38486  30.152  -24.103  -0.409 0.8000000119
39413  29.714  -23.938  -0.072 0.8000000119
39400  27.571  -23.839  0.784 0.6000000238
120878  26.894  -23.418  1.138 0.6000000238
123787  26.321  -23.335  0.701 0.6000000238
39399  28.271  -24.077  0.528 0.8000000119
39385  27.714  -23.624  1.761 0.6000000238
40220  27.377  -23.247  2.042 0.6000000238
39398  29.117  -24.008  0.307 0.8000000119
41075  26.837  -22.874  1.997 0.6000000238
39384  28.210  -24.010  1.506 0.6999999881
41074  27.562  -22.770  2.376 0.6999999881
42002  27.073  -22.266  2.262 0.6000000238
42001  27.810  -21.846  2.493 0.6000000238
40211  28.639  -23.504  2.855 0.6999999881
25505  38.493  -40.598  3.611 0.4000000060
26217  39.340  -39.455  3.334 0.5000000000
27719  39.213  -37.830  3.357 0.5000000000
124953  40.907  -38.058  1.461 0.5000000000
27734  41.591  -37.837  0.814 0.5000000000
110392  35.825  -29.849  -0.607 0.8999999762
38326  45.540  -25.633  9.486 0.3000000119
36649  29.583  -26.576  0.298 0.8000000119
26957  42.501  -38.643  0.546 0.5000000000
26950  40.726  -38.572  1.913 0.5000000000
33921  33.482  -30.528  3.398 0.8000000119
35606  40.850  -28.152  7.880 0.5000000000
37564  28.794  -26.421  0.459 0.8000000119
38475  29.151  -24.630  -0.228 0.8000000119
119724  27.003  -24.625  0.291 0.6999999881
39415  27.727  -24.374  0.362 0.6999999881
33821  39.947  -30.686  10.078 0.4000000060
32923  40.939  -30.847  9.829 0.4000000060
33834  39.265  -30.118  9.303 0.4000000060
33833  40.312  -30.312  9.160 0.4000000060
33849  40.443  -30.122  7.379 0.5000000000
33831  41.757  -30.985  8.299 0.4000000060
107534  42.296  -31.389  7.598 0.4000000060
34749  40.412  -29.599  7.277 0.5000000000
106402  39.664  -28.920  7.484 0.5000000000
33865  41.121  -30.570  6.904 0.4000000060
32938  41.511  -31.044  7.068 0.4000000060
33848  41.018  -30.600  7.640 0.4000000060
32953  42.761  -31.763  6.860 0.4000000060
112134  40.436  -28.916  7.345 0.5000000000
33866  40.955  -30.151  6.752 0.5000000000
32966  42.013  -31.156  6.035 0.4000000060
32965  42.579  -31.625  5.944 0.4000000060
32127  44.431  -32.631  4.668 0.4000000060
32113  43.252  -32.073  5.474 0.4000000060
31262  44.608  -33.159  4.620 0.4000000060
32112  43.999  -32.633  5.016 0.4000000060
34748  40.953  -29.626  6.865 0.5000000000
34769  41.417  -30.152  6.478 0.4000000060
33908  49.440  -30.140  3.616 0.3000000119
33883  41.411  -30.524  6.493 0.4000000060
33918  48.955  -30.854  3.569 0.3000000119
32980  42.542  -31.223  5.799 0.4000000060
33005  49.268  -31.442  3.516 0.3000000119
33006  48.523  -31.545  3.583 0.3000000119
32993  47.571  -31.596  3.900 0.3000000119
106173  45.695  -32.113  4.127 0.3000000119
32995  44.776  -32.158  4.544 0.4000000060
32978  43.870  -32.043  4.953 0.4000000060
123623  42.866  -31.652  5.682 0.4000000060
32125  47.277  -32.457  3.649 0.3000000119
31275  46.150  -32.890  3.699 0.3000000119
32126  45.075  -32.904  4.112 0.4000000060
35618  41.184  -28.965  7.351 0.4000000060
34747  41.613  -29.582  6.824 0.4000000060
33881  42.674  -30.550  5.971 0.4000000060
34768  42.139  -30.050  6.344 0.4000000060
34792  49.727  -29.388  3.707 0.3000000119
34779  48.490  -29.393  4.956 0.3000000119
33909  48.545  -30.404  3.955 0.3000000119
33910  47.599  -30.769  4.365 0.3000000119
126428  46.931  -30.797  4.755 0.3000000119
119687  46.288  -30.755  5.150 0.4000000060
112799  44.543  -31.572  4.913 0.4000000060
32979  43.206  -31.581  5.498 0.4000000060
32992  48.254  -31.017  3.822 0.3000000119
32994  46.584  -31.335  4.406 0.3000000119
32977  45.453  -31.437  4.696 0.3000000119
34763  47.300  -29.506  6.323 0.3000000119
34743  46.072  -29.412  7.279 0.3000000119
34765  45.579  -30.003  6.702 0.4000000060
34744  45.168  -29.597  7.329 0.4000000060
34767  43.529  -30.090  6.556 0.4000000060
126106  42.777  -29.963  6.559 0.4000000060
34780  47.674  -29.755  5.472 0.3000000119
34764  46.461  -29.785  6.578 0.3000000119
33879  45.131  -30.416  6.101 0.4000000060
34766  44.541  -30.183  6.557 0.4000000060
34781  46.840  -30.147  5.827 0.3000000119
33893  45.061  -30.887  5.358 0.4000000060
33880  44.436  -30.635  5.786 0.4000000060
117036  43.637  -30.626  5.852 0.4000000060
33892  47.252  -30.394  5.069 0.3000000119
33895  43.110  -31.059  5.584 0.4000000060
35588  43.778  -27.820  9.122 0.4000000060
35603  43.913  -28.446  8.653 0.4000000060
35604  43.116  -28.159  8.876 0.4000000060
120266  42.446  -28.447  8.457 0.4000000060
35617  45.589  -28.889  7.914 0.3000000119
35602  44.855  -28.557  8.410 0.4000000060
34727  44.061  -29.149  8.047 0.4000000060
34729  42.057  -28.977  7.659 0.4000000060
34726  44.808  -29.189  7.843 0.4000000060
34745  44.267  -29.655  7.326 0.4000000060
109542  42.470  -29.519  7.090 0.4000000060
38477  26.553  -25.094  0.515 0.6000000238
38478  25.907  -25.146  0.880 0.6000000238
40237  26.356  -23.745  0.331 0.5000000000
39416  26.428  -24.335  0.276 0.5000000000
40227  25.737  -23.291  0.557 0.5000000000
41083  26.245  -22.925  1.298 0.5000000000
42008  26.320  -22.149  1.866 0.5000000000
42007  27.013  -21.485  2.186 0.5000000000
42909  27.168  -20.533  1.774 0.4000000060
45704  33.690  -17.064  0.582 0.3000000119
46663  34.160  -16.482  0.306 0.3000000119
46664  33.459  -16.549  -0.044 0.3000000119
47580  34.096  -15.263  2.157 0.3000000119
46643  33.969  -16.167  1.986 0.3000000119
118978  34.060  -16.744  0.817 0.3000000119
46662  34.718  -16.011  0.652 0.3000000119
46669  34.058  -16.199  -0.201 0.3000000119
47599  33.265  -16.036  -0.524 0.3000000119
47598  33.776  -15.812  -0.509 0.3000000119
49337  34.049  -13.705  2.586 0.3000000119
48495  34.689  -14.564  1.754 0.3000000119
47579  34.746  -15.505  1.421 0.3000000119
47587  35.512  -15.551  0.930 0.3000000119
47593  35.737  -15.457  0.722 0.3000000119
47592  36.894  -15.041  0.793 0.3000000119
107120  34.570  -15.773  -0.106 0.3000000119
120368  33.425  -15.264  -0.672 0.3000000119
48513  32.686  -14.760  -0.933 0.3000000119
109490  33.886  -13.045  3.301 0.3000000119
48503  36.090  -15.080  1.178 0.3000000119
49344  36.260  -14.334  1.309 0.3000000119
48502  37.240  -14.855  1.178 0.3000000119
49342  37.730  -14.163  0.899 0.3000000119
48511  36.678  -14.730  0.393 0.3000000119
114052  35.473  -14.916  -0.071 0.3000000119
109856  33.561  -14.483  -0.647 0.3000000119
51139  34.163  -11.899  3.572 0.3000000119
51163  34.284  -12.024  2.640 0.3000000119
50241  34.936  -13.538  1.719 0.3000000119
105678  36.344  -13.458  1.166 0.3000000119
50260  37.167  -13.787  0.489 0.3000000119
49358  37.061  -13.797  0.328 0.3000000119
50265  36.421  -12.998  0.013 0.3000000119
51138  34.305  -11.226  3.133 0.3000000119
51162  34.536  -11.335  1.999 0.3000000119
50253  34.970  -12.445  1.605 0.3000000119
51177  35.368  -11.504  0.966 0.3000000119
50261  36.362  -12.872  0.331 0.3000000119
52021  34.477  -10.444  2.684 0.3000000119
120541  34.868  -10.425  1.424 0.3000000119
53797  34.855  -8.848  2.135 0.3000000119
53781  35.036  -8.227  2.761 0.3000000119
32102  43.222  -32.227  6.228 0.4000000060
32922  41.764  -31.122  9.450 0.4000000060
32087  43.633  -32.227  7.428 0.4000000060
32937  43.205  -31.871  8.177 0.4000000060
31261  45.197  -33.624  4.177 0.4000000060
31249  44.488  -33.219  5.327 0.4000000060
32086  44.132  -32.628  6.889 0.4000000060
33004  49.990  -31.214  3.672 0.3000000119
32136  49.610  -32.189  3.649 0.3000000119
32137  48.794  -32.307  3.420 0.3000000119
32138  48.011  -32.831  3.377 0.3000000119
123887  49.550  -30.745  3.523 0.3000000119
35661  49.279  -29.029  4.304 0.3000000119
34762  48.131  -29.068  5.982 0.3000000119
36535  44.938  -27.175  9.281 0.4000000060
36549  45.458  -27.848  8.762 0.4000000060
126421  45.510  -28.391  8.363 0.4000000060
35616  46.496  -28.694  7.669 0.3000000119
34742  46.914  -29.166  7.047 0.3000000119
38463  26.320  -25.704  1.244 0.6000000238
51133  34.361  -11.259  4.114 0.3000000119
52004  34.481  -10.488  3.748 0.3000000119
52860  34.641  -9.702  3.393 0.3000000119
53782  34.850  -8.947  3.076 0.3000000119
53746  35.108  -8.334  3.631 0.3000000119
35675  50.299  -29.101  3.664 0.3000000119
34730  39.668  -29.571  7.682 0.5000000000
34793  48.916  -29.714  4.088 0.3000000119
34728  43.072  -28.976  8.123 0.4000000060
49360  34.749  -14.239  -0.352 0.3000000119
50252  36.093  -12.637  0.743 0.3000000119
51189  35.940  -11.641  0.210 0.3000000119
54653  35.335  -6.904  3.335 0.3000000119
32912  39.467  -31.307  10.692 0.3000000119
122539  41.461  -31.590  10.197 0.3000000119
30389  36.643  -34.777  -0.241 0.6000000238
109921  35.928  -34.785  0.040 0.6999999881
30386  35.058  -35.030  0.687 0.6999999881
32910  42.126  -31.736  9.823 0.3000000119
27662  32.787  -37.458  9.728 0.3000000119
122760  33.243  -36.542  9.722 0.3000000119
126065  34.564  -33.929  2.838 0.6999999881
32030  39.247  -32.638  11.325 0.3000000119
116768  34.650  -33.869  2.087 0.6999999881
30379  34.659  -34.568  1.613 0.6999999881
32048  40.263  -32.584  11.039 0.3000000119
32046  41.828  -32.351  10.260 0.3000000119
30385  35.458  -34.338  0.414 0.6999999881
126394  42.004  -33.020  10.271 0.3000000119
30294  44.345  -33.922  8.594 0.3000000119
31199  43.128  -33.305  9.557 0.3000000119
32059  43.337  -32.389  9.132 0.3000000119
30304  45.028  -34.210  7.860 0.3000000119
31223  44.767  -33.237  7.685 0.3000000119
31211  44.351  -33.003  8.406 0.3000000119
29399  34.164  -35.337  10.031 0.3000000119
31170  37.159  -33.660  11.200 0.4000000060
32141  34.413  -32.644  3.188 0.6999999881
31167  39.891  -33.493  11.211 0.3000000119
113671  38.437  -32.953  11.402 0.3000000119
31288  34.657  -33.104  1.691 0.6999999881
31300  34.771  -33.735  1.267 0.6999999881
31185  40.877  -33.424  10.779 0.3000000119
31200  42.347  -33.554  10.018 0.3000000119
30283  43.544  -34.090  9.260 0.3000000119
32072  43.889  -32.488  8.423 0.3000000119
30303  45.555  -34.497  7.138 0.3000000119
30272  35.561  -34.412  10.663 0.4000000060
32142  34.054  -32.124  3.861 0.6999999881
30251  38.538  -34.363  11.439 0.3000000119
31169  38.054  -33.592  11.462 0.3000000119
111887  41.154  -34.376  10.468 0.3000000119
32163  34.658  -32.356  1.272 0.6999999881
30284  42.708  -34.260  9.693 0.3000000119
115123  34.796  -33.006  1.021 0.6999999881
31238  44.690  -33.173  6.456 0.3000000119
32071  44.287  -32.630  7.862 0.3000000119
30317  46.006  -34.720  6.328 0.3000000119
31237  45.347  -33.869  6.106 0.3000000119
32154  34.524  -32.430  2.190 0.6999999881
30269  40.330  -34.343  10.850 0.3000000119
120279  34.635  -31.610  0.823 0.6999999881
29414  41.712  -35.997  9.630 0.3000000119
114474  41.440  -35.179  10.107 0.3000000119
32166  34.958  -32.388  0.598 0.6999999881
30331  45.799  -34.350  5.371 0.3000000119
116080  40.640  -35.170  10.463 0.3000000119
33031  34.913  -31.608  0.297 0.6999999881
31248  45.070  -33.771  4.902 0.3000000119
36548  46.364  -27.569  8.587 0.3000000119
29517  37.711  -35.710  -0.485 0.5000000000
29513  35.049  -35.758  0.639 0.6999999881
28610  36.096  -35.491  -0.008 0.6000000238
28603  35.574  -36.059  0.321 0.6000000238
106537  37.364  -35.101  -0.451 0.6000000238
30347  33.905  -33.961  4.192 0.6999999881
31279  34.134  -32.981  4.053 0.6999999881
113453  34.559  -35.504  10.710 0.3000000119
32129  33.690  -32.524  4.496 0.6999999881
30254  35.944  -34.848  11.178 0.4000000060
32997  33.405  -31.754  4.632 0.6999999881
30253  36.774  -34.578  11.317 0.4000000060
30271  36.259  -34.032  10.995 0.4000000060
33010  33.749  -31.301  3.671 0.6999999881
29378  38.975  -35.188  11.172 0.3000000119
29396  39.285  -36.035  10.771 0.3000000119
32049  39.719  -31.951  11.075 0.3000000119
33020  34.251  -31.699  2.801 0.6999999881
29512  35.522  -35.245  0.346 0.6000000238
29395  40.101  -36.011  10.429 0.3000000119
29380  37.312  -35.344  11.453 0.3000000119
27746  44.101  -37.767  -1.610 0.5000000000
29521  41.939  -35.923  -1.944 0.5000000000
27755  41.237  -37.352  -1.456 0.5000000000
28611  44.154  -36.538  -1.971 0.4000000060
26219  33.608  -39.535  3.641 0.4000000060
25497  31.946  -40.131  4.675 0.5000000000
121710  42.659  -36.474  -2.178 0.4000000060
28615  43.943  -36.757  -2.189 0.5000000000
29522  40.760  -35.697  -1.524 0.5000000000
24669  29.994  -41.214  4.684 0.4000000060
113318  29.458  -41.954  4.273 0.4000000060
25496  32.844  -39.864  4.393 0.5000000000
124874  39.362  -35.746  -0.923 0.4000000060
24676  28.838  -41.892  3.315 0.4000000060
109446  29.418  -43.427  2.949 0.4000000060
25499  29.686  -40.401  4.535 0.4000000060
26210  32.139  -39.549  4.439 0.5000000000
106795  31.269  -39.530  4.567 0.4000000060
124009  33.780  -38.494  2.978 0.5000000000
27730  34.280  -37.670  1.677 0.4000000060
28604  34.841  -37.100  0.643 0.4000000060
28592  34.461  -37.040  1.175 0.4000000060
28602  36.236  -36.397  0.056 0.4000000060
23831  29.093  -42.620  2.480 0.4000000060
24691  27.005  -41.809  1.651 0.4000000060
112964  28.026  -39.937  1.242 0.4000000060
125914  31.285  -38.961  4.487 0.5000000000
119661  30.241  -39.672  4.702 0.4000000060
109503  28.246  -39.624  1.485 0.4000000060
26931  32.396  -38.500  4.187 0.5000000000
26954  28.431  -38.242  1.891 0.4000000060
26234  28.226  -38.795  1.513 0.4000000060
26943  33.297  -38.662  3.579 0.5000000000
27721  32.914  -37.852  3.909 0.5000000000
27731  28.457  -36.738  1.984 0.4000000060
27720  33.589  -37.985  3.141 0.5000000000
116580  33.954  -37.466  2.582 0.6000000238
28582  34.192  -36.898  2.030 0.6000000238
112350  34.715  -36.346  0.899 0.5000000000
23847  27.967  -42.204  1.385 0.4000000060
24690  27.780  -41.395  1.411 0.4000000060
24677  28.724  -41.777  2.160 0.4000000060
25524  28.258  -40.663  1.519 0.4000000060
26933  30.499  -38.783  4.682 0.5000000000
26211  29.420  -39.577  4.459 0.4000000060
25517  28.490  -40.162  1.939 0.4000000060
26932  31.480  -38.461  4.476 0.5000000000
26944  28.557  -38.308  2.694 0.4000000060
26227  28.488  -39.106  2.079 0.4000000060
28571  33.433  -37.096  3.490 0.5000000000
28574  28.679  -35.964  2.411 0.4000000060
28583  33.978  -36.782  2.829 0.6000000238
105545  34.456  -36.221  1.595 0.6000000238
24689  28.231  -41.480  1.414 0.4000000060
25500  28.805  -40.209  3.963 0.4000000060
26935  28.708  -38.420  3.845 0.4000000060
27710  31.970  -37.746  4.399 0.5000000000
27713  28.727  -37.589  3.408 0.4000000060
28572  32.575  -37.032  4.289 0.5000000000
28573  29.029  -36.076  3.314 0.4000000060
29505  34.682  -35.395  1.119 0.6000000238
113345  34.501  -35.387  2.074 0.6000000238
112051  33.819  -36.192  3.392 0.6000000238
23839  28.876  -42.491  1.759 0.4000000060
111136  28.543  -41.031  1.861 0.4000000060
113737  28.477  -39.782  3.004 0.4000000060
106180  30.809  -37.684  4.665 0.5000000000
26934  29.406  -38.707  4.533 0.5000000000
27712  29.267  -37.679  4.392 0.5000000000
106866  29.925  -38.010  4.787 0.5000000000
28560  31.601  -36.907  4.601 0.5000000000
28561  30.665  -36.702  4.734 0.5000000000
27722  29.057  -36.875  3.875 0.4000000060
28559  33.094  -36.265  4.157 0.6000000238
28563  29.428  -36.222  4.161 0.5000000000
29489  29.317  -35.392  3.709 0.4000000060
30369  34.547  -34.580  2.541 0.6000000238
29488  34.272  -35.300  3.168 0.6000000238
113822  32.254  -36.209  4.646 0.6000000238
114029  31.380  -36.078  4.783 0.5000000000
28562  29.929  -36.433  4.679 0.5000000000
29474  33.563  -35.467  3.970 0.6000000238
29476  31.997  -35.428  4.957 0.6000000238
29477  30.527  -35.882  4.738 0.5000000000
30362  33.909  -34.771  3.848 0.6000000238
30361  34.331  -34.354  3.363 0.6000000238
32118  30.680  -32.214  5.403 0.5000000000
32116  32.393  -32.558  5.319 0.6000000238
31253  30.991  -33.062  5.278 0.5000000000
31251  32.751  -33.272  5.182 0.6000000238
30335  31.305  -33.843  5.162 0.6000000238
30336  30.434  -33.620  4.908 0.5000000000
120136  29.902  -33.993  4.463 0.5000000000
29475  32.793  -35.481  4.595 0.6000000238
117898  31.121  -35.280  4.855 0.5000000000
29478  29.799  -35.618  4.446 0.5000000000
30352  29.671  -34.695  4.226 0.5000000000
30363  29.096  -34.552  3.262 0.5000000000
105619  32.127  -31.842  5.430 0.5000000000
109035  30.904  -31.328  5.516 0.5000000000
32983  32.666  -31.146  5.156 0.6000000238
32982  32.801  -31.951  5.207 0.6000000238
30350  31.659  -34.637  5.083 0.6000000238
30351  30.623  -34.459  4.817 0.5000000000
31264  33.517  -33.226  4.724 0.6000000238
30334  32.230  -33.972  5.201 0.6000000238
124163  39.708  -37.025  -0.770 0.4000000060
28608  38.137  -36.447  -0.460 0.4000000060
29523  39.901  -35.408  -1.265 0.5000000000
28614  40.013  -36.237  -1.119 0.4000000060
30348  33.318  -34.746  4.460 0.6000000238
27753  43.178  -37.849  -2.118 0.5000000000
27747  40.457  -37.689  -0.972 0.5000000000
27754  42.282  -37.660  -1.764 0.5000000000
124334  40.439  -36.957  -1.183 0.5000000000
26209  32.705  -39.195  4.135 0.5000000000
25508  29.045  -41.144  4.073 0.4000000060
26235  28.035  -39.202  1.229 0.4000000060
115579  28.337  -37.586  1.819 0.4000000060
25509  28.463  -40.912  2.956 0.4000000060
26212  28.731  -39.283  3.964 0.4000000060
23846  28.532  -42.327  1.508 0.4000000060
30349  32.545  -34.734  4.973 0.6000000238
115747  27.014  -40.948  1.612 0.3000000119
26961  27.959  -38.506  1.300 0.3000000119
122830  27.536  -39.508  1.289 0.3000000119
27737  28.100  -37.233  1.603 0.3000000119
26962  27.321  -38.878  1.355 0.3000000119
27738  27.294  -38.146  1.446 0.3000000119
112780  26.080  -38.471  1.660 0.3000000119
22876  34.372  -43.246  8.220 0.5000000000
23783  34.861  -42.895  7.628 0.5000000000
23796  35.815  -42.879  6.674 0.5000000000
23830  29.356  -42.693  3.642 0.4000000060
24634  36.199  -41.806  6.043 0.5000000000
24647  36.357  -41.285  5.622 0.6000000238
24648  35.895  -41.253  6.136 0.6999999881
24682  28.477  -41.646  1.661 0.4000000060
25461  34.383  -40.633  7.342 0.5000000000
25470  34.949  -40.746  6.758 0.5000000000
25480  35.543  -40.630  6.268 0.5000000000
25525  27.930  -40.722  1.324 0.4000000060
26161  33.132  -39.795  8.536 0.4000000060
26174  34.249  -39.739  7.359 0.5000000000
26194  35.696  -39.370  6.013 0.6000000238
26220  28.586  -38.975  3.115 0.4000000060
26224  40.584  -39.160  2.360 0.4000000060
26236  27.234  -40.135  1.424 0.3000000119
26874  32.431  -38.351  9.844 0.3000000119
26897  33.766  -38.399  7.834 0.4000000060
26908  34.952  -38.442  6.794 0.6000000238
26917  36.286  -38.797  5.551 0.6999999881
26930  36.997  -38.533  4.977 0.6000000238
26941  39.414  -38.691  3.315 0.5000000000
26958  41.535  -38.602  1.258 0.5000000000
26960  28.157  -38.069  1.559 0.4000000060
26965  43.820  -38.261  -1.272 0.5000000000
26974  43.937  -38.133  -1.821 0.5000000000
26978  43.759  -37.909  -2.116 0.5000000000
27661  33.188  -37.181  8.990 0.4000000060
27674  33.701  -37.063  8.301 0.4000000060
27685  35.537  -37.760  6.461 0.6000000238
27708  38.537  -37.670  3.946 0.6000000238
27711  29.953  -37.236  4.780 0.5000000000
27723  28.727  -36.778  2.881 0.4000000060
27735  40.621  -37.422  1.276 0.5000000000
27742  43.660  -37.845  -0.669 0.5000000000
27752  44.044  -37.422  -1.992 0.4000000060
27756  43.586  -37.318  -2.248 0.5000000000
28481  40.900  -35.934  10.068 0.3000000119
28531  35.143  -36.640  7.171 0.6000000238
28605  44.209  -37.127  -1.540 0.4000000060
28606  44.138  -36.312  -1.481 0.4000000060
28612  41.976  -36.822  -1.779 0.4000000060
28613  40.993  -36.501  -1.521 0.5000000000
28616  43.401  -36.592  -2.328 0.5000000000
28617  42.836  -37.146  -2.205 0.5000000000
29379  38.131  -35.233  11.397 0.3000000119
29398  34.852  -34.802  10.345 0.3000000119
29400  33.628  -35.935  10.061 0.3000000119
29459  37.563  -35.498  5.398 0.6000000238
29486  38.171  -35.760  3.006 0.6000000238
29496  34.252  -36.146  2.545 0.6000000238
29516  38.620  -35.703  -0.700 0.4000000060
29518  36.855  -35.651  -0.233 0.6000000238
30250  39.444  -34.350  11.232 0.3000000119
30252  37.660  -34.419  11.464 0.4000000060
30268  41.928  -34.389  10.108 0.3000000119
30270  39.816  -35.173  10.813 0.3000000119
30287  34.735  -34.718  9.701 0.5000000000
30359  37.386  -34.528  3.540 0.8000000119
30366  38.791  -34.342  1.567 0.8000000119
30367  38.194  -34.339  2.174 0.8000000119
30368  37.691  -34.403  2.771 0.8000000119
30376  41.284  -34.022  0.129 0.6999999881
30377  40.327  -34.149  0.588 0.8000000119
30391  44.024  -35.067  -2.000 0.6000000238
31168  38.937  -33.551  11.433 0.3000000119
31184  41.521  -32.975  10.514 0.3000000119
31186  37.115  -32.924  10.782 0.5000000000
31188  35.968  -33.756  10.440 0.5000000000
31202  35.898  -33.625  9.756 0.5000000000
31212  43.879  -33.151  9.005 0.3000000119
31222  45.201  -33.748  7.116 0.3000000119
31250  36.717  -33.676  6.058 0.5000000000
31252  31.870  -33.208  5.307 0.6000000238
31263  36.687  -33.600  5.240 0.6999999881
31265  33.115  -34.019  4.940 0.6000000238
31278  34.391  -33.521  3.414 0.6999999881
31305  35.117  -33.418  0.684 0.8000000119
31307  38.087  -34.197  -0.785 0.6999999881
32031  37.762  -32.915  11.251 0.3000000119
32047  41.114  -32.412  10.627 0.3000000119
32050  38.339  -32.222  11.143 0.4000000060
32060  42.561  -32.511  9.818 0.3000000119
32073  36.730  -32.505  8.877 0.4000000060
32088  36.535  -32.477  8.039 0.4000000060
32101  43.877  -32.635  5.730 0.4000000060
32115  33.151  -32.550  5.037 0.6000000238
32117  31.572  -32.463  5.423 0.6000000238
32140  36.597  -32.486  3.956 0.6999999881
32153  37.514  -32.243  2.766 0.6999999881
32169  35.739  -32.631  0.001 0.8000000119
32170  43.949  -31.993  -1.970 0.8999999762
32171  44.184  -32.590  -1.918 0.8999999762
32911  40.459  -31.563  10.599 0.3000000119
32914  37.884  -31.750  10.522 0.4000000060
32921  42.599  -31.564  9.050 0.4000000060
32924  38.183  -31.017  10.087 0.4000000060
32954  42.009  -31.328  6.471 0.4000000060
32955  41.560  -30.928  6.364 0.4000000060
32981  35.842  -31.446  5.778 0.6000000238
33007  48.064  -32.136  3.553 0.3000000119
33021  34.049  -30.986  2.045 0.8000000119
33038  44.339  -31.977  -1.562 0.8999999762
33039  41.247  -32.077  -1.893 0.8999999762
33040  40.194  -31.923  -1.636 0.8000000119
33042  38.220  -31.555  -1.095 0.8000000119
33044  43.243  -32.052  -2.197 0.8999999762
33045  42.252  -32.104  -2.191 0.8999999762
33832  41.136  -30.563  8.846 0.4000000060
33835  38.414  -30.378  9.554 0.5000000000
33878  45.935  -30.391  6.024 0.3000000119
33882  41.858  -30.698  6.138 0.4000000060
33894  43.897  -31.239  5.356 0.4000000060
33897  32.042  -30.410  5.180 0.6999999881
33912  33.246  -30.810  4.353 0.6999999881
33917  49.952  -30.255  3.508 0.3000000119
33932  42.785  -30.260  0.326 0.8999999762
33936  33.790  -30.332  1.558 0.8999999762
33937  44.261  -30.036  -0.665 0.8999999762
33947  40.373  -30.285  -1.517 1.0000000000
33948  39.402  -30.242  -1.349 0.8999999762
33950  43.555  -31.422  -1.824 0.8999999762
34746  43.371  -29.583  7.322 0.4000000060
34782  36.200  -29.381  5.347 0.6000000238
34794  48.064  -30.045  4.629 0.3000000119
34797  31.445  -29.251  4.569 0.6000000238
34798  30.786  -29.201  4.932 0.6000000238
34805  49.973  -29.675  3.538 0.3000000119
34807  37.471  -30.115  3.079 0.8000000119
34820  43.785  -29.079  0.325 0.8999999762
34825  33.478  -29.720  1.212 0.8999999762
34826  32.876  -29.199  1.550 0.8999999762
34840  39.530  -29.524  -1.318 1.0000000000
35601  46.075  -28.261  8.268 0.4000000060
35623  37.027  -28.783  7.169 0.6999999881
35636  36.834  -28.713  6.585 0.6999999881
35679  36.835  -29.129  3.977 0.6999999881
35695  32.277  -28.630  1.919 0.8999999762
35696  31.585  -28.189  2.220 1.0000000000
35704  44.105  -28.262  -0.133 0.8999999762
35718  34.724  -28.436  -0.219 1.0000000000
35720  43.881  -29.073  -1.016 1.0000000000
36537  43.219  -27.363  9.334 0.5000000000
36550  44.520  -27.859  9.002 0.4000000060
36563  40.085  -27.026  7.805 0.5000000000
36595  37.724  -27.556  5.624 0.6999999881
36602  38.180  -27.190  4.912 0.6999999881
36604  35.173  -27.130  3.992 0.8999999762
36631  41.186  -27.293  2.256 0.8000000119
36634  35.392  -26.959  2.392 1.0000000000
36642  29.369  -27.092  0.932 0.8000000119
36647  31.462  -27.316  0.382 0.8999999762
36648  30.280  -26.680  0.157 0.8999999762
37466  39.809  -26.444  7.504 0.6000000238
37497  34.863  -26.331  5.379 0.6999999881
37498  34.110  -26.055  5.214 0.6999999881
37518  39.027  -27.306  3.693 0.8000000119
37519  37.108  -26.245  3.757 0.8999999762
37531  43.015  -26.736  2.169 0.6999999881
37550  33.834  -25.738  1.333 1.0000000000
37574  34.899  -26.364  -0.176 1.0000000000
37576  32.605  -25.198  -0.795 1.0000000000
38327  44.581  -25.730  9.559 0.3000000119
38358  40.408  -25.694  7.593 0.6000000238
38375  35.038  -25.040  6.358 0.6000000238
38419  32.516  -25.261  4.618 0.6999999881
38446  28.842  -24.260  1.337 0.6999999881
38467  42.102  -25.441  0.554 1.0000000000
38468  40.886  -25.017  0.182 1.0000000000
38474  29.738  -25.003  -0.332 0.8000000119
38482  34.168  -25.479  -0.445 1.0000000000
39335  33.522  -24.592  5.528 0.5000000000
39354  37.974  -24.962  4.753 0.8000000119
39371  38.842  -24.552  3.484 0.8999999762
39375  28.260  -23.814  2.262 0.6000000238
39393  39.875  -24.347  0.923 1.0000000000
40118  43.869  -23.599  9.013 0.6999999881
40147  36.323  -23.481  7.382 0.5000000000
40149  35.107  -23.224  7.106 0.3000000119
40161  37.561  -23.783  6.833 0.5000000000
40163  34.178  -23.381  6.300 0.5000000000
40176  38.630  -23.693  5.592 0.5000000000
40185  45.836  -22.686  3.522 0.6999999881
40188  43.056  -23.828  4.578 0.6999999881
40191  33.094  -22.304  4.822 0.4000000060
40206  45.440  -23.524  2.955 0.8000000119
40215  46.126  -23.208  2.019 0.8000000119
40223  44.554  -24.133  1.637 1.0000000000
40224  43.350  -23.901  1.371 1.0000000000
40225  40.561  -23.310  1.050 1.0000000000
40969  45.599  -22.602  9.496 0.6000000238
41004  38.290  -22.375  7.273 0.5000000000
41005  37.547  -22.485  7.543 0.4000000060
41006  36.590  -22.569  7.656 0.4000000060
41021  34.299  -22.142  6.600 0.4000000060
41032  39.302  -22.528  5.751 0.5000000000
41054  46.328  -21.945  2.327 0.6999999881
41055  46.237  -22.158  2.918 0.6999999881
41057  40.031  -22.387  3.308 0.6999999881
41068  46.271  -22.008  2.160 0.6999999881
41077  46.048  -21.614  2.025 0.8000000119
41078  45.779  -23.031  1.808 0.6999999881
41080  43.551  -23.099  1.348 1.0000000000
41081  41.221  -21.713  1.189 1.0000000000
41082  40.877  -22.081  1.288 1.0000000000
41089  45.753  -21.590  1.746 0.8000000119
41091  43.918  -22.041  1.083 0.8999999762
41094  41.035  -22.483  0.856 1.0000000000
41914  35.912  -21.233  7.980 0.3000000119
41932  36.462  -21.782  7.938 0.3000000119
41966  40.079  -20.666  4.004 0.5000000000
41996  46.132  -21.431  2.205 0.8000000119
42013  45.685  -21.052  1.739 0.8000000119
42014  45.131  -20.919  1.043 0.8000000119
42017  42.137  -20.953  1.069 0.8000000119
42801  38.065  -20.322  8.303 0.3000000119
42802  37.241  -20.400  8.404 0.4000000060
42804  35.638  -20.493  8.056 0.3000000119
42823  39.210  -19.916  6.861 0.4000000060
42824  38.681  -20.185  7.724 0.3000000119
42825  35.091  -20.948  7.722 0.3000000119
42855  45.860  -20.809  3.630 0.6999999881
42875  40.691  -19.575  3.118 0.5000000000
42877  33.103  -20.429  3.159 0.3000000119
42888  46.065  -20.956  2.259 0.8000000119
42893  32.665  -20.136  2.679 0.3000000119
42898  27.663  -20.996  2.196 0.5000000000
42903  46.018  -20.734  2.131 0.8000000119
42904  45.478  -20.227  1.592 0.8000000119
42905  45.034  -19.801  1.275 0.8000000119
42906  41.596  -20.299  1.901 0.8999999762
42913  45.647  -20.668  1.769 0.8000000119
42914  45.412  -20.389  1.379 0.8000000119
42915  44.829  -20.100  0.975 0.8000000119
42916  43.705  -20.100  0.966 0.8000000119
42918  41.962  -20.229  1.503 0.8000000119
43711  46.439  -19.737  9.425 0.4000000060
43712  45.729  -19.242  9.249 0.4000000060
43774  34.157  -19.838  6.796 0.3000000119
43782  39.668  -18.743  5.001 0.4000000060
43825  44.370  -19.590  1.541 0.6999999881
43826  43.403  -19.557  1.966 0.8000000119
43828  41.399  -19.195  2.841 0.6000000238
43843  42.469  -19.674  2.009 0.8000000119
43844  41.936  -19.827  2.030 0.8000000119
43855  43.056  -19.718  1.459 0.8000000119
44655  47.571  -18.217  8.844 0.4000000060
44660  37.133  -18.933  8.580 0.3000000119
44661  36.397  -19.051  8.488 0.3000000119
44684  39.072  -18.497  7.045 0.3000000119
44685  38.657  -18.150  7.731 0.3000000119
44686  35.070  -19.314  7.886 0.3000000119
44714  34.236  -18.369  6.993 0.3000000119
44735  40.477  -18.089  4.480 0.5000000000
44736  33.488  -18.559  3.798 0.3000000119
45598  43.912  -18.074  7.987 0.4000000060
46576  34.822  -16.382  7.218 0.3000000119
46594  34.334  -16.660  6.611 0.3000000119
46654  34.464  -16.215  1.093 0.3000000119
46668  34.756  -15.905  0.293 0.3000000119
47502  43.495  -15.968  7.134 0.4000000060
47526  34.347  -15.312  6.554 0.3000000119
47574  33.728  -15.498  2.916 0.3000000119
47586  36.726  -15.033  1.122 0.3000000119
47597  35.606  -15.386  0.348 0.3000000119
48391  36.920  -14.909  8.729 0.3000000119
48416  35.421  -15.043  7.951 0.3000000119
48436  33.887  -14.612  5.793 0.3000000119
48450  33.658  -14.225  5.133 0.4000000060
48496  33.789  -14.579  2.879 0.4000000060
48501  37.464  -14.632  1.126 0.3000000119
48507  37.549  -14.464  0.749 0.3000000119
48512  34.345  -15.232  -0.371 0.3000000119
49219  35.967  -13.417  8.252 0.3000000119
49240  35.211  -14.363  7.613 0.3000000119
49322  33.681  -13.788  3.599 0.3000000119
49343  37.473  -14.263  1.158 0.3000000119
49357  37.533  -14.080  0.593 0.3000000119
49359  36.247  -13.995  -0.027 0.3000000119
50143  34.979  -13.017  7.160 0.3000000119
50167  34.748  -12.378  6.591 0.3000000119
50196  33.830  -12.718  4.624 0.4000000060
50215  33.950  -12.515  3.867 0.4000000060
50242  34.266  -12.849  2.504 0.3000000119
50251  37.097  -13.639  0.858 0.3000000119
51134  34.152  -11.987  4.424 0.4000000060
52870  34.656  -9.610  2.368 0.3000000119
53747  34.976  -9.065  3.958 0.3000000119
54624  35.336  -7.615  4.128 0.3000000119
104491  43.078  -39.389  0.217 0.5000000000
105699  44.620  -24.239  9.465 0.5000000000
106089  45.165  -19.853  1.505 0.8000000119
106185  36.053  -30.478  6.719 0.6000000238
106265  33.579  -14.906  3.644 0.3000000119
106318  33.696  -15.921  5.489 0.3000000119
106670  40.525  -35.037  -1.528 0.5000000000
106865  46.900  -24.155  9.440 0.3000000119
106889  43.657  -35.265  -2.254 0.6000000238
107133  41.901  -19.492  2.431 0.8000000119
107241  39.433  -20.533  6.326 0.4000000060
107452  35.508  -36.946  0.357 0.4000000060
108855  29.541  -36.906  4.459 0.5000000000
109132  36.987  -32.165  3.374 0.6999999881
109413  33.737  -29.279  0.472 0.8999999762
109735  31.884  -39.041  4.370 0.5000000000
110022  41.369  -29.178  -1.290 1.0000000000
110282  34.579  -33.246  2.576 0.6999999881
110359  34.901  -34.422  0.916 0.6999999881
110850  28.541  -37.541  2.333 0.4000000060
111463  35.333  -29.896  -0.429 0.8999999762
111597  39.022  -29.100  -1.255 1.0000000000
112262  35.079  -26.869  4.736 0.8999999762
112358  33.528  -20.021  4.102 0.3000000119
112361  38.585  -31.896  1.698 0.8000000119
112362  38.042  -31.882  2.246 0.6999999881
112794  27.413  -37.407  1.552 0.3000000119
113036  29.038  -27.645  3.181 0.6999999881
113395  34.705  -42.137  7.516 0.5000000000
113905  38.675  -39.689  3.632 0.5000000000
114159  41.025  -30.880  0.526 0.8000000119
114313  47.513  -21.188  9.452 0.4000000060
114570  41.642  -33.642  10.383 0.3000000119
114898  32.450  -25.806  4.096 0.6999999881
115352  38.014  -36.718  4.638 0.6000000238
116022  35.785  -31.852  -0.230 0.8000000119
116217  36.088  -25.913  5.953 0.6999999881
116260  40.473  -30.306  8.137 0.4000000060
116442  42.435  -26.616  0.097 1.0000000000
116939  32.482  -24.129  -0.751 0.8999999762
118284  39.194  -25.892  -1.017 1.0000000000
119130  27.905  -37.896  1.418 0.3000000119
119652  38.992  -26.186  6.485 0.6000000238
119663  37.166  -26.409  2.975 1.0000000000
119906  38.089  -29.951  2.536 0.8000000119
119961  44.913  -19.802  1.866 0.6999999881
120122  34.065  -12.451  3.186 0.3000000119
120228  35.194  -35.138  10.949 0.3000000119
120447  35.192  -7.693  3.291 0.3000000119
120596  37.175  -26.523  0.404 1.0000000000
120744  33.955  -41.096  7.900 0.5000000000
120836  31.769  -23.629  -0.722 0.8999999762
120840  30.323  -35.170  4.645 0.5000000000
120905  34.981  -15.411  -0.057 0.3000000119
121400  34.238  -35.652  8.648 0.5000000000
121436  36.370  -26.426  4.757 0.8999999762
121476  34.371  -37.045  7.649 0.5000000000
121693  42.046  -37.253  0.329 0.5000000000
121705  41.266  -20.307  2.239 0.8999999762
122574  44.188  -28.755  -0.122 0.8999999762
122763  46.634  -32.049  3.920 0.3000000119
122779  40.550  -24.820  6.529 0.6000000238
122902  41.051  -18.564  3.431 0.5000000000
123539  42.205  -29.031  0.934 0.8000000119
123842  35.630  -35.076  7.679 0.5000000000
123861  36.392  -34.321  7.665 0.4000000060
124062  44.616  -19.054  8.696 0.4000000060
124067  29.850  -39.189  4.702 0.4000000060
124189  38.606  -21.339  7.511 0.3000000119
124327  44.058  -26.078  9.596 0.5000000000
124462  34.386  -13.929  6.445 0.3000000119
124974  38.302  -27.484  6.824 0.6999999881
125091  39.289  -22.039  6.293 0.4000000060
125220  35.087  -36.456  0.563 0.6000000238
125345  34.694  -41.104  7.132 0.5000000000
125399  40.409  -16.862  5.628 0.3000000119
125757  43.863  -34.793  -1.218 0.6999999881
125891  42.858  -24.979  9.083 0.6000000238
126077  33.518  -19.613  3.796 0.3000000119
126131  39.253  -21.151  6.779 0.4000000060
126232  37.195  -14.178  0.414 0.3000000119
126272  32.917  -25.640  4.636 0.6999999881
126425  31.408  -31.807  5.509 0.5000000000
