#!ascii label  , from subject sub-v2s4x29616_ses-1 vox2ras=TkReg
1339
3150  20.706  -70.891  5.988 0.5000000000
11450  20.145  -57.520  7.832 0.6000000238
10684  20.650  -57.749  6.451 0.6000000238
10706  20.469  -58.155  5.723 0.6000000238
10705  21.330  -57.869  5.920 0.6999999881
123349  20.353  -58.481  5.104 0.6000000238
11484  22.145  -57.679  6.109 0.6999999881
10704  22.127  -58.086  5.275 0.6000000238
4689  18.396  -68.244  5.371 0.5000000000
107124  20.215  -68.223  3.065 0.6000000238
115536  20.287  -67.718  3.900 0.6000000238
4688  19.164  -67.945  5.073 0.5000000000
104423  20.664  -68.145  1.332 0.5000000000
4719  20.129  -68.610  1.980 0.4000000060
111957  19.817  -68.376  3.762 0.5000000000
4701  19.492  -68.279  4.426 0.6000000238
8491  16.957  -62.082  10.165 0.5000000000
121422  22.458  -71.007  2.155 0.4000000060
8493  17.335  -61.310  10.032 0.5000000000
8494  16.663  -61.512  10.033 0.5000000000
9177  17.540  -60.128  9.538 0.6000000238
10637  18.713  -58.901  8.972 0.6000000238
11432  19.884  -57.715  8.776 0.6000000238
11431  21.449  -57.586  9.052 0.6999999881
11451  19.370  -57.741  8.066 0.6000000238
11449  21.082  -57.382  7.944 0.6999999881
121909  23.350  -57.422  9.073 0.6000000238
11448  22.096  -57.285  8.047 0.6999999881
109608  23.703  -56.934  8.787 0.6000000238
11429  23.121  -57.187  8.112 0.6000000238
11466  22.688  -57.341  6.852 0.6999999881
109236  23.570  -56.618  7.870 0.6999999881
10721  21.570  -58.486  4.398 0.6000000238
5150  18.264  -67.071  6.249 0.5000000000
5161  19.459  -67.211  5.314 0.6000000238
5162  18.732  -67.513  5.665 0.5000000000
111050  20.528  -67.836  2.328 0.6000000238
121961  20.524  -67.595  3.209 0.6999999881
4700  19.874  -67.607  4.653 0.6000000238
4729  20.845  -68.459  0.949 0.4000000060
8507  18.472  -61.381  9.037 0.5000000000
7901  17.664  -61.905  9.731 0.5000000000
3653  21.572  -70.620  3.956 0.5000000000
8492  17.974  -61.043  9.799 0.5000000000
9174  20.535  -59.724  9.077 0.6999999881
109906  18.769  -60.020  9.215 0.6000000238
9881  20.916  -58.963  9.476 0.6999999881
10636  19.524  -58.569  9.173 0.6000000238
9883  19.140  -59.276  9.114 0.6000000238
10635  20.317  -58.346  9.353 0.6999999881
11406  19.219  -58.314  8.972 0.6000000238
10634  21.349  -58.200  9.444 0.6999999881
11402  23.067  -57.850  9.354 0.6000000238
11403  22.116  -57.890  9.354 0.6000000238
11401  23.991  -57.361  9.243 0.6000000238
11430  22.535  -57.537  9.071 0.6000000238
12177  24.243  -56.595  9.479 0.6000000238
12926  24.091  -55.689  9.376 0.6999999881
118038  23.794  -57.415  3.936 0.6999999881
10735  21.962  -58.732  3.475 0.5000000000
11447  23.323  -57.000  7.061 0.6999999881
11465  23.302  -57.385  6.201 0.6999999881
10720  22.643  -58.286  4.268 0.6000000238
112768  20.070  -65.606  5.478 0.5000000000
5666  19.044  -66.745  5.905 0.5000000000
5653  18.519  -66.210  6.546 0.5000000000
5675  20.720  -66.199  4.146 0.6999999881
5665  19.746  -66.468  5.462 0.6000000238
5707  21.243  -66.649  1.610 0.5000000000
5183  20.900  -66.414  2.076 0.6999999881
5685  20.803  -66.351  3.153 0.6999999881
5686  20.674  -67.048  3.672 0.6000000238
5172  20.402  -67.003  4.413 0.6000000238
4736  21.161  -68.588  0.824 0.4000000060
5199  21.229  -67.857  1.264 0.4000000060
5200  21.048  -67.635  1.384 0.5000000000
7914  18.720  -62.008  8.145 0.5000000000
9194  20.125  -60.399  8.542 0.5000000000
122517  19.107  -61.315  8.274 0.5000000000
9195  19.208  -60.642  8.798 0.5000000000
9173  21.482  -59.654  9.155 0.6000000238
9175  19.616  -59.823  9.041 0.5000000000
9172  22.408  -59.639  9.204 0.6999999881
9878  24.177  -59.395  9.291 0.6000000238
117097  22.800  -59.011  9.537 0.6999999881
9880  21.883  -58.959  9.553 0.6999999881
10630  25.200  -58.336  9.525 0.6000000238
9879  23.553  -59.004  9.513 0.6000000238
10633  22.381  -58.370  9.503 0.6999999881
11398  26.437  -57.250  9.729 0.6999999881
10631  24.230  -58.527  9.527 0.6000000238
10632  23.293  -58.420  9.506 0.6000000238
12924  25.954  -56.016  10.269 0.6000000238
12175  25.618  -56.713  10.153 0.6999999881
107062  24.573  -57.180  9.642 0.6999999881
109181  25.569  -54.056  10.613 0.6000000238
13649  25.223  -54.807  10.486 0.6000000238
12156  25.347  -56.045  10.303 0.6999999881
11536  23.592  -57.310  1.391 0.6000000238
12925  24.490  -55.903  9.924 0.6999999881
12249  23.975  -56.678  5.040 0.6999999881
10733  23.339  -57.920  2.641 0.6000000238
14381  24.987  -53.407  10.734 0.6999999881
115181  24.749  -54.185  10.502 0.6000000238
13667  23.850  -54.760  9.357 0.8000000119
12940  23.778  -55.416  8.742 0.6999999881
12213  23.687  -56.235  7.044 0.6999999881
12232  23.662  -56.655  6.334 0.6999999881
5652  19.339  -65.940  6.021 0.6000000238
6210  20.941  -65.565  3.507 0.6999999881
6197  20.937  -65.379  4.185 0.6999999881
5664  20.306  -66.311  4.909 0.6000000238
120569  21.095  -65.864  1.752 0.5000000000
6221  20.927  -65.687  2.472 0.6999999881
5205  21.744  -67.878  1.240 0.4000000060
124405  21.231  -67.331  1.487 0.5000000000
7930  19.030  -62.458  7.324 0.5000000000
7324  18.880  -63.251  6.921 0.5000000000
8525  19.421  -61.701  7.616 0.5000000000
8504  21.267  -60.853  7.856 0.6000000238
9208  23.248  -60.939  8.006 0.6000000238
9210  21.734  -60.672  8.159 0.6999999881
9193  21.110  -60.371  8.514 0.6999999881
108007  23.742  -60.492  8.596 0.6999999881
9191  22.868  -60.349  8.702 0.6999999881
9897  25.504  -59.688  8.908 0.6000000238
9898  24.834  -59.925  8.962 0.6000000238
9171  23.379  -59.706  9.179 0.6999999881
11428  27.484  -57.530  8.580 0.6999999881
120714  26.879  -57.870  9.112 0.6999999881
10655  25.905  -58.978  9.062 0.6999999881
116943  23.540  -54.804  1.208 0.6000000238
12939  28.060  -55.446  9.082 0.6000000238
12173  27.198  -56.673  9.556 0.6999999881
15228  27.341  -52.233  9.819 0.6000000238
122176  26.788  -53.364  10.269 0.6000000238
110028  27.349  -53.994  9.927 0.6000000238
13665  27.464  -54.995  9.834 0.6000000238
12174  26.551  -56.367  10.052 0.6999999881
12289  23.747  -55.896  1.925 0.6000000238
15229  26.714  -52.616  10.320 0.6000000238
125405  26.835  -54.649  10.268 0.6000000238
13714  23.758  -54.553  5.453 0.6999999881
13001  24.203  -55.296  4.306 0.6000000238
12259  24.183  -56.115  4.214 0.6999999881
11521  23.873  -56.551  2.947 0.6000000238
15209  26.768  -51.776  10.331 0.5000000000
125939  25.353  -52.006  10.780 0.6000000238
15212  24.451  -52.801  10.536 0.8000000119
13651  23.712  -53.722  9.675 0.8000000119
123259  23.466  -54.064  8.227 0.8000000119
13681  23.649  -54.747  8.424 0.8000000119
12978  23.779  -55.361  6.841 0.6999999881
123825  24.114  -55.934  4.846 0.6999999881
14382  24.247  -53.593  10.349 0.8000000119
114805  23.548  -54.130  8.921 0.8000000119
6198  20.596  -65.516  4.753 0.6999999881
6184  20.503  -64.871  5.171 0.6999999881
6185  20.048  -64.844  5.647 0.6999999881
6172  19.523  -65.127  6.035 0.6000000238
108649  21.242  -64.989  2.854 0.6999999881
6736  19.634  -64.235  5.995 0.6000000238
112345  21.733  -64.931  1.529 0.6000000238
126194  19.086  -63.923  6.553 0.5000000000
7942  19.407  -62.748  6.678 0.5000000000
14503  16.003  -53.617  2.221 0.6000000238
7929  19.738  -62.087  6.879 0.5000000000
14519  16.624  -53.839  1.883 0.5000000000
8538  20.556  -61.869  6.626 0.5000000000
112198  18.526  -53.563  2.398 0.6000000238
8522  22.628  -61.298  7.304 0.6999999881
106548  21.096  -61.258  7.195 0.6000000238
8503  24.175  -61.108  7.977 0.6999999881
9209  22.398  -60.777  8.089 0.6999999881
14515  20.242  -53.631  1.807 0.6000000238
9896  26.179  -59.768  8.507 0.6999999881
9189  25.523  -60.405  8.415 0.6000000238
11446  27.793  -57.765  7.888 0.6999999881
119259  27.814  -58.412  7.661 0.6999999881
10654  26.767  -59.118  8.467 0.6999999881
14496  23.259  -53.794  1.685 0.6000000238
13756  21.965  -53.860  0.947 0.6000000238
12938  28.096  -56.206  8.471 0.6000000238
10653  27.293  -58.341  8.362 0.6999999881
14483  23.518  -53.654  2.592 0.6000000238
13772  22.420  -54.533  0.665 0.6000000238
14413  28.453  -53.875  8.304 0.6000000238
13680  28.062  -54.436  9.203 0.6000000238
111437  23.318  -53.453  4.305 0.6999999881
13733  24.276  -54.616  3.709 0.6000000238
13742  24.222  -54.501  2.685 0.6000000238
15244  27.865  -52.598  9.179 0.6000000238
15260  23.066  -52.744  7.950 0.6000000238
15274  22.924  -52.939  7.096 0.6000000238
14446  23.293  -53.733  6.766 0.6999999881
113100  23.585  -53.856  4.864 0.6000000238
13007  24.284  -55.138  3.067 0.6000000238
16067  23.573  -51.863  9.448 0.6000000238
111566  23.288  -53.566  7.689 0.8000000119
16053  23.949  -52.301  10.159 0.6000000238
14432  23.354  -53.339  8.703 0.6999999881
13701  23.647  -54.542  6.384 0.8000000119
6766  21.760  -64.223  4.086 0.6999999881
6767  21.049  -64.693  4.536 0.6999999881
6768  20.795  -64.215  5.025 0.6999999881
111856  22.312  -64.104  2.289 0.6999999881
6785  21.340  -64.878  3.800 0.6999999881
6748  20.314  -64.220  5.474 0.6000000238
7339  19.493  -63.375  6.297 0.6000000238
16157  15.330  -51.242  2.750 0.6000000238
16145  14.455  -51.225  3.059 0.6000000238
106256  15.810  -52.117  2.528 0.6000000238
15326  15.496  -52.921  2.737 0.6000000238
7941  20.048  -62.618  6.158 0.6000000238
14502  16.800  -53.241  2.051 0.5000000000
8535  23.106  -61.622  6.477 0.6999999881
112161  21.864  -61.464  7.066 0.6999999881
14488  18.094  -53.174  3.366 0.4000000060
14489  17.524  -53.142  2.350 0.5000000000
8520  24.597  -61.460  7.198 0.6999999881
8521  23.639  -61.396  7.238 0.8000000119
105641  18.553  -53.416  3.435 0.5000000000
9206  25.916  -60.921  7.660 0.6000000238
14500  19.387  -53.618  2.962 0.6000000238
10673  27.475  -59.098  7.786 0.6999999881
117873  26.277  -60.347  7.975 0.6999999881
14485  22.172  -53.270  3.895 0.6999999881
14499  20.611  -53.511  2.913 0.6000000238
109497  28.589  -57.124  7.062 0.6999999881
10671  28.253  -57.958  7.319 0.6999999881
106566  22.083  -52.866  5.256 0.5000000000
14497  22.618  -53.509  2.250 0.6000000238
13700  28.942  -54.490  6.716 0.6000000238
12959  28.429  -55.444  8.082 0.6000000238
12211  28.502  -56.227  7.578 0.6999999881
125506  22.962  -53.333  3.868 0.6999999881
13690  28.650  -54.617  7.671 0.6000000238
13679  28.376  -54.770  8.491 0.6000000238
15275  22.470  -52.278  6.598 0.5000000000
114347  22.893  -53.227  5.225 0.6000000238
14414  27.979  -53.469  9.175 0.6000000238
113294  23.196  -51.410  8.559 0.6000000238
15261  22.710  -52.143  7.407 0.5000000000
14447  22.839  -53.066  6.171 0.6999999881
16854  24.028  -50.124  9.060 0.6000000238
7372  22.287  -63.518  4.187 0.6999999881
7373  21.420  -63.723  4.739 0.6999999881
7356  20.751  -63.556  5.312 0.6000000238
7952  20.616  -62.937  5.683 0.6000000238
125444  14.771  -50.752  2.966 0.4000000060
110405  13.515  -50.805  3.364 0.5000000000
8558  21.768  -62.177  5.922 0.6000000238
115489  16.098  -51.481  2.423 0.5000000000
15315  13.918  -51.966  3.200 0.6000000238
8557  22.616  -61.970  5.815 0.6999999881
8556  23.524  -61.773  5.591 0.6999999881
8537  21.402  -61.779  6.535 0.6000000238
15314  17.682  -52.790  3.014 0.5000000000
111914  25.045  -61.638  6.414 0.6999999881
14475  18.666  -53.149  4.097 0.4000000060
9936  28.420  -59.399  5.995 0.6999999881
122175  27.967  -59.778  6.467 0.6999999881
9223  27.374  -60.504  6.303 0.6999999881
14487  19.161  -53.429  4.119 0.6000000238
114510  29.328  -57.066  5.693 0.6999999881
11481  29.185  -57.874  5.856 0.6999999881
9916  27.535  -59.848  7.174 0.6999999881
9205  26.722  -60.590  7.233 0.6999999881
14459  19.968  -53.010  5.316 0.5000000000
14486  20.923  -53.440  4.080 0.5000000000
109769  29.000  -56.159  6.690 0.6000000238
12230  29.127  -56.788  6.321 0.6999999881
11464  28.689  -57.993  6.614 0.6999999881
14473  20.600  -53.344  5.029 0.5000000000
14445  28.783  -53.600  6.255 0.5000000000
12977  29.190  -55.255  6.182 0.6000000238
110795  28.838  -55.370  7.168 0.6000000238
7963  21.972  -63.021  4.838 0.6999999881
121517  14.208  -50.330  3.254 0.4000000060
7961  23.388  -62.399  4.231 0.6999999881
7951  21.318  -62.804  5.314 0.6999999881
16924  13.397  -49.949  3.668 0.4000000060
8577  22.977  -62.122  5.014 0.6999999881
16146  12.728  -50.672  3.815 0.6000000238
126344  24.074  -61.627  5.683 0.8000000119
8573  26.150  -61.157  5.112 0.6000000238
8554  25.493  -61.498  5.603 0.6000000238
114975  12.138  -52.036  5.917 0.6000000238
9955  27.953  -60.016  5.721 0.6999999881
9237  27.442  -60.512  5.269 0.6999999881
8553  26.235  -61.349  5.835 0.6000000238
10702  29.215  -58.406  5.134 0.6000000238
12247  29.567  -56.638  4.836 0.6000000238
14449  11.266  -53.444  6.383 0.5000000000
12990  29.181  -55.077  5.083 0.6000000238
12248  29.340  -56.101  5.626 0.6999999881
13725  28.846  -54.255  4.621 0.5000000000
8576  23.769  -61.917  4.710 0.6999999881
16914  13.119  -50.148  4.390 0.4000000060
108123  24.881  -61.451  4.955 0.8000000119
9248  26.050  -61.053  4.100 0.8000000119
16120  12.965  -51.098  5.718 0.4000000060
16898  13.220  -50.579  5.211 0.4000000060
8574  25.520  -61.277  4.785 0.6999999881
15278  12.334  -52.524  6.715 0.4000000060
16121  12.401  -51.490  5.342 0.5000000000
10718  29.594  -58.077  4.219 0.6000000238
125528  28.361  -59.666  5.311 0.6000000238
9236  28.034  -60.091  4.879 0.6999999881
15265  12.905  -52.853  7.313 0.4000000060
11497  29.836  -57.184  4.138 0.6000000238
11480  29.508  -57.561  5.020 0.6000000238
13702  11.867  -54.096  7.113 0.4000000060
14460  11.605  -52.575  6.000 0.6000000238
12258  29.465  -55.690  4.476 0.6000000238
13732  28.966  -54.204  3.682 0.5000000000
14469  28.756  -53.572  4.217 0.5000000000
16897  13.831  -50.194  5.260 0.4000000060
8575  24.480  -61.633  4.373 0.8000000119
16884  13.643  -50.773  5.996 0.4000000060
107999  25.182  -61.314  4.174 0.6999999881
16107  13.362  -51.449  6.565 0.4000000060
9245  28.168  -59.980  4.040 0.6000000238
9247  26.803  -60.780  4.698 0.6999999881
9953  29.037  -58.938  4.247 0.6000000238
9963  28.610  -59.517  3.867 0.6000000238
15264  13.628  -52.756  7.614 0.4000000060
14434  13.118  -53.488  7.744 0.4000000060
12999  29.590  -55.422  3.413 0.6000000238
13693  12.705  -54.206  7.691 0.4000000060
13006  29.397  -54.708  2.978 0.4000000060
17682  14.498  -50.364  6.199 0.4000000060
16106  14.172  -51.178  6.761 0.4000000060
9258  27.576  -60.082  3.395 0.6999999881
9259  26.845  -60.548  3.681 0.6000000238
16095  13.890  -51.929  7.254 0.4000000060
109795  30.014  -57.620  3.341 0.6000000238
9972  28.943  -59.223  3.267 0.6000000238
13692  13.504  -54.289  8.034 0.4000000060
12265  30.196  -56.125  2.788 0.6000000238
122960  13.157  -54.936  7.982 0.3000000119
115462  29.792  -55.214  2.496 0.4000000060
13740  29.577  -54.475  2.262 0.4000000060
13013  29.911  -54.911  1.941 0.4000000060
15263  14.433  -52.360  7.790 0.4000000060
14417  14.769  -53.708  8.227 0.4000000060
11509  30.350  -57.069  2.718 0.6000000238
11520  30.524  -56.809  1.959 0.6000000238
13037  30.397  -55.399  1.597 0.4000000060
13036  30.668  -55.564  1.229 0.5000000000
13751  30.465  -54.374  1.354 0.4000000060
12897  12.676  -55.932  10.644 0.3000000119
13770  30.445  -54.953  1.409 0.4000000060
16080  16.829  -51.823  8.715 0.4000000060
12895  13.898  -54.914  11.043 0.3000000119
13670  10.619  -54.706  9.229 0.4000000060
16856  17.732  -50.618  9.201 0.4000000060
15214  16.773  -52.661  10.331 0.4000000060
119898  14.104  -53.377  11.450 0.3000000119
14364  14.914  -53.534  11.216 0.3000000119
13655  11.662  -54.655  10.413 0.3000000119
107883  13.244  -54.905  11.160 0.3000000119
13656  11.084  -55.032  9.688 0.3000000119
16054  17.561  -51.409  10.690 0.4000000060
15190  17.095  -52.108  10.953 0.4000000060
14383  16.172  -53.022  10.722 0.4000000060
13633  13.613  -54.214  11.337 0.3000000119
14366  12.347  -53.533  11.105 0.3000000119
15279  9.300  -52.188  6.374 0.4000000060
16122  9.203  -51.052  5.349 0.3000000119
16900  9.551  -50.383  5.027 0.3000000119
14385  11.653  -53.736  10.466 0.3000000119
14386  11.040  -54.078  9.658 0.3000000119
16032  16.616  -51.873  11.344 0.4000000060
121590  16.012  -52.219  11.427 0.4000000060
15192  14.852  -52.923  11.432 0.3000000119
15193  14.339  -52.494  11.470 0.3000000119
15195  12.619  -52.715  11.237 0.3000000119
15250  9.938  -52.749  8.005 0.3000000119
15215  11.858  -52.856  10.632 0.3000000119
16109  9.580  -51.518  6.034 0.3000000119
15216  11.221  -53.076  9.881 0.3000000119
16885  10.456  -50.550  6.304 0.4000000060
16899  10.198  -50.210  5.298 0.3000000119
17684  10.881  -49.756  5.936 0.3000000119
117343  10.540  -49.628  5.035 0.3000000119
16033  15.237  -52.178  11.514 0.4000000060
16034  14.454  -51.652  11.425 0.4000000060
105205  13.772  -51.981  11.350 0.3000000119
16082  10.169  -51.997  7.937 0.4000000060
16036  13.008  -51.929  11.177 0.3000000119
16873  10.143  -51.197  6.639 0.4000000060
112077  10.572  -51.274  8.138 0.4000000060
17683  11.170  -49.164  5.041 0.3000000119
108130  15.189  -51.364  11.522 0.4000000060
16812  14.637  -50.721  11.270 0.4000000060
16035  13.652  -51.189  11.021 0.4000000060
16055  12.676  -51.230  10.621 0.4000000060
16056  12.182  -52.001  10.718 0.3000000119
16842  11.603  -50.655  9.404 0.3000000119
16843  11.051  -51.067  8.757 0.3000000119
17657  11.160  -50.268  7.804 0.3000000119
17670  11.407  -49.564  7.212 0.5000000000
17671  10.873  -50.173  7.003 0.4000000060
19348  11.656  -48.152  4.780 0.3000000119
17608  14.459  -49.814  10.984 0.4000000060
16829  13.166  -50.486  10.485 0.4000000060
17621  12.868  -49.919  9.869 0.3000000119
17636  12.480  -49.511  9.262 0.3000000119
18465  12.670  -48.754  8.890 0.3000000119
18478  12.874  -47.981  8.424 0.3000000119
16057  11.852  -51.325  10.076 0.3000000119
16841  12.192  -50.104  9.527 0.3000000119
17656  11.624  -49.791  8.206 0.3000000119
18479  12.353  -48.604  7.899 0.3000000119
19325  12.805  -47.840  7.418 0.3000000119
16859  11.340  -50.400  8.601 0.3000000119
123242  11.867  -48.877  7.216 0.3000000119
119078  11.701  -48.902  6.016 0.3000000119
116719  11.749  -47.307  4.803 0.3000000119
17605  16.562  -49.322  11.817 0.3000000119
17606  15.813  -49.266  11.605 0.3000000119
17607  15.044  -49.138  11.169 0.3000000119
18446  14.194  -48.489  10.404 0.3000000119
19300  13.760  -47.588  9.579 0.3000000119
20179  13.600  -46.734  8.367 0.3000000119
17619  14.342  -49.057  10.669 0.3000000119
18447  13.736  -48.344  9.926 0.3000000119
18464  13.226  -48.168  9.263 0.3000000119
19312  13.349  -47.401  8.838 0.3000000119
19324  13.238  -47.331  7.934 0.3000000119
19336  13.229  -47.280  7.057 0.3000000119
18492  12.329  -48.305  6.731 0.3000000119
19337  12.914  -47.589  6.282 0.3000000119
18507  12.460  -48.121  5.333 0.3000000119
19347  12.396  -47.773  4.865 0.3000000119
115910  17.398  -48.074  12.183 0.3000000119
18431  15.586  -48.471  11.443 0.3000000119
18432  14.836  -48.263  10.848 0.3000000119
19286  14.266  -47.829  10.238 0.3000000119
20167  13.795  -46.813  9.189 0.3000000119
20191  13.585  -46.734  7.405 0.3000000119
20205  13.481  -46.798  6.222 0.3000000119
20220  13.122  -47.292  5.125 0.3000000119
20221  11.550  -46.160  5.149 0.3000000119
108833  13.900  -46.247  8.751 0.3000000119
20178  13.904  -46.002  7.938 0.3000000119
21127  13.960  -46.132  5.768 0.3000000119
20219  13.528  -46.415  5.188 0.3000000119
119911  12.543  -47.067  4.745 0.3000000119
21142  12.944  -45.614  4.899 0.3000000119
105304  14.213  -45.751  8.690 0.3000000119
22024  14.517  -45.247  8.044 0.3000000119
21116  13.913  -46.152  6.856 0.3000000119
21095  14.684  -45.320  9.164 0.3000000119
22035  14.695  -45.171  6.889 0.3000000119
21126  14.374  -45.716  6.298 0.3000000119
21140  14.412  -45.729  5.264 0.3000000119
21141  13.739  -45.773  4.878 0.3000000119
119338  13.038  -44.969  4.889 0.3000000119
3636  21.338  -70.213  5.268 0.5000000000
3675  21.844  -71.186  2.541 0.4000000060
11467  21.523  -57.462  6.900 0.6999999881
11500  23.045  -58.112  5.131 0.6999999881
4193  21.332  -69.291  0.565 0.4000000060
3652  22.568  -70.690  3.226 0.5000000000
114066  24.007  -57.842  9.473 0.6000000238
8524  20.186  -61.414  7.301 0.5000000000
11400  24.729  -57.736  9.674 0.6000000238
114737  24.078  -61.600  6.327 0.8000000119
8536  22.226  -61.728  6.558 0.6999999881
8518  26.174  -61.191  7.020 0.6000000238
13712  28.963  -54.355  5.678 0.5000000000
10672  28.234  -58.933  6.950 0.6999999881
14448  11.803  -53.148  6.799 0.4000000060
15303  28.804  -52.904  4.674 0.5000000000
121857  30.144  -56.839  3.376 0.6000000238
13741  29.250  -54.105  2.865 0.4000000060
121061  28.323  -59.648  3.125 0.6000000238
104776  30.132  -57.989  2.353 0.6000000238
13683  14.386  -54.439  8.396 0.3000000119
12275  30.277  -55.685  1.980 0.4000000060
12288  30.556  -56.162  1.590 0.4000000060
16068  17.493  -51.479  9.507 0.4000000060
109135  15.286  -49.952  11.384 0.3000000119
115968  16.733  -48.060  12.037 0.3000000119
9995  27.804  -59.989  1.632 0.5000000000
9274  26.521  -60.411  2.043 0.5000000000
9260  26.178  -60.732  2.853 0.6999999881
8601  25.466  -61.276  2.466 0.6999999881
110143  24.064  -62.042  3.810 0.6000000238
9983  27.667  -59.888  2.417 0.5000000000
113104  26.944  -60.239  2.674 0.6000000238
125198  25.546  -61.206  3.386 0.6000000238
125906  22.976  -63.683  2.385 0.6000000238
6784  21.877  -64.345  3.202 0.6000000238
9276  25.345  -61.442  1.471 0.6999999881
8603  24.178  -62.265  1.705 0.6000000238
110414  23.316  -63.201  2.858 0.6000000238
8602  24.783  -61.777  2.098 0.6999999881
8587  24.204  -62.139  2.756 0.6000000238
7385  22.689  -63.788  3.254 0.6000000238
8630  24.623  -62.195  0.599 0.6999999881
8616  24.095  -62.396  0.992 0.6999999881
8000  23.313  -63.221  1.213 0.6000000238
7422  22.853  -63.778  1.555 0.6000000238
8615  25.215  -61.670  0.722 0.6000000238
115974  24.668  -61.925  1.155 0.6999999881
7987  23.311  -63.192  1.908 0.6000000238
9307  26.390  -61.013  0.532 0.6000000238
9994  28.582  -59.878  1.536 0.5000000000
9982  28.495  -59.610  2.147 0.5000000000
8648  25.213  -62.043  0.188 0.6999999881
107576  24.190  -62.607  0.557 0.6000000238
7403  22.226  -64.367  1.579 0.6000000238
115984  30.235  -58.747  1.312 0.5000000000
110488  29.042  -59.281  1.978 0.5000000000
10780  30.709  -57.926  1.026 0.5000000000
125258  30.180  -58.624  1.441 0.5000000000
11546  31.100  -57.212  0.860 0.4000000060
9956  19.240  -59.086  5.035 0.4000000060
11469  19.448  -57.740  7.204 0.4000000060
10708  19.044  -58.741  5.911 0.4000000060
10686  18.775  -58.212  6.827 0.5000000000
10674  18.321  -58.456  8.062 0.5000000000
10687  18.094  -58.737  7.335 0.5000000000
10747  30.418  -57.886  1.577 0.5000000000
9899  17.583  -59.305  8.419 0.5000000000
112466  15.451  -62.352  8.128 0.6000000238
10760  30.541  -57.911  1.292 0.4000000060
9884  18.303  -59.691  9.261 0.5000000000
9886  17.205  -59.820  8.914 0.5000000000
8526  16.283  -60.969  8.259 0.5000000000
9957  18.589  -59.429  5.513 0.5000000000
9937  18.321  -59.043  6.392 0.5000000000
9958  17.951  -59.803  6.014 0.5000000000
9938  17.683  -59.467  6.864 0.5000000000
8539  17.119  -61.010  6.288 0.5000000000
9919  17.059  -59.786  8.160 0.5000000000
8540  16.877  -60.656  7.045 0.5000000000
116775  16.463  -61.012  7.485 0.5000000000
11534  30.700  -57.005  1.439 0.5000000000
9212  16.687  -60.398  7.832 0.5000000000
106628  31.685  -57.305  0.481 0.4000000060
11547  30.808  -57.117  1.201 0.4000000060
12295  31.369  -56.503  0.655 0.4000000060
10749  22.951  -58.573  2.025 0.5000000000
9251  17.976  -60.976  4.951 0.5000000000
12297  30.670  -56.230  1.338 0.4000000060
12298  23.381  -56.406  0.614 0.5000000000
11550  22.458  -57.542  0.146 0.5000000000
11555  21.798  -58.219  0.028 0.5000000000
10761  23.380  -57.981  0.844 0.5000000000
13035  31.045  -55.711  0.807 0.4000000060
13038  22.865  -55.413  0.362 0.5000000000
11551  21.450  -57.333  0.079 0.5000000000
13039  21.861  -55.382  0.531 0.5000000000
107870  20.156  -55.976  0.756 0.5000000000
11552  20.421  -57.689  -0.043 0.5000000000
10782  20.464  -58.511  -0.249 0.4000000060
13041  19.695  -54.984  0.769 0.5000000000
12302  18.990  -56.824  0.953 0.6000000238
10783  19.484  -58.076  -0.181 0.6000000238
13773  21.352  -54.419  0.769 0.5000000000
13028  18.782  -54.890  0.961 0.5000000000
105282  19.192  -55.985  1.145 0.5000000000
12291  18.337  -56.660  1.580 0.6000000238
11554  18.072  -57.705  0.726 0.6000000238
10784  17.607  -58.282  0.329 0.6000000238
10035  17.546  -59.450  -0.336 0.5000000000
10036  16.829  -59.633  -0.269 0.5000000000
9331  15.732  -60.573  -0.238 0.5000000000
111110  19.956  -53.865  1.120 0.5000000000
13759  18.339  -54.255  1.183 0.5000000000
13029  18.018  -54.938  1.175 0.5000000000
124321  18.445  -55.716  1.267 0.5000000000
13015  17.080  -55.910  1.959 0.6000000238
11523  17.722  -57.242  2.120 0.6000000238
10763  17.396  -57.949  1.151 0.6000000238
10019  17.030  -58.883  0.040 0.6000000238
10786  15.564  -58.974  0.539 0.5000000000
11528  9.663  -56.821  1.927 0.5000000000
10023  13.711  -59.701  0.434 0.5000000000
14516  19.277  -53.741  1.641 0.5000000000
13760  17.588  -54.290  1.434 0.5000000000
13761  16.882  -54.408  1.670 0.6000000238
13032  15.768  -55.175  2.109 0.6000000238
13017  15.238  -55.574  2.545 0.6000000238
12278  16.382  -56.915  3.163 0.6000000238
12279  15.539  -56.459  3.240 0.6000000238
10752  16.598  -58.097  2.761 0.6000000238
11513  15.622  -57.974  3.521 0.6000000238
10765  15.721  -58.625  1.281 0.6000000238
10766  14.894  -58.727  0.970 0.5000000000
10022  14.726  -59.451  0.481 0.5000000000
9998  14.055  -58.856  0.798 0.5000000000
10767  13.056  -58.102  1.231 0.5000000000
9999  13.106  -58.892  0.546 0.5000000000
10787  11.628  -58.939  0.514 0.5000000000
111401  16.211  -54.458  1.954 0.6000000238
13762  15.455  -54.475  2.170 0.6000000238
13745  13.717  -54.536  2.262 0.6000000238
13019  13.333  -55.180  2.659 0.6000000238
13008  13.762  -55.827  3.200 0.6000000238
12269  13.746  -56.761  3.553 0.6000000238
13009  13.065  -56.042  3.290 0.6000000238
10739  14.258  -58.146  3.199 0.5000000000
11516  13.088  -57.256  3.310 0.5000000000
116732  13.731  -58.193  2.260 0.5000000000
12281  12.347  -56.708  2.878 0.5000000000
12282  11.277  -56.291  2.352 0.6000000238
11538  12.101  -57.502  1.765 0.5000000000
11527  10.732  -56.805  1.818 0.5000000000
12283  10.148  -56.153  2.309 0.5000000000
12271  7.836  -55.349  3.109 0.5000000000
14506  13.261  -53.740  2.453 0.6000000238
121019  12.536  -53.636  2.637 0.6000000238
113359  12.477  -55.448  2.794 0.6000000238
122645  12.544  -56.221  3.040 0.6000000238
13021  10.561  -55.480  2.521 0.6000000238
13022  9.544  -55.304  2.610 0.5000000000
14490  12.754  -52.932  2.893 0.6000000238
108982  10.865  -54.737  2.730 0.6000000238
13737  9.452  -54.170  3.490 0.6000000238
122905  8.910  -54.477  3.692 0.5000000000
15306  11.708  -51.854  3.999 0.6000000238
15317  12.067  -52.209  3.314 0.6000000238
15318  11.395  -52.534  3.755 0.6000000238
14492  11.066  -53.343  3.404 0.6000000238
13736  10.275  -53.888  3.279 0.6000000238
13728  9.223  -54.244  4.266 0.5000000000
124502  11.432  -52.436  5.270 0.6000000238
14476  10.773  -52.840  4.325 0.6000000238
14461  10.966  -52.880  5.381 0.6000000238
14477  10.267  -53.395  4.057 0.6000000238
13715  10.667  -53.804  5.902 0.6000000238
12981  10.275  -55.251  5.897 0.5000000000
13703  11.133  -54.409  6.589 0.4000000060
7971  23.648  -62.558  3.313 0.6000000238
8586  24.828  -61.628  3.309 0.6999999881
107599  29.335  -59.059  2.398 0.5000000000
108560  29.852  -58.791  1.733 0.5000000000
126307  30.641  -58.513  0.951 0.5000000000
116685  16.555  -61.370  6.824 0.6000000238
12277  17.631  -56.689  2.171 0.6000000238
13016  16.224  -55.959  2.437 0.6000000238
10754  14.720  -58.465  2.543 0.6000000238
10755  12.872  -57.818  2.198 0.5000000000
14491  11.943  -53.079  3.071 0.6000000238
14507  11.864  -53.905  2.751 0.6000000238
14462  10.383  -53.443  4.973 0.6000000238
13716  10.043  -54.238  5.463 0.6000000238
3614  21.830  -70.352  6.213 0.4000000060
3135  25.026  -72.220  6.411 0.5000000000
3149  24.949  -71.099  5.976 0.5000000000
3611  24.388  -71.266  6.268 0.4000000060
3624  23.275  -70.214  6.076 0.4000000060
3633  24.027  -70.362  5.514 0.4000000060
3625  22.169  -69.897  5.929 0.4000000060
3165  26.859  -71.434  4.459 0.5000000000
3148  25.928  -71.857  6.021 0.5000000000
3167  24.994  -70.762  4.928 0.5000000000
109786  24.247  -70.568  4.305 0.5000000000
3635  22.279  -70.038  4.815 0.4000000060
3182  26.386  -71.141  3.863 0.5000000000
3650  25.726  -70.788  3.376 0.5000000000
122184  24.788  -70.696  3.613 0.5000000000
3651  23.654  -70.669  3.315 0.4000000060
3673  23.936  -70.502  2.783 0.4000000060
3181  27.039  -71.086  3.607 0.5000000000
3198  26.557  -70.754  3.159 0.5000000000
3670  26.901  -70.155  2.665 0.5000000000
3671  25.995  -70.269  2.779 0.5000000000
3672  25.002  -70.370  2.876 0.5000000000
3674  23.046  -70.711  2.444 0.4000000060
6247  21.979  -65.276  1.373 0.5000000000
5720  21.719  -66.172  1.453 0.4000000060
110417  22.241  -66.759  1.321 0.4000000060
119443  23.068  -66.842  1.209 0.4000000060
119956  22.683  -67.547  1.226 0.4000000060
110451  22.367  -68.406  1.089 0.4000000060
4168  26.396  -69.583  2.367 0.5000000000
4191  23.007  -68.951  1.255 0.4000000060
4183  22.754  -69.803  1.300 0.4000000060
3690  22.566  -70.566  1.613 0.4000000060
4179  26.809  -69.021  2.202 0.4000000060
4169  25.367  -69.667  2.401 0.5000000000
3689  23.323  -70.212  2.023 0.4000000060
5719  22.400  -65.713  1.279 0.4000000060
5204  23.694  -67.329  1.277 0.4000000060
4735  23.292  -68.120  1.271 0.4000000060
4724  27.096  -68.752  2.298 0.4000000060
4728  23.922  -68.605  1.555 0.4000000060
4182  23.630  -69.430  1.742 0.4000000060
4725  26.394  -68.467  2.223 0.4000000060
4180  25.783  -68.839  2.102 0.4000000060
4181  24.650  -69.086  1.976 0.4000000060
4170  24.293  -69.892  2.336 0.4000000060
6821  22.370  -64.570  1.326 0.5000000000
106854  22.717  -64.845  1.200 0.4000000060
6246  23.156  -65.301  1.168 0.4000000060
6245  24.041  -65.474  1.118 0.4000000060
5706  24.421  -66.985  1.314 0.4000000060
122044  24.314  -67.432  1.347 0.4000000060
5198  24.828  -67.532  1.508 0.4000000060
4734  24.174  -67.860  1.415 0.4000000060
5191  26.567  -68.069  2.331 0.4000000060
4726  25.562  -68.052  1.948 0.4000000060
4727  24.849  -68.279  1.721 0.4000000060
6820  22.710  -64.056  1.237 0.5000000000
6838  23.112  -63.994  0.990 0.5000000000
7442  23.662  -63.281  0.655 0.6000000238
6837  23.752  -64.487  0.904 0.5000000000
5716  24.590  -66.167  1.248 0.4000000060
113780  24.964  -65.872  1.277 0.4000000060
5698  25.167  -65.954  1.514 0.4000000060
5697  25.625  -66.409  2.241 0.4000000060
6854  25.134  -63.950  0.245 0.4000000060
125536  24.547  -62.968  -0.039 0.5000000000
6835  25.297  -64.381  0.710 0.4000000060
6232  25.144  -65.101  1.127 0.4000000060
124900  25.525  -63.945  0.371 0.5000000000
111668  25.813  -63.883  0.464 0.4000000060
6819  25.486  -64.404  0.880 0.4000000060
6818  25.819  -64.366  1.305 0.4000000060
117540  25.466  -63.131  -0.214 0.6000000238
8029  24.552  -62.556  0.217 0.6000000238
7440  26.435  -63.474  0.112 0.5000000000
6834  26.605  -63.627  0.441 0.4000000060
9275  26.010  -60.884  1.802 0.5000000000
14504  15.096  -53.725  2.525 0.5000000000
15328  13.676  -52.912  2.958 0.5000000000
16147  12.362  -51.491  3.591 0.5000000000
15327  14.629  -52.952  3.021 0.5000000000
15316  12.857  -52.019  2.990 0.5000000000
14505  14.181  -53.795  2.594 0.5000000000
126368  25.704  -71.141  5.317 0.5000000000
3623  24.078  -70.687  6.155 0.5000000000
5718  23.070  -66.097  1.194 0.4000000060
5717  23.819  -66.502  1.226 0.4000000060
6836  24.715  -64.533  0.736 0.4000000060
6244  24.866  -65.233  1.089 0.4000000060
5705  24.978  -66.759  1.424 0.4000000060
5704  25.395  -67.094  1.831 0.4000000060
118925  23.863  -63.687  0.636 0.5000000000
7459  24.946  -63.364  -0.053 0.5000000000
7458  26.148  -63.113  -0.192 0.6000000238
118041  26.019  -63.945  0.768 0.5000000000
9301  33.834  -60.112  0.813 0.3000000119
9302  33.420  -59.963  0.614 0.3000000119
9303  32.664  -59.996  0.488 0.3000000119
10009  33.759  -59.380  0.624 0.3000000119
10759  34.246  -58.938  1.043 0.3000000119
10729  33.995  -59.415  2.379 0.3000000119
10746  34.281  -58.750  1.635 0.3000000119
106539  33.050  -60.634  0.651 0.3000000119
105496  32.210  -60.797  0.535 0.4000000060
9321  30.852  -60.295  0.601 0.4000000060
111252  33.611  -60.525  0.787 0.3000000119
9304  31.754  -60.120  0.499 0.4000000060
10015  28.642  -60.077  1.274 0.4000000060
10016  27.869  -60.233  1.183 0.4000000060
9287  34.034  -60.408  1.180 0.3000000119
10011  32.152  -59.341  0.413 0.3000000119
10788  30.898  -58.861  0.715 0.4000000060
11533  34.346  -58.069  1.041 0.3000000119
120795  32.391  -58.708  0.349 0.3000000119
8023  30.168  -62.175  0.105 0.4000000060
8024  29.418  -62.329  -0.191 0.4000000060
8647  27.546  -61.286  -0.139 0.4000000060
9326  26.914  -61.000  0.084 0.4000000060
8626  32.635  -61.442  0.736 0.4000000060
8644  30.349  -61.220  0.345 0.4000000060
121065  29.722  -61.654  -0.009 0.4000000060
8646  28.264  -60.982  0.148 0.4000000060
9325  27.661  -60.762  0.406 0.4000000060
8625  33.446  -61.184  0.896 0.3000000119
114765  29.622  -61.056  0.219 0.4000000060
9324  28.376  -60.498  0.762 0.4000000060
9289  26.620  -60.604  1.280 0.4000000060
8624  33.912  -60.881  0.997 0.3000000119
10029  29.028  -60.165  1.113 0.4000000060
9272  34.225  -60.848  1.860 0.3000000119
10013  30.278  -59.177  1.126 0.4000000060
10779  31.210  -58.065  0.643 0.4000000060
7437  29.448  -63.419  0.426 0.4000000060
7456  28.062  -63.051  -0.255 0.4000000060
7436  30.306  -63.340  0.658 0.4000000060
8010  29.861  -62.951  0.106 0.4000000060
7455  29.006  -63.039  -0.104 0.4000000060
8026  27.561  -62.246  -0.376 0.4000000060
7997  33.611  -62.637  1.601 0.3000000119
8008  31.304  -62.387  0.585 0.4000000060
8600  34.193  -61.992  2.328 0.3000000119
8613  34.076  -61.377  1.547 0.3000000119
9306  27.213  -60.601  0.779 0.4000000060
9256  33.848  -61.228  2.917 0.3000000119
7457  27.057  -63.049  -0.212 0.4000000060
11545  32.529  -57.421  0.326 0.3000000119
107131  32.039  -58.064  0.309 0.3000000119
9290  25.915  -61.198  0.980 0.4000000060
8628  26.148  -61.623  -0.015 0.4000000060
8028  25.721  -62.509  -0.188 0.4000000060
7439  27.429  -63.384  0.106 0.4000000060
10775  34.063  -58.684  0.705 0.3000000119
8627  30.906  -61.882  0.381 0.4000000060
10012  31.290  -59.443  0.557 0.4000000060
9322  30.006  -60.456  0.650 0.4000000060
10027  30.509  -59.662  0.864 0.4000000060
9305  27.905  -60.437  0.895 0.4000000060
10778  31.640  -58.706  0.448 0.4000000060
8009  30.630  -62.712  0.392 0.4000000060
8025  28.552  -62.351  -0.326 0.4000000060
8645  28.986  -61.463  -0.134 0.4000000060
8006  33.126  -62.037  1.104 0.3000000119
9323  29.104  -60.612  0.548 0.4000000060
8614  33.822  -61.725  1.330 0.3000000119
7435  31.233  -63.124  0.866 0.4000000060
7434  31.997  -63.167  1.253 0.3000000119
7996  34.198  -62.480  2.006 0.3000000119
2036  23.394  -74.303  7.873 0.3000000119
2051  22.100  -74.803  7.554 0.3000000119
2035  24.094  -74.074  7.633 0.3000000119
2037  22.593  -74.335  8.172 0.3000000119
2049  23.691  -74.495  7.205 0.3000000119
2050  22.999  -74.778  7.371 0.3000000119
120778  25.288  -73.441  8.034 0.3000000119
2335  24.484  -73.610  8.151 0.3000000119
2336  23.680  -73.744  8.333 0.3000000119
2334  25.645  -73.477  7.470 0.3000000119
2343  24.856  -73.809  7.485 0.3000000119
2063  23.177  -74.852  6.615 0.3000000119
3136  24.128  -71.859  6.303 0.3000000119
105628  25.117  -71.873  8.471 0.3000000119
2700  23.946  -73.119  8.642 0.3000000119
2697  26.022  -73.007  7.933 0.3000000119
2698  25.452  -72.816  8.258 0.3000000119
2352  24.646  -73.836  7.010 0.3000000119
2720  25.654  -72.996  6.481 0.3000000119
115449  24.444  -73.018  6.415 0.3000000119
2333  26.220  -73.197  7.363 0.3000000119
2351  25.452  -73.617  6.974 0.3000000119
2342  26.096  -73.371  6.969 0.3000000119
122098  25.965  -73.183  6.634 0.3000000119
2721  25.025  -73.454  6.658 0.3000000119
2737  26.712  -72.184  5.917 0.3000000119
3648  28.846  -70.119  3.151 0.4000000060
3164  27.526  -71.260  4.131 0.4000000060
2690  18.321  -72.702  10.207 0.3000000119
2667  17.483  -73.216  11.407 0.3000000119
2337  22.304  -73.721  8.807 0.3000000119
2038  21.558  -74.231  8.538 0.3000000119
3121  22.946  -71.574  8.693 0.3000000119
2687  21.744  -72.295  8.970 0.3000000119
2689  20.318  -72.335  9.415 0.3000000119
2326  19.341  -72.952  9.747 0.3000000119
2678  17.768  -73.058  10.734 0.3000000119
3586  24.797  -70.910  8.597 0.3000000119
120431  22.511  -72.345  8.859 0.3000000119
2688  21.205  -72.743  9.169 0.3000000119
2027  18.951  -73.899  9.468 0.3000000119
2327  18.217  -73.449  10.026 0.3000000119
104585  23.377  -72.428  8.728 0.3000000119
2701  23.008  -73.257  8.870 0.3000000119
2324  21.440  -73.472  9.029 0.3000000119
2338  20.003  -73.815  9.306 0.3000000119
106294  20.834  -73.827  9.037 0.3000000119
2048  24.224  -74.071  7.203 0.3000000119
2353  23.876  -74.166  6.814 0.3000000119
104986  24.186  -72.273  8.573 0.3000000119
3106  18.647  -72.000  10.061 0.3000000119
2039  20.510  -74.336  8.683 0.3000000119
120323  23.650  -71.728  8.621 0.3000000119
3103  21.060  -71.846  9.098 0.3000000119
2702  22.046  -73.021  8.985 0.3000000119
2325  20.552  -73.236  9.332 0.3000000119
2755  27.091  -71.731  5.126 0.3000000119
6746  29.043  -64.746  5.943 0.3000000119
6182  29.145  -65.885  6.040 0.3000000119
5663  28.703  -66.439  5.396 0.3000000119
5171  28.658  -67.844  4.014 0.4000000060
5181  28.699  -68.599  3.119 0.4000000060
5189  28.018  -68.643  2.656 0.3000000119
3688  27.239  -69.548  2.385 0.3000000119
6747  28.530  -64.442  5.370 0.3000000119
6195  27.853  -66.051  4.995 0.4000000060
5674  27.578  -66.870  4.239 0.4000000060
5683  26.668  -66.552  3.581 0.4000000060
5190  27.202  -68.166  2.548 0.3000000119
6209  25.964  -65.370  2.676 0.4000000060
5684  26.051  -66.193  3.016 0.4000000060
108663  25.898  -67.447  2.230 0.3000000119
6219  25.527  -65.244  1.827 0.3000000119
6724  31.301  -63.954  7.871 0.3000000119
6725  30.813  -64.263  7.308 0.3000000119
5662  29.650  -66.911  5.626 0.4000000060
5672  29.191  -67.360  4.873 0.4000000060
5180  29.442  -68.665  3.660 0.3000000119
4710  29.150  -69.030  3.073 0.3000000119
4160  28.931  -69.473  2.892 0.3000000119
7323  31.152  -63.527  7.188 0.3000000119
7337  30.599  -63.621  6.549 0.3000000119
7353  30.123  -63.541  5.724 0.3000000119
7354  29.222  -63.816  5.430 0.3000000119
6764  27.745  -64.785  4.845 0.3000000119
6196  27.001  -65.710  4.334 0.4000000060
7369  29.143  -63.459  4.609 0.3000000119
119845  28.507  -63.576  4.151 0.3000000119
7355  28.445  -63.857  4.805 0.3000000119
6765  26.939  -64.657  3.939 0.4000000060
6208  26.397  -65.455  3.505 0.4000000060
7384  28.139  -63.610  3.444 0.3000000119
7371  27.213  -63.957  3.233 0.4000000060
6783  26.436  -64.643  3.096 0.4000000060
6816  28.503  -63.834  1.385 0.3000000119
7402  27.460  -63.783  2.227 0.4000000060
117162  26.645  -64.153  2.559 0.4000000060
6802  26.077  -64.597  2.223 0.4000000060
6832  29.003  -63.725  0.748 0.3000000119
7421  27.367  -63.790  1.269 0.4000000060
6833  27.766  -63.633  0.624 0.3000000119
5615  33.160  -66.405  10.092 0.3000000119
5616  32.611  -66.530  9.119 0.3000000119
117135  32.453  -67.536  8.575 0.3000000119
4664  32.157  -68.060  7.827 0.3000000119
6720  31.679  -64.688  8.446 0.3000000119
6154  31.759  -65.743  8.242 0.3000000119
5636  31.661  -66.390  7.705 0.3000000119
120730  31.703  -67.863  6.933 0.3000000119
7321  32.505  -62.783  8.037 0.3000000119
7309  31.989  -63.545  8.365 0.3000000119
6160  31.195  -65.183  7.836 0.3000000119
5637  31.086  -66.080  7.274 0.3000000119
5651  30.740  -67.462  5.848 0.3000000119
5158  30.644  -68.298  5.229 0.3000000119
4699  29.951  -68.842  4.265 0.3000000119
4159  29.330  -69.366  3.347 0.3000000119
112631  29.351  -69.855  3.782 0.3000000119
3163  28.183  -71.099  4.185 0.3000000119
7928  32.371  -62.888  7.120 0.3000000119
7400  29.573  -63.876  2.621 0.3000000119
7401  28.549  -63.742  2.569 0.3000000119
106308  30.391  -64.133  2.137 0.3000000119
6800  29.466  -64.012  1.815 0.3000000119
6831  29.954  -63.770  1.048 0.3000000119
7438  28.503  -63.407  0.209 0.3000000119
5601  33.677  -66.786  10.847 0.3000000119
5627  32.157  -66.574  8.307 0.3000000119
6719  32.266  -64.372  9.074 0.3000000119
3147  27.771  -71.492  5.010 0.3000000119
5600  34.146  -66.454  11.414 0.3000000119
106531  33.676  -65.856  10.811 0.3000000119
6126  33.789  -64.914  10.868 0.3000000119
6141  33.227  -65.118  10.335 0.3000000119
6153  32.147  -65.600  8.811 0.3000000119
7308  32.807  -63.142  9.034 0.3000000119
6125  34.276  -65.399  11.311 0.3000000119
6698  33.661  -63.987  10.531 0.3000000119
6709  32.920  -64.164  9.802 0.3000000119
3179  28.206  -70.804  3.537 0.3000000119
3197  27.333  -70.609  2.997 0.3000000119
4716  28.469  -69.181  2.654 0.3000000119
5696  26.422  -67.281  2.704 0.4000000060
6801  26.544  -64.000  1.728 0.4000000060
7420  30.793  -63.689  1.251 0.3000000119
6733  30.228  -64.574  6.887 0.3000000119
6183  28.465  -65.401  5.487 0.3000000119
6170  30.375  -65.721  6.954 0.3000000119
5673  28.338  -66.939  4.782 0.4000000060
5182  27.621  -67.800  3.182 0.4000000060
7322  31.745  -63.160  7.546 0.3000000119
6161  30.662  -65.143  7.341 0.3000000119
5159  30.083  -67.891  5.032 0.3000000119
5170  30.040  -68.618  4.395 0.4000000060
4709  29.631  -68.953  3.735 0.3000000119
7336  31.488  -63.148  6.608 0.3000000119
126313  30.835  -63.255  5.945 0.3000000119
110484  29.798  -63.442  5.069 0.3000000119
7370  27.754  -63.927  4.137 0.4000000060
116205  29.446  -63.939  1.226 0.3000000119
5139  31.998  -67.297  7.668 0.3000000119
5649  31.582  -67.004  7.012 0.3000000119
5149  31.240  -68.123  5.996 0.3000000119
6814  30.612  -63.995  1.631 0.3000000119
9178  16.919  -60.346  9.334 0.4000000060
2040  19.523  -74.383  8.886 0.3000000119
2696  26.689  -72.674  7.559 0.3000000119
2699  24.776  -72.941  8.416 0.3000000119
2738  26.243  -72.515  6.296 0.3000000119
2756  26.616  -71.836  5.515 0.5000000000
3120  24.244  -71.380  8.604 0.3000000119
3138  22.115  -70.975  6.261 0.4000000060
3139  21.394  -70.678  6.179 0.4000000060
3162  28.555  -71.011  4.662 0.3000000119
3166  26.377  -71.328  4.907 0.5000000000
3180  27.641  -70.889  3.391 0.5000000000
3183  25.716  -71.029  4.240 0.5000000000
3612  23.663  -70.880  6.314 0.4000000060
3613  22.679  -70.521  6.277 0.4000000060
3615  21.281  -70.370  6.004 0.5000000000
3632  28.777  -70.594  3.891 0.3000000119
3634  23.337  -70.241  4.398 0.4000000060
3649  28.068  -70.436  2.951 0.3000000119
3668  28.391  -69.805  2.662 0.3000000119
3669  27.688  -70.028  2.582 0.3000000119
4167  27.878  -69.442  2.445 0.3000000119
4178  27.403  -69.122  2.319 0.3000000119
4717  27.720  -68.956  2.439 0.4000000060
4718  27.235  -68.565  2.395 0.3000000119
5160  20.008  -66.934  4.974 0.6000000238
5184  20.755  -67.117  2.737 0.6999999881
5192  20.873  -67.265  1.714 0.6000000238
5196  25.966  -67.921  2.137 0.4000000060
5197  25.332  -67.482  1.764 0.4000000060
5650  30.972  -66.730  6.625 0.3000000119
6142  32.637  -65.390  9.578 0.3000000119
6171  30.039  -66.379  6.378 0.4000000060
6173  18.901  -65.397  6.533 0.6000000238
6220  25.296  -64.993  1.264 0.4000000060
6233  21.470  -65.666  1.585 0.5000000000
6734  29.673  -65.203  6.512 0.3000000119
6735  20.095  -63.474  5.747 0.6000000238
6803  21.655  -64.611  2.120 0.6999999881
6815  30.010  -64.008  1.516 0.3000000119
6817  26.600  -63.840  0.910 0.4000000060
6855  24.526  -63.836  0.416 0.4000000060
6856  24.259  -63.255  0.271 0.5000000000
7338  29.726  -64.087  6.248 0.3000000119
7441  25.661  -63.606  0.057 0.5000000000
7443  23.171  -63.513  0.998 0.5000000000
7931  16.025  -61.697  7.580 0.5000000000
7940  20.910  -62.291  5.962 0.6000000238
7950  22.201  -62.451  5.260 0.6999999881
7962  22.652  -62.725  4.575 0.6999999881
7972  23.083  -63.080  3.779 0.6000000238
7986  23.724  -62.653  2.303 0.6000000238
7999  23.676  -62.749  1.380 0.6999999881
8007  32.109  -62.398  0.894 0.4000000060
8011  23.699  -62.926  0.789 0.6000000238
8027  26.575  -62.383  -0.309 0.4000000060
8030  24.096  -62.881  0.367 0.6000000238
8495  15.933  -61.834  9.643 0.5000000000
8505  20.575  -60.888  7.877 0.6000000238
8506  19.746  -60.994  7.982 0.5000000000
8508  16.450  -61.005  9.305 0.5000000000
8509  15.820  -61.637  8.704 0.5000000000
8519  25.479  -61.385  7.135 0.6000000238
8523  21.845  -61.015  7.578 0.6999999881
8534  25.874  -61.455  6.420 0.6000000238
8555  24.623  -61.632  5.691 0.8000000119
8629  25.740  -61.464  0.448 0.6000000238
8643  31.292  -60.993  0.501 0.4000000060
9170  24.145  -60.025  8.924 0.6000000238
9176  18.093  -60.393  9.601 0.6000000238
9190  24.604  -60.572  8.508 0.6000000238
9192  22.008  -60.252  8.668 0.6999999881
9196  16.712  -60.332  8.665 0.5000000000
9207  25.099  -61.139  7.924 0.6000000238
9211  17.169  -59.952  7.352 0.5000000000
9224  26.581  -61.097  6.419 0.6999999881
9225  17.385  -60.231  6.536 0.5000000000
9238  26.799  -60.970  5.611 0.6999999881
9240  17.670  -60.592  5.738 0.5000000000
9246  27.512  -60.372  4.340 0.6000000238
9273  27.114  -60.180  1.829 0.5000000000
9288  27.322  -60.326  1.270 0.5000000000
9310  15.001  -60.234  0.089 0.5000000000
9312  13.369  -60.659  0.157 0.5000000000
9330  16.685  -60.438  -0.386 0.5000000000
9877  24.971  -59.160  9.285 0.6000000238
9882  19.987  -59.064  9.364 0.6000000238
9885  17.873  -59.410  9.049 0.5000000000
9917  26.889  -59.847  7.915 0.6999999881
9918  17.531  -59.308  7.695 0.5000000000
9954  28.517  -59.588  4.606 0.6000000238
9992  34.040  -59.531  0.896 0.3000000119
9993  29.510  -59.406  1.548 0.5000000000
10000  12.316  -58.472  0.672 0.5000000000
10014  29.571  -59.623  1.422 0.4000000060
10020  16.212  -59.225  0.065 0.5000000000
10021  15.563  -59.684  0.120 0.5000000000
10024  12.104  -59.423  0.359 0.5000000000
10028  29.901  -60.129  0.906 0.4000000060
10037  16.180  -59.868  -0.193 0.5000000000
10629  26.063  -58.086  9.419 0.6999999881
10656  18.758  -58.403  8.615 0.5000000000
10657  18.158  -58.854  8.579 0.5000000000
10675  17.856  -58.846  8.035 0.5000000000
10685  19.700  -58.033  6.300 0.6000000238
10703  28.870  -58.671  6.028 0.6999999881
10707  19.767  -58.582  5.461 0.4000000060
10719  23.333  -57.909  3.638 0.6000000238
10722  20.670  -58.652  4.479 0.6000000238
10723  19.925  -58.848  4.680 0.4000000060
10732  29.512  -58.498  3.282 0.6000000238
10734  22.766  -58.417  3.091 0.5000000000
10736  21.094  -58.972  3.743 0.6000000238
10737  15.945  -58.180  3.227 0.6000000238
10738  15.219  -58.270  3.276 0.6000000238
10740  13.351  -57.845  3.041 0.5000000000
10748  23.421  -57.991  1.625 0.5000000000
10751  17.335  -57.796  2.155 0.6000000238
10753  15.759  -58.444  2.493 0.6000000238
10762  23.069  -58.664  1.114 0.5000000000
10764  16.655  -58.302  1.694 0.6000000238
10768  12.395  -57.865  1.267 0.5000000000
10769  11.588  -58.126  0.901 0.5000000000
10777  33.006  -58.283  0.368 0.3000000119
10785  16.334  -58.675  0.646 0.6000000238
10791  19.863  -58.951  -0.330 0.4000000060
10793  17.974  -58.862  -0.246 0.5000000000
11399  25.473  -57.532  9.805 0.6000000238
11404  20.517  -57.836  9.196 0.6000000238
11405  19.745  -58.019  9.153 0.6000000238
11433  19.270  -57.978  8.735 0.6000000238
11452  18.829  -58.051  8.122 0.5000000000
11468  20.703  -57.497  7.184 0.6000000238
11470  18.950  -57.922  7.529 0.6000000238
11482  23.536  -57.588  5.335 0.6999999881
11483  22.891  -57.794  5.809 0.6999999881
11498  23.944  -57.106  4.494 0.6999999881
11499  23.458  -57.842  4.527 0.6999999881
11510  24.016  -56.696  3.735 0.6999999881
11511  23.751  -57.317  3.208 0.6000000238
11512  16.257  -57.737  3.288 0.6000000238
11514  14.823  -57.766  3.609 0.6000000238
11515  13.912  -57.600  3.430 0.5000000000
11522  23.640  -57.273  2.304 0.6000000238
11524  17.035  -57.369  2.703 0.6000000238
11525  12.621  -57.398  2.707 0.5000000000
11526  11.770  -56.984  2.172 0.5000000000
11535  23.719  -56.551  2.118 0.6000000238
11537  17.923  -57.406  1.569 0.6000000238
11540  10.193  -57.554  1.415 0.5000000000
11548  23.612  -56.574  1.290 0.5000000000
11549  23.430  -57.210  0.681 0.5000000000
11553  19.629  -57.233  0.404 0.6000000238
11556  21.084  -58.133  -0.124 0.5000000000
12176  24.842  -56.457  10.100 0.6999999881
12191  27.656  -56.835  8.858 0.6999999881
12192  23.819  -56.214  8.681 0.6999999881
12212  27.978  -57.000  7.956 0.6999999881
12231  23.949  -56.131  5.637 0.6999999881
12250  23.709  -56.922  5.716 0.6999999881
12257  29.831  -56.281  3.857 0.6000000238
12266  24.129  -55.869  3.438 0.6000000238
12267  15.609  -57.330  3.543 0.6000000238
12268  14.782  -56.953  3.652 0.6000000238
12270  12.928  -56.657  3.340 0.5000000000
12276  23.909  -55.817  2.710 0.6000000238
12280  14.570  -56.086  3.226 0.6000000238
12285  8.339  -55.870  2.635 0.5000000000
12290  23.603  -55.949  1.199 0.5000000000
12292  17.835  -55.851  1.596 0.5000000000
12294  32.121  -56.613  0.408 0.4000000060
12296  30.888  -56.369  1.000 0.4000000060
12299  23.123  -56.144  0.269 0.5000000000
12300  21.191  -56.209  0.425 0.5000000000
12301  19.666  -56.560  0.763 0.6000000238
12907  25.662  -55.446  10.401 0.6000000238
12908  24.867  -55.540  10.290 0.6999999881
12922  27.339  -55.886  9.746 0.6000000238
12923  26.599  -55.465  10.254 0.6000000238
12960  23.692  -55.605  7.846 0.6999999881
12961  13.919  -55.155  8.357 0.3000000119
12962  12.508  -55.199  7.491 0.4000000060
12991  23.993  -55.319  5.117 0.6999999881
12992  23.864  -55.319  5.972 0.6999999881
13000  29.163  -54.870  4.018 0.5000000000
13002  8.531  -54.717  4.211 0.5000000000
13010  8.413  -54.814  3.447 0.5000000000
13014  23.956  -55.176  2.373 0.6000000238
13018  14.312  -55.236  2.466 0.6000000238
13020  11.706  -55.747  2.650 0.6000000238
13023  8.656  -55.210  2.791 0.5000000000
13026  23.694  -55.318  1.572 0.6000000238
13027  23.357  -55.505  0.731 0.6000000238
13030  17.309  -55.076  1.547 0.6000000238
13031  16.560  -55.180  1.876 0.6000000238
13033  15.041  -55.067  2.174 0.6000000238
13040  20.737  -55.178  0.686 0.5000000000
13632  14.327  -54.161  11.124 0.3000000119
13634  12.829  -54.220  11.327 0.3000000119
13635  12.152  -54.194  10.894 0.3000000119
13648  26.073  -54.745  10.473 0.6000000238
13650  24.171  -54.385  10.097 0.8000000119
13654  12.142  -55.366  10.611 0.3000000119
13666  24.336  -55.181  9.954 0.6999999881
13691  23.595  -54.515  7.445 0.8000000119
13704  10.619  -54.631  6.117 0.6000000238
13713  23.962  -54.588  4.526 0.6000000238
13717  9.438  -54.309  4.957 0.6000000238
13726  23.846  -53.992  3.939 0.6000000238
13727  9.792  -53.814  4.598 0.5000000000
13734  24.167  -54.080  3.061 0.6000000238
13735  11.162  -54.110  2.912 0.6000000238
13743  23.938  -54.019  2.136 0.6000000238
13744  14.616  -54.557  2.262 0.6000000238
13746  12.716  -54.467  2.396 0.6000000238
13747  9.899  -54.584  2.847 0.6000000238
13748  9.075  -54.629  3.054 0.5000000000
13752  30.152  -54.688  1.594 0.4000000060
13753  23.856  -54.601  1.894 0.6000000238
13754  23.490  -54.185  1.351 0.6000000238
13755  22.904  -53.980  0.954 0.6000000238
13757  20.862  -53.858  1.100 0.6000000238
13758  19.231  -54.167  0.975 0.5000000000
13769  30.870  -54.838  1.077 0.4000000060
13771  23.148  -54.649  0.767 0.6000000238
13774  20.265  -54.292  0.841 0.5000000000
14363  15.624  -52.890  11.245 0.4000000060
14365  13.143  -53.474  11.516 0.3000000119
14380  25.968  -53.162  10.655 0.6000000238
14400  27.348  -53.040  9.768 0.6000000238
14433  13.930  -53.611  7.979 0.4000000060
14435  12.425  -53.376  7.278 0.4000000060
14456  28.734  -53.516  5.186 0.5000000000
14458  20.987  -52.923  5.386 0.5000000000
14470  23.529  -53.568  3.483 0.6000000238
14471  22.562  -53.211  4.550 0.6999999881
14472  21.569  -53.221  4.789 0.5000000000
14482  28.973  -53.691  3.463 0.5000000000
14484  22.841  -53.348  3.170 0.6000000238
14498  21.810  -53.375  3.004 0.6000000238
14501  18.024  -53.441  2.842 0.4000000060
14513  22.492  -53.706  1.442 0.6000000238
14514  21.517  -53.586  1.849 0.6000000238
14517  17.896  -53.650  1.764 0.6000000238
14518  17.187  -53.673  1.745 0.5000000000
15191  16.451  -52.527  11.114 0.4000000060
15194  13.481  -52.659  11.485 0.3000000119
15210  25.976  -52.103  10.749 0.6000000238
15211  25.232  -52.562  10.788 0.6000000238
15213  23.868  -53.043  10.144 0.8000000119
15230  23.560  -52.770  9.539 0.8000000119
15231  17.291  -52.080  10.243 0.4000000060
15232  17.047  -52.348  9.484 0.4000000060
15243  28.301  -52.923  8.439 0.6000000238
15245  23.248  -52.361  8.729 0.6999999881
15277  13.072  -52.157  7.050 0.4000000060
15291  11.807  -51.988  5.044 0.6000000238
15307  11.327  -52.382  4.602 0.6000000238
15312  28.961  -53.094  3.719 0.5000000000
15324  17.097  -52.630  2.218 0.5000000000
15325  16.324  -52.767  2.336 0.5000000000
16049  26.964  -50.988  10.246 0.5000000000
16069  11.178  -51.525  9.430 0.3000000119
16091  22.933  -52.037  8.089 0.6000000238
16096  10.608  -50.795  7.413 0.4000000060
16097  9.827  -51.792  7.002 0.4000000060
16108  12.680  -51.759  6.276 0.4000000060
16136  12.731  -50.840  4.715 0.5000000000
16137  12.193  -51.303  4.289 0.5000000000
16158  14.964  -52.143  2.967 0.6000000238
16811  15.607  -50.708  11.551 0.4000000060
16813  13.892  -50.371  10.865 0.4000000060
16830  12.352  -50.588  10.024 0.3000000119
16839  23.745  -50.963  9.281 0.6000000238
16860  10.952  -50.771  8.173 0.3000000119
16886  9.874  -50.864  5.690 0.3000000119
17637  11.866  -49.951  8.957 0.3000000119
17655  12.114  -49.293  8.555 0.3000000119
17701  11.234  -48.688  4.869 0.3000000119
18414  16.979  -48.693  12.054 0.3000000119
18430  16.313  -48.649  11.800 0.3000000119
18480  11.867  -49.226  7.862 0.3000000119
18525  12.163  -48.184  4.894 0.3000000119
18526  11.812  -48.553  4.965 0.3000000119
21115  14.262  -45.636  7.236 0.3000000119
104276  17.605  -60.725  9.887 0.5000000000
104374  9.995  -49.779  4.838 0.3000000119
104589  21.226  -65.234  1.896 0.6000000238
104734  23.089  -56.938  0.244 0.5000000000
105221  31.740  -61.660  0.552 0.4000000060
105273  17.034  -60.762  9.878 0.5000000000
105642  19.932  -53.528  3.823 0.5000000000
106046  11.781  -54.764  2.654 0.6000000238
106082  21.064  -58.231  5.142 0.6000000238
106248  23.338  -53.813  5.808 0.6999999881
106427  18.571  -58.246  7.551 0.5000000000
106716  19.888  -53.392  4.669 0.5000000000
107164  16.961  -58.358  0.698 0.6000000238
108841  16.776  -51.138  11.447 0.4000000060
109148  12.976  -51.296  3.318 0.6000000238
109180  30.650  -63.331  5.133 0.3000000119
109357  25.017  -57.123  9.972 0.6000000238
109426  18.449  -58.173  0.002 0.6000000238
109517  15.994  -51.485  11.565 0.4000000060
109623  26.459  -54.000  10.431 0.6000000238
109727  12.461  -54.803  10.968 0.3000000119
109862  16.921  -56.600  2.514 0.6000000238
109989  9.734  -53.799  3.939 0.5000000000
110257  14.335  -58.555  1.554 0.5000000000
110390  12.872  -46.410  4.755 0.3000000119
110968  15.083  -58.630  1.794 0.5000000000
111322  28.169  -61.629  -0.253 0.4000000060
111414  20.426  -56.845  0.399 0.5000000000
112258  31.367  -67.476  6.418 0.3000000119
112804  27.724  -56.222  9.175 0.6000000238
113142  23.023  -57.785  0.378 0.5000000000
113356  23.002  -69.956  5.479 0.4000000060
113726  24.321  -55.222  3.645 0.6000000238
114624  24.998  -62.758  -0.151 0.6000000238
114778  30.154  -54.201  1.497 0.4000000060
114825  16.101  -48.018  11.699 0.3000000119
114848  14.337  -53.057  7.932 0.4000000060
114971  28.807  -59.148  5.253 0.6000000238
115163  22.450  -56.450  0.209 0.5000000000
115373  20.588  -57.578  8.681 0.6999999881
116911  18.604  -53.824  1.437 0.5000000000
117510  26.919  -61.639  -0.239 0.4000000060
117632  29.599  -68.153  4.330 0.3000000119
117994  24.383  -54.667  3.224 0.6000000238
118816  27.192  -57.275  9.249 0.6999999881
119361  21.506  -67.120  1.479 0.5000000000
119559  23.844  -55.947  6.374 0.6999999881
120010  22.178  -63.975  3.726 0.6000000238
120696  26.686  -68.396  2.315 0.4000000060
120899  29.017  -57.379  6.338 0.6999999881
121214  20.109  -57.588  6.939 0.6000000238
121700  24.639  -54.817  10.293 0.6000000238
121773  18.820  -57.513  0.482 0.6000000238
121783  26.588  -58.494  8.904 0.6999999881
122164  10.264  -51.408  7.468 0.4000000060
122965  24.194  -61.631  5.162 0.8000000119
123118  18.496  -60.675  9.345 0.5000000000
123873  29.650  -54.794  2.345 0.4000000060
123948  28.159  -57.458  7.560 0.6999999881
124116  28.678  -68.924  2.807 0.3000000119
124168  27.797  -63.644  2.884 0.3000000119
124582  18.409  -57.196  1.056 0.6000000238
124870  28.780  -59.401  2.705 0.5000000000
124944  15.063  -44.904  9.336 0.3000000119
125090  23.017  -73.904  8.524 0.3000000119
125340  19.905  -68.005  4.214 0.6000000238
125838  21.652  -68.672  0.866 0.4000000060
126105  12.818  -55.353  10.909 0.3000000119
126214  14.316  -57.316  3.607 0.6000000238
126325  13.668  -58.411  1.164 0.5000000000
