#!ascii label  , from subject sub-v2s4x29583_ses-1 vox2ras=TkReg
1015
52178  -39.462  -19.618  52.202 0.0000000000
45965  -24.993  -25.883  54.715 0.0000000000
50114  -30.654  -21.080  52.131 0.0000000000
71171  -46.109  0.348  34.515 0.0000000000
126768  -51.450  0.806  28.551 0.0000000000
48978  -17.447  -22.409  58.482 0.0000000000
67485  -44.876  -3.172  37.236 0.0000000000
55342  -40.886  -16.097  50.369 0.0000000000
49077  -35.518  -22.631  52.517 0.0000000000
46928  -21.269  -24.263  55.739 0.0000000000
45031  -20.217  -26.487  59.379 0.0000000000
51151  -35.631  -20.159  47.994 0.0000000000
54387  -36.764  -17.443  46.359 0.0000000000
135526  -27.271  -23.043  51.752 0.0000000000
53279  -31.971  -19.694  49.064 0.0000000000
65712  -38.468  -5.605  38.265 0.0000000000
64744  -44.429  -6.650  37.170 0.0000000000
66622  -48.116  -4.518  35.627 0.0000000000
42143  -12.823  -28.917  60.354 0.0000000000
41145  -8.496  -30.807  61.614 0.0000000000
57258  -34.546  -14.181  45.083 0.0000000000
60934  -34.021  -10.880  42.719 0.0000000000
63738  -36.049  -7.830  40.518 0.0000000000
44131  -15.799  -27.292  59.444 0.0000000000
45063  -25.444  -26.706  57.714 0.0000000000
45077  -27.600  -26.998  55.996 0.0000000000
50131  -37.549  -21.345  52.237 0.0000000000
48016  -23.772  -22.201  54.788 0.0000000000
45963  -23.304  -25.403  55.155 0.0000000000
124821  -22.605  -26.305  57.501 0.0000000000
53252  -35.668  -19.296  49.725 0.0000000000
51149  -33.840  -20.694  48.838 0.0000000000
67466  -38.682  -2.568  38.231 0.0000000000
124419  -40.886  -6.003  37.579 0.0000000000
121380  -41.343  -3.522  36.830 0.0000000000
67509  -45.310  -3.821  35.420 0.0000000000
68476  -46.445  -2.028  34.552 0.0000000000
69363  -49.709  -1.766  35.228 0.0000000000
69392  -48.374  -1.276  33.212 0.0000000000
68505  -49.871  -1.871  31.951 0.0000000000
57217  -35.302  -14.849  49.248 0.0000000000
56329  -36.360  -15.845  46.098 0.0000000000
58196  -33.406  -13.614  47.605 0.0000000000
61839  -32.268  -9.884  44.950 0.0000000000
63704  -33.801  -7.680  42.778 0.0000000000
61878  -34.973  -9.609  41.443 0.0000000000
126235  -34.994  -6.895  42.038 0.0000000000
141202  -35.463  -4.846  41.155 0.0000000000
144701  -28.419  -20.694  52.806 0.0000000000
45905  -14.468  -25.771  59.628 0.0000000000
46896  -15.727  -24.740  58.598 0.0000000000
39120  -7.339  -33.096  64.214 0.0000000000
40118  -5.965  -32.886  63.986 0.0000000000
67451  -43.332  -2.493  38.766 0.0000000000
57220  -40.285  -13.927  49.069 0.0000000000
49075  -32.478  -22.733  52.198 0.0000000000
49018  -19.655  -22.839  56.453 0.0000000000
45941  -17.742  -24.743  57.605 0.0000000000
45944  -20.382  -25.476  57.080 0.0000000000
72134  -50.844  1.825  27.569 0.0000000000
51141  -37.927  -20.294  49.760 0.0000000000
53270  -38.590  -18.851  48.947 0.0000000000
52244  -36.611  -19.069  47.141 0.0000000000
124154  -24.501  -23.050  52.479 0.0000000000
45995  -26.379  -25.280  51.957 0.0000000000
50142  -24.913  -20.858  50.793 0.0000000000
52203  -26.661  -19.051  50.577 0.0000000000
52204  -28.653  -18.967  50.215 0.0000000000
54359  -30.233  -17.819  49.527 0.0000000000
51137  -30.505  -20.281  49.561 0.0000000000
49114  -32.949  -21.826  49.500 0.0000000000
50149  -35.262  -21.525  49.980 0.0000000000
63754  -39.090  -7.087  39.773 0.0000000000
66603  -43.273  -4.665  35.996 0.0000000000
64757  -46.420  -6.063  36.596 0.0000000000
135748  -51.813  -1.786  30.491 0.0000000000
41163  -10.988  -30.582  61.047 0.0000000000
127070  -9.941  -32.917  63.555 0.0000000000
54378  -38.942  -17.065  48.037 0.0000000000
57241  -38.997  -15.217  47.349 0.0000000000
59116  -38.066  -12.819  46.472 0.0000000000
145261  -32.157  -12.109  46.482 0.0000000000
59130  -33.632  -12.711  44.195 0.0000000000
60004  -37.515  -11.921  45.750 0.0000000000
60926  -37.097  -11.140  44.486 0.0000000000
60964  -37.766  -10.255  41.809 0.0000000000
62804  -38.716  -8.606  41.076 0.0000000000
64711  -37.091  -6.943  39.186 0.0000000000
67450  -36.631  -3.084  39.535 0.0000000000
45966  -29.146  -25.710  54.394 0.0000000000
44985  -13.327  -26.602  61.252 0.0000000000
43149  -13.851  -28.050  59.867 0.0000000000
121936  -18.017  -26.398  60.011 0.0000000000
39118  -5.037  -32.740  63.475 0.0000000000
130333  -24.593  -26.003  55.422 0.0000000000
127661  -26.095  -26.708  56.973 0.0000000000
126108  -26.264  -26.545  55.567 0.0000000000
131073  -38.200  -20.913  52.470 0.0000000000
46941  -23.693  -24.345  53.500 0.0000000000
46940  -23.219  -24.569  54.172 0.0000000000
45964  -24.062  -25.606  54.938 0.0000000000
45955  -23.888  -25.893  55.661 0.0000000000
69337  -39.996  -1.473  38.571 0.0000000000
68451  -40.014  -2.905  37.460 0.0000000000
68440  -41.488  -2.085  38.212 0.0000000000
71161  -45.588  0.130  35.064 0.0000000000
69374  -45.471  -1.253  35.032 0.0000000000
70248  -46.152  -0.387  34.326 0.0000000000
124818  -47.304  -1.633  34.212 0.0000000000
70258  -47.229  -0.366  33.361 0.0000000000
70265  -47.560  -0.062  32.774 0.0000000000
57228  -34.514  -14.525  47.931 0.0000000000
63696  -34.107  -6.583  44.430 0.0000000000
63713  -34.530  -7.263  42.346 0.0000000000
65665  -35.309  -5.524  43.380 0.0000000000
65666  -35.583  -4.909  43.097 0.0000000000
141870  -29.211  -20.479  52.863 0.0000000000
50104  -29.151  -21.019  53.957 0.0000000000
50105  -30.472  -21.158  53.262 0.0000000000
47921  -15.707  -23.722  59.791 0.0000000000
47956  -16.584  -23.105  58.436 0.0000000000
122080  -51.761  0.109  28.342 0.0000000000
39119  -6.477  -32.918  64.306 0.0000000000
55327  -41.614  -16.728  51.575 0.0000000000
56307  -40.661  -15.489  49.776 0.0000000000
121988  -33.847  -22.794  51.844 0.0000000000
48035  -35.059  -23.523  53.984 0.0000000000
47993  -22.345  -23.300  55.835 0.0000000000
47992  -21.799  -23.207  56.463 0.0000000000
47975  -20.777  -22.720  57.300 0.0000000000
47991  -19.989  -23.519  56.029 0.0000000000
46919  -19.568  -24.129  56.197 0.0000000000
45951  -20.725  -25.152  56.402 0.0000000000
45051  -23.252  -26.567  58.250 0.0000000000
137110  -22.340  -26.524  58.363 0.0000000000
51140  -36.997  -20.506  49.093 0.0000000000
52221  -37.462  -19.955  48.697 0.0000000000
52232  -36.111  -19.594  47.595 0.0000000000
50100  -24.543  -21.135  52.830 0.0000000000
49072  -24.753  -22.512  51.565 0.0000000000
130975  -24.536  -19.917  51.921 0.0000000000
53246  -25.056  -18.294  49.978 0.0000000000
54342  -26.429  -17.181  49.991 0.0000000000
53231  -27.494  -18.926  50.733 0.0000000000
54357  -28.119  -17.263  49.344 0.0000000000
53250  -31.732  -18.654  49.988 0.0000000000
54360  -30.995  -18.216  49.643 0.0000000000
53263  -30.155  -18.931  49.128 0.0000000000
145781  -31.158  -19.906  48.869 0.0000000000
50163  -31.589  -21.115  49.262 0.0000000000
51147  -32.359  -20.679  48.872 0.0000000000
51150  -34.832  -20.202  48.432 0.0000000000
50181  -34.328  -20.815  48.745 0.0000000000
50168  -35.679  -21.153  49.237 0.0000000000
50169  -36.522  -20.919  49.609 0.0000000000
123610  -38.652  -6.787  39.049 0.0000000000
64694  -40.891  -6.699  40.311 0.0000000000
123774  -40.575  -6.683  38.866 0.0000000000
64742  -42.010  -6.580  37.496 0.0000000000
64731  -42.444  -6.849  38.303 0.0000000000
136592  -44.559  -3.152  37.766 0.0000000000
67482  -42.899  -3.169  36.963 0.0000000000
67497  -43.872  -4.100  36.081 0.0000000000
66621  -47.348  -4.521  35.265 0.0000000000
65752  -46.174  -5.233  35.516 0.0000000000
65737  -47.386  -5.489  36.074 0.0000000000
65726  -47.728  -5.769  36.732 0.0000000000
69410  -51.145  -1.676  31.020 0.0000000000
70279  -50.577  -0.454  30.987 0.0000000000
141872  -51.154  -0.685  30.458 0.0000000000
43111  -11.918  -28.234  61.598 0.0000000000
43110  -11.297  -28.735  61.687 0.0000000000
41164  -11.786  -30.391  61.001 0.0000000000
40147  -11.262  -32.083  62.963 0.0000000000
145142  -9.872  -33.355  64.313 0.0000000000
53291  -37.956  -18.360  47.232 0.0000000000
54370  -38.536  -17.908  48.004 0.0000000000
54388  -37.426  -17.438  46.313 0.0000000000
56340  -35.909  -15.264  45.735 0.0000000000
56330  -37.418  -15.488  45.801 0.0000000000
57261  -37.153  -14.702  45.463 0.0000000000
125885  -38.285  -13.888  46.473 0.0000000000
58215  -36.090  -13.906  44.786 0.0000000000
60903  -31.854  -10.194  47.443 0.0000000000
60932  -32.788  -10.568  43.612 0.0000000000
60015  -32.742  -11.371  44.023 0.0000000000
60017  -34.278  -12.235  43.639 0.0000000000
60011  -36.218  -12.198  44.521 0.0000000000
60019  -36.362  -11.668  44.405 0.0000000000
60918  -37.068  -11.500  45.047 0.0000000000
132557  -35.517  -11.152  42.928 0.0000000000
133194  -35.538  -9.131  40.998 0.0000000000
60963  -36.866  -10.459  41.651 0.0000000000
61896  -36.868  -9.207  40.649 0.0000000000
61882  -38.175  -9.495  41.224 0.0000000000
62816  -37.550  -8.514  40.423 0.0000000000
62832  -37.949  -7.846  40.002 0.0000000000
63751  -36.901  -7.523  39.753 0.0000000000
67424  -36.091  -2.993  41.491 0.0000000000
66574  -36.050  -4.016  39.672 0.0000000000
68411  -36.893  -1.720  40.967 0.0000000000
46964  -26.996  -24.232  51.344 0.0000000000
45979  -28.281  -25.939  53.857 0.0000000000
46951  -28.307  -24.491  53.253 0.0000000000
45915  -14.675  -26.147  59.103 0.0000000000
45025  -14.419  -26.801  59.432 0.0000000000
44130  -14.977  -27.479  59.500 0.0000000000
45932  -19.299  -25.674  58.069 0.0000000000
45931  -18.330  -25.633  58.338 0.0000000000
45918  -18.594  -26.186  59.482 0.0000000000
45053  -25.307  -26.839  58.666 0.0000000000
45054  -26.158  -26.999  58.367 0.0000000000
44144  -27.053  -27.479  57.908 0.0000000000
140916  -28.512  -27.709  57.037 0.0000000000
49078  -36.398  -22.231  52.626 0.0000000000
49065  -36.098  -22.714  53.331 0.0000000000
48015  -23.384  -22.561  55.062 0.0000000000
48014  -22.705  -23.367  55.239 0.0000000000
46929  -21.908  -24.366  55.358 0.0000000000
45952  -21.448  -25.396  56.252 0.0000000000
45954  -23.031  -25.732  55.837 0.0000000000
45061  -23.535  -26.423  57.360 0.0000000000
53267  -34.971  -19.713  48.312 0.0000000000
53280  -35.561  -19.312  47.923 0.0000000000
53266  -32.247  -19.350  49.591 0.0000000000
52217  -32.702  -19.977  49.174 0.0000000000
52219  -34.336  -19.875  48.938 0.0000000000
66590  -38.955  -4.136  37.735 0.0000000000
65722  -39.657  -5.467  37.726 0.0000000000
122910  -39.659  -3.866  37.360 0.0000000000
124861  -40.787  -4.422  36.885 0.0000000000
65725  -42.112  -5.921  36.663 0.0000000000
122165  -45.193  -3.119  35.703 0.0000000000
68467  -45.432  -2.139  35.353 0.0000000000
67519  -45.993  -2.736  34.762 0.0000000000
67521  -47.533  -2.971  34.846 0.0000000000
129106  -49.158  -2.950  35.845 0.0000000000
68478  -48.000  -2.169  34.608 0.0000000000
69377  -49.311  -1.672  34.450 0.0000000000
69394  -49.786  -1.745  33.878 0.0000000000
122575  -49.008  -1.431  32.797 0.0000000000
71181  -48.422  0.398  32.087 0.0000000000
42128  -13.267  -29.612  60.694 0.0000000000
41165  -12.756  -30.312  61.168 0.0000000000
41149  -13.225  -30.681  62.208 0.0000000000
145161  -36.053  -15.895  47.420 0.0000000000
55364  -36.480  -16.649  46.359 0.0000000000
57239  -35.161  -15.218  47.411 0.0000000000
57238  -34.472  -14.761  46.826 0.0000000000
58205  -33.983  -14.317  46.410 0.0000000000
145351  -32.222  -9.116  46.215 0.0000000000
137409  -32.827  -7.762  45.577 0.0000000000
62776  -32.713  -8.968  43.786 0.0000000000
61866  -33.427  -9.521  42.649 0.0000000000
60946  -34.568  -10.348  41.996 0.0000000000
62788  -34.211  -8.214  41.944 0.0000000000
63725  -34.905  -7.799  41.551 0.0000000000
63726  -35.393  -7.369  41.201 0.0000000000
64692  -35.807  -6.305  39.918 0.0000000000
141786  -35.372  -5.529  41.727 0.0000000000
50113  -27.702  -21.267  52.459 0.0000000000
48033  -28.518  -23.496  53.876 0.0000000000
49046  -28.543  -22.127  53.982 0.0000000000
45916  -14.976  -25.225  59.045 0.0000000000
45047  -16.022  -25.956  58.505 0.0000000000
39150  -8.056  -32.287  62.232 0.0000000000
41131  -7.730  -30.202  61.976 0.0000000000
40145  -6.511  -31.626  63.046 0.0000000000
135373  -6.131  -32.021  63.580 0.0000000000
40131  -5.658  -32.035  63.342 0.0000000000
58182  -40.130  -13.010  48.999 0.0000000000
50127  -31.295  -21.621  51.533 0.0000000000
50106  -31.336  -21.810  53.499 0.0000000000
48980  -19.521  -22.177  58.390 0.0000000000
48996  -18.388  -22.609  57.079 0.0000000000
47973  -17.690  -23.271  57.193 0.0000000000
47974  -18.506  -23.347  56.614 0.0000000000
45943  -19.560  -25.252  57.244 0.0000000000
45920  -19.898  -26.053  58.619 0.0000000000
45945  -21.150  -25.744  56.887 0.0000000000
45050  -21.459  -26.450  58.475 0.0000000000
45032  -21.126  -26.626  59.238 0.0000000000
140701  -51.178  1.356  28.027 0.0000000000
51115  -38.383  -20.382  51.234 0.0000000000
52211  -39.201  -19.260  50.584 0.0000000000
52222  -38.293  -19.568  49.291 0.0000000000
52245  -37.467  -19.009  47.411 0.0000000000
142722  -36.534  -17.934  46.668 0.0000000000
53281  -35.989  -18.657  47.887 0.0000000000
54369  -36.298  -17.473  47.792 0.0000000000
55359  -36.197  -16.493  47.330 0.0000000000
57218  -35.913  -15.430  49.130 0.0000000000
140429  -24.385  -24.422  52.943 0.0000000000
45987  -25.528  -25.474  52.989 0.0000000000
46956  -25.458  -24.521  51.628 0.0000000000
48054  -25.625  -23.720  50.799 0.0000000000
49098  -26.114  -22.831  50.238 0.0000000000
52187  -24.512  -19.328  51.369 0.0000000000
52201  -25.018  -19.671  50.435 0.0000000000
50124  -26.617  -21.297  51.094 0.0000000000
51111  -27.558  -20.112  51.534 0.0000000000
52189  -28.129  -19.248  51.019 0.0000000000
51113  -29.511  -19.912  51.244 0.0000000000
55338  -28.665  -16.163  49.988 0.0000000000
121316  -28.915  -17.945  49.383 0.0000000000
51128  -29.806  -19.816  50.088 0.0000000000
51129  -30.287  -20.427  50.537 0.0000000000
49085  -31.859  -21.984  50.948 0.0000000000
140166  -32.940  -22.579  50.899 0.0000000000
49088  -34.427  -22.498  51.255 0.0000000000
50180  -33.510  -21.052  48.803 0.0000000000
50148  -34.440  -21.653  49.797 0.0000000000
50128  -35.669  -21.793  50.923 0.0000000000
50129  -36.500  -21.552  51.167 0.0000000000
140924  -37.942  -20.856  51.658 0.0000000000
49045  -23.833  -22.544  53.993 0.0000000000
64730  -41.481  -6.740  38.456 0.0000000000
142623  -42.208  -3.018  37.067 0.0000000000
138046  -42.148  -3.868  36.512 0.0000000000
65733  -43.528  -5.556  35.985 0.0000000000
65750  -44.908  -4.721  35.723 0.0000000000
65734  -44.484  -5.685  35.932 0.0000000000
64755  -44.782  -6.365  36.474 0.0000000000
143892  -46.741  -6.375  37.652 0.0000000000
69419  -52.583  -1.811  29.953 0.0000000000
70280  -51.512  -0.651  29.778 0.0000000000
71204  -51.519  0.228  29.258 0.0000000000
42107  -10.583  -29.205  62.009 0.0000000000
41162  -9.788  -30.434  61.447 0.0000000000
41147  -11.491  -31.174  61.429 0.0000000000
40163  -10.341  -31.833  61.898 0.0000000000
40162  -9.516  -31.895  61.725 0.0000000000
39122  -9.183  -33.312  63.720 0.0000000000
53255  -39.543  -18.552  50.294 0.0000000000
54362  -39.657  -17.358  49.402 0.0000000000
55353  -39.905  -16.586  49.244 0.0000000000
141262  -37.728  -16.863  46.223 0.0000000000
131851  -38.711  -15.984  47.226 0.0000000000
55360  -40.099  -15.687  49.015 0.0000000000
57231  -39.479  -14.665  47.905 0.0000000000
124054  -39.730  -13.683  48.271 0.0000000000
58192  -39.270  -12.807  47.699 0.0000000000
59106  -32.868  -13.066  47.429 0.0000000000
58212  -33.376  -13.615  45.340 0.0000000000
60917  -32.131  -10.650  45.377 0.0000000000
59122  -32.982  -13.026  44.887 0.0000000000
144553  -34.568  -13.671  44.591 0.0000000000
59124  -35.937  -12.907  44.554 0.0000000000
59115  -37.435  -12.497  45.824 0.0000000000
60948  -36.299  -10.785  42.496 0.0000000000
60937  -37.463  -10.806  43.530 0.0000000000
62818  -38.806  -7.910  40.692 0.0000000000
63753  -38.291  -7.300  39.526 0.0000000000
64729  -38.123  -6.243  38.613 0.0000000000
121495  -35.941  -5.258  39.470 0.0000000000
66580  -36.481  -4.672  38.892 0.0000000000
67465  -37.549  -3.718  38.459 0.0000000000
68436  -37.877  -2.882  38.599 0.0000000000
140261  -38.592  -1.482  39.319 0.0000000000
45092  -26.561  -26.276  54.244 0.0000000000
45078  -28.671  -26.955  55.829 0.0000000000
46932  -29.227  -24.657  54.435 0.0000000000
43136  -12.790  -28.100  60.455 0.0000000000
44986  -13.891  -26.178  60.935 0.0000000000
44115  -13.312  -27.641  60.161 0.0000000000
43137  -13.331  -28.389  60.185 0.0000000000
42129  -13.939  -29.277  60.586 0.0000000000
46898  -16.915  -24.442  57.827 0.0000000000
45048  -16.674  -25.744  58.500 0.0000000000
45007  -16.620  -26.905  59.538 0.0000000000
39086  -6.023  -33.749  64.544 0.0000000000
39105  -5.859  -33.338  64.085 0.0000000000
40130  -5.422  -31.570  62.816 0.0000000000
45083  -25.361  -26.269  55.521 0.0000000000
51102  -38.890  -20.310  52.609 0.0000000000
45975  -24.106  -25.311  54.075 0.0000000000
69327  -40.407  -1.151  39.449 0.0000000000
68425  -40.987  -1.550  38.794 0.0000000000
70247  -45.644  -0.442  34.796 0.0000000000
70257  -46.621  0.038  33.833 0.0000000000
71175  -47.160  0.406  33.217 0.0000000000
64633  -35.014  -5.915  43.660 0.0000000000
51099  -29.874  -20.610  52.649 0.0000000000
51084  -29.536  -20.762  53.414 0.0000000000
48962  -16.925  -22.560  59.361 0.0000000000
47939  -16.249  -23.089  59.526 0.0000000000
70291  -52.304  -0.341  28.115 0.0000000000
56296  -41.040  -15.321  50.327 0.0000000000
49076  -34.675  -22.746  52.082 0.0000000000
49063  -34.668  -22.985  52.899 0.0000000000
49064  -35.286  -23.069  53.408 0.0000000000
48012  -21.725  -23.701  55.721 0.0000000000
139463  -20.895  -23.534  56.068 0.0000000000
46920  -20.475  -24.333  56.069 0.0000000000
45960  -21.129  -24.835  56.058 0.0000000000
51152  -36.499  -20.150  48.130 0.0000000000
52231  -35.502  -19.580  47.910 0.0000000000
51081  -24.530  -20.102  52.890 0.0000000000
56292  -26.613  -15.764  50.580 0.0000000000
55335  -25.996  -16.486  50.404 0.0000000000
54355  -26.831  -16.407  49.963 0.0000000000
54356  -27.182  -17.105  49.586 0.0000000000
55348  -27.601  -16.416  49.526 0.0000000000
53265  -31.486  -18.935  49.270 0.0000000000
53278  -31.261  -19.454  48.953 0.0000000000
51146  -31.540  -20.520  48.984 0.0000000000
52227  -31.781  -20.118  48.926 0.0000000000
51138  -35.200  -20.676  48.597 0.0000000000
51139  -36.069  -20.655  48.644 0.0000000000
126034  -38.847  -6.311  38.610 0.0000000000
64713  -39.602  -6.765  39.058 0.0000000000
65713  -39.227  -6.004  38.218 0.0000000000
64753  -42.826  -6.441  36.897 0.0000000000
123685  -42.819  -6.745  37.596 0.0000000000
67484  -44.247  -3.494  36.556 0.0000000000
65754  -47.618  -5.016  35.702 0.0000000000
65738  -48.217  -5.193  36.230 0.0000000000
43122  -12.276  -28.613  60.751 0.0000000000
43121  -11.729  -28.953  61.000 0.0000000000
42127  -12.219  -29.509  60.724 0.0000000000
53297  -36.983  -18.025  46.497 0.0000000000
53298  -37.689  -17.933  46.646 0.0000000000
57259  -35.333  -14.622  45.242 0.0000000000
57260  -36.352  -14.672  45.269 0.0000000000
58216  -36.822  -14.028  45.153 0.0000000000
60933  -33.311  -10.355  42.935 0.0000000000
60023  -33.291  -11.128  43.333 0.0000000000
60024  -34.014  -11.590  43.289 0.0000000000
60025  -34.818  -11.927  43.373 0.0000000000
60925  -35.578  -11.656  43.561 0.0000000000
60935  -34.768  -11.450  43.020 0.0000000000
62814  -36.189  -8.729  40.670 0.0000000000
144333  -36.165  -9.415  40.879 0.0000000000
61897  -37.588  -9.218  40.788 0.0000000000
62815  -36.814  -8.242  40.263 0.0000000000
62831  -37.382  -7.890  40.017 0.0000000000
144820  -36.537  -7.752  40.100 0.0000000000
48047  -27.399  -23.832  51.757 0.0000000000
46950  -27.781  -24.953  52.539 0.0000000000
123171  -27.867  -24.169  52.485 0.0000000000
45026  -15.166  -26.811  59.036 0.0000000000
44116  -15.600  -27.950  60.230 0.0000000000
45919  -19.305  -26.056  59.019 0.0000000000
45030  -19.436  -26.505  59.922 0.0000000000
141678  -9.127  -30.400  61.657 0.0000000000
41132  -8.682  -29.925  62.150 0.0000000000
54334  -41.199  -17.367  51.558 0.0000000000
45076  -26.619  -26.785  56.228 0.0000000000
45065  -27.067  -27.105  56.930 0.0000000000
44145  -28.203  -27.913  57.808 0.0000000000
139713  -27.780  -27.615  57.198 0.0000000000
49079  -37.099  -21.814  52.828 0.0000000000
138652  -36.743  -22.312  53.291 0.0000000000
49032  -24.044  -21.602  55.379 0.0000000000
45973  -22.944  -24.877  54.762 0.0000000000
46931  -22.806  -24.138  54.631 0.0000000000
46930  -22.431  -24.306  54.983 0.0000000000
45962  -22.426  -25.118  55.290 0.0000000000
45074  -24.710  -26.291  56.188 0.0000000000
45073  -23.726  -26.189  56.446 0.0000000000
45062  -24.507  -26.470  57.139 0.0000000000
45052  -24.345  -26.650  58.187 0.0000000000
52220  -34.949  -19.539  48.953 0.0000000000
53268  -35.426  -19.197  48.490 0.0000000000
52206  -33.162  -19.655  49.951 0.0000000000
52208  -34.730  -19.698  50.016 0.0000000000
67480  -39.175  -3.172  37.703 0.0000000000
68452  -40.923  -2.719  37.395 0.0000000000
67481  -40.427  -3.677  37.068 0.0000000000
66592  -41.509  -4.875  36.671 0.0000000000
68462  -45.203  -2.380  35.989 0.0000000000
68475  -45.672  -2.034  34.858 0.0000000000
67520  -46.672  -2.965  34.680 0.0000000000
68477  -47.216  -2.371  34.541 0.0000000000
69391  -47.605  -1.101  33.621 0.0000000000
69376  -48.374  -1.564  34.116 0.0000000000
69393  -49.058  -1.501  33.571 0.0000000000
68494  -49.639  -1.881  32.769 0.0000000000
71180  -47.768  0.627  32.580 0.0000000000
70266  -48.135  -0.208  32.318 0.0000000000
57230  -35.675  -15.230  48.318 0.0000000000
56321  -35.802  -15.614  47.451 0.0000000000
57229  -35.054  -14.879  48.432 0.0000000000
58190  -33.926  -13.791  48.398 0.0000000000
58197  -33.901  -14.140  47.302 0.0000000000
63695  -33.552  -7.356  43.829 0.0000000000
62763  -32.811  -8.070  44.449 0.0000000000
62777  -33.142  -8.214  43.343 0.0000000000
137377  -33.101  -9.003  43.109 0.0000000000
62787  -33.548  -8.616  42.530 0.0000000000
64672  -35.249  -6.381  41.687 0.0000000000
66550  -35.712  -4.052  42.765 0.0000000000
51096  -28.014  -20.496  52.401 0.0000000000
49059  -27.881  -21.889  53.231 0.0000000000
50102  -28.190  -21.039  53.033 0.0000000000
50091  -29.427  -21.461  54.591 0.0000000000
50090  -28.918  -21.602  54.217 0.0000000000
46888  -16.032  -23.876  58.958 0.0000000000
46887  -15.513  -24.425  59.215 0.0000000000
45046  -15.342  -26.087  58.741 0.0000000000
45928  -15.655  -25.469  58.583 0.0000000000
39138  -7.520  -32.674  63.122 0.0000000000
40160  -7.207  -31.721  62.480 0.0000000000
146483  -7.011  -32.096  63.025 0.0000000000
39106  -6.373  -33.141  64.469 0.0000000000
40119  -6.106  -32.393  63.821 0.0000000000
41116  -5.801  -31.402  63.079 0.0000000000
57207  -40.915  -14.751  50.018 0.0000000000
123348  -40.797  -13.988  49.735 0.0000000000
58183  -40.506  -13.294  49.567 0.0000000000
49074  -31.840  -22.281  51.865 0.0000000000
49060  -31.903  -22.341  52.823 0.0000000000
49061  -32.586  -22.849  53.108 0.0000000000
143413  -20.058  -22.609  57.017 0.0000000000
48981  -20.174  -22.346  57.820 0.0000000000
48997  -19.322  -22.383  57.281 0.0000000000
49017  -18.985  -22.783  56.567 0.0000000000
45950  -19.956  -24.820  56.553 0.0000000000
46908  -19.114  -24.548  56.708 0.0000000000
45933  -20.107  -25.804  57.893 0.0000000000
45946  -21.968  -25.903  56.771 0.0000000000
142068  -22.080  -26.747  59.355 0.0000000000
51131  -38.360  -20.256  50.527 0.0000000000
52210  -38.655  -19.771  50.126 0.0000000000
52233  -36.965  -19.589  47.729 0.0000000000
53290  -37.170  -18.544  46.827 0.0000000000
53289  -36.551  -18.445  46.875 0.0000000000
53269  -36.027  -18.638  48.992 0.0000000000
136098  -36.356  -17.985  48.626 0.0000000000
132879  -36.907  -16.293  49.694 0.0000000000
55352  -36.445  -16.421  48.537 0.0000000000
56314  -36.123  -15.744  48.198 0.0000000000
46949  -25.112  -24.876  52.570 0.0000000000
46955  -24.676  -24.050  52.362 0.0000000000
121684  -24.997  -21.807  50.776 0.0000000000
48053  -25.310  -22.852  50.664 0.0000000000
49097  -25.801  -23.100  50.216 0.0000000000
50123  -25.679  -22.365  50.245 0.0000000000
127608  -25.463  -18.999  50.226 0.0000000000
144987  -24.827  -19.043  50.251 0.0000000000
52202  -25.785  -19.786  50.568 0.0000000000
51127  -26.054  -20.736  50.696 0.0000000000
51110  -26.777  -19.854  50.975 0.0000000000
143086  -26.897  -20.478  51.238 0.0000000000
53249  -27.984  -18.546  50.207 0.0000000000
52172  -28.729  -19.773  51.707 0.0000000000
52205  -28.996  -19.399  50.720 0.0000000000
54344  -30.551  -17.595  50.095 0.0000000000
54329  -30.752  -17.558  50.906 0.0000000000
55340  -30.083  -17.119  50.579 0.0000000000
55339  -29.424  -16.584  50.317 0.0000000000
55350  -29.182  -16.795  49.661 0.0000000000
54358  -28.966  -17.321  49.391 0.0000000000
141513  -29.580  -17.419  49.533 0.0000000000
52226  -30.333  -19.453  49.101 0.0000000000
143959  -29.920  -19.200  49.258 0.0000000000
130817  -31.337  -21.480  50.666 0.0000000000
50145  -31.003  -21.004  49.905 0.0000000000
50147  -32.300  -21.531  49.419 0.0000000000
49099  -32.506  -22.088  50.322 0.0000000000
49100  -33.292  -22.246  50.286 0.0000000000
49087  -33.604  -22.588  51.049 0.0000000000
52229  -33.230  -20.477  48.928 0.0000000000
51148  -33.024  -20.762  48.775 0.0000000000
50167  -34.828  -21.234  49.101 0.0000000000
50166  -33.984  -21.294  49.088 0.0000000000
49102  -34.864  -22.034  50.659 0.0000000000
50150  -36.118  -21.367  50.237 0.0000000000
140870  -37.259  -20.694  49.970 0.0000000000
50151  -36.954  -21.110  50.529 0.0000000000
51130  -37.789  -20.732  50.717 0.0000000000
50101  -24.419  -21.569  53.741 0.0000000000
49058  -24.190  -22.409  53.472 0.0000000000
48041  -24.023  -23.430  53.216 0.0000000000
63727  -40.040  -7.125  41.268 0.0000000000
64714  -40.425  -6.854  39.618 0.0000000000
65723  -40.335  -5.770  37.639 0.0000000000
64740  -40.756  -6.429  38.135 0.0000000000
68427  -42.891  -1.970  39.311 0.0000000000
68441  -42.425  -2.215  38.508 0.0000000000
67468  -42.794  -2.627  37.838 0.0000000000
66594  -42.831  -4.011  36.337 0.0000000000
146242  -42.997  -5.358  36.052 0.0000000000
67498  -44.529  -3.948  35.851 0.0000000000
65736  -46.649  -5.641  35.993 0.0000000000
65751  -45.386  -5.367  35.743 0.0000000000
65735  -45.902  -5.795  36.056 0.0000000000
125050  -45.218  -5.963  36.115 0.0000000000
64756  -45.611  -6.250  36.575 0.0000000000
64746  -46.192  -6.419  37.271 0.0000000000
64748  -47.941  -5.986  37.431 0.0000000000
68468  -49.381  -2.091  35.539 0.0000000000
68513  -50.773  -2.149  31.723 0.0000000000
68521  -52.306  -2.129  30.712 0.0000000000
71196  -51.183  0.085  30.219 0.0000000000
42126  -11.228  -29.645  61.024 0.0000000000
42125  -10.435  -30.049  61.220 0.0000000000
42116  -10.017  -29.720  61.901 0.0000000000
144174  -10.395  -30.750  61.184 0.0000000000
41148  -12.331  -30.935  61.742 0.0000000000
40165  -11.930  -31.584  62.537 0.0000000000
39141  -10.674  -32.602  63.267 0.0000000000
40146  -10.673  -32.188  62.505 0.0000000000
39152  -9.930  -32.491  62.512 0.0000000000
39151  -8.964  -32.519  62.191 0.0000000000
39140  -9.294  -32.866  62.960 0.0000000000
39109  -9.212  -33.692  64.809 0.0000000000
52223  -38.989  -19.084  49.771 0.0000000000
54371  -39.111  -17.627  48.742 0.0000000000
121540  -39.425  -16.992  48.801 0.0000000000
133897  -37.152  -16.839  46.102 0.0000000000
55373  -36.952  -16.116  45.928 0.0000000000
56331  -38.049  -15.564  46.222 0.0000000000
146688  -38.478  -15.600  46.781 0.0000000000
144264  -39.083  -15.746  47.621 0.0000000000
56315  -39.486  -15.535  48.103 0.0000000000
58199  -39.006  -14.050  47.320 0.0000000000
58198  -38.662  -13.140  47.006 0.0000000000
59996  -31.855  -11.345  47.145 0.0000000000
59105  -32.253  -12.332  47.354 0.0000000000
59113  -32.559  -12.858  46.495 0.0000000000
58203  -32.847  -13.193  45.708 0.0000000000
62749  -32.325  -9.145  45.491 0.0000000000
61828  -32.107  -9.800  45.865 0.0000000000
59129  -32.805  -12.211  44.473 0.0000000000
58223  -33.600  -13.335  44.699 0.0000000000
58224  -34.212  -13.276  44.353 0.0000000000
58225  -35.012  -13.143  44.237 0.0000000000
59114  -36.813  -12.270  45.161 0.0000000000
59107  -38.196  -11.988  46.508 0.0000000000
60961  -35.308  -10.276  41.601 0.0000000000
60947  -35.385  -10.823  42.084 0.0000000000
60949  -37.249  -10.644  42.524 0.0000000000
60950  -38.141  -10.521  42.707 0.0000000000
61898  -38.060  -8.870  40.730 0.0000000000
61883  -38.882  -9.190  41.658 0.0000000000
62805  -39.365  -7.851  41.180 0.0000000000
63752  -37.593  -7.435  39.527 0.0000000000
64712  -37.849  -6.908  38.989 0.0000000000
64728  -37.276  -6.252  38.773 0.0000000000
65696  -35.558  -5.405  40.305 0.0000000000
66565  -35.643  -4.654  40.253 0.0000000000
67464  -36.713  -3.803  38.876 0.0000000000
66581  -37.181  -4.515  38.515 0.0000000000
139143  -37.171  -3.141  38.907 0.0000000000
68423  -37.367  -2.361  39.347 0.0000000000
128085  -38.119  -1.253  39.813 0.0000000000
45977  -26.192  -25.945  53.523 0.0000000000
141355  -26.975  -26.155  53.737 0.0000000000
45094  -28.430  -26.403  54.412 0.0000000000
45087  -28.935  -26.466  55.013 0.0000000000
44168  -29.028  -27.451  56.541 0.0000000000
45079  -29.583  -26.785  56.285 0.0000000000
48032  -28.157  -22.772  53.646 0.0000000000
48017  -28.982  -23.618  54.748 0.0000000000
49047  -31.485  -21.990  54.375 0.0000000000
44097  -12.468  -27.621  61.337 0.0000000000
44098  -13.001  -27.280  60.817 0.0000000000
45893  -14.341  -25.589  60.538 0.0000000000
44129  -14.315  -27.535  59.667 0.0000000000
45024  -13.812  -27.177  59.830 0.0000000000
145954  -13.707  -28.543  60.123 0.0000000000
43138  -14.194  -28.732  60.238 0.0000000000
46906  -17.417  -24.006  57.341 0.0000000000
46905  -16.960  -23.617  57.716 0.0000000000
45917  -17.557  -25.997  58.994 0.0000000000
45930  -17.195  -25.266  58.196 0.0000000000
133193  -16.645  -26.309  58.919 0.0000000000
45028  -17.281  -26.529  59.577 0.0000000000
38066  -5.351  -33.540  63.772 0.0000000000
38055  -5.727  -33.765  64.206 0.0000000000
39104  -5.417  -33.322  63.717 0.0000000000
40116  -5.149  -32.709  63.285 0.0000000000
124787  -25.302  -26.507  56.881 0.0000000000
45075  -25.725  -26.496  56.256 0.0000000000
48031  -23.516  -23.197  54.101 0.0000000000
140021  -23.291  -23.906  54.010 0.0000000000
45974  -23.499  -25.230  54.569 0.0000000000
52209  -35.497  -19.512  50.899 0.0000000000
68438  -39.550  -2.199  37.960 0.0000000000
68439  -40.503  -2.028  37.956 0.0000000000
69375  -45.954  -1.157  34.572 0.0000000000
143501  -46.581  -1.389  34.323 0.0000000000
70249  -46.742  -0.830  34.016 0.0000000000
70259  -47.857  -0.700  32.856 0.0000000000
58191  -34.649  -14.289  48.913 0.0000000000
59096  -33.252  -13.154  48.278 0.0000000000
63705  -34.289  -6.861  43.340 0.0000000000
63706  -34.748  -6.470  42.974 0.0000000000
64651  -35.041  -6.127  42.717 0.0000000000
65682  -35.304  -5.572  42.502 0.0000000000
51097  -28.644  -20.326  52.510 0.0000000000
51083  -28.789  -20.768  53.220 0.0000000000
123925  -29.877  -21.039  54.147 0.0000000000
46897  -16.338  -24.158  58.139 0.0000000000
124284  -52.555  -0.900  28.515 0.0000000000
133424  -7.008  -33.440  64.829 0.0000000000
57221  -40.514  -14.787  49.331 0.0000000000
125069  -33.069  -22.771  51.638 0.0000000000
123582  -33.285  -22.974  52.567 0.0000000000
48043  -33.904  -23.297  53.146 0.0000000000
138518  -34.513  -23.449  53.584 0.0000000000
47994  -22.739  -22.946  55.954 0.0000000000
47976  -21.470  -23.017  57.223 0.0000000000
125582  -21.007  -23.091  56.608 0.0000000000
48998  -20.363  -22.990  56.445 0.0000000000
47990  -19.212  -23.422  56.162 0.0000000000
143712  -22.904  -26.704  58.944 0.0000000000
52243  -35.970  -19.009  47.334 0.0000000000
121669  -24.483  -22.068  52.688 0.0000000000
50112  -24.612  -21.561  51.772 0.0000000000
144666  -24.724  -21.023  51.171 0.0000000000
54340  -24.898  -17.706  50.527 0.0000000000
54341  -25.548  -17.397  50.181 0.0000000000
53247  -26.147  -18.135  49.979 0.0000000000
53248  -27.148  -18.373  50.312 0.0000000000
53261  -27.573  -17.845  49.741 0.0000000000
53262  -28.282  -18.000  49.519 0.0000000000
54345  -31.210  -18.078  50.422 0.0000000000
126856  -29.724  -18.101  49.316 0.0000000000
53264  -30.642  -18.686  49.168 0.0000000000
53277  -30.693  -19.424  48.968 0.0000000000
51145  -30.729  -20.010  48.999 0.0000000000
130489  -31.042  -20.629  49.219 0.0000000000
50178  -32.243  -21.075  48.930 0.0000000000
50164  -32.738  -21.377  49.024 0.0000000000
52230  -34.232  -20.259  48.819 0.0000000000
64693  -40.019  -6.940  40.277 0.0000000000
64715  -41.184  -6.784  39.430 0.0000000000
64741  -41.276  -6.442  37.769 0.0000000000
67469  -43.807  -2.911  38.023 0.0000000000
67483  -43.610  -3.476  36.616 0.0000000000
124327  -46.058  -3.655  34.946 0.0000000000
66619  -45.720  -4.585  35.344 0.0000000000
66620  -46.515  -4.548  35.141 0.0000000000
65753  -46.960  -5.170  35.475 0.0000000000
64758  -47.067  -5.867  36.508 0.0000000000
65727  -48.496  -5.564  37.038 0.0000000000
69408  -49.414  -1.206  31.799 0.0000000000
69409  -50.315  -1.355  31.371 0.0000000000
69417  -50.905  -1.101  30.839 0.0000000000
69418  -51.423  -1.237  30.397 0.0000000000
143276  -50.734  0.324  30.943 0.0000000000
53282  -38.230  -18.653  48.075 0.0000000000
53283  -38.763  -18.244  48.665 0.0000000000
54377  -38.321  -17.591  47.188 0.0000000000
56341  -36.705  -15.386  45.641 0.0000000000
57248  -37.833  -14.724  46.000 0.0000000000
57240  -38.498  -14.862  46.617 0.0000000000
58206  -37.488  -13.675  45.716 0.0000000000
61853  -32.533  -9.837  44.090 0.0000000000
60924  -32.411  -10.676  44.430 0.0000000000
60016  -33.374  -11.884  43.803 0.0000000000
59131  -34.693  -12.711  43.933 0.0000000000
60018  -35.448  -12.223  43.838 0.0000000000
60012  -36.912  -11.825  45.127 0.0000000000
60936  -36.398  -11.106  43.605 0.0000000000
61879  -35.721  -9.859  41.176 0.0000000000
61880  -36.492  -9.974  41.060 0.0000000000
61881  -37.295  -9.870  41.079 0.0000000000
61868  -38.677  -9.887  42.126 0.0000000000
62817  -38.252  -8.251  40.477 0.0000000000
123520  -35.747  -3.862  40.811 0.0000000000
67435  -36.198  -3.072  40.439 0.0000000000
68410  -36.732  -2.320  40.203 0.0000000000
46003  -26.659  -24.801  51.512 0.0000000000
45978  -27.042  -25.870  53.110 0.0000000000
45989  -27.874  -25.477  53.188 0.0000000000
141842  -28.756  -25.153  53.738 0.0000000000
146432  -14.330  -26.224  59.470 0.0000000000
43150  -14.663  -28.108  59.915 0.0000000000
43139  -15.038  -28.574  60.610 0.0000000000
45942  -18.660  -25.049  57.394 0.0000000000
54350  -40.919  -16.947  50.919 0.0000000000
124803  -24.619  -26.792  59.022 0.0000000000
45035  -25.235  -26.974  59.454 0.0000000000
45036  -25.957  -27.053  59.151 0.0000000000
44133  -26.677  -27.518  58.906 0.0000000000
45064  -26.367  -26.954  57.608 0.0000000000
47995  -23.334  -22.298  56.087 0.0000000000
48030  -23.113  -23.493  54.586 0.0000000000
126395  -23.114  -22.833  55.338 0.0000000000
48013  -22.194  -23.779  55.340 0.0000000000
45961  -21.678  -24.983  55.695 0.0000000000
45953  -22.198  -25.562  56.029 0.0000000000
45072  -22.826  -26.048  56.636 0.0000000000
53251  -32.495  -19.118  50.496 0.0000000000
52218  -33.537  -20.075  49.209 0.0000000000
52207  -33.935  -19.852  49.729 0.0000000000
66582  -38.146  -4.567  38.167 0.0000000000
138580  -38.948  -5.085  37.841 0.0000000000
138683  -39.463  -4.652  37.549 0.0000000000
66591  -40.132  -4.742  37.270 0.0000000000
123228  -40.803  -5.300  37.153 0.0000000000
65724  -41.376  -5.918  37.162 0.0000000000
67499  -44.826  -3.289  36.293 0.0000000000
67510  -45.562  -2.900  35.110 0.0000000000
67511  -46.980  -3.802  34.891 0.0000000000
67512  -47.858  -3.759  35.180 0.0000000000
67513  -48.613  -3.747  35.642 0.0000000000
142633  -48.487  -2.698  35.222 0.0000000000
68479  -48.903  -1.873  34.870 0.0000000000
69401  -49.318  -1.507  32.272 0.0000000000
69400  -48.653  -1.012  32.342 0.0000000000
70272  -48.949  -0.295  31.742 0.0000000000
142243  -36.112  -16.004  46.779 0.0000000000
56320  -35.716  -15.577  46.513 0.0000000000
57247  -35.112  -15.156  46.174 0.0000000000
57246  -34.511  -14.627  45.848 0.0000000000
134786  -32.479  -8.468  46.028 0.0000000000
62750  -32.533  -8.494  45.239 0.0000000000
63688  -33.412  -7.133  44.953 0.0000000000
62762  -32.471  -9.072  44.647 0.0000000000
61854  -32.910  -9.729  43.327 0.0000000000
122556  -34.810  -11.024  42.494 0.0000000000
60945  -33.832  -10.084  42.385 0.0000000000
61867  -34.069  -9.308  41.882 0.0000000000
62802  -34.827  -8.738  41.374 0.0000000000
62803  -35.492  -8.283  40.991 0.0000000000
137635  -36.203  -7.260  40.008 0.0000000000
64691  -35.637  -6.890  40.686 0.0000000000
65695  -35.429  -5.921  40.907 0.0000000000
65683  -35.484  -4.798  42.195 0.0000000000
66557  -35.638  -3.910  41.828 0.0000000000
67415  -36.036  -3.235  42.474 0.0000000000
68382  -36.430  -2.438  42.269 0.0000000000
49073  -27.441  -22.214  52.211 0.0000000000
125530  -27.698  -23.058  52.644 0.0000000000
121127  -28.727  -22.820  54.394 0.0000000000
50103  -28.551  -21.387  53.637 0.0000000000
45906  -14.837  -25.044  60.191 0.0000000000
46880  -15.247  -24.409  59.927 0.0000000000
45027  -15.897  -26.620  58.889 0.0000000000
45010  -20.226  -26.739  60.322 0.0000000000
40161  -8.653  -31.734  61.686 0.0000000000
129635  -7.816  -31.317  61.856 0.0000000000
41144  -7.220  -30.865  62.126 0.0000000000
40159  -6.720  -30.953  62.497 0.0000000000
39137  -6.708  -32.410  63.612 0.0000000000
41129  -6.132  -30.694  62.759 0.0000000000
41128  -6.008  -30.035  62.507 0.0000000000
41115  -5.550  -30.803  62.588 0.0000000000
68428  -43.709  -2.359  39.594 0.0000000000
67470  -44.606  -3.174  38.702 0.0000000000
146388  -45.327  -3.270  38.117 0.0000000000
139004  -39.801  -12.693  48.411 0.0000000000
50115  -31.271  -21.710  52.525 0.0000000000
137094  -32.007  -22.420  53.706 0.0000000000
48979  -18.498  -22.218  58.092 0.0000000000
48995  -17.755  -22.582  57.625 0.0000000000
47957  -17.183  -22.911  57.783 0.0000000000
46907  -18.207  -24.132  56.887 0.0000000000
46918  -18.875  -23.958  56.373 0.0000000000
45060  -21.732  -26.177  57.620 0.0000000000
45934  -20.894  -26.028  57.739 0.0000000000
45049  -20.612  -26.284  58.557 0.0000000000
72135  -51.255  1.442  28.726 0.0000000000
51116  -38.846  -19.963  51.729 0.0000000000
52195  -39.329  -19.411  51.393 0.0000000000
51132  -38.791  -19.835  50.927 0.0000000000
52234  -37.868  -19.319  48.324 0.0000000000
54361  -36.639  -17.154  49.060 0.0000000000
127527  -36.292  -18.191  47.115 0.0000000000
54376  -36.361  -17.408  46.854 0.0000000000
140683  -35.650  -15.203  49.819 0.0000000000
45986  -24.653  -25.094  53.307 0.0000000000
45976  -25.205  -25.633  53.833 0.0000000000
45994  -25.765  -25.256  52.132 0.0000000000
48046  -24.971  -23.523  51.504 0.0000000000
46002  -26.047  -24.974  51.569 0.0000000000
46963  -26.537  -24.155  50.987 0.0000000000
48055  -26.738  -23.384  50.994 0.0000000000
49083  -26.504  -22.323  50.879 0.0000000000
52171  -24.485  -19.215  52.354 0.0000000000
51109  -24.590  -20.231  51.095 0.0000000000
53245  -24.626  -18.577  50.712 0.0000000000
52200  -24.718  -19.520  50.690 0.0000000000
51125  -24.826  -20.155  50.696 0.0000000000
50144  -26.036  -21.896  50.347 0.0000000000
49084  -27.014  -22.558  51.421 0.0000000000
50125  -27.131  -21.697  51.617 0.0000000000
129660  -27.387  -20.806  51.754 0.0000000000
52188  -27.498  -19.473  51.111 0.0000000000
51112  -28.120  -19.898  51.777 0.0000000000
51098  -29.317  -20.178  52.213 0.0000000000
51114  -30.080  -20.499  51.671 0.0000000000
55337  -27.919  -15.915  49.796 0.0000000000
55349  -28.393  -16.570  49.487 0.0000000000
52215  -28.822  -18.523  49.674 0.0000000000
141022  -29.537  -18.647  49.374 0.0000000000
52216  -29.407  -19.196  49.706 0.0000000000
50126  -30.803  -21.014  51.057 0.0000000000
50146  -31.737  -21.591  50.021 0.0000000000
49086  -32.414  -22.550  51.292 0.0000000000
52228  -32.481  -20.340  48.931 0.0000000000
50179  -32.861  -21.065  48.770 0.0000000000
50165  -33.245  -21.384  49.014 0.0000000000
49115  -33.657  -21.772  49.643 0.0000000000
49101  -34.074  -22.188  50.435 0.0000000000
49089  -35.235  -22.359  51.530 0.0000000000
49090  -36.042  -22.081  51.798 0.0000000000
50116  -36.816  -21.703  52.019 0.0000000000
50130  -37.303  -21.252  51.379 0.0000000000
139206  -38.422  -20.454  51.949 0.0000000000
129389  -24.181  -21.778  54.510 0.0000000000
126764  -40.714  -6.623  41.109 0.0000000000
65714  -40.008  -6.308  38.270 0.0000000000
68426  -41.971  -1.717  39.057 0.0000000000
67467  -41.875  -2.580  37.601 0.0000000000
66593  -42.459  -4.999  36.242 0.0000000000
65732  -42.902  -5.890  36.282 0.0000000000
64754  -43.749  -6.309  36.476 0.0000000000
66604  -44.053  -4.826  35.892 0.0000000000
64735  -46.442  -6.518  38.043 0.0000000000
64747  -47.121  -6.172  37.233 0.0000000000
69427  -52.516  -1.333  29.089 0.0000000000
69426  -51.932  -1.308  29.720 0.0000000000
70286  -51.979  -0.664  28.926 0.0000000000
72127  -51.380  1.223  29.349 0.0000000000
42106  -10.034  -29.261  62.828 0.0000000000
41146  -9.449  -29.690  62.308 0.0000000000
40176  -9.254  -31.129  61.439 0.0000000000
40164  -11.102  -31.729  62.035 0.0000000000
40178  -10.733  -31.279  61.347 0.0000000000
40177  -10.009  -31.265  61.377 0.0000000000
39139  -8.525  -32.898  62.986 0.0000000000
39121  -8.279  -33.372  63.905 0.0000000000
53271  -39.258  -18.228  49.423 0.0000000000
54363  -40.324  -16.939  50.028 0.0000000000
54389  -38.070  -17.227  46.539 0.0000000000
55365  -38.548  -16.758  47.202 0.0000000000
55374  -37.600  -16.232  46.069 0.0000000000
55375  -38.183  -16.349  46.543 0.0000000000
125030  -39.514  -16.355  48.495 0.0000000000
55354  -40.393  -16.175  49.677 0.0000000000
57232  -39.962  -14.737  48.599 0.0000000000
59986  -32.197  -11.687  48.159 0.0000000000
59095  -32.666  -12.540  48.197 0.0000000000
58204  -33.261  -13.716  46.499 0.0000000000
57245  -33.910  -14.116  45.644 0.0000000000
60911  -31.886  -10.481  46.414 0.0000000000
60003  -32.084  -11.440  45.938 0.0000000000
60010  -32.340  -11.512  44.870 0.0000000000
59121  -32.425  -12.401  45.484 0.0000000000
58213  -33.993  -13.786  44.894 0.0000000000
58214  -35.198  -13.796  44.598 0.0000000000
59125  -36.786  -13.122  45.121 0.0000000000
59123  -35.496  -12.572  44.153 0.0000000000
59108  -38.728  -12.320  47.103 0.0000000000
59098  -39.252  -12.100  47.655 0.0000000000
60919  -37.553  -11.588  45.575 0.0000000000
143391  -36.826  -10.770  43.103 0.0000000000
60962  -36.004  -10.451  41.601 0.0000000000
63740  -39.325  -7.381  40.539 0.0000000000
63739  -38.584  -7.595  40.161 0.0000000000
64710  -36.477  -6.895  39.544 0.0000000000
142747  -36.476  -6.226  39.189 0.0000000000
138134  -36.705  -5.489  38.810 0.0000000000
145544  -36.939  -5.025  38.608 0.0000000000
65711  -37.535  -5.395  38.480 0.0000000000
66589  -38.381  -3.502  38.089 0.0000000000
68424  -37.909  -1.717  39.459 0.0000000000
68437  -38.231  -2.116  38.901 0.0000000000
69336  -39.067  -1.745  38.637 0.0000000000
69326  -39.452  -1.240  39.319 0.0000000000
45091  -25.775  -25.999  54.264 0.0000000000
45085  -26.915  -26.584  54.877 0.0000000000
141522  -27.074  -26.783  55.533 0.0000000000
45093  -27.536  -26.389  54.227 0.0000000000
45086  -27.925  -26.741  55.056 0.0000000000
48042  -28.094  -23.575  53.232 0.0000000000
46942  -28.845  -24.289  53.939 0.0000000000
45967  -29.580  -25.723  55.349 0.0000000000
46921  -29.395  -24.626  55.966 0.0000000000
146075  -29.497  -24.982  55.015 0.0000000000
128747  -29.757  -26.099  55.969 0.0000000000
136531  -30.697  -21.487  54.239 0.0000000000
45006  -13.972  -26.316  59.925 0.0000000000
45005  -13.488  -26.856  60.430 0.0000000000
43123  -14.584  -29.100  60.943 0.0000000000
45929  -16.299  -25.139  58.240 0.0000000000
45029  -18.781  -26.531  60.373 0.0000000000
44118  -17.479  -26.883  60.646 0.0000000000
44117  -16.494  -27.460  60.343 0.0000000000
71211  -51.558  0.751  27.791 0.0000000000
38044  -5.981  -33.904  64.977 0.0000000000
39087  -6.397  -33.470  64.632 0.0000000000
38043  -6.032  -33.953  64.828 0.0000000000
40117  -5.601  -32.687  63.577 0.0000000000
130857  -4.972  -33.281  63.459 0.0000000000
39136  -4.945  -32.720  63.119 0.0000000000
129476  -5.186  -32.331  63.056 0.0000000000
38067  -5.557  -34.043  64.132 0.0000000000
42144  -13.504  -28.947  60.281 0.0000000000
44157  -28.131  -27.428  56.493 0.0000000000
45084  -25.965  -26.260  54.891 0.0000000000
45088  -29.397  -26.462  55.618 0.0000000000
45988  -26.332  -25.637  52.618 0.0000000000
45996  -27.131  -25.357  52.311 0.0000000000
46957  -27.396  -24.664  51.884 0.0000000000
46962  -26.070  -24.411  51.044 0.0000000000
48048  -34.093  -22.973  52.512 0.0000000000
48061  -26.154  -23.617  50.559 0.0000000000
50143  -25.460  -21.403  50.529 0.0000000000
51095  -24.570  -20.669  51.923 0.0000000000
51126  -25.239  -20.461  50.589 0.0000000000
54327  -25.225  -16.821  50.979 0.0000000000
54343  -26.878  -17.738  49.942 0.0000000000
55351  -29.882  -17.149  49.878 0.0000000000
55366  -39.075  -16.243  47.779 0.0000000000
61869  -39.247  -9.288  42.202 0.0000000000
121880  -30.134  -19.659  49.366 0.0000000000
124010  -29.205  -24.093  55.463 0.0000000000
140786  -27.550  -26.008  53.630 0.0000000000
144210  -26.271  -27.381  59.411 0.0000000000
