#!ascii label  , from subject sub-v2s4x29583_ses-1 vox2ras=TkReg
407
75197  -26.615  4.706  -16.830 0.0000000000
133888  -23.969  -0.153  -17.585 0.0000000000
70767  -28.850  -0.525  -14.293 0.0000000000
67156  -25.236  -4.495  -15.178 0.0000000000
87822  -29.042  19.136  -17.000 0.0000000000
83570  -29.390  14.293  -15.580 0.0000000000
79653  -24.583  9.383  -19.031 0.0000000000
63332  -23.596  -8.345  -12.927 0.0000000000
68989  -24.723  -2.639  -16.979 0.0000000000
68075  -22.166  -4.002  -15.142 0.0000000000
85315  -28.852  16.716  -16.341 0.0000000000
83614  -25.947  14.374  -17.722 0.0000000000
74360  -23.979  4.181  -18.462 0.0000000000
136431  -22.774  6.747  -18.351 0.0000000000
135617  -25.985  6.944  -18.491 0.0000000000
79630  -27.845  10.032  -16.386 0.0000000000
77854  -29.158  6.977  -15.632 0.0000000000
75187  -30.747  4.097  -15.279 0.0000000000
72579  -22.735  1.785  -17.186 0.0000000000
130131  -25.170  2.576  -17.665 0.0000000000
73456  -27.975  2.758  -15.132 0.0000000000
141084  -26.118  0.258  -15.564 0.0000000000
128928  -26.432  -2.025  -13.710 0.0000000000
67142  -27.312  -4.810  -14.235 0.0000000000
82111  -22.739  12.879  -19.280 0.0000000000
81331  -26.893  11.565  -17.125 0.0000000000
82081  -29.784  12.201  -15.199 0.0000000000
66255  -22.084  -5.905  -13.895 0.0000000000
65336  -24.333  -6.895  -14.785 0.0000000000
68088  -22.024  -3.163  -15.275 0.0000000000
68074  -21.062  -3.603  -14.876 0.0000000000
84484  -26.179  15.877  -17.568 0.0000000000
83612  -24.490  15.163  -17.874 0.0000000000
75209  -25.486  4.318  -18.013 0.0000000000
76106  -25.158  5.594  -18.546 0.0000000000
134891  -26.333  5.901  -17.655 0.0000000000
134961  -27.083  6.807  -16.834 0.0000000000
76077  -27.607  5.510  -16.292 0.0000000000
138315  -30.193  5.645  -15.307 0.0000000000
75199  -28.196  4.976  -15.747 0.0000000000
72568  -23.157  1.141  -17.380 0.0000000000
126688  -24.149  1.991  -17.756 0.0000000000
72581  -24.244  1.255  -17.660 0.0000000000
143429  -25.297  0.975  -16.947 0.0000000000
70793  -24.742  -0.506  -17.327 0.0000000000
68091  -24.575  -3.736  -15.779 0.0000000000
68977  -25.211  -2.756  -15.676 0.0000000000
68076  -25.924  -3.811  -14.571 0.0000000000
68078  -27.373  -3.964  -14.154 0.0000000000
67141  -26.490  -5.122  -14.383 0.0000000000
87829  -27.606  19.294  -17.662 0.0000000000
130542  -26.626  21.235  -17.995 0.0000000000
88651  -28.707  20.908  -17.459 0.0000000000
89396  -29.833  21.828  -17.025 0.0000000000
87824  -30.293  19.511  -16.217 0.0000000000
84474  -29.010  15.785  -15.836 0.0000000000
132480  -23.672  8.239  -19.236 0.0000000000
79662  -22.631  10.204  -18.968 0.0000000000
80512  -23.870  11.171  -19.273 0.0000000000
82113  -25.054  12.004  -18.446 0.0000000000
81358  -25.450  11.223  -18.429 0.0000000000
79619  -29.178  9.481  -15.112 0.0000000000
80490  -28.835  11.033  -15.280 0.0000000000
80491  -29.718  11.173  -14.622 0.0000000000
140891  -28.031  0.985  -14.344 0.0000000000
73458  -29.694  2.217  -14.912 0.0000000000
64278  -21.939  -7.953  -12.269 0.0000000000
64296  -23.028  -7.385  -13.654 0.0000000000
65334  -22.847  -6.292  -14.401 0.0000000000
143280  -24.111  -7.854  -14.095 0.0000000000
69861  -22.665  -1.425  -16.337 0.0000000000
69876  -24.182  -1.414  -17.371 0.0000000000
68988  -23.365  -2.084  -16.650 0.0000000000
68090  -23.595  -3.753  -15.963 0.0000000000
67154  -23.763  -4.556  -15.646 0.0000000000
86178  -27.355  17.825  -17.468 0.0000000000
86998  -29.321  17.967  -16.496 0.0000000000
85323  -27.623  17.012  -17.302 0.0000000000
84472  -27.803  15.511  -17.145 0.0000000000
133962  -27.945  14.587  -16.784 0.0000000000
75207  -22.577  4.604  -18.062 0.0000000000
76104  -23.613  5.355  -18.606 0.0000000000
77017  -24.217  6.865  -18.889 0.0000000000
78746  -24.993  8.560  -18.919 0.0000000000
80515  -26.272  10.149  -17.885 0.0000000000
136137  -26.843  8.089  -17.476 0.0000000000
135031  -28.150  8.061  -16.074 0.0000000000
130241  -30.374  8.028  -15.285 0.0000000000
77856  -30.895  7.291  -15.285 0.0000000000
62396  -24.127  -9.193  -11.991 0.0000000000
141431  -24.960  -8.161  -13.226 0.0000000000
74348  -23.129  3.231  -17.885 0.0000000000
74350  -24.842  3.149  -18.006 0.0000000000
74352  -26.001  3.476  -17.149 0.0000000000
74329  -27.781  3.666  -15.535 0.0000000000
73467  -26.409  2.311  -16.202 0.0000000000
72558  -26.780  1.658  -15.316 0.0000000000
71648  -27.267  0.002  -14.212 0.0000000000
69864  -25.132  -1.613  -16.906 0.0000000000
69852  -25.893  -1.080  -15.124 0.0000000000
69843  -27.488  -1.323  -13.007 0.0000000000
68966  -28.072  -2.344  -13.570 0.0000000000
129811  -28.891  -4.292  -15.196 0.0000000000
86173  -30.117  17.919  -15.931 0.0000000000
82858  -24.404  13.841  -18.207 0.0000000000
82818  -26.923  13.113  -17.180 0.0000000000
82819  -27.399  12.956  -16.418 0.0000000000
80488  -27.112  11.161  -16.979 0.0000000000
81333  -27.752  11.576  -15.896 0.0000000000
82805  -29.527  13.546  -15.535 0.0000000000
74330  -28.649  3.427  -15.146 0.0000000000
74332  -30.680  3.228  -15.224 0.0000000000
67131  -20.866  -4.721  -13.928 0.0000000000
66269  -22.460  -5.371  -14.615 0.0000000000
66270  -23.360  -5.893  -14.901 0.0000000000
66271  -24.745  -6.238  -15.164 0.0000000000
63348  -25.055  -7.931  -13.852 0.0000000000
65338  -25.934  -6.517  -14.386 0.0000000000
66273  -26.264  -5.822  -14.492 0.0000000000
84482  -23.766  15.161  -17.857 0.0000000000
75210  -26.007  4.674  -17.611 0.0000000000
76092  -25.999  5.400  -17.925 0.0000000000
76075  -26.414  5.327  -17.279 0.0000000000
76990  -26.821  6.012  -16.845 0.0000000000
76076  -26.913  5.277  -16.676 0.0000000000
75198  -27.398  4.806  -16.292 0.0000000000
70778  -23.502  -0.564  -17.247 0.0000000000
71668  -23.251  0.413  -17.316 0.0000000000
71681  -23.767  0.756  -17.617 0.0000000000
71682  -24.401  0.254  -17.489 0.0000000000
70792  -24.487  -0.740  -17.457 0.0000000000
68092  -25.115  -3.539  -15.394 0.0000000000
141694  -26.012  -4.643  -14.605 0.0000000000
87830  -28.404  19.144  -17.412 0.0000000000
134917  -28.023  19.846  -17.713 0.0000000000
87831  -28.751  19.984  -17.302 0.0000000000
88641  -29.459  20.713  -16.903 0.0000000000
87823  -29.545  19.688  -16.699 0.0000000000
84462  -28.890  14.846  -15.730 0.0000000000
126731  -29.945  15.845  -15.458 0.0000000000
84463  -29.740  15.030  -15.493 0.0000000000
83578  -30.135  14.180  -15.389 0.0000000000
78745  -24.146  8.702  -19.268 0.0000000000
78744  -23.413  8.892  -19.287 0.0000000000
79663  -23.214  9.577  -19.257 0.0000000000
80526  -23.446  10.292  -19.270 0.0000000000
80527  -24.226  10.186  -19.151 0.0000000000
80513  -24.781  10.765  -18.823 0.0000000000
136502  -24.932  10.040  -18.768 0.0000000000
79620  -30.015  9.477  -14.596 0.0000000000
80473  -29.358  10.283  -14.650 0.0000000000
123004  -28.940  0.392  -14.350 0.0000000000
71658  -29.752  0.602  -14.832 0.0000000000
70768  -29.797  -0.364  -14.911 0.0000000000
133990  -22.839  -8.699  -12.391 0.0000000000
64279  -22.779  -8.026  -12.845 0.0000000000
65304  -22.349  -7.185  -12.896 0.0000000000
64297  -23.623  -7.876  -13.621 0.0000000000
69850  -21.900  -1.451  -15.714 0.0000000000
136701  -22.590  -2.045  -16.075 0.0000000000
68089  -22.853  -3.678  -15.672 0.0000000000
67153  -23.057  -4.352  -15.532 0.0000000000
128142  -26.728  17.208  -17.452 0.0000000000
86179  -28.195  17.635  -17.204 0.0000000000
83615  -26.445  15.000  -17.580 0.0000000000
84485  -26.990  15.488  -17.469 0.0000000000
83588  -27.324  14.747  -17.273 0.0000000000
75218  -23.336  4.681  -18.478 0.0000000000
132107  -23.989  4.797  -18.601 0.0000000000
136775  -25.492  6.173  -18.560 0.0000000000
132769  -24.757  6.137  -18.766 0.0000000000
77018  -25.104  6.914  -18.841 0.0000000000
77888  -24.456  7.782  -19.080 0.0000000000
77889  -25.419  7.705  -18.741 0.0000000000
78747  -25.788  8.468  -18.403 0.0000000000
77875  -26.495  7.523  -17.910 0.0000000000
77865  -28.417  7.152  -15.980 0.0000000000
77864  -27.561  7.386  -16.453 0.0000000000
78713  -28.873  8.666  -15.597 0.0000000000
77866  -29.005  7.710  -15.652 0.0000000000
77855  -29.912  7.294  -15.455 0.0000000000
76060  -30.817  4.964  -15.336 0.0000000000
76061  -31.021  5.777  -15.360 0.0000000000
75188  -31.594  4.319  -15.792 0.0000000000
126423  -24.711  -9.547  -11.635 0.0000000000
73466  -22.269  2.467  -16.894 0.0000000000
74338  -22.432  3.212  -17.295 0.0000000000
73476  -22.954  2.487  -17.493 0.0000000000
128731  -24.754  1.854  -17.652 0.0000000000
73478  -24.461  2.578  -17.885 0.0000000000
74351  -25.436  3.452  -17.748 0.0000000000
73479  -25.805  2.767  -17.114 0.0000000000
131297  -26.349  3.039  -16.610 0.0000000000
71669  -25.765  0.799  -16.320 0.0000000000
72570  -26.223  1.478  -16.057 0.0000000000
71656  -26.460  0.882  -15.386 0.0000000000
71657  -27.134  0.891  -14.564 0.0000000000
127192  -26.659  0.079  -14.606 0.0000000000
69863  -24.642  -2.063  -17.322 0.0000000000
69002  -24.906  -2.018  -17.359 0.0000000000
68990  -25.053  -2.447  -16.821 0.0000000000
69840  -25.747  -2.310  -14.628 0.0000000000
69851  -25.440  -1.801  -15.656 0.0000000000
69841  -26.084  -1.530  -14.374 0.0000000000
69842  -26.771  -1.358  -13.349 0.0000000000
68965  -27.151  -2.247  -13.342 0.0000000000
68079  -28.112  -3.969  -14.423 0.0000000000
67143  -28.251  -4.588  -14.512 0.0000000000
67144  -29.260  -4.562  -15.353 0.0000000000
86171  -28.825  17.472  -16.771 0.0000000000
86172  -29.364  17.349  -16.065 0.0000000000
77003  -22.510  6.091  -18.072 0.0000000000
82110  -21.867  13.331  -19.093 0.0000000000
82856  -22.448  13.888  -19.017 0.0000000000
82857  -23.295  14.246  -18.468 0.0000000000
82112  -23.709  13.205  -18.736 0.0000000000
82100  -25.950  12.374  -17.919 0.0000000000
82101  -26.669  12.240  -17.366 0.0000000000
82077  -27.026  12.149  -16.815 0.0000000000
79639  -26.853  9.838  -17.430 0.0000000000
80499  -26.831  10.745  -17.418 0.0000000000
80500  -27.265  10.422  -16.961 0.0000000000
81335  -29.376  11.746  -15.202 0.0000000000
81334  -28.636  11.615  -15.537 0.0000000000
82080  -29.209  12.171  -15.448 0.0000000000
82055  -28.980  12.814  -15.606 0.0000000000
82056  -29.755  12.718  -15.375 0.0000000000
82057  -30.555  12.475  -14.900 0.0000000000
73457  -28.965  2.724  -14.905 0.0000000000
73459  -30.587  2.365  -15.206 0.0000000000
65318  -21.861  -6.329  -13.040 0.0000000000
66254  -21.137  -5.503  -13.440 0.0000000000
66268  -21.592  -5.198  -14.106 0.0000000000
65335  -23.558  -6.648  -14.635 0.0000000000
141468  -24.027  -6.240  -14.938 0.0000000000
66285  -24.083  -5.478  -15.303 0.0000000000
68975  -21.775  -2.233  -15.428 0.0000000000
68962  -20.952  -2.750  -14.923 0.0000000000
85322  -26.061  16.659  -17.430 0.0000000000
133128  -25.379  15.326  -17.725 0.0000000000
83613  -24.977  14.562  -18.036 0.0000000000
144236  -25.122  4.405  -18.251 0.0000000000
76105  -24.487  5.329  -18.626 0.0000000000
75220  -25.237  4.923  -18.336 0.0000000000
76107  -25.625  5.494  -18.302 0.0000000000
77019  -26.040  6.077  -18.195 0.0000000000
139321  -26.558  6.677  -17.662 0.0000000000
76991  -27.792  6.412  -16.268 0.0000000000
76979  -28.776  6.359  -15.745 0.0000000000
76980  -29.640  6.381  -15.468 0.0000000000
76058  -28.397  5.682  -15.837 0.0000000000
146807  -28.696  5.260  -15.571 0.0000000000
75186  -29.897  4.719  -15.182 0.0000000000
72567  -22.421  1.081  -16.837 0.0000000000
72580  -23.539  1.702  -17.601 0.0000000000
72569  -25.535  1.732  -16.966 0.0000000000
72582  -24.868  1.054  -17.371 0.0000000000
122718  -25.096  0.256  -17.003 0.0000000000
71655  -25.573  -0.102  -16.192 0.0000000000
68104  -24.459  -3.135  -16.379 0.0000000000
68105  -24.821  -3.052  -16.377 0.0000000000
68963  -25.548  -3.056  -14.772 0.0000000000
68964  -26.395  -2.887  -14.076 0.0000000000
68066  -27.104  -3.142  -13.770 0.0000000000
68077  -26.712  -3.620  -14.129 0.0000000000
131078  -26.630  -4.338  -14.308 0.0000000000
87828  -26.763  19.493  -17.608 0.0000000000
88650  -28.041  20.675  -17.885 0.0000000000
146554  -29.087  21.525  -17.385 0.0000000000
87814  -31.060  19.535  -15.737 0.0000000000
85304  -29.528  16.593  -15.674 0.0000000000
86163  -29.986  17.161  -15.599 0.0000000000
79650  -21.643  9.689  -17.958 0.0000000000
80511  -21.766  10.352  -18.323 0.0000000000
126430  -22.844  11.194  -19.209 0.0000000000
81356  -23.085  11.969  -19.319 0.0000000000
145734  -24.417  12.523  -18.655 0.0000000000
142805  -24.617  11.459  -18.829 0.0000000000
81342  -25.940  11.623  -18.029 0.0000000000
81343  -26.519  11.638  -17.579 0.0000000000
79618  -28.506  9.645  -15.801 0.0000000000
80489  -28.295  10.509  -15.893 0.0000000000
80472  -28.795  10.200  -15.331 0.0000000000
81312  -30.191  11.803  -14.783 0.0000000000
72559  -27.691  1.783  -14.742 0.0000000000
139070  -28.758  2.095  -14.690 0.0000000000
72560  -29.644  1.447  -14.840 0.0000000000
124793  -30.422  0.820  -15.210 0.0000000000
65319  -22.560  -6.692  -13.717 0.0000000000
140790  -23.134  -6.924  -14.219 0.0000000000
65320  -23.773  -7.365  -14.269 0.0000000000
70777  -22.655  -0.705  -16.561 0.0000000000
70791  -24.259  -0.894  -17.493 0.0000000000
69862  -23.407  -1.369  -16.940 0.0000000000
146305  -23.950  -1.998  -17.071 0.0000000000
135445  -24.161  -2.541  -16.897 0.0000000000
68976  -23.127  -2.915  -16.186 0.0000000000
68103  -24.145  -3.137  -16.495 0.0000000000
67167  -24.117  -3.741  -15.944 0.0000000000
67155  -24.419  -4.610  -15.538 0.0000000000
87003  -26.475  18.923  -17.314 0.0000000000
87004  -27.110  18.659  -17.544 0.0000000000
87005  -27.953  18.448  -17.460 0.0000000000
86997  -28.815  18.319  -17.053 0.0000000000
85314  -28.318  16.869  -16.950 0.0000000000
85313  -27.058  16.305  -17.465 0.0000000000
138100  -27.892  16.335  -17.170 0.0000000000
84473  -28.380  16.073  -16.684 0.0000000000
83576  -28.428  15.198  -16.393 0.0000000000
83577  -28.430  14.391  -16.083 0.0000000000
77015  -23.179  6.048  -18.509 0.0000000000
77016  -23.943  6.065  -18.756 0.0000000000
133793  -23.433  6.787  -18.709 0.0000000000
77887  -23.580  7.559  -19.016 0.0000000000
79654  -25.505  9.452  -18.473 0.0000000000
79638  -26.299  9.172  -17.911 0.0000000000
78730  -26.880  8.867  -17.430 0.0000000000
77876  -26.993  7.475  -17.199 0.0000000000
78721  -27.362  8.344  -16.770 0.0000000000
78712  -27.996  9.041  -16.228 0.0000000000
135925  -29.766  8.718  -15.098 0.0000000000
132005  -30.687  8.710  -14.918 0.0000000000
78714  -31.286  8.027  -15.233 0.0000000000
76981  -30.522  6.483  -15.351 0.0000000000
69854  -29.707  -1.544  -15.013 0.0000000000
141246  -23.509  -8.879  -12.360 0.0000000000
63333  -24.428  -8.584  -12.682 0.0000000000
75208  -23.207  3.953  -18.288 0.0000000000
73477  -23.706  2.563  -17.800 0.0000000000
74349  -24.014  3.351  -18.145 0.0000000000
74361  -24.846  3.891  -18.228 0.0000000000
133597  -25.792  4.001  -17.587 0.0000000000
136668  -26.250  4.081  -16.992 0.0000000000
74340  -27.111  4.020  -16.317 0.0000000000
74339  -26.531  3.539  -16.593 0.0000000000
73468  -27.035  3.098  -15.962 0.0000000000
73455  -27.135  2.350  -15.395 0.0000000000
71649  -27.975  0.254  -14.158 0.0000000000
69878  -24.862  -1.221  -17.366 0.0000000000
70779  -25.115  -0.708  -16.909 0.0000000000
70765  -25.465  -0.929  -16.007 0.0000000000
70766  -26.043  -0.422  -15.301 0.0000000000
70756  -26.443  -0.802  -14.312 0.0000000000
70757  -26.978  -0.600  -13.522 0.0000000000
70758  -27.845  -0.500  -13.682 0.0000000000
69853  -28.467  -1.458  -14.115 0.0000000000
68978  -29.080  -2.571  -14.762 0.0000000000
68067  -27.647  -3.142  -13.850 0.0000000000
137419  -28.499  -3.404  -14.592 0.0000000000
86999  -29.675  18.728  -16.494 0.0000000000
86989  -30.606  18.759  -15.853 0.0000000000
86164  -30.811  17.277  -15.395 0.0000000000
83636  -23.216  14.826  -18.172 0.0000000000
126779  -24.892  12.873  -18.294 0.0000000000
82843  -25.593  13.509  -17.911 0.0000000000
83587  -26.808  14.115  -17.405 0.0000000000
129565  -27.469  13.879  -16.976 0.0000000000
83589  -27.931  13.747  -16.221 0.0000000000
82804  -28.670  13.647  -15.717 0.0000000000
80514  -25.580  10.457  -18.371 0.0000000000
80498  -26.306  11.043  -17.843 0.0000000000
132753  -27.634  10.818  -16.422 0.0000000000
134289  -27.500  11.282  -16.394 0.0000000000
81332  -27.220  11.585  -16.634 0.0000000000
82078  -27.497  12.158  -16.055 0.0000000000
82820  -27.960  12.900  -15.639 0.0000000000
82796  -29.150  13.926  -15.650 0.0000000000
75184  -27.789  4.383  -15.777 0.0000000000
75185  -28.435  4.244  -15.396 0.0000000000
122505  -30.060  3.851  -15.077 0.0000000000
68065  -20.628  -3.938  -14.285 0.0000000000
67137  -21.540  -4.487  -14.584 0.0000000000
67138  -22.491  -4.689  -15.050 0.0000000000
67139  -23.218  -5.109  -15.259 0.0000000000
66286  -25.006  -5.442  -15.319 0.0000000000
63347  -24.370  -8.124  -13.653 0.0000000000
64298  -24.624  -7.597  -14.349 0.0000000000
64299  -25.469  -7.309  -14.110 0.0000000000
65337  -25.141  -6.868  -14.805 0.0000000000
66272  -25.524  -6.107  -15.007 0.0000000000
67140  -25.751  -5.344  -14.862 0.0000000000
69877  -24.673  -1.463  -17.438 0.0000000000
74331  -29.709  3.117  -14.985 0.0000000000
75219  -24.631  4.574  -18.428 0.0000000000
75221  -25.660  4.953  -18.060 0.0000000000
76059  -29.216  5.558  -15.443 0.0000000000
77890  -26.055  7.744  -18.366 0.0000000000
78729  -26.405  8.288  -17.922 0.0000000000
78756  -23.816  9.480  -19.314 0.0000000000
79629  -27.370  9.443  -16.881 0.0000000000
79651  -22.291  9.691  -18.608 0.0000000000
79652  -22.828  9.238  -19.045 0.0000000000
81357  -23.923  12.165  -19.102 0.0000000000
82079  -28.329  12.126  -15.573 0.0000000000
82109  -21.437  12.584  -18.596 0.0000000000
82844  -26.371  13.610  -17.565 0.0000000000
83569  -28.885  14.232  -15.719 0.0000000000
83637  -23.978  14.694  -18.073 0.0000000000
123381  -28.785  1.296  -14.476 0.0000000000
126642  -29.282  4.036  -15.156 0.0000000000
129739  -29.601  8.082  -15.449 0.0000000000
130245  -28.947  4.812  -15.359 0.0000000000
134800  -30.799  11.104  -14.621 0.0000000000
135386  -28.067  11.153  -15.870 0.0000000000
139127  -26.804  11.246  -17.342 0.0000000000
142843  -26.354  12.961  -17.578 0.0000000000
145637  -30.306  15.359  -15.395 0.0000000000
