#!ascii label  , from subject sub-v2s4x29602_ses-1 vox2ras=TkReg
485
118736  -26.082  9.658  -1.650 0.0000000000
69552  -19.741  3.408  -2.942 0.0000000000
72351  -27.997  5.224  -2.828 0.0000000000
138339  -23.234  0.094  -1.507 0.0000000000
87336  -23.890  23.361  -9.960 0.0000000000
138474  -24.859  18.331  -10.197 0.0000000000
122506  -22.877  13.013  -3.542 0.0000000000
62370  -22.954  -4.960  0.121 0.0000000000
67756  -21.336  1.560  -2.793 0.0000000000
65956  -20.023  -0.584  -0.881 0.0000000000
118461  -24.897  20.657  -10.330 0.0000000000
83978  -25.145  19.162  -4.635 0.0000000000
73321  -20.136  8.030  -4.403 0.0000000000
133342  -19.520  9.880  -4.573 0.0000000000
134278  -24.607  12.004  -2.187 0.0000000000
79648  -27.064  14.405  -5.327 0.0000000000
77773  -28.240  12.201  -4.756 0.0000000000
76100  -29.006  9.886  -5.902 0.0000000000
71412  -18.238  5.604  -1.937 0.0000000000
72378  -21.976  6.710  -4.335 0.0000000000
116904  -27.723  7.452  -2.187 0.0000000000
118871  -23.401  4.871  -3.012 0.0000000000
131096  -25.454  2.563  -1.885 0.0000000000
66873  -26.669  0.428  -2.531 0.0000000000
80567  -22.783  15.721  -3.876 0.0000000000
81433  -26.454  16.880  -5.079 0.0000000000
80594  -25.488  15.256  -9.316 0.0000000000
63315  -19.589  -2.668  0.688 0.0000000000
64195  -23.433  -2.751  -0.870 0.0000000000
117723  -19.591  0.073  -0.889 0.0000000000
65943  -19.365  -0.739  0.075 0.0000000000
84819  -25.076  20.195  -5.608 0.0000000000
83117  -24.159  18.668  -3.911 0.0000000000
75202  -23.319  8.776  -3.691 0.0000000000
76094  -22.146  9.676  -4.545 0.0000000000
76069  -24.563  10.667  -2.304 0.0000000000
76912  -26.846  12.131  -2.341 0.0000000000
132076  -28.191  11.221  -2.774 0.0000000000
129890  -28.464  11.456  -5.340 0.0000000000
75203  -28.444  9.922  -2.826 0.0000000000
70463  -18.861  4.538  -2.334 0.0000000000
121103  -19.784  6.138  -3.444 0.0000000000
127602  -20.820  4.894  -3.662 0.0000000000
71443  -22.702  5.340  -3.652 0.0000000000
140366  -21.093  3.841  -3.556 0.0000000000
66869  -22.290  1.037  -2.505 0.0000000000
68634  -22.588  2.297  -2.816 0.0000000000
123254  -23.463  1.489  -2.322 0.0000000000
127055  -25.475  1.671  -2.002 0.0000000000
66850  -24.803  0.225  -1.926 0.0000000000
86535  -23.348  23.097  -8.065 0.0000000000
87320  -21.546  23.444  -8.757 0.0000000000
88175  -22.487  24.513  -10.158 0.0000000000
88196  -21.967  25.819  -12.156 0.0000000000
87365  -23.341  22.982  -12.111 0.0000000000
132533  -25.183  19.500  -9.343 0.0000000000
76909  -21.725  11.666  -4.277 0.0000000000
77757  -21.281  12.644  -4.223 0.0000000000
79616  -23.141  14.417  -3.769 0.0000000000
81412  -25.249  16.547  -3.042 0.0000000000
80550  -25.546  15.694  -2.801 0.0000000000
78679  -26.990  14.102  -7.500 0.0000000000
79656  -26.715  14.840  -7.063 0.0000000000
79678  -25.809  13.742  -9.970 0.0000000000
73302  -27.517  6.547  -2.303 0.0000000000
139647  -28.540  7.274  -3.929 0.0000000000
62354  -21.314  -4.781  1.046 0.0000000000
63317  -21.465  -3.538  0.354 0.0000000000
64193  -21.197  -2.164  -0.233 0.0000000000
63318  -22.457  -3.946  -0.019 0.0000000000
68617  -19.443  2.373  -2.105 0.0000000000
68651  -20.758  2.779  -3.248 0.0000000000
67740  -19.592  1.519  -1.923 0.0000000000
130785  -20.195  0.379  -1.864 0.0000000000
65972  -21.318  -0.208  -1.762 0.0000000000
86526  -23.879  22.469  -7.623 0.0000000000
86558  -24.300  22.588  -10.609 0.0000000000
85684  -25.060  21.243  -7.867 0.0000000000
84847  -25.463  20.397  -7.617 0.0000000000
137312  -25.945  18.770  -7.351 0.0000000000
124889  -17.866  7.745  -2.285 0.0000000000
74272  -19.299  8.621  -4.284 0.0000000000
76924  -21.899  10.592  -4.551 0.0000000000
77759  -23.616  12.480  -2.981 0.0000000000
78641  -25.724  14.019  -2.477 0.0000000000
78642  -26.722  13.441  -2.691 0.0000000000
78661  -27.490  13.544  -4.645 0.0000000000
77797  -27.692  12.804  -7.294 0.0000000000
76938  -28.825  11.692  -7.148 0.0000000000
60481  -23.734  -6.200  0.427 0.0000000000
61458  -24.351  -4.911  -0.266 0.0000000000
73297  -18.620  6.756  -2.955 0.0000000000
136945  -21.043  7.447  -4.417 0.0000000000
74250  -24.032  8.256  -2.779 0.0000000000
75191  -25.925  8.896  -1.660 0.0000000000
73299  -24.192  7.554  -2.597 0.0000000000
72349  -25.212  6.452  -1.873 0.0000000000
72337  -26.122  5.822  -1.760 0.0000000000
68653  -22.072  2.765  -3.115 0.0000000000
129412  -23.982  3.405  -2.524 0.0000000000
70450  -26.852  4.442  -2.107 0.0000000000
137960  -27.393  2.390  -2.724 0.0000000000
137278  -27.691  1.526  -3.141 0.0000000000
86568  -23.553  22.022  -12.708 0.0000000000
82263  -24.008  17.275  -3.391 0.0000000000
82281  -26.250  17.834  -5.090 0.0000000000
82292  -26.332  17.329  -7.221 0.0000000000
79635  -26.791  15.114  -4.781 0.0000000000
128168  -26.306  15.984  -7.491 0.0000000000
82304  -24.964  16.845  -9.872 0.0000000000
75204  -28.622  9.206  -3.639 0.0000000000
75222  -29.252  8.876  -6.041 0.0000000000
64176  -19.036  -1.973  0.494 0.0000000000
64177  -19.783  -1.760  0.148 0.0000000000
65078  -21.277  -1.412  -0.754 0.0000000000
117176  -22.763  -0.921  -1.219 0.0000000000
125293  -24.333  -4.034  -0.934 0.0000000000
64210  -24.043  -2.367  -1.240 0.0000000000
119767  -24.419  -1.012  -1.475 0.0000000000
82272  -22.555  17.944  -4.314 0.0000000000
132455  -23.968  9.062  -2.886 0.0000000000
139734  -23.485  9.380  -3.545 0.0000000000
76070  -25.510  10.316  -1.797 0.0000000000
76898  -26.368  11.177  -1.866 0.0000000000
76071  -26.996  10.308  -1.821 0.0000000000
76072  -28.053  10.546  -2.429 0.0000000000
69534  -18.561  3.717  -1.875 0.0000000000
133928  -18.551  4.226  -2.063 0.0000000000
69551  -19.128  3.945  -2.500 0.0000000000
70464  -19.393  4.588  -2.783 0.0000000000
70482  -20.143  4.551  -3.267 0.0000000000
70484  -21.353  4.433  -3.703 0.0000000000
69571  -20.247  3.698  -3.339 0.0000000000
66848  -22.589  0.525  -1.984 0.0000000000
66870  -23.040  1.087  -2.158 0.0000000000
66849  -23.628  0.505  -1.802 0.0000000000
66871  -24.097  0.939  -2.058 0.0000000000
87322  -23.746  23.336  -8.941 0.0000000000
87321  -22.755  23.593  -8.670 0.0000000000
87335  -23.240  24.000  -10.497 0.0000000000
88184  -22.536  24.790  -11.299 0.0000000000
87364  -22.686  23.646  -13.022 0.0000000000
87350  -23.752  23.257  -10.989 0.0000000000
83152  -25.187  18.580  -9.520 0.0000000000
83157  -24.857  19.029  -10.249 0.0000000000
83156  -24.577  18.119  -10.747 0.0000000000
134092  -22.053  12.484  -3.798 0.0000000000
77772  -20.743  12.089  -4.722 0.0000000000
78637  -21.846  13.243  -3.841 0.0000000000
132265  -23.339  13.789  -3.589 0.0000000000
79618  -24.628  15.133  -2.733 0.0000000000
79617  -24.027  14.300  -3.222 0.0000000000
78700  -27.091  13.418  -8.948 0.0000000000
78687  -26.668  13.847  -8.561 0.0000000000
73303  -28.237  6.206  -3.001 0.0000000000
73314  -28.381  6.112  -4.088 0.0000000000
72363  -28.164  5.036  -3.979 0.0000000000
61445  -22.934  -5.678  0.399 0.0000000000
61444  -22.220  -5.257  0.708 0.0000000000
62368  -20.922  -3.987  0.836 0.0000000000
62369  -21.904  -4.425  0.519 0.0000000000
68600  -19.225  2.150  -1.356 0.0000000000
67727  -19.336  1.462  -0.931 0.0000000000
65955  -19.715  -0.375  -0.582 0.0000000000
65971  -20.533  -0.249  -1.483 0.0000000000
66846  -20.970  0.376  -2.090 0.0000000000
126518  -24.434  21.866  -7.256 0.0000000000
85683  -24.612  21.926  -8.125 0.0000000000
84846  -25.052  21.237  -6.878 0.0000000000
83992  -25.434  19.428  -5.303 0.0000000000
84837  -25.430  20.366  -6.550 0.0000000000
127270  -25.712  19.565  -6.187 0.0000000000
83999  -25.748  19.439  -7.256 0.0000000000
133348  -25.928  18.973  -5.804 0.0000000000
73296  -18.313  7.547  -3.032 0.0000000000
74273  -19.837  8.498  -4.477 0.0000000000
76082  -23.789  10.814  -2.905 0.0000000000
76080  -22.662  10.203  -4.116 0.0000000000
76910  -23.068  10.885  -3.529 0.0000000000
140506  -22.418  11.017  -4.035 0.0000000000
126846  -23.541  11.591  -3.009 0.0000000000
138528  -25.010  13.175  -2.266 0.0000000000
77761  -25.946  12.874  -2.156 0.0000000000
137222  -27.729  12.652  -3.459 0.0000000000
77783  -27.872  12.912  -5.204 0.0000000000
77790  -27.760  12.866  -6.234 0.0000000000
77784  -28.199  12.219  -5.737 0.0000000000
77798  -28.298  12.334  -7.715 0.0000000000
76095  -28.642  10.527  -4.955 0.0000000000
76105  -28.675  10.732  -6.004 0.0000000000
60471  -24.088  -6.425  0.835 0.0000000000
72336  -17.861  6.467  -1.644 0.0000000000
72346  -18.119  7.016  -2.390 0.0000000000
72347  -18.329  6.383  -2.307 0.0000000000
136769  -20.367  6.199  -3.802 0.0000000000
72376  -20.801  6.765  -4.177 0.0000000000
73323  -21.516  7.140  -4.379 0.0000000000
73325  -22.742  7.837  -4.084 0.0000000000
73313  -23.121  7.449  -3.690 0.0000000000
73298  -23.554  7.826  -3.265 0.0000000000
72348  -24.329  6.220  -2.408 0.0000000000
71424  -24.236  5.283  -2.418 0.0000000000
68632  -21.027  2.244  -2.985 0.0000000000
68652  -21.337  2.820  -3.250 0.0000000000
68633  -21.698  2.156  -2.992 0.0000000000
69555  -23.895  2.737  -2.510 0.0000000000
69556  -25.117  3.577  -1.910 0.0000000000
69536  -26.125  4.060  -1.784 0.0000000000
69537  -27.031  3.452  -2.325 0.0000000000
69557  -26.323  3.012  -1.953 0.0000000000
67760  -26.344  1.095  -2.230 0.0000000000
68637  -26.593  1.880  -2.271 0.0000000000
121157  -27.122  0.972  -2.989 0.0000000000
67762  -28.109  1.365  -3.187 0.0000000000
85709  -24.696  21.620  -10.258 0.0000000000
129606  -24.326  21.778  -11.552 0.0000000000
122786  -17.691  9.212  -2.533 0.0000000000
79634  -21.635  14.804  -4.303 0.0000000000
80566  -21.779  15.698  -4.393 0.0000000000
128909  -22.975  17.212  -3.779 0.0000000000
81410  -23.522  16.360  -3.463 0.0000000000
81426  -25.790  17.058  -3.553 0.0000000000
82275  -26.158  17.458  -4.247 0.0000000000
82282  -26.426  17.349  -6.137 0.0000000000
137928  -26.746  14.658  -3.487 0.0000000000
79619  -26.671  15.115  -3.747 0.0000000000
80595  -25.889  14.860  -8.660 0.0000000000
80589  -26.327  15.277  -7.727 0.0000000000
80588  -25.899  15.739  -8.352 0.0000000000
81448  -25.730  16.451  -8.641 0.0000000000
81455  -25.211  16.124  -9.513 0.0000000000
80602  -24.656  15.945  -10.677 0.0000000000
74252  -27.081  8.309  -1.689 0.0000000000
137662  -27.841  8.937  -1.923 0.0000000000
74253  -28.190  8.192  -2.270 0.0000000000
74277  -28.781  8.021  -4.612 0.0000000000
63302  -20.016  -3.566  1.154 0.0000000000
64178  -20.392  -2.299  0.194 0.0000000000
64194  -22.267  -2.213  -0.659 0.0000000000
65091  -22.087  -1.227  -1.139 0.0000000000
64209  -23.068  -1.788  -1.006 0.0000000000
62385  -24.173  -4.586  -0.497 0.0000000000
65093  -24.619  -1.899  -1.556 0.0000000000
66831  -19.399  0.711  -0.467 0.0000000000
65954  -19.283  -0.034  0.033 0.0000000000
139727  -19.779  -0.773  -0.309 0.0000000000
84836  -24.635  20.992  -5.980 0.0000000000
83991  -24.527  19.768  -4.800 0.0000000000
83977  -24.585  19.100  -4.337 0.0000000000
74275  -21.553  8.474  -4.602 0.0000000000
75214  -22.265  8.862  -4.477 0.0000000000
75201  -22.909  9.296  -4.065 0.0000000000
76081  -23.355  10.027  -3.625 0.0000000000
76897  -25.366  11.215  -1.897 0.0000000000
76911  -25.821  11.898  -1.977 0.0000000000
76913  -27.903  12.011  -2.906 0.0000000000
76914  -28.202  12.145  -3.802 0.0000000000
129775  -28.386  11.406  -3.406 0.0000000000
76084  -28.578  10.702  -3.897 0.0000000000
122890  -28.680  9.881  -4.276 0.0000000000
70449  -17.830  4.862  -1.430 0.0000000000
134125  -18.687  6.040  -2.514 0.0000000000
71422  -18.915  5.269  -2.488 0.0000000000
71440  -20.296  5.475  -3.508 0.0000000000
71461  -21.654  5.906  -4.205 0.0000000000
72361  -22.314  6.125  -4.091 0.0000000000
71442  -21.905  5.201  -4.032 0.0000000000
70486  -22.738  4.435  -3.361 0.0000000000
67757  -21.981  1.533  -2.810 0.0000000000
126691  -22.152  2.055  -2.900 0.0000000000
67758  -22.653  1.654  -2.625 0.0000000000
68635  -23.454  2.126  -2.526 0.0000000000
68636  -24.533  2.249  -2.183 0.0000000000
66872  -25.440  0.781  -2.072 0.0000000000
66851  -25.981  0.052  -2.002 0.0000000000
86525  -22.875  22.635  -7.418 0.0000000000
88162  -22.152  24.096  -9.356 0.0000000000
88183  -21.825  25.299  -10.965 0.0000000000
87378  -22.521  23.271  -14.533 0.0000000000
84861  -25.047  20.082  -9.799 0.0000000000
85719  -24.595  20.666  -11.451 0.0000000000
84866  -24.785  19.836  -10.812 0.0000000000
77771  -19.612  12.434  -4.759 0.0000000000
122528  -20.036  12.764  -4.808 0.0000000000
78660  -21.666  14.015  -4.124 0.0000000000
80547  -22.577  15.033  -3.992 0.0000000000
80548  -23.616  15.240  -3.479 0.0000000000
80549  -24.489  15.975  -2.949 0.0000000000
81413  -26.086  16.309  -3.401 0.0000000000
79657  -27.062  14.275  -6.396 0.0000000000
79665  -26.440  14.507  -8.138 0.0000000000
79677  -25.428  14.376  -9.965 0.0000000000
74254  -28.395  7.213  -2.930 0.0000000000
73326  -28.606  6.629  -4.914 0.0000000000
62353  -20.460  -4.373  1.417 0.0000000000
63316  -20.556  -3.110  0.614 0.0000000000
64179  -21.083  -2.782  0.201 0.0000000000
63331  -21.880  -3.002  -0.156 0.0000000000
63332  -22.915  -3.293  -0.458 0.0000000000
68616  -18.721  2.921  -1.439 0.0000000000
69535  -19.271  3.194  -2.261 0.0000000000
69553  -20.267  3.026  -3.268 0.0000000000
68630  -19.828  2.684  -2.764 0.0000000000
67754  -19.914  1.899  -2.533 0.0000000000
67755  -20.570  1.678  -2.691 0.0000000000
66845  -19.726  0.640  -1.515 0.0000000000
67741  -20.116  1.067  -2.227 0.0000000000
133489  -20.827  1.003  -2.496 0.0000000000
66868  -21.657  0.878  -2.533 0.0000000000
66847  -21.861  0.176  -2.084 0.0000000000
65973  -22.555  -0.186  -1.572 0.0000000000
86516  -22.432  22.073  -6.945 0.0000000000
86547  -24.366  22.630  -9.505 0.0000000000
85698  -24.724  21.878  -9.044 0.0000000000
84854  -24.944  21.296  -8.626 0.0000000000
84855  -25.197  20.424  -8.721 0.0000000000
84007  -25.477  19.369  -8.449 0.0000000000
129502  -25.501  18.453  -8.741 0.0000000000
75211  -18.906  9.353  -4.217 0.0000000000
75213  -21.493  9.241  -4.707 0.0000000000
119707  -20.858  9.672  -4.835 0.0000000000
76923  -21.073  11.090  -4.887 0.0000000000
77758  -22.732  11.852  -3.563 0.0000000000
78639  -23.821  13.396  -3.169 0.0000000000
78640  -24.586  13.765  -2.604 0.0000000000
77760  -24.328  12.981  -2.598 0.0000000000
118611  -26.782  14.204  -3.127 0.0000000000
137240  -26.764  12.854  -2.489 0.0000000000
78643  -27.335  13.446  -3.576 0.0000000000
138273  -27.278  13.994  -4.967 0.0000000000
78670  -27.415  13.648  -5.660 0.0000000000
78680  -27.376  13.524  -6.840 0.0000000000
77805  -27.711  12.911  -8.356 0.0000000000
77806  -28.449  12.562  -8.748 0.0000000000
76934  -28.520  11.536  -6.278 0.0000000000
71427  -28.018  4.063  -4.133 0.0000000000
60480  -23.242  -6.129  0.484 0.0000000000
61446  -23.527  -5.652  0.163 0.0000000000
62371  -23.813  -5.044  -0.166 0.0000000000
73310  -18.772  7.373  -3.474 0.0000000000
71438  -19.157  6.088  -2.985 0.0000000000
72359  -19.282  6.894  -3.528 0.0000000000
73322  -20.420  7.430  -4.263 0.0000000000
74276  -22.257  8.169  -4.391 0.0000000000
74249  -23.555  8.414  -3.364 0.0000000000
117966  -24.797  8.617  -2.156 0.0000000000
74251  -25.692  8.079  -1.754 0.0000000000
73300  -25.243  7.299  -1.890 0.0000000000
132498  -23.685  6.952  -3.031 0.0000000000
136700  -24.473  6.920  -2.349 0.0000000000
73301  -26.641  7.377  -1.780 0.0000000000
72350  -26.352  6.581  -1.778 0.0000000000
72338  -27.123  5.748  -2.106 0.0000000000
69572  -20.842  3.380  -3.458 0.0000000000
69573  -21.564  3.604  -3.432 0.0000000000
70465  -23.228  3.932  -2.912 0.0000000000
69554  -23.013  2.981  -2.802 0.0000000000
70466  -24.153  4.297  -2.424 0.0000000000
70467  -25.117  4.668  -1.899 0.0000000000
71413  -26.040  5.013  -1.733 0.0000000000
71415  -27.429  4.812  -2.433 0.0000000000
70451  -27.562  3.814  -2.770 0.0000000000
127073  -23.969  22.543  -11.522 0.0000000000
85730  -23.954  20.991  -12.882 0.0000000000
82273  -23.559  17.996  -3.715 0.0000000000
83118  -25.163  18.612  -4.054 0.0000000000
81411  -24.461  16.697  -3.177 0.0000000000
125365  -25.489  17.831  -3.702 0.0000000000
83128  -25.769  18.663  -4.993 0.0000000000
83129  -26.239  18.296  -5.899 0.0000000000
83141  -26.118  18.125  -7.518 0.0000000000
83146  -25.692  17.889  -8.452 0.0000000000
136374  -25.422  14.882  -2.590 0.0000000000
80551  -26.316  15.650  -3.277 0.0000000000
80577  -26.604  15.917  -5.331 0.0000000000
79647  -26.700  15.018  -5.922 0.0000000000
80583  -26.540  15.738  -6.648 0.0000000000
81437  -26.516  16.493  -6.025 0.0000000000
81442  -26.169  16.565  -7.805 0.0000000000
82297  -25.490  17.055  -9.015 0.0000000000
123374  -25.315  17.742  -9.332 0.0000000000
129559  -24.523  17.330  -10.875 0.0000000000
75193  -27.914  9.716  -2.107 0.0000000000
75216  -28.771  9.088  -4.567 0.0000000000
74263  -28.563  8.187  -3.262 0.0000000000
132771  -28.981  8.701  -5.218 0.0000000000
75221  -28.838  9.507  -5.151 0.0000000000
65063  -18.768  -1.315  0.464 0.0000000000
65064  -19.494  -1.247  0.117 0.0000000000
64191  -20.001  -1.065  -0.337 0.0000000000
64192  -20.476  -1.527  -0.294 0.0000000000
65077  -20.526  -0.890  -0.882 0.0000000000
65090  -21.256  -0.739  -1.336 0.0000000000
126076  -21.942  -0.549  -1.624 0.0000000000
65974  -23.463  -0.581  -1.310 0.0000000000
62384  -23.523  -4.264  -0.419 0.0000000000
124457  -23.730  -3.562  -0.804 0.0000000000
63346  -24.219  -3.259  -1.219 0.0000000000
65092  -23.751  -1.433  -1.202 0.0000000000
132751  -24.150  -0.201  -1.593 0.0000000000
65975  -25.252  -0.568  -1.782 0.0000000000
65970  -19.894  -0.060  -1.291 0.0000000000
67759  -24.372  1.515  -2.161 0.0000000000
67761  -27.726  0.962  -3.153 0.0000000000
68631  -20.362  2.381  -2.989 0.0000000000
69574  -22.387  3.675  -3.210 0.0000000000
70437  -18.097  4.236  -1.593 0.0000000000
70483  -20.751  4.082  -3.544 0.0000000000
70485  -22.080  4.419  -3.635 0.0000000000
71414  -26.755  5.221  -1.967 0.0000000000
71423  -23.521  5.890  -3.031 0.0000000000
71425  -25.133  5.615  -1.881 0.0000000000
71426  -27.823  4.177  -3.163 0.0000000000
71439  -19.629  5.343  -3.045 0.0000000000
71441  -21.344  5.220  -3.963 0.0000000000
71460  -20.947  5.817  -3.994 0.0000000000
72360  -20.041  6.822  -3.869 0.0000000000
72362  -22.984  6.515  -3.631 0.0000000000
72377  -21.381  6.469  -4.264 0.0000000000
73311  -19.714  7.461  -4.022 0.0000000000
73312  -22.594  7.070  -4.088 0.0000000000
73324  -22.181  7.489  -4.353 0.0000000000
74260  -19.136  7.575  -3.834 0.0000000000
74261  -23.185  8.151  -3.749 0.0000000000
74262  -28.401  9.054  -2.590 0.0000000000
74274  -20.594  8.828  -4.676 0.0000000000
75190  -25.043  9.392  -1.991 0.0000000000
75192  -27.017  9.322  -1.663 0.0000000000
75200  -18.247  9.195  -3.410 0.0000000000
75212  -19.721  9.131  -4.569 0.0000000000
75215  -22.823  8.501  -4.105 0.0000000000
76068  -23.883  9.925  -2.979 0.0000000000
76083  -28.466  10.693  -3.072 0.0000000000
76092  -20.586  10.509  -4.926 0.0000000000
76093  -21.354  10.110  -4.797 0.0000000000
76899  -27.473  11.236  -2.359 0.0000000000
76920  -18.771  12.005  -4.352 0.0000000000
76922  -20.180  11.652  -4.957 0.0000000000
76925  -28.463  11.433  -4.330 0.0000000000
77745  -27.317  12.814  -2.859 0.0000000000
77762  -27.847  12.841  -4.230 0.0000000000
77791  -28.186  12.217  -6.714 0.0000000000
78638  -22.566  13.822  -3.816 0.0000000000
78659  -21.021  13.456  -4.376 0.0000000000
78688  -27.249  13.407  -7.926 0.0000000000
79636  -27.011  14.306  -4.223 0.0000000000
79672  -25.950  14.126  -9.217 0.0000000000
80568  -26.556  15.898  -4.170 0.0000000000
80603  -24.939  15.343  -10.217 0.0000000000
81425  -24.964  17.284  -3.261 0.0000000000
81427  -26.355  16.692  -4.134 0.0000000000
81443  -26.435  16.582  -6.903 0.0000000000
82274  -24.583  18.009  -3.518 0.0000000000
82291  -25.986  17.249  -8.135 0.0000000000
82303  -24.605  16.684  -10.538 0.0000000000
83135  -26.072  18.758  -6.683 0.0000000000
83136  -26.344  17.997  -6.710 0.0000000000
83151  -24.834  17.629  -10.202 0.0000000000
84003  -25.755  18.689  -7.956 0.0000000000
84860  -24.955  21.001  -9.437 0.0000000000
85669  -24.064  21.698  -6.382 0.0000000000
86536  -24.214  22.638  -8.483 0.0000000000
86567  -22.923  22.686  -13.315 0.0000000000
116836  -20.893  8.000  -4.548 0.0000000000
118601  -24.849  14.462  -2.582 0.0000000000
120274  -18.384  4.747  -1.975 0.0000000000
120664  -20.191  9.777  -4.766 0.0000000000
120871  -21.607  7.805  -4.495 0.0000000000
120951  -23.137  23.905  -9.488 0.0000000000
125760  -26.283  14.945  -2.908 0.0000000000
129934  -25.842  18.140  -4.341 0.0000000000
132036  -28.580  10.107  -3.517 0.0000000000
132571  -20.596  12.888  -4.603 0.0000000000
132719  -22.330  14.427  -3.965 0.0000000000
134860  -24.509  9.855  -2.377 0.0000000000
135173  -19.728  4.008  -3.014 0.0000000000
135174  -19.433  8.036  -4.188 0.0000000000
137616  -20.472  0.706  -2.180 0.0000000000
138360  -26.500  16.347  -4.673 0.0000000000
138410  -25.624  15.912  -8.992 0.0000000000
138482  -25.648  14.594  -9.318 0.0000000000
138779  -28.008  6.912  -2.580 0.0000000000
138891  -22.072  0.641  -2.363 0.0000000000
139089  -24.711  7.975  -2.199 0.0000000000
140244  -24.571  2.918  -2.155 0.0000000000
