#!ascii label  , from subject sub-v2s4x29602_ses-1 vox2ras=TkReg
652
70214  18.786  -7.633  0.107 0.0000000000
78170  29.065  0.201  -4.841 0.0000000000
122868  26.697  11.085  -3.795 0.0000000000
82293  20.944  5.904  -4.174 0.0000000000
65824  21.458  -13.355  0.548 0.0000000000
136590  24.932  -9.909  -1.210 0.0000000000
73878  23.445  -4.128  -1.781 0.0000000000
78159  21.462  0.585  -3.196 0.0000000000
82288  29.196  5.346  -3.670 0.0000000000
85369  29.424  10.719  -10.578 0.0000000000
89923  25.552  15.556  -6.340 0.0000000000
68522  19.923  -10.172  -0.053 0.0000000000
67669  23.091  -11.805  -0.115 0.0000000000
70227  22.144  -8.531  -1.023 0.0000000000
76422  19.707  -0.932  -1.643 0.0000000000
120493  18.080  2.237  -1.220 0.0000000000
124996  24.275  7.959  -4.826 0.0000000000
82277  24.368  5.020  -4.509 0.0000000000
124555  27.772  8.141  -3.336 0.0000000000
84647  30.025  7.781  -7.209 0.0000000000
86733  29.394  10.945  -7.217 0.0000000000
90623  22.845  16.471  -5.226 0.0000000000
89182  22.437  14.720  -6.162 0.0000000000
91322  23.415  18.176  -7.721 0.0000000000
75547  26.331  -2.440  -2.851 0.0000000000
73072  26.524  -5.493  -3.603 0.0000000000
74733  29.032  -3.142  -4.494 0.0000000000
86040  23.618  10.264  -5.464 0.0000000000
79896  31.646  2.127  -7.005 0.0000000000
123397  18.899  -5.194  -0.191 0.0000000000
72118  21.045  -6.054  -1.088 0.0000000000
74691  20.440  -3.409  -1.340 0.0000000000
76438  22.514  -1.820  -2.879 0.0000000000
77317  25.350  0.263  -2.801 0.0000000000
79867  21.265  3.027  -3.651 0.0000000000
79864  24.580  2.633  -3.665 0.0000000000
79860  28.719  2.272  -4.790 0.0000000000
82308  30.389  5.204  -7.676 0.0000000000
87454  23.054  12.563  -6.247 0.0000000000
88314  26.029  13.505  -5.407 0.0000000000
92661  26.013  19.483  -8.793 0.0000000000
91337  27.842  16.851  -8.638 0.0000000000
130313  28.540  14.102  -7.994 0.0000000000
88344  27.660  13.502  -12.264 0.0000000000
71190  24.185  -6.937  -2.228 0.0000000000
72089  17.571  -6.935  1.075 0.0000000000
126798  18.297  -8.160  0.533 0.0000000000
70213  19.364  -8.928  -0.105 0.0000000000
69337  20.515  -9.730  -0.344 0.0000000000
123367  20.500  -7.742  -0.690 0.0000000000
121606  24.857  9.145  -4.385 0.0000000000
84611  25.705  8.251  -3.545 0.0000000000
86017  27.882  10.125  -3.666 0.0000000000
86025  29.132  10.056  -4.753 0.0000000000
86723  28.421  11.506  -5.368 0.0000000000
91299  23.252  17.796  -6.095 0.0000000000
117605  23.123  17.428  -6.808 0.0000000000
122245  23.053  18.963  -7.489 0.0000000000
76451  27.901  -1.459  -3.460 0.0000000000
75565  27.937  -3.046  -4.328 0.0000000000
76465  28.993  -1.552  -4.909 0.0000000000
84632  22.328  8.522  -5.451 0.0000000000
134933  21.911  10.151  -5.264 0.0000000000
66779  19.975  -11.884  0.848 0.0000000000
65812  20.314  -13.364  1.366 0.0000000000
64818  21.449  -14.516  1.195 0.0000000000
65809  22.822  -13.626  1.242 0.0000000000
134408  24.074  -10.905  -0.614 0.0000000000
67656  24.271  -11.406  0.902 0.0000000000
73864  20.162  -4.151  -0.950 0.0000000000
75518  19.022  -3.108  -0.621 0.0000000000
137110  20.280  0.093  -2.308 0.0000000000
76440  20.840  -1.191  -2.468 0.0000000000
76456  21.914  -0.761  -3.200 0.0000000000
76453  23.771  -0.975  -3.220 0.0000000000
78156  23.209  0.151  -3.554 0.0000000000
80645  18.990  3.718  -2.486 0.0000000000
81494  20.902  4.554  -3.791 0.0000000000
82274  27.009  5.552  -2.537 0.0000000000
81492  24.633  4.221  -4.109 0.0000000000
81479  27.486  3.555  -2.386 0.0000000000
80643  28.064  2.510  -2.530 0.0000000000
81488  28.899  3.391  -3.613 0.0000000000
123945  29.914  3.607  -5.992 0.0000000000
124955  30.277  5.233  -6.114 0.0000000000
85352  29.824  9.382  -9.488 0.0000000000
83887  30.711  7.587  -8.908 0.0000000000
133682  23.629  15.381  -6.536 0.0000000000
88317  22.940  13.497  -6.386 0.0000000000
89163  24.501  13.960  -6.168 0.0000000000
88315  25.010  13.331  -5.789 0.0000000000
131372  25.895  14.841  -5.972 0.0000000000
120956  28.300  15.299  -8.073 0.0000000000
89952  28.154  15.190  -9.780 0.0000000000
88341  28.494  13.424  -9.111 0.0000000000
73045  22.384  -5.282  -1.585 0.0000000000
72116  22.852  -6.119  -1.768 0.0000000000
73056  24.059  -5.785  -2.263 0.0000000000
73053  27.458  -5.892  -3.449 0.0000000000
72127  26.186  -6.600  -2.928 0.0000000000
67674  18.978  -10.957  0.847 0.0000000000
67672  20.450  -11.532  0.251 0.0000000000
66776  22.190  -12.788  0.180 0.0000000000
126994  21.417  -10.730  -0.425 0.0000000000
68520  22.138  -10.217  -0.546 0.0000000000
69334  23.736  -9.598  -1.120 0.0000000000
77284  18.478  -0.128  -0.593 0.0000000000
78120  18.931  0.786  -1.379 0.0000000000
79026  19.562  1.356  -2.116 0.0000000000
83105  22.672  6.767  -5.193 0.0000000000
82291  22.619  5.248  -4.832 0.0000000000
83103  24.310  6.554  -4.799 0.0000000000
122136  25.425  6.503  -3.631 0.0000000000
83845  28.291  7.295  -3.357 0.0000000000
127395  29.729  6.729  -5.111 0.0000000000
84630  29.593  8.575  -5.268 0.0000000000
85347  29.731  9.589  -7.817 0.0000000000
86060  29.135  10.385  -9.510 0.0000000000
89895  22.325  15.302  -4.322 0.0000000000
90641  22.814  15.964  -6.244 0.0000000000
89925  23.171  15.764  -6.472 0.0000000000
90652  24.901  16.927  -7.461 0.0000000000
74707  24.254  -3.294  -2.249 0.0000000000
73892  25.144  -5.467  -2.728 0.0000000000
133318  26.581  -4.211  -3.669 0.0000000000
122157  27.780  -4.854  -4.164 0.0000000000
83860  21.114  7.287  -4.681 0.0000000000
83868  22.489  7.697  -5.359 0.0000000000
133294  23.664  8.934  -5.270 0.0000000000
86030  24.968  10.428  -4.654 0.0000000000
66762  23.379  -12.834  1.029 0.0000000000
78197  29.932  0.926  -6.449 0.0000000000
78182  30.465  -0.288  -5.876 0.0000000000
73033  18.711  -6.036  0.017 0.0000000000
71166  20.709  -6.908  -0.951 0.0000000000
73031  20.453  -5.425  -0.881 0.0000000000
137509  20.634  -4.687  -1.008 0.0000000000
74689  21.759  -3.703  -1.760 0.0000000000
131968  19.843  -2.262  -1.533 0.0000000000
75553  21.503  -2.513  -2.192 0.0000000000
75551  22.903  -2.520  -2.598 0.0000000000
75549  24.341  -2.449  -2.559 0.0000000000
76434  25.889  -1.455  -2.660 0.0000000000
129477  27.969  0.248  -3.443 0.0000000000
79851  18.907  2.926  -2.079 0.0000000000
123836  21.068  2.198  -3.341 0.0000000000
129944  22.063  3.892  -4.361 0.0000000000
79878  22.654  2.618  -4.216 0.0000000000
139134  23.154  1.233  -3.822 0.0000000000
79041  25.105  1.436  -3.047 0.0000000000
79039  28.029  1.144  -3.380 0.0000000000
79057  28.778  1.263  -4.848 0.0000000000
79899  29.423  2.087  -6.500 0.0000000000
80688  30.741  3.477  -7.261 0.0000000000
83128  30.586  6.329  -7.824 0.0000000000
135602  23.991  11.124  -5.538 0.0000000000
86725  24.841  11.830  -5.253 0.0000000000
87440  26.912  12.164  -4.506 0.0000000000
92018  24.652  18.853  -8.451 0.0000000000
91320  25.706  17.558  -7.727 0.0000000000
92016  27.291  18.325  -8.415 0.0000000000
90636  26.802  16.444  -6.712 0.0000000000
135593  27.582  14.892  -6.329 0.0000000000
88327  27.561  14.049  -5.927 0.0000000000
87450  28.230  12.317  -5.651 0.0000000000
87462  28.970  12.362  -7.511 0.0000000000
87475  28.593  12.104  -9.833 0.0000000000
86749  28.016  12.303  -11.892 0.0000000000
71178  22.046  -7.588  -1.303 0.0000000000
70226  22.996  -7.960  -1.493 0.0000000000
70224  24.520  -8.174  -1.719 0.0000000000
72129  25.071  -6.492  -2.748 0.0000000000
70236  25.254  -7.410  -2.362 0.0000000000
71153  18.116  -7.290  0.657 0.0000000000
71154  17.662  -7.843  1.111 0.0000000000
70198  18.619  -8.966  0.312 0.0000000000
141117  18.913  -8.347  0.067 0.0000000000
70212  20.331  -8.768  -0.426 0.0000000000
130459  19.587  -7.966  -0.267 0.0000000000
85323  25.825  10.015  -3.721 0.0000000000
85316  26.422  9.741  -3.517 0.0000000000
86027  27.519  10.872  -3.688 0.0000000000
86026  28.430  10.558  -4.136 0.0000000000
86709  28.125  11.306  -4.365 0.0000000000
117805  23.021  18.306  -6.782 0.0000000000
77343  28.761  -0.590  -4.572 0.0000000000
76450  28.455  -1.447  -4.254 0.0000000000
77353  29.221  -0.635  -4.987 0.0000000000
66764  20.152  -12.604  1.128 0.0000000000
65825  20.826  -13.037  0.723 0.0000000000
65811  21.069  -13.805  0.921 0.0000000000
65810  21.973  -13.859  0.700 0.0000000000
65823  21.934  -13.224  0.376 0.0000000000
68517  24.536  -10.445  -0.934 0.0000000000
68503  24.528  -10.792  -0.057 0.0000000000
68516  25.049  -10.216  -0.662 0.0000000000
78138  20.892  0.079  -2.716 0.0000000000
77319  21.243  -0.677  -2.815 0.0000000000
78137  21.545  -0.203  -3.159 0.0000000000
131988  22.716  -0.103  -3.533 0.0000000000
78158  22.127  -0.007  -3.523 0.0000000000
81495  20.018  4.575  -3.249 0.0000000000
82278  21.265  5.205  -4.196 0.0000000000
82273  28.275  5.554  -2.988 0.0000000000
125261  26.953  4.469  -2.396 0.0000000000
81489  27.915  4.564  -2.489 0.0000000000
81478  28.131  3.392  -3.000 0.0000000000
124663  28.806  4.654  -3.423 0.0000000000
120913  30.105  4.522  -5.278 0.0000000000
82287  29.720  5.183  -4.474 0.0000000000
85361  29.664  9.898  -10.175 0.0000000000
85360  30.490  9.167  -9.876 0.0000000000
129825  24.400  15.407  -6.562 0.0000000000
89180  23.880  14.673  -6.415 0.0000000000
89179  24.977  14.757  -6.238 0.0000000000
90660  27.959  16.007  -9.969 0.0000000000
90667  27.175  15.082  -11.993 0.0000000000
89200  27.791  14.347  -10.646 0.0000000000
73861  22.861  -4.688  -1.702 0.0000000000
73057  23.275  -5.550  -1.846 0.0000000000
130621  23.650  -5.056  -1.845 0.0000000000
73860  28.643  -5.186  -2.302 0.0000000000
73044  27.534  -6.274  -2.508 0.0000000000
69323  19.089  -9.770  0.113 0.0000000000
68506  18.634  -10.262  0.647 0.0000000000
68505  19.408  -10.526  0.334 0.0000000000
67673  19.741  -11.189  0.570 0.0000000000
68504  20.187  -10.830  0.098 0.0000000000
67686  20.886  -11.186  -0.223 0.0000000000
68521  20.662  -10.478  -0.260 0.0000000000
126225  21.281  -9.131  -0.601 0.0000000000
117681  21.321  -9.987  -0.464 0.0000000000
69336  22.145  -9.408  -0.725 0.0000000000
69335  22.863  -9.703  -0.775 0.0000000000
69350  23.146  -8.823  -1.146 0.0000000000
78996  17.780  1.262  -0.555 0.0000000000
78110  18.406  0.665  -0.850 0.0000000000
79012  18.351  1.471  -1.165 0.0000000000
79011  19.082  1.279  -1.649 0.0000000000
83859  23.229  7.373  -5.328 0.0000000000
83104  23.574  6.436  -5.127 0.0000000000
83857  24.561  7.359  -4.584 0.0000000000
127642  26.662  8.155  -3.277 0.0000000000
83847  26.012  7.394  -3.320 0.0000000000
83846  27.122  7.364  -3.102 0.0000000000
84619  28.960  8.188  -3.690 0.0000000000
83855  29.497  7.807  -4.621 0.0000000000
84618  29.386  8.602  -4.328 0.0000000000
132053  29.358  10.392  -6.541 0.0000000000
85341  29.538  9.643  -6.582 0.0000000000
86047  29.524  10.171  -7.267 0.0000000000
86054  29.560  10.302  -8.253 0.0000000000
86738  29.327  11.150  -8.518 0.0000000000
91292  23.225  17.301  -5.100 0.0000000000
89899  22.667  15.859  -4.797 0.0000000000
89900  22.339  15.245  -5.303 0.0000000000
90624  22.648  15.912  -5.680 0.0000000000
129620  23.398  17.366  -7.322 0.0000000000
90640  23.273  16.542  -6.746 0.0000000000
90639  23.853  16.661  -7.332 0.0000000000
91321  23.940  17.456  -7.739 0.0000000000
74705  25.838  -3.162  -2.665 0.0000000000
74720  25.854  -4.074  -2.893 0.0000000000
74719  26.496  -3.393  -3.345 0.0000000000
75580  28.558  -3.140  -4.441 0.0000000000
73905  27.930  -3.982  -4.365 0.0000000000
74717  28.664  -3.745  -4.353 0.0000000000
73889  28.552  -4.506  -4.077 0.0000000000
83861  20.521  7.241  -4.018 0.0000000000
83114  21.870  7.401  -5.080 0.0000000000
129962  21.221  7.905  -4.854 0.0000000000
85334  23.254  9.536  -5.463 0.0000000000
84631  23.052  8.759  -5.522 0.0000000000
85333  23.998  9.551  -5.232 0.0000000000
85325  24.574  9.657  -4.749 0.0000000000
86039  24.320  10.300  -5.168 0.0000000000
67670  22.126  -12.131  -0.182 0.0000000000
66775  22.839  -12.501  0.287 0.0000000000
121955  23.955  -12.163  1.227 0.0000000000
79081  30.041  1.606  -6.817 0.0000000000
73012  18.142  -5.597  0.465 0.0000000000
73032  19.526  -5.718  -0.533 0.0000000000
73863  21.117  -4.065  -1.396 0.0000000000
74690  21.252  -3.212  -1.766 0.0000000000
76423  19.038  -0.923  -0.965 0.0000000000
75533  19.464  -1.685  -1.354 0.0000000000
117621  21.813  -1.892  -2.627 0.0000000000
124695  21.082  -1.867  -2.353 0.0000000000
75552  22.240  -2.482  -2.440 0.0000000000
75550  23.553  -2.529  -2.593 0.0000000000
76437  23.105  -2.016  -2.894 0.0000000000
77318  24.580  -0.383  -3.013 0.0000000000
128464  25.510  -0.531  -2.725 0.0000000000
77331  26.544  -0.547  -2.698 0.0000000000
77315  27.006  0.335  -2.797 0.0000000000
80660  19.765  3.743  -2.974 0.0000000000
129121  19.619  2.933  -2.629 0.0000000000
79850  20.259  2.152  -2.835 0.0000000000
82290  23.312  5.090  -4.955 0.0000000000
81506  22.396  4.437  -4.599 0.0000000000
81504  23.597  4.415  -4.758 0.0000000000
80655  24.931  3.370  -3.618 0.0000000000
80657  23.819  3.001  -4.305 0.0000000000
79865  23.333  2.116  -4.110 0.0000000000
119920  24.026  2.162  -3.910 0.0000000000
79043  23.807  1.365  -3.674 0.0000000000
120555  25.274  1.952  -3.088 0.0000000000
134453  28.404  1.978  -2.939 0.0000000000
79848  27.861  1.625  -2.855 0.0000000000
79861  28.400  1.481  -3.670 0.0000000000
79038  28.535  1.195  -4.169 0.0000000000
79876  28.603  1.703  -4.662 0.0000000000
79067  29.029  1.714  -5.936 0.0000000000
79888  29.115  2.340  -5.985 0.0000000000
81519  30.342  4.470  -7.140 0.0000000000
121236  30.144  3.722  -6.725 0.0000000000
81529  30.531  4.596  -7.640 0.0000000000
81528  31.110  4.225  -7.812 0.0000000000
81536  30.868  4.965  -8.244 0.0000000000
83876  30.015  7.458  -6.477 0.0000000000
83122  30.171  6.777  -6.152 0.0000000000
83881  30.556  7.309  -7.874 0.0000000000
89165  22.009  14.699  -5.855 0.0000000000
88328  22.138  14.118  -6.212 0.0000000000
87455  21.903  13.181  -6.088 0.0000000000
86726  23.136  11.685  -5.818 0.0000000000
119908  23.939  12.132  -5.912 0.0000000000
87453  25.468  12.703  -5.266 0.0000000000
87441  25.891  12.074  -4.706 0.0000000000
87452  26.482  12.819  -4.939 0.0000000000
92662  24.662  19.515  -8.863 0.0000000000
121168  25.673  18.866  -8.390 0.0000000000
92006  25.216  18.206  -8.143 0.0000000000
91336  27.728  17.545  -8.952 0.0000000000
92024  27.774  18.173  -9.356 0.0000000000
91318  27.349  17.631  -8.014 0.0000000000
91319  26.680  17.484  -7.608 0.0000000000
90650  27.377  16.911  -7.483 0.0000000000
89921  27.201  15.775  -6.447 0.0000000000
89940  27.609  16.229  -7.005 0.0000000000
89177  28.261  14.798  -7.374 0.0000000000
88326  28.238  14.093  -6.735 0.0000000000
88312  28.063  13.248  -5.994 0.0000000000
131176  28.607  12.598  -6.562 0.0000000000
88335  28.631  13.252  -7.423 0.0000000000
88345  27.602  13.471  -11.317 0.0000000000
87476  28.453  12.804  -10.367 0.0000000000
87482  28.202  12.048  -11.109 0.0000000000
87483  27.826  12.702  -12.090 0.0000000000
71179  21.535  -6.803  -1.283 0.0000000000
128545  22.915  -7.316  -1.681 0.0000000000
71176  23.726  -7.408  -1.855 0.0000000000
70225  23.893  -8.059  -1.654 0.0000000000
71189  24.521  -7.467  -2.124 0.0000000000
73073  25.763  -5.595  -3.108 0.0000000000
73074  25.276  -5.962  -2.859 0.0000000000
72145  26.044  -6.059  -3.139 0.0000000000
72126  26.745  -6.857  -2.515 0.0000000000
71187  25.942  -7.253  -2.459 0.0000000000
70222  25.803  -7.918  -1.819 0.0000000000
70223  25.152  -8.014  -1.821 0.0000000000
69338  19.812  -9.524  -0.166 0.0000000000
71165  21.244  -8.210  -0.832 0.0000000000
84620  24.891  8.295  -4.295 0.0000000000
130881  25.552  9.196  -3.789 0.0000000000
84610  26.442  8.951  -3.417 0.0000000000
138875  28.034  9.598  -3.650 0.0000000000
85322  29.342  9.271  -4.534 0.0000000000
85314  28.692  9.709  -3.995 0.0000000000
86038  28.720  10.792  -5.031 0.0000000000
86722  28.921  10.910  -6.066 0.0000000000
122686  23.437  18.215  -5.405 0.0000000000
118153  22.949  16.743  -6.051 0.0000000000
91307  23.050  18.200  -7.258 0.0000000000
76452  27.022  -1.502  -2.887 0.0000000000
75566  27.291  -2.576  -3.632 0.0000000000
129745  28.093  -2.191  -4.013 0.0000000000
75564  28.577  -2.361  -4.474 0.0000000000
75579  29.007  -2.473  -4.805 0.0000000000
85335  22.252  9.507  -5.391 0.0000000000
86041  22.608  10.327  -5.464 0.0000000000
67658  18.746  -11.508  1.600 0.0000000000
66766  18.761  -12.375  2.201 0.0000000000
66765  19.380  -12.257  1.537 0.0000000000
133321  19.719  -12.946  1.667 0.0000000000
63881  21.851  -15.075  1.649 0.0000000000
64817  22.343  -14.388  1.390 0.0000000000
64816  23.099  -14.064  1.958 0.0000000000
67683  23.454  -11.122  -0.502 0.0000000000
66761  23.583  -12.065  0.488 0.0000000000
135683  23.850  -11.404  -0.064 0.0000000000
73846  18.429  -4.671  0.105 0.0000000000
73845  19.235  -4.382  -0.478 0.0000000000
74674  18.859  -3.881  -0.365 0.0000000000
74673  19.595  -3.615  -0.796 0.0000000000
131049  19.815  -2.893  -1.174 0.0000000000
77321  19.965  -0.301  -1.988 0.0000000000
76441  20.282  -0.942  -2.147 0.0000000000
77320  20.599  -0.512  -2.449 0.0000000000
128416  21.507  -1.301  -2.757 0.0000000000
76455  22.499  -1.082  -3.216 0.0000000000
76454  23.077  -1.395  -3.172 0.0000000000
77334  23.048  -0.590  -3.412 0.0000000000
77333  23.779  -0.136  -3.354 0.0000000000
77332  24.538  0.394  -3.173 0.0000000000
80659  20.622  3.767  -3.485 0.0000000000
128035  25.317  5.620  -3.635 0.0000000000
81503  24.106  4.352  -4.565 0.0000000000
82275  25.870  4.907  -3.078 0.0000000000
81491  25.312  4.056  -3.448 0.0000000000
80654  25.686  3.139  -3.006 0.0000000000
79862  26.127  2.431  -2.779 0.0000000000
80644  26.714  2.809  -2.622 0.0000000000
81487  29.362  3.377  -4.134 0.0000000000
135270  29.391  2.888  -5.701 0.0000000000
81501  29.723  3.550  -4.962 0.0000000000
81512  30.243  4.368  -6.466 0.0000000000
82304  30.238  4.994  -6.998 0.0000000000
84653  29.965  8.986  -8.543 0.0000000000
84646  30.165  8.117  -8.211 0.0000000000
84652  30.473  8.513  -9.327 0.0000000000
140060  30.996  8.548  -10.072 0.0000000000
121853  23.025  15.106  -6.331 0.0000000000
89181  22.956  14.327  -6.355 0.0000000000
89164  23.662  13.878  -6.363 0.0000000000
88316  23.993  13.069  -6.296 0.0000000000
89162  25.504  14.138  -5.839 0.0000000000
89161  26.649  14.370  -5.700 0.0000000000
89939  28.114  16.073  -8.155 0.0000000000
89192  28.429  14.687  -8.710 0.0000000000
131804  28.412  14.073  -9.433 0.0000000000
72117  21.922  -6.001  -1.483 0.0000000000
72131  23.737  -6.303  -2.138 0.0000000000
72130  24.496  -6.463  -2.468 0.0000000000
73071  27.281  -5.464  -3.954 0.0000000000
73054  26.752  -6.032  -3.521 0.0000000000
136378  26.948  -6.391  -3.135 0.0000000000
67657  19.358  -11.546  1.077 0.0000000000
66778  20.668  -12.286  0.462 0.0000000000
66777  21.474  -12.703  0.212 0.0000000000
67671  21.168  -11.927  -0.120 0.0000000000
67685  21.681  -11.407  -0.365 0.0000000000
67684  22.575  -11.335  -0.396 0.0000000000
141055  22.140  -10.881  -0.483 0.0000000000
68519  23.016  -10.505  -0.632 0.0000000000
68518  23.940  -10.518  -0.989 0.0000000000
69333  24.457  -9.783  -1.257 0.0000000000
77299  19.230  -0.018  -1.265 0.0000000000
78119  19.639  0.570  -1.882 0.0000000000
78139  20.209  0.693  -2.394 0.0000000000
124778  20.750  0.805  -2.722 0.0000000000
82292  21.744  5.802  -4.630 0.0000000000
124628  22.448  6.074  -4.955 0.0000000000
136352  23.587  5.618  -5.027 0.0000000000
129407  24.103  5.733  -4.890 0.0000000000
83848  25.182  7.423  -3.948 0.0000000000
83102  24.805  6.738  -4.300 0.0000000000
83091  24.694  5.874  -4.265 0.0000000000
127009  25.948  5.855  -3.136 0.0000000000
83089  27.646  6.509  -2.953 0.0000000000
83088  28.721  6.353  -3.474 0.0000000000
83101  29.444  6.083  -4.278 0.0000000000
83856  29.194  7.095  -3.992 0.0000000000
83866  29.801  7.594  -5.648 0.0000000000
84639  29.788  8.175  -6.330 0.0000000000
85332  29.485  9.471  -5.460 0.0000000000
129074  29.647  8.929  -6.149 0.0000000000
119796  29.785  8.726  -7.263 0.0000000000
116955  29.490  9.666  -9.030 0.0000000000
86066  28.943  10.781  -10.369 0.0000000000
89907  22.488  15.321  -6.032 0.0000000000
89926  22.816  15.555  -6.243 0.0000000000
89924  23.760  15.975  -6.816 0.0000000000
90638  24.668  16.142  -6.907 0.0000000000
125640  24.302  -4.116  -1.946 0.0000000000
134313  24.898  -4.826  -2.427 0.0000000000
73876  25.012  -4.142  -2.345 0.0000000000
73891  25.522  -4.929  -2.851 0.0000000000
73890  26.222  -4.909  -3.473 0.0000000000
74718  27.199  -3.706  -4.067 0.0000000000
135834  27.058  -4.708  -4.053 0.0000000000
73070  28.067  -5.340  -3.819 0.0000000000
83107  21.044  6.545  -4.450 0.0000000000
83106  21.846  6.639  -4.880 0.0000000000
83867  22.963  8.070  -5.471 0.0000000000
84622  23.654  8.150  -5.247 0.0000000000
84621  24.267  8.798  -4.835 0.0000000000
85324  25.231  9.833  -4.263 0.0000000000
86029  25.813  10.656  -4.108 0.0000000000
66763  22.540  -13.184  0.575 0.0000000000
78184  29.291  0.597  -5.448 0.0000000000
77352  29.628  -0.233  -5.449 0.0000000000
78196  30.699  0.205  -6.412 0.0000000000
72088  18.033  -6.432  0.649 0.0000000000
72105  18.687  -6.842  0.135 0.0000000000
71167  19.927  -7.103  -0.569 0.0000000000
72104  19.343  -6.529  -0.365 0.0000000000
72103  20.146  -6.285  -0.787 0.0000000000
73844  19.820  -4.899  -0.673 0.0000000000
73046  21.398  -5.091  -1.260 0.0000000000
73862  21.987  -4.418  -1.631 0.0000000000
73879  22.455  -3.832  -1.826 0.0000000000
75532  19.260  -2.378  -1.024 0.0000000000
75531  20.605  -2.555  -1.798 0.0000000000
76421  20.249  -1.667  -1.971 0.0000000000
74710  21.989  -3.122  -2.043 0.0000000000
74709  22.725  -3.159  -2.167 0.0000000000
74708  23.489  -3.250  -2.199 0.0000000000
75548  25.324  -2.377  -2.553 0.0000000000
76435  24.686  -1.419  -2.769 0.0000000000
77330  27.576  -0.548  -3.022 0.0000000000
129789  28.526  0.199  -4.203 0.0000000000
79840  17.635  2.667  -0.976 0.0000000000
79027  18.819  2.061  -1.712 0.0000000000
127680  19.512  2.128  -2.348 0.0000000000
79025  20.169  1.404  -2.568 0.0000000000
79046  20.916  1.414  -2.993 0.0000000000
126835  21.961  5.032  -4.537 0.0000000000
81493  21.675  4.478  -4.288 0.0000000000
80671  22.034  3.194  -4.133 0.0000000000
80668  23.845  3.825  -4.537 0.0000000000
80670  22.714  3.595  -4.548 0.0000000000
79866  21.912  2.329  -3.784 0.0000000000
79044  22.540  1.560  -3.847 0.0000000000
122135  22.140  0.773  -3.603 0.0000000000
140897  23.329  0.745  -3.652 0.0000000000
78155  24.512  1.068  -3.322 0.0000000000
78154  25.264  0.917  -2.875 0.0000000000
79040  26.124  1.936  -2.763 0.0000000000
79024  25.969  1.378  -2.707 0.0000000000
78135  26.799  0.991  -2.730 0.0000000000
78134  27.623  0.828  -3.082 0.0000000000
78152  28.704  0.783  -4.489 0.0000000000
135150  29.009  0.847  -4.968 0.0000000000
122556  29.339  1.062  -6.014 0.0000000000
79082  29.457  1.489  -6.414 0.0000000000
79898  29.910  2.464  -6.914 0.0000000000
131158  29.678  2.866  -6.440 0.0000000000
80680  30.123  3.228  -6.951 0.0000000000
79909  31.170  2.827  -7.224 0.0000000000
83113  30.231  6.048  -5.871 0.0000000000
83121  30.292  5.905  -6.870 0.0000000000
82317  30.827  5.661  -8.242 0.0000000000
125716  23.160  10.925  -5.556 0.0000000000
136998  24.672  10.978  -5.027 0.0000000000
86712  25.399  11.230  -4.651 0.0000000000
86711  26.327  11.482  -4.254 0.0000000000
92008  23.340  19.149  -7.983 0.0000000000
92663  23.758  19.472  -8.623 0.0000000000
92007  24.057  18.347  -8.159 0.0000000000
120592  24.708  17.644  -7.907 0.0000000000
90637  25.785  16.366  -6.748 0.0000000000
92017  26.609  18.823  -8.396 0.0000000000
92005  26.452  18.191  -7.988 0.0000000000
90651  26.179  16.984  -7.239 0.0000000000
89922  26.426  15.928  -6.357 0.0000000000
89178  26.581  15.263  -6.093 0.0000000000
89920  27.957  15.550  -7.092 0.0000000000
88313  27.085  13.533  -5.312 0.0000000000
87451  27.482  12.744  -5.038 0.0000000000
86724  27.801  11.969  -4.764 0.0000000000
86734  28.871  11.764  -6.516 0.0000000000
87461  29.271  11.681  -7.632 0.0000000000
87469  28.695  12.679  -8.720 0.0000000000
87468  29.087  11.946  -8.669 0.0000000000
86744  28.593  11.324  -10.034 0.0000000000
86072  28.907  11.382  -11.132 0.0000000000
87487  28.005  12.546  -12.226 0.0000000000
86753  28.363  12.132  -11.810 0.0000000000
86752  29.272  11.830  -11.379 0.0000000000
135637  21.185  -7.461  -1.048 0.0000000000
124230  22.433  -6.767  -1.603 0.0000000000
69349  23.987  -8.682  -1.439 0.0000000000
69347  24.912  -8.889  -1.518 0.0000000000
73055  24.775  -5.937  -2.622 0.0000000000
116794  24.820  -7.004  -2.495 0.0000000000
72128  25.526  -6.565  -2.813 0.0000000000
130769  25.153  -7.018  -2.626 0.0000000000
71188  24.948  -7.295  -2.426 0.0000000000
70237  24.862  -7.646  -2.116 0.0000000000
141154  24.838  -8.064  -1.781 0.0000000000
69332  25.363  -9.554  -1.079 0.0000000000
76476  29.595  -1.159  -5.175 0.0000000000
76475  30.048  -1.581  -5.152 0.0000000000
69348  24.353  -8.969  -1.415 0.0000000000
71177  23.344  -6.810  -1.917 0.0000000000
72146  25.499  -6.125  -2.918 0.0000000000
73052  28.147  -5.632  -2.951 0.0000000000
73877  24.379  -5.104  -2.185 0.0000000000
74706  25.096  -3.293  -2.381 0.0000000000
75578  29.429  -2.454  -4.675 0.0000000000
75590  29.876  -2.049  -4.905 0.0000000000
75591  29.488  -1.936  -5.055 0.0000000000
76436  23.690  -1.801  -2.920 0.0000000000
76439  22.042  -1.373  -2.977 0.0000000000
77316  26.109  0.122  -2.643 0.0000000000
77329  28.275  -0.553  -3.793 0.0000000000
77335  22.467  -0.519  -3.409 0.0000000000
77351  30.226  -0.851  -5.408 0.0000000000
78136  26.086  0.737  -2.643 0.0000000000
78153  28.281  0.760  -3.825 0.0000000000
78157  22.741  0.579  -3.671 0.0000000000
78183  29.833  0.375  -5.997 0.0000000000
79023  27.082  1.385  -2.735 0.0000000000
79042  24.552  1.767  -3.455 0.0000000000
79045  21.692  1.447  -3.488 0.0000000000
79068  29.015  1.202  -5.427 0.0000000000
79847  28.701  2.621  -2.923 0.0000000000
79849  26.983  2.030  -2.672 0.0000000000
79863  25.396  2.559  -3.122 0.0000000000
79868  20.413  2.959  -3.165 0.0000000000
79875  28.771  2.039  -5.440 0.0000000000
79877  23.199  3.003  -4.454 0.0000000000
79897  30.628  2.183  -7.053 0.0000000000
79910  30.403  2.833  -7.104 0.0000000000
80653  29.021  2.772  -3.792 0.0000000000
80656  24.317  3.572  -4.210 0.0000000000
80658  21.439  3.811  -3.970 0.0000000000
80667  29.204  2.865  -4.822 0.0000000000
80669  23.376  3.717  -4.615 0.0000000000
81490  26.254  3.786  -2.679 0.0000000000
81502  29.510  4.277  -4.090 0.0000000000
81505  23.028  4.402  -4.829 0.0000000000
81520  30.435  3.991  -7.213 0.0000000000
82276  24.943  4.952  -3.871 0.0000000000
82289  23.874  5.025  -4.885 0.0000000000
83090  26.487  6.548  -3.091 0.0000000000
83100  30.001  5.636  -5.175 0.0000000000
83858  23.974  7.283  -5.074 0.0000000000
83875  30.274  6.919  -7.067 0.0000000000
84609  29.113  8.988  -3.908 0.0000000000
84633  21.699  8.191  -5.205 0.0000000000
85315  27.327  9.497  -3.483 0.0000000000
86018  27.145  10.176  -3.521 0.0000000000
86028  26.552  10.467  -3.629 0.0000000000
86037  29.278  10.240  -5.704 0.0000000000
86710  27.305  11.571  -4.077 0.0000000000
86748  28.415  11.783  -11.138 0.0000000000
87486  28.650  12.586  -12.018 0.0000000000
88348  27.985  12.951  -12.402 0.0000000000
125245  24.640  12.606  -5.707 0.0000000000
125505  29.317  9.994  -9.785 0.0000000000
126293  28.975  2.438  -5.449 0.0000000000
129012  23.050  5.858  -5.105 0.0000000000
130909  28.604  2.019  -3.860 0.0000000000
130967  28.198  9.005  -3.605 0.0000000000
135043  27.272  8.761  -3.385 0.0000000000
136204  23.829  0.585  -3.475 0.0000000000
136711  28.789  1.614  -5.306 0.0000000000
138472  28.556  13.043  -12.220 0.0000000000
139899  25.529  -6.992  -2.667 0.0000000000
141373  19.251  -7.214  -0.233 0.0000000000
