#!ascii label  , from subject sub-v2s4x29587_ses-1 vox2ras=TkReg
947
112176  -18.230  -14.768  77.197 0.0000000000
63406  -40.448  0.277  68.853 0.0000000000
126631  -46.689  0.677  64.079 0.0000000000
62577  -55.178  0.413  57.156 0.0000000000
59342  -40.309  -3.173  70.643 0.0000000000
62540  -52.094  0.459  60.914 0.0000000000
69084  -50.336  6.272  53.017 0.0000000000
73814  -51.829  12.087  51.036 0.0000000000
58338  -41.798  -4.038  63.937 0.0000000000
59439  -46.581  -3.711  63.572 0.0000000000
64427  -42.652  2.465  65.574 0.0000000000
49437  -21.040  -12.886  80.345 0.0000000000
48340  -25.769  -12.955  77.416 0.0000000000
50696  -26.992  -11.640  73.243 0.0000000000
51743  -31.737  -10.501  76.893 0.0000000000
52929  -37.248  -9.824  76.400 0.0000000000
57192  -41.261  -5.950  74.514 0.0000000000
59356  -44.069  -3.797  69.835 0.0000000000
58360  -52.023  -4.512  62.849 0.0000000000
76306  -53.378  14.793  49.145 0.0000000000
123323  -40.863  -1.539  65.905 0.0000000000
61551  -41.619  -1.018  64.645 0.0000000000
62451  -41.095  1.360  66.647 0.0000000000
49472  -21.008  -12.613  77.504 0.0000000000
49447  -24.328  -12.862  79.341 0.0000000000
54071  -37.443  -8.887  74.934 0.0000000000
55116  -39.281  -8.056  75.453 0.0000000000
130324  -38.990  -6.269  74.370 0.0000000000
62410  -40.574  -0.633  70.255 0.0000000000
61452  -41.840  -2.076  71.984 0.0000000000
61495  -41.993  -1.427  69.233 0.0000000000
58299  -42.961  -3.914  66.825 0.0000000000
61537  -47.033  -0.561  65.011 0.0000000000
58342  -50.002  -4.862  63.767 0.0000000000
61558  -50.320  -0.716  64.091 0.0000000000
62558  -53.621  -0.110  58.942 0.0000000000
60604  -54.608  -1.407  60.054 0.0000000000
61649  -56.088  -0.495  57.559 0.0000000000
62610  -56.737  0.465  54.669 0.0000000000
69962  -52.986  8.481  55.137 0.0000000000
68156  -52.497  6.173  55.816 0.0000000000
56161  -39.528  -6.578  71.281 0.0000000000
115428  -51.562  -1.513  57.007 0.0000000000
71901  -50.905  10.080  52.893 0.0000000000
72881  -53.444  10.699  53.159 0.0000000000
73850  -54.434  12.406  47.509 0.0000000000
54243  -44.389  -8.439  62.632 0.0000000000
59461  -44.113  -4.190  62.491 0.0000000000
61554  -44.896  -1.379  64.761 0.0000000000
47251  -19.931  -14.060  79.556 0.0000000000
117450  -26.326  -15.072  74.883 0.0000000000
129268  -25.654  -12.322  73.882 0.0000000000
48420  -27.109  -13.445  72.591 0.0000000000
49561  -29.366  -12.652  72.846 0.0000000000
49520  -31.515  -12.315  75.540 0.0000000000
49523  -34.095  -12.699  76.205 0.0000000000
51745  -33.935  -10.445  76.855 0.0000000000
50673  -39.650  -10.471  74.767 0.0000000000
59289  -40.311  -3.531  73.992 0.0000000000
58233  -43.432  -4.410  72.249 0.0000000000
57266  -46.137  -6.217  70.386 0.0000000000
56233  -44.773  -6.447  67.261 0.0000000000
55252  -44.012  -7.451  65.148 0.0000000000
61574  -52.897  -0.875  62.270 0.0000000000
65485  -51.606  2.819  55.562 0.0000000000
64571  -55.084  1.853  54.373 0.0000000000
47264  -18.170  -13.999  78.677 0.0000000000
62442  -40.808  -0.081  67.726 0.0000000000
61522  -40.810  -0.584  65.930 0.0000000000
62441  -40.665  0.967  67.456 0.0000000000
54098  -37.903  -9.186  73.219 0.0000000000
55144  -37.994  -7.927  74.203 0.0000000000
111013  -38.677  -7.926  72.789 0.0000000000
63391  -40.553  -0.119  69.467 0.0000000000
62424  -41.301  -0.359  70.091 0.0000000000
62423  -41.057  -0.282  69.412 0.0000000000
61508  -41.756  -1.603  68.129 0.0000000000
129406  -48.343  -0.917  64.632 0.0000000000
63469  -49.006  0.679  64.510 0.0000000000
116134  -54.410  0.212  57.509 0.0000000000
62560  -55.422  -0.109  58.584 0.0000000000
63554  -56.241  -0.102  57.426 0.0000000000
61671  -56.586  -0.254  56.314 0.0000000000
64531  -56.812  0.721  55.638 0.0000000000
70912  -53.462  8.840  53.773 0.0000000000
69068  -53.378  7.494  54.306 0.0000000000
69085  -53.216  7.084  53.252 0.0000000000
71920  -49.287  9.499  50.827 0.0000000000
72892  -50.654  10.623  51.935 0.0000000000
71902  -51.923  10.431  53.656 0.0000000000
73799  -52.600  11.792  52.516 0.0000000000
123005  -53.876  11.656  51.938 0.0000000000
74647  -53.179  13.152  51.294 0.0000000000
75495  -54.287  14.291  48.714 0.0000000000
56308  -42.760  -6.302  62.856 0.0000000000
57377  -43.315  -5.952  62.366 0.0000000000
58374  -42.735  -4.515  62.662 0.0000000000
62480  -42.286  -0.228  65.091 0.0000000000
61552  -42.655  -1.186  64.402 0.0000000000
62466  -44.195  0.590  65.439 0.0000000000
122014  -44.935  0.511  65.373 0.0000000000
64428  -43.966  1.757  65.165 0.0000000000
47267  -21.444  -14.802  78.914 0.0000000000
47253  -22.318  -13.666  79.803 0.0000000000
49458  -25.142  -12.614  78.401 0.0000000000
51795  -26.345  -10.697  74.035 0.0000000000
50695  -26.357  -11.795  73.227 0.0000000000
116154  -26.058  -12.896  73.508 0.0000000000
50710  -26.918  -12.364  72.717 0.0000000000
49573  -28.193  -13.292  72.401 0.0000000000
120252  -27.844  -11.706  73.583 0.0000000000
50669  -31.457  -11.654  76.484 0.0000000000
49521  -32.298  -12.354  76.104 0.0000000000
49497  -32.820  -12.162  76.668 0.0000000000
119448  -35.611  -9.738  75.670 0.0000000000
52966  -34.598  -9.820  75.883 0.0000000000
52927  -35.764  -10.272  76.647 0.0000000000
49479  -35.813  -11.755  76.586 0.0000000000
50631  -37.153  -10.582  76.394 0.0000000000
50671  -38.455  -11.328  75.192 0.0000000000
51746  -38.418  -10.127  76.007 0.0000000000
55126  -40.412  -7.389  75.104 0.0000000000
54049  -40.631  -8.883  74.812 0.0000000000
55127  -41.738  -7.837  74.304 0.0000000000
56116  -43.110  -7.124  73.457 0.0000000000
57238  -39.793  -4.770  72.558 0.0000000000
59311  -40.187  -3.409  72.699 0.0000000000
61471  -42.719  -2.141  70.684 0.0000000000
60442  -42.647  -3.213  72.187 0.0000000000
59329  -43.854  -3.838  71.032 0.0000000000
58235  -44.725  -5.072  71.481 0.0000000000
117237  -45.499  -5.122  70.003 0.0000000000
57291  -44.818  -5.421  68.288 0.0000000000
58327  -42.263  -4.353  65.402 0.0000000000
57338  -43.227  -5.832  65.544 0.0000000000
57350  -42.400  -5.625  64.069 0.0000000000
55275  -43.441  -7.870  63.287 0.0000000000
128920  -19.839  -11.800  78.734 0.0000000000
50593  -20.216  -12.051  79.969 0.0000000000
48294  -19.752  -12.958  80.456 0.0000000000
57365  -47.069  -5.879  62.874 0.0000000000
57367  -48.401  -5.654  63.604 0.0000000000
59423  -50.912  -4.331  63.557 0.0000000000
62529  -50.834  0.892  62.112 0.0000000000
63496  -51.475  0.894  63.144 0.0000000000
63521  -52.740  0.600  62.117 0.0000000000
60639  -54.828  -2.000  59.043 0.0000000000
59485  -53.871  -2.648  60.389 0.0000000000
111750  -53.310  5.300  55.008 0.0000000000
67253  -51.991  4.545  56.363 0.0000000000
66379  -53.117  3.965  55.136 0.0000000000
65499  -52.924  2.842  54.717 0.0000000000
66381  -54.702  3.435  53.912 0.0000000000
65510  -56.216  2.060  53.321 0.0000000000
73836  -51.620  12.020  49.025 0.0000000000
74660  -52.829  13.581  50.528 0.0000000000
128102  -52.151  12.653  48.342 0.0000000000
75510  -52.598  14.462  47.063 0.0000000000
59407  -41.575  -3.178  65.207 0.0000000000
60561  -41.510  -2.452  64.027 0.0000000000
128481  -40.881  -1.825  65.134 0.0000000000
62463  -41.180  0.234  65.838 0.0000000000
64411  -42.026  2.618  66.027 0.0000000000
49454  -21.401  -12.297  79.390 0.0000000000
49445  -22.604  -12.985  79.718 0.0000000000
50627  -24.600  -11.677  77.626 0.0000000000
54044  -37.017  -9.451  75.900 0.0000000000
54037  -38.323  -9.185  76.123 0.0000000000
55124  -38.160  -7.972  75.137 0.0000000000
56102  -38.927  -6.988  74.725 0.0000000000
122408  -39.523  -5.557  75.079 0.0000000000
60477  -40.205  -2.362  70.398 0.0000000000
61444  -40.686  -2.337  72.270 0.0000000000
62405  -41.138  -0.780  70.801 0.0000000000
61470  -42.310  -1.430  70.736 0.0000000000
60501  -42.908  -2.659  69.409 0.0000000000
128421  -43.615  -4.017  68.400 0.0000000000
59367  -42.743  -2.993  67.900 0.0000000000
59394  -42.201  -3.477  66.352 0.0000000000
49471  -20.065  -12.308  77.208 0.0000000000
60548  -47.226  -2.245  64.325 0.0000000000
58340  -48.229  -4.038  63.677 0.0000000000
60549  -48.330  -2.018  64.332 0.0000000000
60551  -50.096  -2.754  63.690 0.0000000000
60567  -51.331  -1.959  63.379 0.0000000000
62550  -53.319  0.150  59.902 0.0000000000
123114  -53.708  0.221  60.909 0.0000000000
62552  -54.828  -0.423  59.552 0.0000000000
61639  -55.339  -1.257  58.858 0.0000000000
69973  -51.353  8.119  54.179 0.0000000000
69067  -51.780  6.505  55.239 0.0000000000
126015  -52.502  6.965  55.389 0.0000000000
69054  -53.227  6.663  54.856 0.0000000000
63419  -38.793  -0.006  68.060 0.0000000000
61479  -39.164  -1.084  68.937 0.0000000000
64485  -48.733  1.290  63.879 0.0000000000
61616  -51.382  -0.637  60.403 0.0000000000
61628  -52.471  -0.633  59.251 0.0000000000
117396  -53.183  -0.447  58.068 0.0000000000
62567  -53.319  -0.410  57.240 0.0000000000
128795  -50.311  8.373  52.880 0.0000000000
70911  -51.429  9.558  53.761 0.0000000000
71888  -53.328  9.641  54.197 0.0000000000
71903  -53.493  9.558  53.359 0.0000000000
75473  -53.858  13.656  50.523 0.0000000000
73837  -54.264  12.381  48.765 0.0000000000
55290  -46.020  -7.956  62.605 0.0000000000
57379  -45.255  -5.459  62.396 0.0000000000
58354  -45.153  -3.946  62.890 0.0000000000
59436  -42.860  -2.637  63.210 0.0000000000
121460  -43.843  -2.591  63.407 0.0000000000
60565  -45.609  -2.872  63.863 0.0000000000
61555  -45.749  -1.510  64.687 0.0000000000
123141  -46.062  0.440  65.119 0.0000000000
64409  -39.821  2.750  66.702 0.0000000000
65345  -40.245  3.304  66.295 0.0000000000
64444  -42.297  2.970  64.729 0.0000000000
47265  -19.063  -14.205  78.666 0.0000000000
47297  -20.226  -15.075  77.056 0.0000000000
46381  -27.044  -15.607  73.656 0.0000000000
50642  -24.129  -11.372  76.683 0.0000000000
50644  -24.806  -11.785  76.949 0.0000000000
49518  -26.009  -13.045  76.077 0.0000000000
47331  -27.039  -14.663  73.851 0.0000000000
124119  -30.858  -13.868  72.598 0.0000000000
48399  -32.019  -13.450  73.512 0.0000000000
52963  -31.721  -9.807  76.272 0.0000000000
52964  -32.757  -9.882  76.099 0.0000000000
51744  -32.611  -10.713  76.941 0.0000000000
50649  -33.784  -11.673  77.121 0.0000000000
48343  -35.453  -12.659  76.077 0.0000000000
52949  -39.502  -9.384  75.562 0.0000000000
57237  -39.000  -5.916  73.187 0.0000000000
58213  -39.018  -4.811  74.548 0.0000000000
58216  -40.639  -4.126  74.292 0.0000000000
60440  -40.950  -2.619  73.123 0.0000000000
59298  -41.384  -3.254  73.407 0.0000000000
57225  -42.595  -5.367  73.384 0.0000000000
57227  -44.052  -5.981  72.656 0.0000000000
56143  -44.947  -6.529  71.445 0.0000000000
54185  -45.219  -8.480  66.589 0.0000000000
57307  -43.831  -5.201  67.045 0.0000000000
55253  -44.495  -7.220  66.073 0.0000000000
54202  -44.710  -8.813  65.597 0.0000000000
53134  -44.389  -9.419  64.160 0.0000000000
48307  -18.654  -13.164  80.261 0.0000000000
64452  -49.976  1.119  64.225 0.0000000000
61567  -51.718  -0.882  63.292 0.0000000000
121810  -52.169  -2.755  62.746 0.0000000000
61594  -53.845  -0.864  60.951 0.0000000000
59463  -53.021  -2.556  61.775 0.0000000000
117055  -52.765  -4.039  61.174 0.0000000000
62575  -51.839  -0.835  55.615 0.0000000000
62594  -53.367  0.098  55.558 0.0000000000
67278  -50.637  4.954  54.610 0.0000000000
66378  -50.823  3.832  55.905 0.0000000000
64569  -52.146  1.768  54.639 0.0000000000
63605  -53.735  1.087  54.532 0.0000000000
63586  -55.324  1.043  55.328 0.0000000000
64573  -56.974  1.163  54.544 0.0000000000
47278  -17.577  -14.628  77.342 0.0000000000
63421  -40.702  0.444  68.036 0.0000000000
63420  -40.473  0.952  67.941 0.0000000000
53017  -37.865  -9.771  72.592 0.0000000000
54084  -38.137  -8.329  73.417 0.0000000000
54099  -38.462  -8.901  72.491 0.0000000000
63392  -40.928  -0.183  69.577 0.0000000000
62433  -40.802  -0.060  68.623 0.0000000000
122015  -47.043  0.626  64.333 0.0000000000
63453  -48.358  0.627  64.456 0.0000000000
63468  -47.872  0.658  64.329 0.0000000000
62569  -55.240  0.199  58.062 0.0000000000
63553  -56.022  0.232  57.417 0.0000000000
63566  -56.582  0.260  56.383 0.0000000000
63565  -55.946  0.590  56.512 0.0000000000
70928  -53.255  8.662  52.654 0.0000000000
69987  -53.344  8.046  53.581 0.0000000000
73813  -50.867  11.366  50.374 0.0000000000
72902  -51.140  11.381  51.421 0.0000000000
72893  -51.667  11.366  52.399 0.0000000000
115164  -51.984  11.884  51.909 0.0000000000
74632  -53.530  12.548  51.758 0.0000000000
74646  -52.561  12.925  51.099 0.0000000000
57364  -42.466  -5.640  63.181 0.0000000000
115518  -42.432  -4.911  62.933 0.0000000000
58353  -42.156  -4.029  63.072 0.0000000000
63447  -42.733  1.810  65.728 0.0000000000
62465  -43.173  0.761  65.524 0.0000000000
63448  -43.721  1.443  65.415 0.0000000000
115038  -43.245  2.070  65.412 0.0000000000
48296  -21.045  -12.946  80.391 0.0000000000
48297  -21.621  -13.042  80.147 0.0000000000
49477  -25.284  -12.275  77.724 0.0000000000
48330  -25.536  -13.234  78.054 0.0000000000
50711  -27.690  -12.477  72.672 0.0000000000
51742  -30.966  -10.404  76.838 0.0000000000
50646  -30.757  -10.976  76.700 0.0000000000
50647  -31.471  -10.990  76.940 0.0000000000
50670  -32.129  -11.657  76.863 0.0000000000
121117  -32.118  -11.040  76.999 0.0000000000
52946  -36.305  -9.884  76.312 0.0000000000
52928  -36.610  -10.060  76.529 0.0000000000
51729  -36.153  -10.374  76.680 0.0000000000
127761  -36.782  -10.098  76.525 0.0000000000
50632  -37.745  -10.356  76.257 0.0000000000
51732  -38.102  -9.907  76.282 0.0000000000
56105  -40.779  -6.568  74.867 0.0000000000
132307  -41.159  -7.419  74.716 0.0000000000
56106  -41.601  -6.927  74.442 0.0000000000
55135  -42.373  -7.271  73.912 0.0000000000
114457  -41.998  -6.385  74.071 0.0000000000
125358  -40.114  -4.035  72.409 0.0000000000
59327  -40.275  -3.448  71.641 0.0000000000
129875  -43.454  -3.062  70.276 0.0000000000
60468  -43.317  -2.980  70.727 0.0000000000
59343  -43.931  -3.684  70.331 0.0000000000
59330  -44.557  -4.421  70.695 0.0000000000
59344  -44.844  -4.464  70.066 0.0000000000
58286  -45.053  -5.169  69.104 0.0000000000
58272  -44.598  -4.487  69.453 0.0000000000
116707  -42.194  -4.788  64.633 0.0000000000
57337  -42.640  -5.516  64.918 0.0000000000
56293  -42.769  -6.486  63.599 0.0000000000
50607  -20.578  -11.935  79.196 0.0000000000
50606  -19.789  -11.756  79.335 0.0000000000
50585  -20.355  -12.512  80.326 0.0000000000
58356  -46.954  -4.444  63.322 0.0000000000
57366  -47.785  -5.708  63.446 0.0000000000
58357  -47.811  -4.812  63.507 0.0000000000
59442  -51.398  -4.093  63.355 0.0000000000
121452  -51.507  -5.558  63.623 0.0000000000
58359  -51.645  -4.819  63.308 0.0000000000
57382  -51.999  -5.172  62.590 0.0000000000
62530  -51.790  0.876  61.709 0.0000000000
63529  -51.477  1.080  62.297 0.0000000000
63530  -52.093  0.947  61.879 0.0000000000
67267  -53.877  4.727  54.276 0.0000000000
110131  -53.248  4.726  55.185 0.0000000000
114820  -53.826  3.458  54.400 0.0000000000
60534  -41.209  -2.441  65.534 0.0000000000
60544  -41.208  -2.471  64.798 0.0000000000
63446  -41.719  1.629  66.170 0.0000000000
63434  -41.242  2.469  66.513 0.0000000000
49453  -21.242  -12.316  78.519 0.0000000000
50626  -24.119  -11.548  77.513 0.0000000000
53003  -37.355  -9.861  73.509 0.0000000000
52987  -37.042  -9.418  74.508 0.0000000000
54057  -37.026  -9.263  75.384 0.0000000000
54058  -37.741  -8.789  75.512 0.0000000000
55133  -37.872  -8.306  74.860 0.0000000000
55134  -38.618  -7.132  74.417 0.0000000000
56101  -38.485  -7.365  74.776 0.0000000000
56115  -38.969  -6.578  74.536 0.0000000000
56103  -39.465  -6.233  74.955 0.0000000000
57206  -39.066  -5.508  74.757 0.0000000000
117234  -40.344  -1.140  70.378 0.0000000000
62404  -40.796  -0.918  70.707 0.0000000000
61481  -41.668  -0.707  69.760 0.0000000000
62413  -41.889  -0.864  70.432 0.0000000000
61482  -42.262  -1.203  69.929 0.0000000000
61483  -42.630  -1.699  70.201 0.0000000000
60487  -42.631  -1.893  69.665 0.0000000000
60500  -42.452  -2.360  68.673 0.0000000000
61507  -41.336  -1.656  67.053 0.0000000000
60510  -42.117  -2.414  67.551 0.0000000000
60522  -41.645  -2.562  66.486 0.0000000000
59393  -41.673  -3.111  65.866 0.0000000000
50625  -20.382  -12.089  78.165 0.0000000000
61556  -46.655  -1.453  64.700 0.0000000000
61557  -47.599  -1.239  64.690 0.0000000000
126122  -49.789  -0.592  64.377 0.0000000000
119899  -49.150  -1.042  64.488 0.0000000000
121148  -49.898  -1.536  64.130 0.0000000000
60552  -50.569  -1.833  63.681 0.0000000000
62551  -54.263  0.016  59.640 0.0000000000
62570  -56.057  -0.296  57.945 0.0000000000
61630  -55.363  -0.597  58.877 0.0000000000
61648  -55.611  -1.149  58.093 0.0000000000
118980  -55.117  -1.646  58.493 0.0000000000
61657  -55.605  -1.170  57.253 0.0000000000
69961  -52.710  8.454  55.146 0.0000000000
122877  -52.086  7.346  55.224 0.0000000000
69052  -52.715  7.793  55.310 0.0000000000
68172  -53.538  5.858  54.041 0.0000000000
62432  -38.871  -0.596  68.516 0.0000000000
61627  -51.522  -1.161  59.590 0.0000000000
61645  -50.921  -2.011  57.363 0.0000000000
61647  -52.387  -1.021  57.556 0.0000000000
61655  -52.218  -0.972  56.631 0.0000000000
71921  -49.925  9.555  51.896 0.0000000000
114434  -49.795  8.550  52.209 0.0000000000
120951  -50.475  9.141  52.881 0.0000000000
70910  -50.962  8.663  53.637 0.0000000000
72880  -53.126  10.922  53.288 0.0000000000
72864  -52.794  10.390  53.845 0.0000000000
72865  -53.261  10.175  53.758 0.0000000000
71904  -53.428  9.997  53.691 0.0000000000
71923  -53.526  10.439  52.900 0.0000000000
71922  -53.420  9.710  52.110 0.0000000000
73816  -54.064  12.218  51.521 0.0000000000
123363  -52.814  14.108  49.765 0.0000000000
132213  -53.405  14.278  49.995 0.0000000000
74684  -54.470  13.456  48.149 0.0000000000
74673  -54.340  13.449  49.166 0.0000000000
114165  -46.180  -9.745  63.228 0.0000000000
129662  -47.039  -9.187  63.541 0.0000000000
55289  -44.876  -7.891  62.437 0.0000000000
58375  -43.459  -4.980  62.364 0.0000000000
57378  -44.115  -5.744  62.242 0.0000000000
58376  -44.593  -4.818  62.396 0.0000000000
58377  -45.563  -4.659  62.675 0.0000000000
61566  -41.920  -1.746  64.040 0.0000000000
60562  -42.130  -2.480  63.517 0.0000000000
122850  -42.567  -1.942  63.704 0.0000000000
61553  -43.934  -1.185  64.688 0.0000000000
60563  -43.335  -1.852  63.803 0.0000000000
60545  -44.377  -1.968  64.118 0.0000000000
60564  -44.796  -2.675  63.643 0.0000000000
60546  -45.272  -2.173  64.271 0.0000000000
63449  -44.582  1.145  65.307 0.0000000000
62467  -45.613  0.066  65.352 0.0000000000
47280  -19.688  -14.741  77.780 0.0000000000
113342  -19.977  -14.531  78.690 0.0000000000
49446  -23.703  -12.879  79.462 0.0000000000
126776  -23.881  -13.135  79.570 0.0000000000
45360  -25.776  -15.498  75.018 0.0000000000
112951  -26.154  -15.357  74.774 0.0000000000
45373  -26.212  -15.728  74.245 0.0000000000
46380  -26.550  -15.492  74.196 0.0000000000
50665  -24.267  -11.477  76.012 0.0000000000
50643  -24.276  -11.391  76.894 0.0000000000
49540  -25.736  -12.852  74.712 0.0000000000
48396  -26.693  -13.680  73.101 0.0000000000
48397  -27.485  -14.322  72.965 0.0000000000
47324  -27.594  -15.354  73.406 0.0000000000
47337  -28.344  -14.945  72.890 0.0000000000
49560  -28.562  -12.818  72.510 0.0000000000
49574  -29.175  -13.487  72.410 0.0000000000
49575  -30.015  -13.504  72.609 0.0000000000
49562  -30.419  -12.969  73.169 0.0000000000
49519  -30.890  -12.381  75.127 0.0000000000
50684  -30.058  -12.006  75.290 0.0000000000
49542  -30.683  -12.667  74.252 0.0000000000
49543  -31.579  -12.848  74.429 0.0000000000
49544  -32.211  -12.749  74.992 0.0000000000
49522  -33.254  -12.618  76.116 0.0000000000
48356  -32.930  -12.829  75.207 0.0000000000
48357  -33.860  -12.929  75.168 0.0000000000
48377  -34.588  -13.130  74.506 0.0000000000
48358  -34.871  -12.910  75.564 0.0000000000
52944  -34.240  -10.083  76.503 0.0000000000
52965  -33.710  -9.832  76.009 0.0000000000
52943  -33.331  -10.171  76.563 0.0000000000
121748  -33.143  -10.479  76.814 0.0000000000
50628  -33.618  -10.917  77.119 0.0000000000
50650  -34.410  -11.323  77.163 0.0000000000
49501  -36.388  -12.092  76.118 0.0000000000
120068  -35.801  -12.326  76.260 0.0000000000
48344  -36.174  -12.611  75.824 0.0000000000
48360  -36.530  -12.842  75.348 0.0000000000
50672  -39.131  -11.107  74.725 0.0000000000
49547  -38.729  -11.871  74.532 0.0000000000
116737  -39.658  -10.918  74.323 0.0000000000
54046  -38.650  -8.671  75.804 0.0000000000
54047  -39.095  -8.977  75.874 0.0000000000
54048  -39.911  -8.902  75.408 0.0000000000
56160  -39.087  -7.275  71.822 0.0000000000
56141  -39.322  -6.314  72.250 0.0000000000
58232  -39.797  -4.136  73.272 0.0000000000
57224  -39.249  -4.923  73.576 0.0000000000
58223  -39.477  -4.291  74.060 0.0000000000
58215  -39.848  -4.202  74.538 0.0000000000
61450  -40.940  -1.779  71.828 0.0000000000
61445  -40.892  -2.254  72.538 0.0000000000
60454  -41.394  -2.276  72.637 0.0000000000
59312  -43.173  -3.770  72.013 0.0000000000
60441  -42.105  -3.229  72.830 0.0000000000
59300  -42.727  -3.888  72.522 0.0000000000
58224  -42.055  -4.662  73.549 0.0000000000
58225  -42.852  -4.757  72.868 0.0000000000
57226  -43.321  -5.687  73.020 0.0000000000
58226  -43.788  -5.176  72.521 0.0000000000
129541  -45.624  -5.675  70.706 0.0000000000
57240  -45.075  -5.777  71.393 0.0000000000
56144  -45.557  -6.318  70.876 0.0000000000
57309  -45.220  -6.186  68.050 0.0000000000
112175  -44.968  -7.169  66.936 0.0000000000
58284  -43.222  -3.729  67.688 0.0000000000
128953  -43.744  -4.372  67.908 0.0000000000
58300  -43.555  -4.448  67.272 0.0000000000
56263  -43.730  -6.654  65.526 0.0000000000
130308  -43.797  -6.110  66.132 0.0000000000
119441  -44.598  -7.955  65.817 0.0000000000
54201  -44.195  -8.243  64.864 0.0000000000
54219  -44.386  -8.977  64.691 0.0000000000
53170  -43.930  -8.485  62.844 0.0000000000
53154  -44.163  -8.979  63.335 0.0000000000
53171  -44.508  -9.088  62.872 0.0000000000
48308  -20.059  -13.307  80.277 0.0000000000
116149  -19.329  -13.122  80.392 0.0000000000
48321  -19.243  -13.585  79.895 0.0000000000
58341  -49.112  -4.323  63.666 0.0000000000
125277  -49.408  -5.205  63.748 0.0000000000
63517  -48.504  0.824  63.338 0.0000000000
64475  -49.233  1.303  64.082 0.0000000000
62493  -51.991  0.065  63.012 0.0000000000
62492  -51.298  0.154  63.543 0.0000000000
61568  -52.340  -0.884  62.818 0.0000000000
60568  -51.973  -1.898  63.009 0.0000000000
60577  -52.517  -1.787  62.543 0.0000000000
61595  -54.344  -0.787  60.415 0.0000000000
62531  -53.657  -0.178  61.320 0.0000000000
60586  -54.118  -1.359  60.589 0.0000000000
59475  -53.502  -2.579  61.116 0.0000000000
58391  -53.323  -3.223  61.008 0.0000000000
59474  -52.906  -3.317  61.634 0.0000000000
62593  -52.279  -0.321  55.040 0.0000000000
63584  -52.821  0.389  54.728 0.0000000000
68171  -51.067  5.778  54.781 0.0000000000
68155  -51.634  5.524  55.966 0.0000000000
65486  -52.165  3.873  55.734 0.0000000000
66371  -51.446  4.317  56.174 0.0000000000
66372  -51.273  3.639  56.021 0.0000000000
65498  -50.554  3.034  55.812 0.0000000000
65484  -50.712  2.506  55.765 0.0000000000
64568  -51.158  2.009  55.469 0.0000000000
65500  -54.382  2.783  54.059 0.0000000000
64570  -53.414  1.763  54.265 0.0000000000
64547  -56.413  1.407  54.915 0.0000000000
112792  -56.398  1.887  54.199 0.0000000000
114399  -40.916  -0.744  66.737 0.0000000000
62452  -40.844  0.230  66.657 0.0000000000
63433  -40.656  1.896  67.032 0.0000000000
52988  -37.684  -8.875  74.127 0.0000000000
55145  -38.531  -7.461  73.623 0.0000000000
129505  -38.877  -6.555  73.772 0.0000000000
63378  -40.502  -0.337  69.810 0.0000000000
62411  -40.949  -0.462  70.394 0.0000000000
63379  -41.003  -0.283  70.087 0.0000000000
61494  -41.267  -0.733  68.698 0.0000000000
119684  -41.203  -0.966  67.645 0.0000000000
62469  -47.333  0.052  64.992 0.0000000000
61538  -47.864  -0.344  64.841 0.0000000000
118003  -48.667  -0.125  64.657 0.0000000000
62482  -49.421  0.065  64.508 0.0000000000
62568  -54.130  0.100  58.182 0.0000000000
62559  -54.701  0.016  58.821 0.0000000000
63545  -55.940  -0.010  58.042 0.0000000000
61658  -56.251  -0.491  56.922 0.0000000000
62578  -56.566  -0.138  56.805 0.0000000000
62579  -56.899  0.169  56.012 0.0000000000
62597  -56.984  0.611  55.181 0.0000000000
70888  -53.114  8.815  54.782 0.0000000000
69963  -53.066  7.933  54.941 0.0000000000
69988  -53.345  8.480  54.433 0.0000000000
129392  -49.859  10.122  51.107 0.0000000000
72878  -51.476  10.831  52.925 0.0000000000
72879  -52.441  11.127  53.183 0.0000000000
73785  -53.405  11.363  52.672 0.0000000000
72894  -53.634  11.229  52.488 0.0000000000
73800  -53.295  11.978  52.356 0.0000000000
74633  -53.915  12.541  51.540 0.0000000000
76316  -53.126  15.194  48.511 0.0000000000
76318  -54.025  14.702  48.959 0.0000000000
120601  -54.099  15.007  48.215 0.0000000000
75503  -54.395  14.349  47.739 0.0000000000
73862  -54.669  12.297  46.395 0.0000000000
121511  -43.363  -7.242  62.637 0.0000000000
56310  -43.751  -6.742  62.338 0.0000000000
57376  -42.804  -5.580  62.632 0.0000000000
59460  -43.360  -3.957  62.557 0.0000000000
62481  -43.542  -0.249  65.186 0.0000000000
123419  -44.670  -0.367  65.285 0.0000000000
47252  -20.626  -13.828  79.981 0.0000000000
47266  -20.671  -14.445  79.262 0.0000000000
120266  -21.444  -13.989  79.829 0.0000000000
47268  -22.286  -14.490  79.297 0.0000000000
47315  -26.089  -14.455  75.697 0.0000000000
49559  -25.823  -12.038  73.395 0.0000000000
49571  -26.556  -12.728  72.797 0.0000000000
49572  -27.270  -13.017  72.404 0.0000000000
50697  -28.453  -12.312  72.964 0.0000000000
52985  -34.830  -9.842  75.026 0.0000000000
52945  -35.165  -10.005  76.362 0.0000000000
52926  -34.823  -10.377  76.797 0.0000000000
131247  -35.028  -11.000  77.139 0.0000000000
50651  -37.071  -11.769  75.868 0.0000000000
50653  -38.080  -10.752  75.808 0.0000000000
50654  -38.907  -10.491  75.365 0.0000000000
55117  -39.888  -7.844  75.378 0.0000000000
55118  -40.272  -8.302  75.218 0.0000000000
126917  -41.066  -8.246  74.655 0.0000000000
126964  -41.726  -8.579  74.117 0.0000000000
55137  -43.491  -7.407  73.009 0.0000000000
56124  -43.566  -6.557  73.094 0.0000000000
57252  -39.870  -5.576  71.686 0.0000000000
59296  -39.997  -3.683  73.513 0.0000000000
61463  -42.297  -1.811  71.292 0.0000000000
61464  -42.810  -2.522  71.203 0.0000000000
59328  -43.179  -3.263  71.511 0.0000000000
59313  -43.713  -4.087  71.677 0.0000000000
58234  -44.103  -4.774  71.908 0.0000000000
58246  -44.353  -4.499  71.318 0.0000000000
58260  -45.294  -5.040  70.506 0.0000000000
57265  -45.937  -5.580  70.178 0.0000000000
57278  -45.769  -5.564  69.609 0.0000000000
57292  -45.561  -5.860  68.849 0.0000000000
58315  -42.555  -4.216  66.090 0.0000000000
58316  -43.182  -4.723  66.564 0.0000000000
57324  -42.775  -5.006  65.655 0.0000000000
56277  -43.332  -7.005  64.463 0.0000000000
55263  -43.650  -7.750  64.178 0.0000000000
56294  -43.188  -7.272  63.617 0.0000000000
55274  -43.037  -7.130  62.913 0.0000000000
50624  -19.505  -11.843  77.958 0.0000000000
50605  -19.036  -11.345  78.971 0.0000000000
50592  -19.337  -11.759  79.771 0.0000000000
49435  -20.148  -12.747  80.413 0.0000000000
121446  -50.357  -4.002  63.615 0.0000000000
120434  -50.590  -5.680  64.064 0.0000000000
58343  -50.706  -5.031  63.750 0.0000000000
63518  -50.169  1.165  62.856 0.0000000000
64487  -50.419  1.238  63.283 0.0000000000
63519  -51.111  1.167  62.831 0.0000000000
63520  -51.958  0.941  62.323 0.0000000000
62510  -52.631  -0.007  62.505 0.0000000000
60626  -54.828  -1.662  59.512 0.0000000000
59486  -54.483  -2.037  60.060 0.0000000000
120164  -53.040  5.290  56.063 0.0000000000
67265  -52.489  5.293  56.311 0.0000000000
67266  -52.721  4.754  56.122 0.0000000000
65501  -55.543  2.473  53.877 0.0000000000
118713  -56.257  2.001  53.734 0.0000000000
73825  -51.450  11.831  49.976 0.0000000000
74659  -52.065  12.646  50.250 0.0000000000
74672  -52.335  13.139  49.512 0.0000000000
113771  -52.584  13.859  48.913 0.0000000000
74683  -52.433  13.419  47.767 0.0000000000
75502  -52.767  14.713  48.312 0.0000000000
76326  -52.957  15.429  47.674 0.0000000000
58326  -41.877  -3.909  64.878 0.0000000000
59418  -41.567  -3.241  64.396 0.0000000000
123371  -41.221  -1.703  64.545 0.0000000000
61534  -40.921  -0.959  65.178 0.0000000000
62479  -41.491  -0.356  65.267 0.0000000000
62464  -41.993  0.662  65.624 0.0000000000
49444  -21.418  -12.734  79.932 0.0000000000
110080  -22.291  -12.625  79.362 0.0000000000
49456  -24.120  -12.425  78.962 0.0000000000
49457  -24.664  -12.481  78.737 0.0000000000
49476  -24.864  -12.067  78.206 0.0000000000
52941  -30.618  -10.032  76.580 0.0000000000
120320  -36.343  -9.580  75.020 0.0000000000
127191  -36.486  -9.559  75.817 0.0000000000
52947  -37.180  -9.707  76.288 0.0000000000
54036  -37.757  -9.392  76.208 0.0000000000
54045  -37.729  -9.108  76.001 0.0000000000
126254  -38.174  -8.816  75.916 0.0000000000
55115  -38.607  -8.004  75.345 0.0000000000
128381  -38.202  -7.656  74.792 0.0000000000
55125  -38.370  -7.735  75.071 0.0000000000
56094  -39.207  -7.096  74.954 0.0000000000
56104  -39.976  -6.332  75.098 0.0000000000
57191  -40.232  -5.469  74.964 0.0000000000
120438  -40.397  -2.660  71.123 0.0000000000
60467  -40.518  -1.960  70.832 0.0000000000
61460  -40.782  -1.731  71.256 0.0000000000
62398  -41.248  -1.315  71.361 0.0000000000
62412  -41.288  -0.492  70.468 0.0000000000
62406  -41.524  -0.900  70.913 0.0000000000
128448  -41.982  -1.155  71.014 0.0000000000
60478  -43.139  -2.524  70.227 0.0000000000
59355  -43.419  -3.214  69.609 0.0000000000
59369  -43.812  -3.955  69.141 0.0000000000
59368  -43.107  -3.329  68.711 0.0000000000
113873  -42.588  -3.143  67.089 0.0000000000
59408  -42.023  -3.729  65.651 0.0000000000
59419  -46.862  -3.109  63.960 0.0000000000
59440  -47.370  -3.852  63.626 0.0000000000
59420  -47.780  -3.070  63.911 0.0000000000
59421  -48.732  -3.199  63.794 0.0000000000
60550  -49.325  -2.327  64.019 0.0000000000
59422  -49.614  -3.589  63.678 0.0000000000
59441  -50.913  -3.181  63.486 0.0000000000
120005  -51.645  -2.994  63.175 0.0000000000
62541  -52.896  0.600  60.691 0.0000000000
63536  -53.017  0.776  61.077 0.0000000000
62542  -53.559  0.392  60.545 0.0000000000
62543  -54.258  -0.152  60.238 0.0000000000
61617  -54.703  -0.761  59.941 0.0000000000
115843  -54.992  -0.168  59.129 0.0000000000
61629  -55.061  -1.053  59.475 0.0000000000
69066  -51.153  7.187  54.165 0.0000000000
131028  -50.928  6.262  54.174 0.0000000000
69053  -52.855  6.904  55.353 0.0000000000
68157  -52.988  5.946  55.743 0.0000000000
68158  -53.343  5.809  54.785 0.0000000000
67279  -53.752  5.261  54.126 0.0000000000
64363  -39.965  0.456  69.016 0.0000000000
64379  -40.089  1.126  68.105 0.0000000000
64378  -39.260  0.660  68.225 0.0000000000
119990  -40.320  -3.759  69.936 0.0000000000
118520  -39.845  -2.139  69.773 0.0000000000
122603  -39.488  -1.638  69.386 0.0000000000
63390  -39.737  -0.067  69.351 0.0000000000
63405  -39.642  0.398  68.846 0.0000000000
63515  -46.227  0.257  63.182 0.0000000000
64473  -47.464  0.762  64.117 0.0000000000
128832  -47.655  0.307  63.075 0.0000000000
62508  -48.147  0.175  62.700 0.0000000000
61592  -50.168  -0.414  61.505 0.0000000000
61593  -51.163  0.046  61.250 0.0000000000
62549  -52.340  -0.159  60.090 0.0000000000
61638  -52.451  -0.928  58.402 0.0000000000
110617  -53.946  0.087  56.610 0.0000000000
70002  -49.959  7.748  52.513 0.0000000000
123023  -50.345  7.155  52.954 0.0000000000
69986  -50.635  7.852  53.348 0.0000000000
70899  -52.026  8.873  54.628 0.0000000000
71886  -52.469  9.746  54.352 0.0000000000
71875  -53.220  9.271  54.581 0.0000000000
70913  -53.349  9.284  54.260 0.0000000000
71936  -53.703  10.884  51.899 0.0000000000
112588  -53.433  13.569  50.731 0.0000000000
74648  -54.168  12.985  50.946 0.0000000000
75484  -54.153  14.267  49.511 0.0000000000
74649  -54.204  13.675  50.147 0.0000000000
117991  -44.506  -7.214  62.325 0.0000000000
112497  -45.488  -7.094  62.392 0.0000000000
56295  -46.616  -6.901  62.737 0.0000000000
57380  -46.409  -5.073  62.761 0.0000000000
59438  -45.849  -3.516  63.500 0.0000000000
59434  -41.789  -3.234  63.572 0.0000000000
59459  -42.715  -3.575  62.807 0.0000000000
127958  -43.360  -3.194  62.874 0.0000000000
59437  -44.274  -3.360  62.965 0.0000000000
120347  -45.178  -3.259  63.398 0.0000000000
60566  -46.218  -3.150  63.884 0.0000000000
60547  -46.202  -2.419  64.297 0.0000000000
61535  -45.405  -0.790  65.115 0.0000000000
61536  -46.157  -0.697  65.081 0.0000000000
62468  -46.494  0.025  65.177 0.0000000000
64472  -45.953  0.726  64.249 0.0000000000
64394  -39.787  1.865  67.344 0.0000000000
64410  -40.698  2.741  66.693 0.0000000000
127666  -40.516  3.203  66.520 0.0000000000
65346  -41.280  3.212  66.271 0.0000000000
65360  -41.411  3.454  65.825 0.0000000000
64412  -42.114  3.030  65.646 0.0000000000
65378  -42.470  2.959  65.153 0.0000000000
65361  -43.017  2.465  65.228 0.0000000000
63492  -45.619  0.615  63.698 0.0000000000
114225  -18.872  -14.695  77.493 0.0000000000
47296  -19.411  -15.007  76.865 0.0000000000
48311  -22.380  -13.217  79.864 0.0000000000
110991  -23.052  -14.074  79.484 0.0000000000
49496  -25.551  -12.538  76.885 0.0000000000
113598  -26.504  -14.627  74.791 0.0000000000
47323  -26.815  -15.225  74.108 0.0000000000
50698  -28.766  -11.946  73.971 0.0000000000
49541  -29.735  -12.346  74.100 0.0000000000
48376  -32.707  -13.019  74.457 0.0000000000
112481  -33.301  -13.116  74.357 0.0000000000
52962  -30.710  -9.636  76.219 0.0000000000
52942  -31.281  -10.034  76.772 0.0000000000
52984  -33.310  -9.815  75.099 0.0000000000
124195  -32.309  -10.197  76.736 0.0000000000
50648  -32.924  -11.515  77.046 0.0000000000
130887  -34.202  -12.485  76.609 0.0000000000
49478  -35.089  -11.558  76.902 0.0000000000
49499  -34.415  -12.110  76.864 0.0000000000
48342  -34.694  -12.581  76.383 0.0000000000
48359  -35.838  -12.875  75.422 0.0000000000
52931  -38.464  -9.522  76.120 0.0000000000
51747  -39.104  -9.838  75.675 0.0000000000
50655  -39.594  -10.065  75.179 0.0000000000
52950  -40.219  -9.321  75.002 0.0000000000
51749  -40.466  -9.555  74.621 0.0000000000
51763  -40.278  -9.921  74.593 0.0000000000
132275  -38.884  -7.586  72.349 0.0000000000
56140  -38.883  -6.988  72.818 0.0000000000
57223  -39.019  -5.619  74.097 0.0000000000
132043  -39.417  -5.488  72.694 0.0000000000
57207  -38.997  -4.889  74.997 0.0000000000
58204  -40.129  -4.623  74.778 0.0000000000
57208  -40.905  -4.959  74.526 0.0000000000
60453  -40.454  -2.630  71.804 0.0000000000
60438  -40.342  -3.116  72.823 0.0000000000
126368  -40.592  -3.109  73.455 0.0000000000
60455  -42.046  -2.631  72.467 0.0000000000
129539  -40.844  -3.560  73.835 0.0000000000
59290  -41.410  -3.966  73.788 0.0000000000
58217  -41.375  -4.606  74.020 0.0000000000
57209  -41.875  -5.448  73.951 0.0000000000
57210  -42.760  -6.277  73.573 0.0000000000
56125  -44.066  -6.755  72.629 0.0000000000
57239  -44.403  -5.489  72.047 0.0000000000
56126  -44.530  -6.247  72.080 0.0000000000
58285  -44.271  -4.631  68.572 0.0000000000
58301  -44.142  -4.958  67.745 0.0000000000
57308  -44.515  -5.678  67.520 0.0000000000
56247  -43.498  -5.474  66.300 0.0000000000
57325  -44.119  -5.935  66.799 0.0000000000
51983  -45.173  -10.623  64.106 0.0000000000
54218  -43.940  -8.559  63.866 0.0000000000
52009  -44.705  -9.833  63.545 0.0000000000
48320  -18.477  -13.623  79.502 0.0000000000
58358  -48.669  -4.995  63.606 0.0000000000
64474  -48.400  1.086  64.143 0.0000000000
64451  -49.536  1.128  64.264 0.0000000000
62483  -50.055  0.163  64.345 0.0000000000
63495  -50.627  1.132  63.532 0.0000000000
62484  -50.623  0.168  64.019 0.0000000000
61559  -50.967  -0.822  63.641 0.0000000000
63522  -53.276  0.455  61.508 0.0000000000
62511  -53.196  -0.072  61.952 0.0000000000
61575  -53.439  -0.893  61.657 0.0000000000
60585  -53.594  -1.725  61.214 0.0000000000
60578  -53.017  -1.733  61.959 0.0000000000
121621  -52.621  -2.472  62.283 0.0000000000
59462  -52.435  -3.399  62.385 0.0000000000
58378  -52.436  -4.232  62.126 0.0000000000
61654  -51.314  -1.350  56.027 0.0000000000
62576  -52.806  -0.432  56.116 0.0000000000
63564  -54.676  0.495  56.078 0.0000000000
68185  -50.515  5.541  53.692 0.0000000000
67252  -51.769  4.883  56.390 0.0000000000
67264  -51.103  4.621  55.902 0.0000000000
66387  -50.452  4.055  54.996 0.0000000000
63583  -50.481  1.669  55.449 0.0000000000
63603  -51.388  1.123  54.683 0.0000000000
63604  -52.451  0.950  54.339 0.0000000000
63585  -53.971  0.579  55.166 0.0000000000
64548  -56.506  0.850  55.734 0.0000000000
64549  -56.963  0.997  55.144 0.0000000000
63607  -57.014  1.011  54.404 0.0000000000
65502  -56.750  1.519  54.113 0.0000000000
63625  -57.004  0.916  53.866 0.0000000000
63606  -56.678  0.824  53.790 0.0000000000
47254  -23.580  -13.536  79.590 0.0000000000
48295  -20.493  -12.933  80.497 0.0000000000
48310  -21.624  -13.209  80.124 0.0000000000
49436  -20.675  -12.800  80.426 0.0000000000
49498  -33.626  -12.305  76.779 0.0000000000
49500  -35.203  -12.219  76.547 0.0000000000
50586  -20.739  -12.562  80.234 0.0000000000
50608  -20.866  -12.268  79.829 0.0000000000
50685  -39.351  -11.502  74.106 0.0000000000
50818  -45.504  -11.391  64.630 0.0000000000
51728  -34.529  -10.753  77.089 0.0000000000
51730  -36.635  -10.482  76.553 0.0000000000
51731  -37.360  -10.079  76.412 0.0000000000
51733  -38.584  -9.766  76.049 0.0000000000
51748  -39.862  -9.686  75.142 0.0000000000
51982  -44.832  -10.191  64.521 0.0000000000
52930  -37.993  -9.713  76.291 0.0000000000
52948  -38.912  -9.510  75.905 0.0000000000
53155  -45.427  -9.473  62.894 0.0000000000
53156  -46.262  -9.188  63.007 0.0000000000
54061  -42.113  -8.033  73.991 0.0000000000
54231  -43.734  -8.389  63.137 0.0000000000
54232  -46.659  -8.505  63.099 0.0000000000
54244  -45.159  -8.667  62.597 0.0000000000
54245  -45.913  -8.800  62.712 0.0000000000
55114  -38.142  -8.395  75.550 0.0000000000
55288  -43.496  -7.859  62.839 0.0000000000
56095  -39.709  -7.129  75.130 0.0000000000
56162  -45.290  -6.790  70.986 0.0000000000
56248  -44.341  -6.604  66.454 0.0000000000
56262  -42.926  -6.227  64.694 0.0000000000
56309  -43.060  -6.532  62.586 0.0000000000
56311  -44.814  -6.406  62.264 0.0000000000
56312  -45.975  -6.129  62.502 0.0000000000
57189  -39.168  -6.082  74.656 0.0000000000
57190  -39.133  -5.439  74.993 0.0000000000
57253  -45.186  -5.252  71.028 0.0000000000
57279  -46.279  -6.132  69.857 0.0000000000
58203  -39.390  -4.823  75.038 0.0000000000
58214  -39.348  -4.480  74.614 0.0000000000
58247  -44.881  -4.847  71.018 0.0000000000
58273  -45.230  -4.952  69.688 0.0000000000
58339  -42.140  -4.854  63.563 0.0000000000
58344  -51.227  -5.032  63.594 0.0000000000
58355  -46.133  -4.195  63.109 0.0000000000
59288  -39.829  -3.907  74.104 0.0000000000
59297  -40.329  -3.351  73.530 0.0000000000
59299  -42.086  -3.956  73.157 0.0000000000
59435  -42.265  -3.167  63.118 0.0000000000
59443  -51.935  -3.811  63.027 0.0000000000
60428  -40.750  -3.169  73.630 0.0000000000
60439  -40.589  -2.737  73.013 0.0000000000
60488  -43.119  -2.434  69.921 0.0000000000
60489  -43.520  -3.092  70.034 0.0000000000
61451  -41.243  -1.844  72.144 0.0000000000
61453  -42.499  -2.552  71.775 0.0000000000
61461  -40.996  -1.294  71.141 0.0000000000
61462  -41.676  -1.443  71.458 0.0000000000
61480  -39.671  -1.046  69.629 0.0000000000
61640  -55.786  -0.662  58.265 0.0000000000
62421  -39.356  -0.497  69.193 0.0000000000
62422  -39.984  -0.659  69.755 0.0000000000
62470  -48.155  0.294  64.688 0.0000000000
62532  -53.994  -0.303  60.745 0.0000000000
62561  -55.758  -0.333  58.285 0.0000000000
63404  -39.181  0.039  68.780 0.0000000000
63407  -40.687  0.115  68.791 0.0000000000
63470  -49.748  0.817  64.401 0.0000000000
63471  -50.251  0.822  64.217 0.0000000000
63472  -50.792  0.859  63.845 0.0000000000
63493  -46.676  0.625  63.825 0.0000000000
63494  -47.812  0.768  63.769 0.0000000000
63497  -52.198  0.623  62.624 0.0000000000
63531  -52.685  0.786  61.586 0.0000000000
63535  -52.502  0.801  61.371 0.0000000000
63537  -53.287  0.656  61.119 0.0000000000
63567  -56.890  0.593  55.499 0.0000000000
63587  -57.059  0.927  54.976 0.0000000000
64431  -46.940  0.495  64.598 0.0000000000
64450  -48.816  1.038  64.320 0.0000000000
64572  -56.842  1.376  54.583 0.0000000000
64587  -56.837  1.326  53.924 0.0000000000
69974  -52.008  8.028  55.076 0.0000000000
70887  -52.960  9.030  54.844 0.0000000000
71887  -53.105  9.677  54.365 0.0000000000
73784  -53.052  11.487  52.861 0.0000000000
73801  -53.776  11.962  52.092 0.0000000000
73815  -52.767  12.468  51.834 0.0000000000
75462  -53.736  13.099  51.191 0.0000000000
75483  -53.955  14.190  49.991 0.0000000000
75494  -52.997  14.673  49.197 0.0000000000
76307  -53.807  14.577  49.406 0.0000000000
76317  -53.623  15.091  48.547 0.0000000000
76327  -53.269  15.586  47.762 0.0000000000
111960  -40.031  -1.633  70.033 0.0000000000
112186  -39.223  -6.295  74.789 0.0000000000
119767  -41.577  -2.738  72.964 0.0000000000
120723  -47.253  -5.137  63.206 0.0000000000
120836  -39.695  -8.430  75.507 0.0000000000
122771  -43.882  -7.788  62.513 0.0000000000
124293  -50.879  1.223  62.714 0.0000000000
126022  -50.293  1.115  64.017 0.0000000000
127603  -40.029  0.069  69.375 0.0000000000
127951  -56.781  1.796  54.070 0.0000000000
129552  -39.687  1.009  68.198 0.0000000000
131420  -48.690  -6.173  63.768 0.0000000000
131650  -41.146  -2.181  72.643 0.0000000000
131803  -40.222  2.665  66.816 0.0000000000
