#!ascii label  , from subject sub-v2s4x29597_ses-1 vox2ras=TkReg
1646
19111  -24.427  -50.482  15.804 0.5000000000
19101  -24.368  -50.655  16.069 0.4000000060
19091  -24.576  -50.857  16.324 0.6000000238
19926  -24.729  -49.877  16.107 0.6000000238
124935  -25.384  -47.930  15.343 0.6000000238
19936  -24.806  -49.583  15.851 0.5000000000
134077  -26.151  -46.967  14.721 0.6000000238
19916  -24.829  -50.068  16.352 0.6999999881
135136  -24.888  -48.297  15.996 0.6999999881
20774  -25.051  -48.591  15.763 0.6999999881
21632  -25.390  -47.219  15.195 0.6999999881
22491  -26.627  -46.402  14.528 0.5000000000
22490  -25.748  -46.498  14.858 0.6999999881
21633  -26.184  -47.680  14.862 0.5000000000
18978  -24.453  -50.349  26.494 0.5000000000
20757  -25.033  -49.239  16.336 0.6999999881
122369  -25.090  -48.347  16.245 0.6999999881
21622  -24.912  -47.074  15.659 0.6999999881
21605  -24.826  -46.846  16.160 0.6999999881
22481  -24.650  -46.183  15.706 0.6999999881
21613  -24.768  -47.066  15.914 0.6999999881
22474  -24.547  -46.453  16.001 0.6999999881
23374  -26.215  -45.778  14.632 0.6000000238
19085  -28.922  -50.204  18.651 0.6999999881
20749  -28.505  -48.672  18.271 0.6999999881
19917  -25.597  -49.576  16.750 0.6999999881
19918  -26.605  -49.247  17.280 0.6999999881
19787  -24.129  -49.705  25.789 0.6000000238
18230  -22.228  -50.911  25.733 0.4000000060
21631  -25.028  -46.640  15.398 0.6999999881
23362  -25.693  -45.165  14.940 0.6999999881
24259  -25.038  -44.522  15.509 0.6999999881
24261  -27.357  -44.211  14.738 0.6000000238
19904  -30.045  -49.599  19.848 0.6999999881
135377  -29.636  -49.458  19.387 0.6999999881
19909  -28.357  -49.571  18.175 0.6999999881
19910  -29.207  -49.304  18.821 0.6999999881
20742  -29.760  -48.835  19.488 0.6999999881
132599  -25.542  -49.470  25.333 0.6000000238
21596  -27.774  -48.125  17.834 0.6999999881
21606  -26.150  -47.689  17.149 0.6999999881
20748  -27.646  -48.972  17.702 0.6999999881
21597  -28.548  -47.790  18.334 0.6999999881
20750  -29.294  -48.259  18.827 0.6999999881
19805  -23.156  -49.891  24.932 0.5000000000
18990  -23.359  -49.944  25.634 0.5000000000
22468  -24.634  -46.013  16.340 0.6999999881
137475  -25.321  -47.395  16.526 0.6999999881
22461  -28.595  -46.907  18.450 0.6999999881
18988  -21.965  -50.762  24.898 0.4000000060
24258  -24.357  -44.936  15.944 0.6999999881
22469  -25.137  -46.424  16.723 0.6999999881
123824  -27.785  -47.307  17.992 0.6999999881
18243  -21.239  -51.519  24.485 0.4000000060
22459  -26.670  -46.018  17.857 0.6999999881
22460  -27.683  -46.475  18.158 0.6999999881
23361  -24.777  -45.438  15.571 0.6999999881
23351  -24.382  -45.585  16.072 0.6999999881
24239  -25.103  -44.379  17.464 0.6999999881
23343  -26.125  -45.320  17.787 0.6999999881
25130  -25.856  -43.697  15.271 0.6999999881
23342  -25.355  -45.104  17.449 0.6999999881
120248  -26.803  -43.763  14.981 0.6000000238
123424  -25.482  -42.888  15.500 0.6999999881
25129  -24.589  -43.602  15.759 0.6999999881
27478  -28.241  -40.348  15.291 0.5000000000
26699  -28.026  -41.290  15.296 0.5000000000
26686  -29.220  -41.459  16.194 0.4000000060
22451  -30.062  -46.602  19.355 0.6999999881
19821  -27.136  -48.848  24.455 0.6000000238
134659  -27.095  -47.681  17.606 0.6999999881
19806  -23.960  -49.586  24.892 0.5000000000
136500  -29.027  -46.407  18.598 0.6999999881
23348  -24.445  -45.113  16.525 0.6999999881
23349  -24.843  -45.586  16.939 0.6999999881
119368  -24.152  -44.144  16.084 0.6999999881
25112  -23.606  -43.549  16.823 0.6999999881
116481  -26.511  -40.720  15.350 0.6999999881
122268  -26.370  -41.585  15.432 0.6999999881
25930  -26.300  -42.322  15.414 0.6999999881
27477  -27.507  -40.547  15.236 0.6999999881
137167  -30.017  -48.166  23.622 0.6999999881
117864  -30.445  -47.932  23.206 0.6999999881
21549  -31.163  -46.988  22.304 0.8000000119
128334  -31.374  -46.667  21.822 0.8000000119
20681  -29.467  -48.336  23.807 0.6000000238
123800  -29.621  -47.527  23.581 0.6000000238
21524  -30.291  -47.000  23.274 0.6000000238
21580  -31.309  -46.755  21.207 0.8000000119
118106  -28.714  -47.763  23.682 0.6000000238
129780  -27.910  -47.271  23.423 0.6000000238
21590  -30.534  -47.307  20.062 0.6999999881
20680  -28.063  -47.943  23.720 0.6000000238
19820  -25.660  -49.293  24.405 0.6000000238
19840  -26.499  -48.788  23.657 0.6000000238
23346  -29.463  -45.829  18.796 0.6999999881
19818  -23.486  -49.970  24.146 0.5000000000
19819  -24.905  -49.440  24.124 0.6000000238
133650  -28.511  -46.086  18.479 0.6999999881
24249  -24.188  -44.607  16.319 0.6999999881
129413  -26.864  -45.082  18.238 0.6999999881
117377  -25.047  -40.975  15.498 0.8000000119
122812  -25.272  -42.010  15.562 0.6999999881
24246  -24.087  -44.277  16.693 0.6999999881
24240  -26.137  -44.492  17.853 0.6999999881
27476  -25.467  -40.008  15.328 0.8000000119
25128  -23.668  -43.276  16.082 0.6999999881
25111  -23.097  -42.912  16.741 0.6999999881
27462  -29.396  -40.631  16.155 0.5000000000
28230  -29.707  -39.837  16.028 0.5000000000
27463  -30.170  -40.360  16.715 0.4000000060
22389  -29.466  -46.563  23.430 0.6000000238
22411  -30.796  -46.536  22.793 0.6999999881
23299  -30.814  -45.573  22.723 0.8000000119
22412  -31.257  -46.201  22.274 0.8999999762
22431  -31.376  -45.981  21.543 0.8000000119
23325  -30.850  -45.600  20.311 0.8000000119
20679  -27.338  -47.669  23.322 0.6000000238
20678  -26.644  -47.901  22.890 0.6000000238
22444  -30.669  -46.381  20.073 0.8000000119
130974  -24.273  -49.733  23.878 0.6000000238
19839  -25.762  -49.300  23.031 0.6000000238
20677  -25.996  -48.615  22.655 0.6000000238
23333  -30.041  -44.944  19.244 0.6999999881
24242  -28.513  -44.418  18.543 0.6999999881
24232  -29.121  -44.036  18.660 0.6999999881
19004  -22.078  -50.899  23.846 0.5000000000
19006  -23.041  -50.518  23.377 0.5000000000
23345  -28.554  -45.259  18.521 0.6999999881
23344  -27.654  -45.619  18.341 0.6999999881
27475  -23.894  -40.050  15.497 0.8000000119
26698  -24.099  -41.667  15.672 0.8000000119
25118  -23.110  -42.896  16.479 0.6999999881
25103  -23.198  -42.968  16.970 0.6999999881
25900  -25.027  -43.082  17.534 0.6999999881
26697  -23.020  -41.799  15.936 0.6999999881
26700  -28.691  -40.956  15.635 0.5000000000
23285  -29.367  -45.732  23.410 0.6999999881
22390  -30.175  -46.121  23.224 0.8000000119
21523  -28.637  -46.922  23.455 0.6999999881
23286  -29.990  -45.296  23.181 0.8000000119
118285  -31.116  -44.779  22.256 0.8000000119
23326  -31.237  -45.508  20.973 0.8000000119
127246  -26.821  -47.211  22.928 0.6000000238
24225  -31.057  -44.750  20.698 0.6999999881
19838  -25.021  -49.856  22.885 0.6000000238
19858  -25.632  -49.118  22.170 0.6000000238
24233  -29.792  -44.103  19.042 0.8000000119
24234  -30.537  -44.188  19.848 0.6999999881
19837  -24.127  -50.311  22.961 0.6000000238
25893  -29.779  -42.591  19.217 0.8000000119
18255  -22.512  -51.148  22.541 0.4000000060
25106  -26.561  -43.609  18.039 0.6999999881
24241  -27.058  -44.242  18.322 0.6999999881
25108  -28.471  -43.475  18.529 0.6999999881
16719  -20.061  -53.429  22.479 0.4000000060
120931  -27.824  -44.076  18.479 0.6999999881
118950  -23.408  -40.920  15.741 0.8000000119
26696  -22.505  -41.846  16.519 0.8000000119
25901  -26.096  -43.143  17.747 0.6999999881
25899  -23.626  -42.603  17.227 0.6999999881
115520  -26.785  -39.893  15.141 0.8000000119
28252  -27.735  -39.728  15.092 0.5000000000
28255  -30.092  -39.103  15.841 0.5000000000
27479  -28.962  -40.100  15.541 0.5000000000
28231  -30.529  -39.602  16.532 0.4000000060
23284  -28.661  -45.297  23.623 0.6000000238
123766  -29.311  -45.073  23.435 0.6999999881
24184  -30.434  -44.696  22.778 0.8000000119
24203  -30.658  -43.946  22.316 0.8000000119
22387  -27.657  -46.458  23.440 0.6999999881
21522  -27.244  -46.980  23.106 0.6999999881
24219  -31.112  -44.125  21.546 0.8000000119
25084  -30.726  -43.470  21.694 0.8000000119
20704  -25.849  -47.907  22.494 0.6000000238
25093  -30.825  -43.328  21.060 0.8000000119
25100  -30.629  -43.319  20.234 0.8000000119
19857  -25.271  -49.657  22.059 0.6000000238
25098  -29.431  -43.321  18.801 0.8999999762
25894  -30.330  -42.723  19.829 0.8000000119
25903  -27.918  -42.576  18.435 0.8000000119
130272  -28.322  -41.862  18.532 0.8000000119
19032  -23.684  -50.877  22.294 0.5000000000
27427  -26.359  -40.716  17.581 0.8000000119
25107  -27.423  -43.428  18.378 0.6999999881
18264  -22.358  -51.563  21.510 0.4000000060
28250  -24.305  -39.221  15.302 0.8000000119
27473  -22.573  -41.075  16.238 0.8000000119
27461  -22.599  -40.532  16.548 0.8000000119
26674  -22.840  -41.260  17.116 0.8000000119
115212  -25.971  -42.566  17.674 0.6999999881
28251  -25.883  -39.207  15.107 0.8000000119
26685  -22.325  -41.920  16.847 0.8000000119
26663  -25.044  -42.137  17.492 0.6999999881
27444  -22.591  -40.871  16.877 0.8000000119
29040  -26.333  -38.570  14.983 0.8000000119
28229  -22.923  -39.599  16.305 0.8000000119
29042  -28.028  -38.930  14.821 0.6000000238
126136  -29.657  -38.667  15.352 0.5000000000
23267  -28.136  -44.930  24.059 0.6000000238
24183  -29.685  -44.558  23.245 0.6999999881
22370  -27.150  -45.972  23.697 0.6000000238
25055  -29.468  -43.763  23.450 0.6999999881
25070  -29.999  -43.420  22.734 0.6999999881
22386  -26.755  -46.655  23.169 0.6000000238
23266  -27.476  -45.390  24.241 0.6000000238
22385  -25.933  -46.803  23.215 0.6000000238
25878  -30.390  -42.713  21.509 0.8000000119
20703  -25.449  -48.553  22.000 0.6000000238
21521  -26.274  -47.223  22.815 0.6000000238
25071  -30.370  -43.235  22.121 0.6999999881
19878  -25.022  -49.864  21.230 0.5000000000
25888  -30.457  -42.621  20.568 0.8000000119
19047  -24.652  -50.498  21.146 0.3000000119
26656  -28.940  -41.524  18.859 0.8000000119
121889  -29.474  -41.933  19.150 0.8000000119
26665  -27.543  -41.684  18.241 0.8000000119
27474  -22.872  -40.191  15.992 0.8000000119
26662  -23.790  -41.609  17.313 0.8000000119
26664  -26.389  -41.717  17.700 0.8000000119
27425  -23.646  -40.591  17.207 0.8000000119
28215  -22.941  -39.963  16.786 0.8000000119
116489  -27.088  -39.112  14.999 0.6999999881
29043  -28.920  -38.615  14.991 0.6000000238
29023  -31.358  -38.168  16.231 0.3000000119
24169  -28.382  -44.240  24.526 0.6000000238
25054  -28.900  -43.797  24.140 0.6999999881
25041  -29.207  -43.049  24.141 0.6999999881
25849  -29.608  -42.912  23.210 0.6999999881
119354  -21.881  -47.485  23.664 0.5000000000
25863  -29.976  -42.698  22.389 0.6999999881
21547  -25.172  -47.919  22.143 0.5000000000
22369  -26.369  -46.297  24.016 0.6000000238
117465  -29.922  -41.991  21.902 0.6999999881
20719  -23.675  -49.222  20.859 0.3000000119
20702  -24.909  -48.439  21.496 0.5000000000
26650  -29.613  -41.056  20.658 0.8000000119
138122  -29.799  -41.503  20.278 0.8000000119
120684  -27.849  -40.878  18.361 0.8999999762
122121  -28.877  -40.784  19.213 0.8999999762
26657  -29.440  -41.303  19.656 0.8000000119
27416  -29.363  -40.542  19.878 0.8000000119
18278  -23.619  -51.048  21.229 0.4000000060
135479  -27.150  -40.338  17.706 0.8999999762
116947  -27.235  -40.962  17.887 0.8999999762
27429  -28.391  -40.303  18.729 0.8999999762
116929  -24.961  -38.339  15.394 0.8000000119
29039  -23.383  -38.440  15.496 0.8000000119
120454  -25.137  -41.158  17.429 0.8000000119
29041  -27.302  -38.237  14.869 0.6999999881
29050  -28.342  -38.109  14.669 0.6000000238
30798  -30.577  -36.940  14.869 0.6000000238
29908  -30.305  -37.607  15.105 0.6000000238
24168  -27.729  -44.740  24.906 0.6000000238
25040  -28.649  -43.421  24.942 0.6000000238
134500  -29.533  -42.420  23.725 0.6999999881
23247  -26.972  -45.275  25.182 0.6000000238
21502  -24.256  -47.134  23.632 0.6000000238
22384  -25.102  -47.040  23.393 0.5000000000
23246  -26.339  -45.906  25.049 0.6000000238
128067  -29.761  -42.063  22.917 0.6999999881
116277  -29.941  -41.395  22.246 0.8000000119
20701  -24.127  -48.434  21.325 0.4000000060
26645  -29.837  -41.371  21.485 0.6999999881
20720  -24.667  -49.074  20.951 0.4000000060
25877  -30.050  -41.846  20.899 0.8000000119
130396  -29.376  -39.908  19.998 0.8000000119
28198  -26.479  -39.863  17.503 0.8999999762
28200  -28.190  -39.582  18.323 0.8000000119
27415  -28.980  -40.032  19.414 0.8000000119
28199  -27.458  -39.685  17.764 0.8000000119
29021  -23.085  -38.527  15.994 0.8000000119
29001  -24.071  -38.550  17.209 0.8000000119
27426  -25.172  -40.174  17.364 0.6999999881
117653  -23.455  -37.720  15.424 0.8000000119
28196  -23.859  -39.489  17.178 0.8000000119
121816  -26.104  -37.847  14.971 0.8000000119
122133  -23.022  -37.586  15.767 0.8000000119
29916  -28.612  -37.407  14.517 0.6999999881
29917  -29.124  -37.762  14.614 0.6999999881
31706  -30.464  -35.601  13.921 0.6000000238
31707  -31.322  -35.504  14.128 0.6000000238
31708  -32.012  -35.328  14.464 0.6000000238
24147  -27.270  -44.358  25.497 0.6000000238
25821  -29.042  -42.020  25.203 0.8000000119
25833  -29.356  -42.222  24.479 0.6999999881
23263  -22.525  -45.669  24.624 0.5000000000
23245  -25.572  -45.733  25.352 0.5000000000
27378  -30.000  -41.276  23.128 0.8000000119
122845  -23.824  -46.775  24.335 0.5000000000
22351  -25.754  -46.291  24.921 0.5000000000
26610  -29.715  -41.730  23.854 0.8000000119
27388  -30.336  -40.472  23.201 0.8000000119
21500  -22.471  -46.984  24.147 0.5000000000
27387  -30.070  -40.846  22.480 0.8000000119
27403  -29.821  -40.719  21.594 0.8000000119
28169  -29.832  -39.843  21.399 0.8000000119
27409  -29.549  -40.254  20.679 0.8000000119
28182  -28.731  -39.440  18.975 0.8000000119
120946  -27.924  -38.915  17.879 0.8000000119
28183  -29.281  -39.238  19.684 0.8000000119
119834  -23.034  -37.754  16.105 0.8000000119
29002  -25.400  -38.330  17.400 0.8000000119
29853  -24.287  -37.748  17.251 0.8999999762
29905  -25.967  -36.945  15.070 0.8000000119
29903  -23.109  -36.711  15.638 0.8000000119
29915  -27.810  -37.432  14.674 0.6999999881
29906  -26.944  -37.427  14.969 0.6999999881
30814  -30.106  -36.499  14.341 0.6999999881
31704  -28.252  -35.641  14.354 0.6999999881
121230  -28.922  -36.114  14.265 0.6999999881
31715  -29.005  -35.383  14.031 0.6999999881
31705  -29.629  -35.951  14.113 0.6999999881
26597  -27.762  -41.559  25.781 0.8000000119
25023  -28.121  -43.254  25.533 0.6000000238
124894  -28.423  -41.828  25.644 0.6000000238
26598  -29.034  -41.236  25.496 0.8000000119
25847  -23.699  -41.998  23.411 0.6000000238
25038  -23.421  -43.432  24.109 0.5000000000
24146  -26.441  -44.592  25.573 0.6000000238
25021  -26.713  -43.727  25.686 0.6000000238
125254  -29.572  -41.340  24.778 0.8000000119
26631  -22.470  -41.184  22.178 0.6000000238
26632  -23.134  -41.577  22.819 0.6000000238
132081  -24.086  -41.456  23.737 0.6000000238
25039  -24.109  -43.525  24.697 0.5000000000
24145  -25.442  -44.748  25.537 0.5000000000
28945  -22.687  -38.467  22.378 0.5000000000
27385  -22.584  -40.202  22.238 0.5000000000
27386  -23.135  -40.708  22.731 0.6000000238
26623  -23.642  -41.146  23.253 0.6000000238
24143  -23.863  -45.130  25.160 0.5000000000
25019  -24.891  -43.686  25.275 0.5000000000
27379  -30.349  -40.275  24.052 0.8000000119
28154  -30.533  -39.842  22.790 0.8000000119
120305  -23.056  -38.911  22.636 0.5000000000
23244  -24.710  -45.403  25.348 0.5000000000
28961  -21.448  -38.080  21.830 0.4000000060
22350  -24.881  -46.266  25.057 0.5000000000
28170  -30.375  -39.376  22.098 0.6999999881
28991  -29.442  -38.328  19.583 0.8000000119
28175  -29.573  -39.483  20.550 0.8000000119
28963  -29.938  -39.023  21.188 0.6999999881
124729  -27.581  -38.134  17.630 0.8000000119
28978  -29.645  -38.681  20.366 0.8000000119
131138  -29.082  -38.760  19.086 0.8000000119
29005  -29.306  -38.084  18.792 0.8000000119
30796  -24.547  -36.133  15.495 0.8999999762
30782  -22.808  -35.777  15.903 0.8999999762
29003  -26.767  -38.899  17.495 0.8000000119
29869  -23.428  -37.059  16.567 1.0000000000
131641  -25.388  -37.597  17.437 0.8000000119
122513  -27.533  -35.865  14.646 0.6999999881
26596  -27.031  -41.568  25.797 0.8000000119
28143  -24.222  -39.865  23.703 0.6000000238
118139  -26.595  -42.269  25.705 0.6000000238
25818  -26.948  -43.011  25.789 0.6000000238
27353  -29.467  -40.599  25.295 0.8000000119
28131  -29.809  -39.994  25.184 0.8000000119
28152  -23.189  -39.698  22.775 0.5000000000
27376  -23.650  -40.293  23.254 0.6000000238
26608  -24.672  -41.295  24.373 0.6000000238
127713  -25.702  -42.193  25.348 0.6000000238
27367  -29.934  -40.466  24.668 0.8000000119
28144  -30.665  -39.667  23.596 0.6999999881
28142  -23.512  -38.857  23.065 0.5000000000
26609  -25.322  -41.548  24.981 0.6000000238
115563  -26.184  -42.989  25.590 0.6000000238
28962  -22.238  -38.054  22.140 0.4000000060
28946  -23.219  -38.201  22.753 0.4000000060
121905  -24.202  -38.861  23.637 0.4000000060
118414  -30.759  -39.335  22.868 0.6999999881
29797  -23.238  -36.985  22.795 0.4000000060
29780  -23.700  -37.083  23.192 0.4000000060
28130  -24.854  -39.409  24.230 0.4000000060
28964  -30.506  -38.547  21.703 0.6999999881
29782  -24.856  -37.663  24.056 0.5000000000
28979  -30.090  -38.228  20.947 0.6999999881
30678  -23.400  -36.411  23.056 0.3000000119
136688  -24.617  -36.658  23.875 0.5000000000
29004  -28.400  -38.247  17.888 0.8000000119
121474  -28.952  -37.854  18.192 0.8000000119
29830  -29.755  -37.837  20.247 0.8000000119
30795  -23.074  -35.668  15.741 0.8000000119
30769  -22.904  -35.961  16.135 1.0000000000
120522  -24.625  -36.970  17.339 0.8000000119
30750  -25.075  -36.210  17.441 0.8000000119
121975  -26.005  -36.949  17.506 0.8000000119
29856  -28.259  -37.402  17.760 0.8000000119
31689  -22.875  -35.030  15.920 1.0000000000
30752  -27.691  -36.521  17.605 0.8000000119
30797  -25.925  -36.063  15.168 0.8000000119
32607  -24.161  -34.703  16.757 0.8000000119
122652  -26.854  -36.504  17.501 0.8000000119
30810  -26.434  -35.381  14.868 0.8999999762
32671  -28.154  -34.764  14.111 0.6999999881
32682  -29.030  -34.550  13.693 0.6999999881
31716  -29.777  -35.136  13.692 0.6999999881
31717  -30.428  -34.870  13.504 0.6999999881
32672  -31.792  -34.884  13.820 0.6000000238
136601  -31.216  -33.893  13.012 0.6999999881
32683  -29.940  -34.240  13.282 0.6999999881
33520  -32.522  -33.554  13.181 0.6000000238
33519  -31.822  -33.770  12.992 0.6000000238
27351  -28.232  -40.894  25.793 0.8000000119
27352  -28.942  -40.542  25.668 0.8000000119
27377  -24.156  -40.741  23.736 0.5000000000
137090  -26.593  -40.213  25.509 0.8000000119
28114  -27.309  -40.061  25.748 0.8000000119
132035  -27.404  -40.970  25.792 0.8000000119
115054  -29.271  -39.933  25.635 0.8000000119
130895  -23.719  -39.520  23.300 0.5000000000
27365  -24.762  -40.333  24.291 0.6000000238
122867  -25.485  -39.937  24.759 0.5000000000
27350  -26.738  -40.765  25.637 0.8000000119
28132  -30.335  -39.674  24.626 0.6999999881
28932  -23.812  -37.964  23.269 0.4000000060
28918  -24.998  -38.434  24.214 0.5000000000
28113  -26.311  -39.611  25.269 0.6999999881
27349  -26.082  -40.442  25.278 0.6999999881
28116  -29.786  -39.225  25.444 0.6999999881
28920  -30.802  -38.977  24.191 0.6999999881
29783  -31.259  -38.285  23.876 0.6999999881
28934  -31.033  -38.907  23.350 0.6999999881
28947  -30.889  -38.761  22.521 0.6999999881
29798  -31.090  -38.068  22.137 0.6999999881
31585  -24.904  -36.078  24.139 0.5000000000
29813  -30.610  -37.767  21.407 0.6999999881
31584  -24.287  -35.533  23.794 0.4000000060
29858  -29.285  -37.284  18.612 0.8000000119
29831  -30.215  -37.539  20.777 0.6999999881
29857  -28.907  -37.135  18.118 0.8000000119
30753  -28.548  -36.518  17.893 0.8000000119
125844  -29.325  -36.007  18.628 0.6999999881
31642  -25.349  -35.554  17.467 0.8000000119
31691  -25.041  -35.115  15.320 0.8999999762
32655  -24.092  -33.885  15.608 0.8999999762
32643  -23.399  -34.141  16.125 0.8000000119
32644  -23.813  -33.284  16.255 0.8000000119
32626  -25.425  -34.268  17.161 0.8000000119
117824  -26.315  -34.451  14.566 0.8999999762
32656  -25.350  -34.221  15.065 0.8000000119
31703  -27.324  -35.039  14.466 0.8999999762
132545  -28.062  -33.938  13.734 0.8000000119
32673  -32.638  -34.736  14.378 0.4000000060
33516  -28.947  -33.687  13.370 0.6999999881
33518  -30.624  -33.686  12.955 0.6999999881
34349  -33.133  -32.077  12.769 0.5000000000
28115  -27.930  -39.176  25.847 0.6999999881
120435  -28.459  -39.972  25.832 0.8000000119
119550  -27.013  -39.002  25.553 0.6999999881
28901  -29.263  -38.409  25.841 0.6999999881
29781  -24.377  -37.240  23.668 0.4000000060
29761  -26.195  -37.867  24.836 0.6000000238
28900  -28.318  -38.402  25.879 0.6999999881
131748  -30.414  -38.921  24.909 0.6999999881
28935  -31.389  -38.243  22.980 0.6999999881
30658  -25.760  -36.307  24.579 0.5000000000
29799  -31.554  -37.500  22.557 0.6999999881
135850  -31.145  -37.390  21.811 0.6999999881
32525  -24.431  -34.737  24.126 0.3000000119
31570  -24.924  -35.276  24.285 0.3000000119
120901  -26.316  -35.829  24.897 0.5000000000
30754  -29.103  -36.551  18.392 0.6999999881
29845  -29.982  -37.021  20.252 0.6999999881
30717  -31.164  -36.181  21.361 0.6999999881
31571  -25.685  -35.422  24.659 0.4000000060
30743  -29.490  -36.591  18.943 0.6999999881
30744  -29.825  -36.446  19.595 0.6999999881
31644  -28.875  -35.746  18.092 0.6999999881
32625  -24.378  -33.992  16.702 0.8000000119
31643  -25.934  -35.153  17.474 0.8000000119
30770  -27.011  -35.649  17.507 0.8000000119
30771  -28.072  -35.747  17.685 0.8000000119
31664  -26.517  -34.687  17.356 0.8000000119
33494  -23.810  -32.962  15.992 0.8000000119
32669  -25.671  -33.442  14.676 0.8000000119
32670  -26.894  -33.996  14.142 0.8999999762
138536  -28.024  -33.293  13.396 0.8000000119
34346  -29.084  -32.344  12.731 0.8000000119
33534  -32.105  -33.113  12.696 0.6999999881
33535  -32.820  -32.840  12.947 0.6000000238
33517  -29.746  -33.207  12.919 0.6999999881
33532  -30.588  -33.073  12.721 0.6999999881
137154  -29.977  -30.793  12.483 0.6999999881
120379  -28.865  -39.186  25.891 0.6999999881
30636  -27.380  -36.688  25.382 0.6000000238
125658  -28.127  -36.970  25.717 0.6000000238
29743  -28.640  -37.638  25.870 0.6999999881
29744  -29.599  -37.627  25.761 0.6999999881
28902  -30.118  -38.361  25.412 0.6999999881
120678  -25.994  -37.094  24.652 0.5000000000
28899  -26.873  -38.133  25.345 0.6000000238
120686  -29.932  -36.867  25.697 0.6999999881
29745  -30.468  -37.586  25.316 0.6999999881
123368  -30.761  -38.282  24.716 0.6999999881
29741  -26.762  -37.295  25.126 0.6000000238
30659  -26.552  -36.480  24.958 0.5000000000
30637  -28.168  -36.115  25.606 0.6000000238
29784  -31.635  -37.564  23.483 0.6999999881
32527  -26.069  -34.713  24.992 0.4000000060
31572  -26.497  -35.189  25.092 0.5000000000
30660  -27.116  -35.756  25.245 0.6000000238
120074  -31.985  -36.860  23.015 0.6999999881
30732  -30.814  -35.957  20.778 0.6999999881
29814  -31.506  -36.672  22.030 0.6999999881
30731  -30.327  -36.257  20.239 0.6999999881
33376  -25.933  -33.014  25.050 0.3000000119
31626  -30.235  -35.657  19.592 0.6999999881
31665  -27.558  -34.959  17.511 0.8000000119
31666  -28.379  -35.176  17.698 0.8000000119
31667  -28.964  -34.997  17.869 0.6999999881
32609  -29.499  -34.731  18.069 0.6999999881
32588  -30.563  -34.865  19.260 0.6999999881
33466  -24.856  -33.350  16.605 0.8000000119
32628  -28.152  -34.528  17.370 0.8000000119
33504  -25.425  -32.464  14.831 0.8000000119
33479  -24.177  -32.753  16.182 0.8000000119
32645  -26.111  -33.573  16.667 0.8000000119
33505  -25.845  -32.845  14.083 0.8000000119
35143  -25.425  -31.509  14.489 0.8000000119
34313  -26.212  -32.147  15.104 0.8000000119
34314  -27.607  -32.279  15.133 0.8000000119
35977  -26.987  -30.758  14.368 0.8000000119
34348  -32.386  -32.331  12.583 0.6000000238
35178  -31.967  -31.754  12.408 0.6999999881
130259  -29.223  -31.119  12.462 0.8000000119
126825  -30.171  -32.384  12.593 0.6000000238
36903  -29.501  -29.608  12.328 0.6999999881
36904  -30.330  -30.059  12.393 0.6000000238
119005  -31.340  -30.242  12.302 0.6000000238
31549  -27.809  -35.174  25.473 0.6000000238
30661  -30.749  -36.808  25.239 0.6999999881
29762  -31.231  -37.442  24.513 0.6999999881
31550  -28.731  -35.358  25.586 0.6000000238
30662  -31.319  -36.523  24.710 0.6999999881
137649  -31.706  -36.154  24.273 0.6999999881
132216  -31.730  -36.811  23.917 0.6999999881
32528  -26.722  -34.460  25.256 0.4000000060
130467  -27.126  -34.968  25.321 0.4000000060
30640  -30.932  -36.167  25.229 0.6999999881
30681  -32.023  -36.161  23.534 0.6999999881
32505  -28.358  -34.619  25.502 0.5000000000
30695  -31.995  -36.053  22.662 0.6999999881
123729  -26.123  -33.919  25.131 0.3000000119
33377  -27.020  -33.605  25.258 0.3000000119
31625  -29.726  -35.890  19.037 0.6999999881
123873  -31.591  -35.802  21.815 0.6999999881
135386  -26.485  -33.334  25.165 0.3000000119
133244  -26.822  -32.734  25.006 0.3000000119
31616  -31.129  -35.273  20.533 0.6999999881
137970  -31.256  -35.655  21.166 0.6999999881
32573  -31.688  -34.583  20.563 0.6999999881
32646  -27.368  -33.855  16.819 0.8000000119
32630  -29.828  -34.267  17.807 0.6999999881
32610  -30.068  -34.676  18.523 0.6999999881
32590  -31.743  -34.052  19.886 0.6999999881
32611  -30.761  -34.365  18.690 0.6999999881
33450  -31.366  -33.861  18.370 0.6999999881
33495  -24.719  -32.559  15.685 0.8000000119
33481  -26.534  -33.251  16.216 0.8000000119
32629  -29.098  -34.422  17.530 0.6999999881
33470  -31.818  -33.452  17.721 0.6999999881
34295  -25.715  -32.663  15.609 0.8000000119
33482  -27.839  -33.432  16.351 0.8000000119
33483  -28.953  -33.529  16.410 0.8000000119
33485  -30.887  -33.460  16.609 0.8000000119
34282  -32.501  -33.006  17.594 0.6999999881
132570  -25.146  -31.766  14.356 0.8000000119
34296  -27.074  -32.866  15.655 0.8000000119
34315  -28.904  -32.413  15.051 0.8000000119
34299  -30.477  -33.070  15.770 0.8000000119
34325  -25.188  -31.831  14.054 0.8000000119
124228  -25.041  -31.076  13.984 0.8000000119
35144  -26.591  -31.479  14.702 0.8000000119
34317  -31.002  -32.451  15.143 0.8000000119
34344  -26.588  -31.828  13.103 0.8000000119
35155  -25.552  -30.739  14.222 0.8000000119
35145  -28.114  -31.609  14.671 0.8000000119
35146  -29.440  -31.696  14.624 0.8000000119
35147  -30.545  -31.715  14.669 0.8000000119
35174  -25.998  -31.108  13.197 0.8000000119
135138  -28.623  -30.710  14.401 0.8000000119
35175  -27.174  -31.271  12.802 0.8000000119
35179  -32.675  -31.523  12.485 0.5000000000
123346  -31.624  -31.053  12.384 0.6000000238
36019  -27.227  -29.745  12.723 0.8000000119
36004  -27.956  -30.562  12.544 0.8000000119
126133  -32.263  -31.075  12.368 0.6000000238
125401  -32.132  -30.391  12.263 0.6000000238
36905  -31.906  -29.567  12.131 0.6000000238
30638  -29.280  -36.125  25.687 0.6999999881
31552  -30.641  -35.556  25.389 0.6999999881
31553  -31.353  -35.701  24.906 0.6999999881
125338  -29.235  -34.747  25.548 0.5000000000
32508  -31.031  -35.052  25.271 0.6999999881
33358  -27.858  -33.549  25.310 0.4000000060
34178  -28.319  -32.866  25.192 0.4000000060
33359  -28.621  -33.506  25.416 0.5000000000
31586  -32.192  -35.395  23.246 0.6999999881
31595  -32.039  -35.242  22.299 0.6999999881
115014  -27.474  -32.158  24.746 0.3000000119
34193  -28.800  -32.085  24.919 0.3000000119
34179  -29.167  -32.865  25.405 0.5000000000
32560  -32.392  -34.526  22.908 0.6999999881
32567  -32.248  -34.575  21.885 0.6999999881
132208  -26.835  -31.920  24.614 0.3000000119
35041  -28.765  -31.265  24.420 0.3000000119
122201  -32.103  -34.462  21.154 0.6999999881
119373  -28.057  -30.928  23.978 0.3000000119
33424  -32.960  -33.198  20.533 0.6999999881
33467  -29.438  -33.897  17.148 0.8000000119
32631  -30.565  -34.112  18.057 0.6999999881
33435  -31.916  -33.695  19.124 0.6999999881
33468  -30.297  -33.813  17.313 0.6999999881
33469  -31.149  -33.695  17.471 0.6999999881
34297  -28.364  -32.986  15.705 0.8000000119
33484  -29.930  -33.489  16.525 0.6999999881
34281  -31.855  -33.148  16.846 0.8000000119
34312  -25.459  -32.294  14.882 0.8000000119
34301  -32.272  -32.473  15.999 0.8000000119
34316  -30.011  -32.484  15.045 0.8000000119
35148  -31.483  -31.631  14.922 0.8000000119
132465  -25.510  -30.613  13.973 0.8000000119
35162  -25.499  -30.747  13.568 0.8000000119
36875  -29.579  -29.984  14.396 0.8000000119
35979  -31.037  -30.823  14.633 0.8000000119
36003  -26.429  -30.378  13.007 0.8000000119
35993  -26.344  -30.157  13.619 0.8000000119
35989  -27.311  -29.953  14.149 0.8000000119
36874  -28.460  -29.609  14.234 0.8000000119
36877  -31.475  -29.840  14.853 0.8000000119
36902  -28.378  -29.539  12.434 0.8000000119
31551  -29.737  -35.447  25.561 0.6000000238
32507  -30.251  -34.760  25.464 0.6000000238
34192  -27.589  -32.864  25.089 0.3000000119
136867  -28.211  -34.031  25.439 0.5000000000
33360  -29.428  -33.612  25.511 0.5000000000
32529  -31.064  -34.343  25.328 0.6999999881
32530  -31.565  -34.874  24.805 0.6999999881
32549  -32.097  -34.697  23.984 0.6999999881
33378  -30.122  -33.053  25.538 0.6000000238
32531  -31.829  -33.937  24.815 0.6999999881
123547  -32.618  -33.727  23.011 0.6999999881
35040  -28.083  -31.705  24.519 0.3000000119
33381  -32.192  -33.140  24.415 0.6999999881
35039  -27.402  -31.448  24.338 0.3000000119
35905  -30.085  -30.302  24.245 0.3000000119
32561  -32.590  -33.925  22.256 0.6999999881
136818  -28.340  -29.127  21.968 0.3000000119
36814  -28.795  -29.299  22.353 0.3000000119
36798  -29.082  -29.734  23.127 0.3000000119
36799  -30.026  -29.644  23.529 0.3000000119
37697  -28.144  -28.455  20.955 0.3000000119
33436  -32.439  -33.496  19.834 0.6999999881
116735  -32.687  -33.213  19.051 0.6999999881
34302  -32.788  -32.533  16.789 0.8000000119
35149  -32.363  -31.531  15.428 0.8000000119
35980  -31.883  -30.718  14.987 0.8000000119
36885  -26.717  -29.481  13.714 0.8000000119
35988  -26.165  -30.192  14.029 0.8000000119
37754  -27.057  -28.602  13.522 0.8000000119
36886  -27.439  -29.087  13.950 0.8000000119
37742  -29.332  -29.066  14.362 0.8000000119
116994  -30.125  -29.379  14.495 0.8000000119
36919  -27.334  -28.956  12.657 0.8000000119
37741  -28.300  -28.675  14.142 0.8000000119
37790  -28.903  -28.052  12.058 0.6999999881
125397  -29.827  -28.305  11.905 0.6000000238
33379  -31.048  -33.450  25.405 0.6000000238
33380  -31.665  -33.056  25.079 0.6000000238
32550  -32.357  -33.866  23.794 0.6999999881
35884  -30.108  -30.900  24.672 0.4000000060
35045  -32.193  -31.804  24.362 0.6000000238
33397  -32.606  -33.022  23.522 0.6999999881
35058  -31.931  -31.001  24.333 0.4000000060
133860  -32.975  -32.565  23.031 0.6999999881
33409  -32.877  -33.176  22.564 0.6999999881
137687  -32.713  -33.521  21.127 0.6999999881
37667  -30.928  -28.601  22.447 0.3000000119
35907  -32.530  -30.672  23.815 0.4000000060
126298  -33.237  -31.930  22.964 0.6000000238
34238  -33.583  -32.472  21.628 0.6999999881
33437  -33.151  -32.994  19.707 0.6999999881
34245  -34.184  -31.981  19.994 0.6999999881
34257  -33.364  -32.663  19.021 0.6999999881
34267  -33.704  -32.322  18.334 0.6999999881
34300  -31.409  -32.898  15.901 0.8000000119
34318  -31.752  -32.262  15.397 0.8000000119
35135  -33.023  -31.869  16.105 0.8000000119
36876  -30.548  -30.026  14.554 0.8000000119
35981  -32.581  -30.494  15.390 0.8000000119
37743  -30.818  -29.136  14.722 0.8000000119
38675  -27.150  -27.528  12.932 0.8000000119
37755  -27.519  -28.379  13.864 0.8000000119
38639  -29.096  -28.042  14.309 0.8000000119
136595  -30.023  -27.854  14.451 0.8000000119
126443  -27.945  -27.830  14.017 0.8000000119
37776  -31.053  -29.386  12.160 0.6000000238
37773  -28.237  -28.577  12.345 0.8000000119
38684  -30.399  -27.721  11.555 0.6000000238
122187  -28.479  -27.342  11.905 0.6999999881
137976  -29.065  -26.644  11.415 0.6999999881
34195  -30.982  -32.413  25.349 0.6000000238
34196  -31.867  -32.409  24.760 0.6000000238
34197  -32.365  -32.496  24.174 0.6000000238
120110  -30.770  -29.949  24.082 0.3000000119
36800  -31.005  -29.442  23.529 0.3000000119
36801  -32.602  -29.892  23.482 0.3000000119
35060  -33.015  -31.291  23.483 0.5000000000
35908  -33.186  -30.507  23.304 0.5000000000
35083  -34.121  -31.728  21.557 0.6999999881
38582  -30.680  -27.896  21.384 0.3000000119
37686  -31.409  -28.080  21.935 0.3000000119
35920  -34.452  -30.125  22.026 0.4000000060
35091  -33.964  -32.237  20.867 0.6999999881
116547  -29.996  -27.157  20.564 0.3000000119
35943  -34.832  -31.265  20.098 0.6000000238
35112  -34.385  -31.717  18.421 0.6000000238
35104  -34.702  -31.511  19.251 0.6000000238
35136  -33.556  -31.962  16.822 0.8000000119
35123  -34.020  -31.885  17.605 0.6999999881
35951  -35.111  -31.057  18.443 0.6000000238
35137  -34.163  -31.176  16.908 0.6999999881
137150  -34.984  -30.885  17.840 0.6999999881
35150  -33.152  -31.019  15.769 0.8000000119
35969  -33.780  -30.603  16.197 0.6999999881
35970  -34.417  -30.209  16.676 0.6999999881
35959  -34.774  -30.627  17.351 0.6999999881
123083  -32.144  -29.999  15.146 0.8000000119
35982  -33.243  -30.104  15.724 0.8000000119
36864  -33.878  -29.672  16.154 0.6999999881
36865  -34.485  -29.321  16.579 0.6999999881
37744  -31.605  -28.835  15.026 0.8000000119
132060  -32.067  -29.382  15.188 0.8000000119
36879  -33.229  -29.152  15.782 0.6999999881
37728  -33.954  -28.693  16.210 0.6999999881
36893  -26.762  -28.993  13.339 0.8000000119
37766  -27.059  -27.938  13.194 0.8000000119
37756  -30.095  -28.605  14.520 0.8000000119
130537  -32.455  -28.689  15.424 0.8000000119
38653  -27.518  -27.120  13.616 0.8000000119
38654  -29.424  -27.237  14.232 0.8000000119
37757  -30.902  -28.152  14.698 0.8000000119
37772  -26.973  -28.473  13.018 0.8000000119
38669  -27.121  -27.001  13.026 0.8000000119
135892  -28.815  -26.617  13.903 0.8000000119
39528  -30.722  -26.736  14.104 0.8000000119
37788  -27.438  -28.104  12.618 0.8000000119
39559  -27.319  -26.663  12.648 0.8000000119
39567  -27.540  -26.120  12.018 0.6999999881
118747  -30.765  -28.571  11.842 0.6000000238
125885  -31.347  -28.013  11.492 0.6000000238
38682  -27.872  -27.035  12.092 0.8000000119
115096  -28.347  -26.543  11.665 0.6999999881
39568  -28.815  -25.950  11.193 0.6999999881
35075  -33.545  -31.167  22.858 0.5000000000
123296  -33.692  -31.838  22.286 0.5000000000
36817  -31.862  -29.318  23.325 0.3000000119
36802  -33.304  -29.759  23.054 0.4000000060
35076  -34.069  -31.038  22.180 0.5000000000
37687  -32.256  -28.152  22.231 0.3000000119
35084  -34.493  -30.960  21.429 0.5000000000
35934  -34.801  -30.967  20.767 0.6000000238
38584  -32.289  -27.566  21.693 0.3000000119
37688  -33.123  -28.090  22.195 0.3000000119
35929  -34.887  -30.337  21.144 0.6000000238
35935  -35.197  -30.599  20.379 0.6000000238
39473  -30.720  -26.467  20.511 0.3000000119
39461  -31.999  -27.015  21.214 0.3000000119
119833  -34.016  -27.924  21.818 0.3000000119
39474  -31.447  -26.802  20.861 0.3000000119
35944  -35.390  -30.747  19.457 0.6000000238
40353  -30.108  -25.821  20.171 0.3000000119
35960  -35.302  -30.444  17.860 0.6999999881
36853  -35.103  -29.750  17.204 0.6999999881
38656  -31.317  -27.398  14.552 0.8000000119
38640  -32.668  -27.791  15.332 0.6999999881
37745  -33.253  -28.233  15.772 0.6999999881
38657  -32.172  -27.324  14.768 0.6999999881
39529  -31.652  -26.812  14.187 0.6999999881
39526  -27.864  -26.354  13.507 0.8000000119
39546  -28.826  -25.979  13.438 0.6999999881
39547  -30.039  -26.148  13.562 0.8000000119
39548  -31.047  -26.253  13.627 0.6000000238
129808  -32.927  -26.665  10.563 0.6000000238
39560  -27.431  -26.028  12.517 0.6999999881
40444  -27.950  -25.562  11.965 0.6999999881
40431  -27.740  -25.595  12.562 0.6999999881
39576  -29.842  -25.912  10.879 0.6999999881
124285  -30.652  -26.527  10.981 0.6999999881
118219  -28.084  -25.768  11.646 0.6999999881
44068  -30.108  -21.469  10.051 0.5000000000
44094  -30.476  -21.346  9.234 0.5000000000
130208  -35.604  -30.155  20.043 0.6000000238
36832  -35.774  -29.445  20.177 0.6000000238
36846  -36.121  -29.255  18.599 0.6000000238
115774  -35.648  -28.860  17.615 0.6999999881
137608  -34.486  -28.736  16.533 0.6999999881
42112  -28.768  -23.961  19.329 0.3000000119
37746  -33.906  -27.782  16.088 0.6999999881
37721  -34.979  -28.829  16.853 0.6999999881
37729  -34.558  -28.108  16.526 0.6999999881
38658  -32.998  -27.167  14.903 0.6999999881
38641  -33.436  -27.472  15.543 0.6000000238
39530  -32.532  -26.829  14.195 0.6999999881
39545  -27.440  -26.007  12.998 0.6999999881
40404  -27.889  -25.718  13.063 0.6999999881
121020  -29.442  -25.614  13.081 0.6999999881
40433  -30.676  -25.178  12.427 0.6000000238
120802  -28.885  -24.715  11.826 0.6999999881
39577  -31.534  -26.642  10.777 0.6000000238
40455  -32.313  -26.307  10.440 0.5000000000
130525  -28.645  -24.682  10.904 0.6999999881
41277  -28.951  -24.162  10.773 0.6999999881
40452  -29.165  -24.406  10.476 0.6999999881
41284  -29.895  -23.250  9.662 0.6000000238
37700  -35.831  -28.628  20.287 0.4000000060
36840  -36.176  -28.987  19.533 0.6000000238
37706  -36.179  -28.271  19.706 0.5000000000
37707  -36.425  -28.264  18.952 0.6000000238
37722  -35.930  -27.796  17.645 0.6000000238
42126  -28.809  -23.317  18.862 0.3000000119
42127  -29.610  -23.652  19.137 0.3000000119
37730  -35.336  -28.081  17.001 0.6999999881
38629  -34.430  -27.410  16.269 0.6000000238
38630  -35.017  -27.404  16.601 0.6000000238
38642  -34.114  -27.114  15.821 0.6000000238
39549  -31.989  -26.429  13.480 0.6000000238
39531  -33.406  -26.770  14.235 0.6000000238
40432  -29.591  -25.194  12.462 0.6999999881
40416  -31.377  -25.837  12.950 0.6000000238
39550  -32.939  -26.519  13.357 0.6000000238
41258  -30.975  -24.564  11.838 0.6000000238
41271  -29.060  -24.033  11.156 0.6999999881
40463  -29.877  -24.163  9.911 0.6999999881
40454  -31.393  -25.768  10.354 0.6000000238
40465  -32.340  -25.479  9.954 0.5000000000
40464  -31.134  -24.852  9.948 0.6000000238
41286  -32.047  -24.550  9.514 0.6000000238
42204  -29.469  -23.455  10.546 0.6000000238
41285  -30.954  -23.918  9.579 0.5000000000
42205  -29.681  -22.718  9.957 0.5000000000
42209  -30.865  -23.025  9.258 0.5000000000
42215  -31.700  -22.739  8.791 0.5000000000
43072  -30.854  -21.492  8.816 0.5000000000
44095  -31.066  -20.899  8.897 0.5000000000
39478  -35.817  -26.986  20.154 0.4000000060
39488  -36.266  -26.603  19.329 0.4000000060
40356  -33.322  -25.575  20.477 0.4000000060
38618  -36.326  -27.798  18.309 0.6000000238
42113  -30.384  -23.720  19.187 0.3000000119
120587  -31.012  -23.513  18.975 0.3000000119
121204  -32.222  -24.214  19.606 0.3000000119
134648  -35.524  -27.361  17.057 0.6000000238
42970  -30.820  -22.585  18.089 0.3000000119
38643  -34.785  -26.912  16.127 0.6000000238
39532  -34.290  -26.633  14.396 0.5000000000
39518  -34.685  -26.667  15.319 0.6000000238
40418  -33.453  -26.111  12.452 0.6000000238
40417  -32.361  -26.057  12.691 0.6000000238
39551  -33.934  -26.534  13.412 0.6000000238
40434  -31.704  -25.298  12.292 0.6000000238
138053  -33.431  -25.432  11.806 0.6000000238
41257  -29.901  -24.578  11.813 0.6999999881
41259  -32.012  -24.653  11.707 0.6000000238
42178  -29.596  -23.401  10.900 0.6999999881
43053  -29.811  -21.977  10.006 0.5000000000
118461  -30.054  -22.424  9.397 0.5000000000
45073  -31.425  -20.848  9.382 0.5000000000
39477  -35.053  -26.555  20.624 0.4000000060
38611  -36.264  -27.561  19.528 0.4000000060
40358  -35.632  -26.044  20.035 0.4000000060
40367  -35.668  -25.397  19.618 0.4000000060
135716  -36.433  -27.321  18.761 0.4000000060
116137  -36.341  -27.113  18.015 0.4000000060
131447  -31.112  -23.023  18.504 0.3000000119
42971  -31.559  -22.638  18.144 0.3000000119
121208  -32.245  -23.597  19.176 0.4000000060
38631  -35.952  -26.892  17.308 0.4000000060
42972  -32.207  -22.710  18.232 0.3000000119
42129  -32.775  -23.126  18.637 0.4000000060
39519  -35.293  -26.491  15.838 0.5000000000
39513  -35.464  -26.696  16.578 0.6000000238
39552  -34.896  -26.466  13.634 0.5000000000
40420  -35.597  -26.226  12.975 0.5000000000
40435  -32.658  -25.469  12.026 0.6000000238
41260  -33.840  -24.844  11.464 0.6000000238
42194  -31.042  -23.190  11.013 0.6000000238
42181  -32.324  -23.754  11.157 0.6000000238
42193  -30.118  -22.846  10.736 0.5000000000
43038  -30.033  -22.066  10.333 0.5000000000
44053  -30.489  -21.693  10.287 0.5000000000
44069  -30.790  -21.250  10.010 0.5000000000
45057  -32.272  -20.786  9.564 0.5000000000
45090  -31.718  -20.548  8.742 0.5000000000
40366  -35.031  -25.282  20.100 0.4000000060
39496  -36.363  -26.494  18.468 0.4000000060
40378  -36.072  -25.206  18.980 0.4000000060
39506  -36.251  -26.275  17.698 0.4000000060
114963  -35.997  -26.113  16.881 0.4000000060
42998  -31.319  -22.216  17.498 0.3000000119
137070  -36.205  -25.968  15.240 0.4000000060
43993  -31.149  -21.699  16.821 0.3000000119
40405  -35.734  -26.308  14.008 0.4000000060
40421  -36.444  -25.923  13.495 0.4000000060
40436  -34.264  -25.661  11.886 0.6000000238
40419  -34.610  -26.275  12.639 0.5000000000
41246  -36.234  -25.590  12.535 0.5000000000
42182  -33.324  -24.213  11.194 0.6000000238
41261  -34.838  -24.887  11.508 0.5000000000
42195  -31.744  -22.599  10.794 0.5000000000
42196  -33.293  -23.612  10.917 0.6000000238
42197  -34.182  -24.013  11.017 0.6000000238
43040  -32.803  -22.868  10.735 0.6000000238
44054  -31.258  -21.755  10.416 0.5000000000
44070  -31.737  -21.207  10.035 0.5000000000
45092  -32.678  -19.866  8.052 0.5000000000
44055  -32.265  -21.918  10.478 0.5000000000
46021  -30.325  -19.785  14.590 0.3000000119
132187  -32.096  -20.760  15.366 0.4000000060
45004  -32.771  -20.678  15.339 0.4000000060
43041  -34.772  -23.196  10.800 0.5000000000
46965  -30.748  -18.299  13.873 0.4000000060
119655  -33.799  -23.052  10.731 0.5000000000
137268  -36.361  -23.227  11.370 0.5000000000
42199  -37.014  -23.335  11.645 0.5000000000
43054  -34.334  -22.352  10.511 0.5000000000
43042  -35.741  -23.097  11.054 0.5000000000
44071  -32.786  -21.302  10.074 0.5000000000
119760  -33.859  -21.457  10.169 0.6000000238
125841  -33.886  -19.715  8.557 0.5000000000
45058  -33.258  -20.571  9.551 0.6000000238
45075  -34.024  -20.051  9.291 0.5000000000
132836  -34.746  -19.552  8.460 0.4000000060
126482  -32.611  -19.453  14.560 0.4000000060
135560  -34.016  -20.941  15.731 0.4000000060
43055  -35.155  -22.510  10.670 0.5000000000
44072  -34.990  -21.610  10.399 0.5000000000
44073  -35.965  -21.307  10.562 0.5000000000
45059  -34.380  -20.752  9.917 0.5000000000
46098  -35.372  -19.488  8.837 0.4000000060
46078  -34.776  -20.212  9.653 0.5000000000
46097  -34.639  -19.689  9.011 0.5000000000
46024  -33.431  -19.270  14.670 0.4000000060
46967  -32.098  -18.148  13.979 0.4000000060
43056  -35.843  -22.193  10.795 0.5000000000
45060  -35.280  -20.681  10.160 0.4000000060
46080  -36.208  -19.622  9.797 0.4000000060
46079  -35.405  -19.929  9.735 0.5000000000
46099  -36.332  -19.205  9.018 0.3000000119
44058  -37.447  -21.554  11.265 0.4000000060
45061  -36.103  -20.416  10.308 0.4000000060
46100  -37.040  -18.887  9.200 0.4000000060
46081  -37.106  -19.284  9.942 0.4000000060
117099  -36.929  -20.136  10.457 0.4000000060
47014  -38.155  -18.583  8.187 0.4000000060
46101  -37.651  -18.758  9.686 0.4000000060
46066  -38.409  -19.568  11.169 0.4000000060
47002  -38.230  -18.443  9.405 0.4000000060
47003  -38.879  -18.095  9.139 0.4000000060
47015  -38.945  -18.121  8.260 0.4000000060
46082  -37.942  -19.137  10.427 0.4000000060
46989  -38.239  -18.598  10.145 0.3000000119
46983  -38.646  -18.814  10.816 0.4000000060
46990  -38.864  -18.169  10.174 0.3000000119
47938  -39.409  -17.613  9.727 0.4000000060
47951  -39.460  -17.617  8.809 0.4000000060
124060  -39.532  -17.708  10.578 0.4000000060
136402  -25.534  -48.023  16.622 0.6999999881
21579  -31.155  -47.440  20.917 0.6999999881
124547  -30.603  -45.040  19.898 0.8000000119
23320  -31.325  -45.065  21.626 0.8000000119
23283  -27.891  -45.630  23.697 0.6000000238
24182  -28.908  -44.502  23.765 0.6000000238
25887  -30.040  -42.004  19.888 0.8000000119
20700  -23.074  -48.530  21.611 0.4000000060
25820  -28.531  -42.647  25.422 0.6000000238
24166  -23.090  -44.993  24.841 0.5000000000
28153  -30.187  -40.216  22.242 0.8000000119
131701  -30.068  -40.956  23.990 0.8000000119
26595  -26.094  -41.363  25.431 0.6000000238
35978  -30.019  -30.880  14.459 0.8000000119
34266  -32.963  -32.857  18.315 0.6999999881
34283  -33.292  -32.472  17.553 0.6999999881
34258  -33.657  -32.473  19.614 0.6999999881
34268  -34.004  -32.112  19.108 0.6000000238
35044  -31.432  -31.616  24.787 0.6000000238
35919  -33.797  -30.338  22.725 0.5000000000
37690  -35.361  -29.028  20.909 0.4000000060
38659  -33.802  -26.933  15.090 0.6000000238
122804  -36.061  -25.852  19.361 0.4000000060
46096  -33.203  -19.906  8.625 0.5000000000
40379  -36.289  -25.555  18.152 0.4000000060
19944  -25.377  -49.315  15.345 0.5000000000
20782  -25.751  -48.496  15.138 0.5000000000
125979  -25.453  -51.113  16.712 0.6999999881
23375  -27.155  -45.735  14.446 0.5000000000
18979  -25.368  -50.259  26.147 0.5000000000
24260  -26.267  -44.369  14.882 0.6999999881
20743  -30.167  -48.161  19.817 0.6999999881
21589  -29.765  -47.536  19.249 0.6999999881
22470  -25.906  -46.748  17.266 0.6999999881
22471  -26.900  -46.974  17.647 0.6999999881
25104  -23.957  -43.420  17.167 0.6999999881
22458  -25.606  -45.893  17.383 0.6999999881
25931  -27.237  -42.154  15.322 0.6999999881
131939  -27.320  -41.336  15.322 0.6000000238
28253  -28.508  -39.494  15.191 0.5000000000
20657  -27.114  -48.340  23.641 0.6000000238
20659  -28.632  -48.579  24.087 0.6000000238
135180  -31.011  -46.821  20.582 0.8000000119
23300  -31.309  -45.484  22.156 0.8000000119
22388  -28.581  -46.067  23.490 0.6999999881
127147  -30.945  -43.892  20.717 0.6999999881
19018  -24.798  -50.407  21.897 0.5000000000
25892  -28.956  -42.442  18.632 0.8000000119
24202  -30.056  -44.069  22.909 0.6999999881
21520  -25.544  -47.360  22.691 0.6000000238
29907  -29.677  -38.041  15.003 0.6000000238
22368  -25.435  -46.663  24.224 0.6000000238
28197  -25.303  -39.215  17.357 0.8999999762
119763  -23.209  -38.809  16.558 0.8000000119
29918  -29.831  -37.320  14.624 0.6000000238
131611  -31.800  -36.868  15.869 0.4000000060
20676  -22.439  -48.093  22.737 0.3000000119
21519  -24.765  -47.444  22.711 0.5000000000
21546  -24.438  -47.926  22.051 0.5000000000
27428  -27.748  -40.307  18.148 0.8999999762
29904  -24.741  -37.320  15.449 0.8000000119
24148  -28.007  -43.985  25.308 0.6000000238
25832  -28.997  -42.696  24.912 0.6000000238
121780  -26.200  -45.332  25.437 0.5000000000
21545  -23.524  -47.987  22.258 0.4000000060
21501  -23.394  -47.139  23.925 0.5000000000
22367  -24.557  -46.752  24.355 0.5000000000
134420  -28.710  -38.725  18.416 0.8000000119
30813  -29.257  -36.865  14.362 0.6999999881
31718  -31.064  -34.971  13.561 0.6000000238
25022  -27.479  -43.491  25.674 0.6000000238
24165  -22.498  -44.881  24.462 0.5000000000
22366  -23.077  -46.445  24.565 0.5000000000
23243  -24.159  -45.802  25.123 0.5000000000
25819  -27.649  -42.481  25.774 0.6000000238
25053  -23.300  -42.720  23.468 0.5000000000
25830  -24.550  -42.832  24.702 0.6000000238
25848  -24.311  -42.079  24.135 0.6000000238
25037  -22.915  -44.201  24.287 0.5000000000
25020  -25.826  -43.790  25.574 0.5000000000
24144  -24.414  -44.450  25.239 0.5000000000
25817  -25.309  -42.926  25.274 0.6000000238
25831  -24.950  -42.140  24.805 0.6000000238
29796  -22.766  -37.480  22.478 0.4000000060
29855  -27.194  -37.251  17.524 0.8000000119
30749  -23.921  -36.155  16.886 0.8999999762
27366  -25.368  -40.809  24.868 0.6000000238
28933  -24.450  -38.024  23.732 0.4000000060
126966  -25.622  -39.066  24.651 0.5000000000
30679  -24.115  -36.388  23.551 0.4000000060
30680  -25.131  -36.960  24.206 0.5000000000
29760  -25.484  -37.722  24.418 0.5000000000
29844  -29.565  -37.362  19.431 0.6999999881
31663  -23.539  -35.211  16.473 0.8000000119
33533  -31.307  -33.280  12.728 0.6999999881
131476  -27.538  -38.454  25.676 0.6999999881
28919  -26.285  -38.661  25.040 0.6000000238
30716  -30.688  -36.836  21.075 0.6999999881
34335  -28.549  -32.889  13.064 0.8000000119
29742  -27.637  -37.632  25.614 0.6000000238
130856  -25.724  -38.347  24.609 0.5000000000
32526  -25.322  -34.527  24.653 0.3000000119
32681  -26.989  -33.239  13.565 0.8999999762
34334  -27.354  -32.654  13.167 0.8000000119
115667  -30.133  -31.504  12.501 0.6000000238
35177  -31.069  -31.848  12.487 0.6000000238
36006  -30.779  -30.928  12.442 0.6000000238
36005  -29.253  -30.298  12.432 0.8000000119
122056  -28.946  -36.874  25.826 0.6999999881
30639  -30.250  -36.165  25.536 0.6999999881
32504  -27.558  -34.342  25.389 0.4000000060
31627  -30.720  -35.224  19.881 0.6999999881
35161  -25.367  -31.341  13.562 0.8000000119
119084  -28.474  -31.572  12.571 0.8000000119
32506  -28.884  -34.113  25.521 0.5000000000
31604  -31.692  -35.083  21.343 0.6999999881
32589  -31.167  -34.709  19.871 0.6999999881
117787  -31.241  -34.266  19.190 0.6999999881
32574  -32.299  -33.899  20.641 0.6999999881
33451  -32.221  -33.391  18.354 0.6999999881
34298  -29.469  -33.071  15.708 0.8000000119
31573  -31.871  -35.505  24.157 0.6999999881
131227  -28.046  -32.339  24.866 0.3000000119
34194  -29.860  -32.156  25.392 0.5000000000
34244  -33.566  -32.611  20.265 0.6999999881
35885  -30.967  -30.708  24.547 0.3000000119
128626  -32.813  -33.443  21.769 0.6999999881
36815  -29.636  -29.214  22.681 0.3000000119
36816  -30.457  -29.019  22.950 0.3000000119
38683  -29.291  -27.359  11.633 0.6999999881
35059  -32.521  -31.360  23.984 0.6000000238
34214  -32.734  -32.078  23.665 0.6000000238
35906  -31.705  -30.086  23.970 0.4000000060
34231  -33.259  -32.500  22.402 0.6999999881
33410  -33.124  -32.936  21.939 0.6999999881
33418  -33.096  -33.058  21.318 0.6999999881
122021  -33.452  -32.739  20.918 0.6999999881
37758  -31.843  -28.003  15.071 0.8000000119
38655  -30.390  -27.324  14.344 0.8000000119
39569  -29.913  -26.742  11.332 0.6000000238
38685  -31.005  -27.209  11.213 0.6000000238
38599  -30.750  -27.287  20.898 0.3000000119
132484  -33.564  -31.350  16.326 0.8000000119
35952  -35.679  -30.250  18.605 0.6000000238
39575  -28.971  -25.142  10.763 0.6999999881
37669  -33.286  -28.848  22.593 0.3000000119
38583  -31.415  -27.442  21.334 0.3000000119
37670  -33.992  -28.652  22.249 0.3000000119
121151  -32.186  -26.451  20.837 0.3000000119
114865  -35.922  -29.867  19.415 0.6000000238
36854  -35.653  -29.753  17.941 0.6000000238
115879  -28.578  -24.862  11.411 0.6999999881
137536  -28.240  -25.215  12.098 0.6999999881
37714  -36.171  -28.420  18.210 0.6000000238
41256  -29.392  -24.024  11.347 0.6999999881
37699  -35.355  -28.180  20.939 0.4000000060
42180  -31.312  -23.963  11.445 0.6000000238
42210  -31.878  -23.646  9.178 0.6000000238
43073  -31.564  -21.825  8.496 0.4000000060
41192  -33.542  -24.861  20.156 0.4000000060
42114  -31.583  -23.847  19.340 0.3000000119
130992  -30.160  -22.583  18.151 0.3000000119
39533  -35.062  -26.465  14.492 0.5000000000
42179  -30.188  -23.719  11.286 0.5000000000
125067  -32.836  -22.504  17.876 0.4000000060
39534  -35.645  -26.272  15.059 0.5000000000
40388  -36.331  -25.509  17.249 0.4000000060
40406  -36.493  -25.931  14.559 0.4000000060
40437  -35.307  -25.729  12.082 0.5000000000
44056  -33.324  -22.178  10.423 0.6000000238
45021  -31.460  -20.096  14.760 0.3000000119
45005  -33.578  -20.525  15.377 0.4000000060
45023  -33.093  -20.041  14.908 0.4000000060
45062  -37.674  -19.845  10.759 0.4000000060
46984  -39.270  -18.352  11.137 0.4000000060
133616  -26.931  -55.060  19.955 0.5000000000
16032  -26.122  -54.642  18.264 0.5000000000
15994  -27.110  -54.562  22.521 0.4000000060
16737  -28.050  -54.199  21.089 0.5000000000
16006  -27.183  -54.830  21.608 0.5000000000
16017  -27.446  -54.696  20.509 0.5000000000
16769  -27.915  -53.929  18.955 0.6000000238
16781  -27.326  -53.490  18.113 0.6000000238
16720  -27.928  -54.106  22.232 0.5000000000
16706  -28.211  -53.522  23.168 0.5000000000
16738  -28.682  -53.673  21.567 0.5000000000
16755  -28.720  -53.588  20.530 0.5000000000
17473  -29.079  -53.110  22.927 0.5000000000
16770  -28.533  -53.227  19.470 0.6000000238
17520  -28.457  -52.579  18.815 0.6000000238
16782  -28.032  -53.087  18.565 0.6000000238
17519  -27.981  -52.323  18.057 0.6000000238
18319  -27.201  -51.655  17.537 0.6000000238
18306  -28.097  -51.357  17.980 0.6000000238
17532  -27.065  -52.624  17.612 0.6000000238
117970  -26.356  -50.953  17.109 0.6000000238
17489  -29.317  -53.144  21.047 0.5000000000
17501  -29.167  -52.821  20.129 0.6000000238
17455  -28.718  -52.801  23.689 0.5000000000
17510  -28.913  -52.338  19.359 0.6000000238
17420  -27.202  -52.017  25.520 0.5000000000
17437  -28.397  -52.398  24.386 0.5000000000
117354  -28.721  -51.046  18.596 0.6000000238
19083  -27.337  -50.714  17.563 0.6000000238
19092  -25.459  -50.389  16.724 0.6000000238
16722  -29.205  -53.128  22.001 0.5000000000
17502  -29.712  -52.406  20.669 0.5000000000
17456  -29.512  -52.345  23.446 0.5000000000
118936  -30.171  -51.808  22.944 0.5000000000
17474  -29.739  -52.578  22.495 0.5000000000
18279  -30.131  -52.038  21.166 0.5000000000
18298  -29.496  -51.981  19.882 0.6000000238
18244  -28.816  -51.761  24.587 0.5000000000
18245  -29.493  -51.644  24.080 0.5000000000
132463  -29.155  -51.532  19.180 0.6000000238
118074  -27.708  -51.082  25.453 0.5000000000
18233  -28.515  -51.082  25.029 0.5000000000
19084  -28.195  -50.448  18.066 0.6000000238
19093  -26.469  -50.101  17.179 0.6000000238
137063  -29.855  -51.772  23.538 0.5000000000
19048  -30.525  -50.471  21.537 0.5000000000
19064  -30.305  -50.765  20.713 0.6000000238
19896  -30.502  -49.831  20.732 0.6000000238
18256  -30.070  -51.179  23.573 0.5000000000
18292  -30.028  -51.543  20.489 0.6000000238
19076  -30.088  -50.397  20.060 0.6000000238
18992  -27.249  -50.308  25.598 0.5000000000
135627  -25.490  -49.792  25.765 0.5000000000
19908  -27.478  -49.839  17.624 0.6000000238
20759  -26.818  -48.385  17.433 0.6000000238
19019  -30.066  -50.297  23.752 0.5000000000
19020  -30.391  -50.591  23.101 0.5000000000
19034  -30.570  -50.131  22.426 0.5000000000
19007  -28.951  -50.421  24.727 0.5000000000
18993  -28.058  -50.112  25.173 0.5000000000
19823  -28.662  -49.478  24.541 0.6000000238
19842  -30.417  -49.653  23.189 0.6000000238
19859  -30.696  -49.387  22.475 0.5000000000
19880  -30.751  -49.606  21.732 0.5000000000
20734  -30.896  -48.936  21.137 0.6000000238
19824  -29.486  -49.946  24.256 0.6000000238
19841  -29.978  -49.573  23.823 0.6000000238
117457  -30.381  -48.924  20.264 0.6000000238
115164  -26.373  -49.219  24.877 0.5000000000
19822  -27.839  -49.224  24.713 0.5000000000
19807  -24.797  -49.450  25.124 0.4000000060
20660  -29.427  -49.126  24.047 0.6000000238
20682  -30.169  -48.806  23.570 0.6000000238
20705  -30.653  -48.747  22.834 0.6000000238
20721  -30.975  -48.796  22.048 0.5000000000
21565  -31.157  -48.118  21.489 0.6000000238
128575  -30.754  -48.159  20.608 0.6000000238
20706  -31.009  -47.897  22.375 0.6999999881
33361  -30.263  -33.910  25.487 0.5000000000
37775  -30.146  -29.149  12.145 0.5000000000
37791  -31.646  -28.760  11.873 0.5000000000
40453  -30.100  -25.161  10.390 0.5000000000
47952  -40.022  -17.042  9.379 0.4000000060
49042  -40.520  -16.401  9.489 0.3000000119
50234  -40.784  -15.824  9.031 0.3000000119
50235  -41.131  -15.157  9.287 0.3000000119
15980  -26.530  -54.518  23.153 0.4000000060
15273  -26.226  -55.461  21.597 0.5000000000
16016  -26.695  -55.265  20.722 0.5000000000
16779  -25.707  -54.216  17.647 0.5000000000
16705  -27.337  -54.051  23.107 0.4000000060
16780  -26.495  -53.961  17.838 0.6000000238
134040  -26.606  -53.274  17.593 0.5000000000
18318  -26.127  -51.898  17.000 0.5000000000
15966  -26.704  -53.921  23.839 0.4000000060
17454  -27.940  -53.034  23.996 0.5000000000
17419  -26.368  -52.561  25.696 0.5000000000
17436  -27.580  -52.549  24.693 0.5000000000
17399  -26.491  -51.788  26.004 0.3000000119
18218  -25.219  -51.141  26.550 0.4000000060
18977  -23.581  -50.276  26.452 0.4000000060
30799  -31.366  -36.565  15.304 0.4000000060
31692  -31.692  -35.866  14.966 0.4000000060
30815  -30.908  -36.176  14.537 0.4000000060
35043  -30.507  -31.492  25.038 0.5000000000
120351  -32.195  -28.174  11.528 0.5000000000
129295  -31.908  -27.445  11.176 0.5000000000
35930  -35.326  -29.858  20.710 0.4000000060
50219  -40.957  -15.865  9.963 0.3000000119
51331  -41.461  -14.240  10.581 0.3000000119
19075  -29.685  -51.060  19.721 0.6000000238
18991  -26.275  -49.946  25.775 0.5000000000
19808  -27.173  -49.519  25.223 0.6000000238
36920  -32.450  -28.904  11.884 0.5000000000
18219  -26.019  -51.058  26.182 0.4000000060
16768  -27.072  -54.352  18.562 0.6000000238
16754  -28.141  -54.132  19.991 0.6000000238
16721  -28.636  -53.543  22.400 0.5000000000
133663  -27.460  -53.543  23.665 0.5000000000
18266  -30.224  -51.974  21.973 0.5000000000
18267  -30.414  -51.082  22.338 0.5000000000
121324  -29.128  -51.160  24.605 0.5000000000
49029  -40.390  -16.640  10.291 0.4000000060
16688  -27.126  -53.217  24.270 0.4000000060
16786  -25.723  -53.476  17.262 0.4000000060
17530  -25.346  -52.559  16.760 0.4000000060
17435  -26.769  -52.834  24.970 0.4000000060
24164  -21.902  -45.177  24.218 0.4000000060
23262  -21.689  -45.994  24.317 0.3000000119
22365  -22.234  -46.346  24.398 0.4000000060
118318  -22.932  -47.594  23.357 0.4000000060
25052  -22.710  -43.428  23.465 0.4000000060
24181  -22.237  -44.336  23.849 0.4000000060
137156  -21.376  -42.151  21.450 0.4000000060
25862  -22.555  -42.151  22.452 0.4000000060
25051  -21.937  -43.800  23.010 0.4000000060
116689  -20.683  -40.912  21.332 0.3000000119
25875  -21.209  -41.537  21.279 0.3000000119
27401  -21.240  -40.090  21.572 0.4000000060
26643  -21.408  -40.863  21.435 0.4000000060
26644  -21.800  -41.188  21.654 0.5000000000
119064  -22.018  -39.685  21.822 0.4000000060
28168  -22.106  -38.800  21.990 0.4000000060
35042  -29.552  -31.424  24.833 0.3000000119
36819  -33.863  -29.459  22.567 0.3000000119
36829  -34.921  -29.520  21.456 0.3000000119
36820  -34.491  -29.248  22.087 0.3000000119
38586  -34.450  -26.984  21.070 0.3000000119
39476  -34.032  -26.220  20.716 0.3000000119
42198  -35.308  -23.989  11.214 0.4000000060
40357  -34.172  -25.384  20.364 0.3000000119
41204  -32.904  -24.490  19.865 0.3000000119
42115  -32.928  -23.777  19.369 0.3000000119
41263  -36.739  -24.950  12.335 0.4000000060
42184  -36.872  -24.254  11.959 0.3000000119
42183  -36.224  -23.796  11.491 0.4000000060
44057  -36.634  -21.859  11.044 0.4000000060
44074  -36.804  -21.013  10.747 0.3000000119
123249  -34.797  -25.869  20.441 0.3000000119
41205  -33.678  -24.180  19.632 0.3000000119
41193  -34.373  -24.690  19.925 0.3000000119
41206  -35.307  -24.659  19.511 0.3000000119
41214  -35.738  -24.463  18.877 0.3000000119
42130  -34.855  -23.459  18.822 0.3000000119
42117  -35.259  -24.035  19.062 0.3000000119
42131  -35.703  -23.802  18.467 0.3000000119
41227  -36.418  -24.719  17.521 0.3000000119
40394  -36.427  -25.517  16.404 0.3000000119
138023  -33.832  -23.390  18.979 0.3000000119
39520  -35.939  -26.056  15.920 0.3000000119
43000  -33.563  -22.208  17.403 0.3000000119
40400  -36.656  -25.563  15.453 0.3000000119
43995  -32.740  -21.972  17.182 0.3000000119
44015  -32.587  -21.538  16.457 0.3000000119
40422  -37.200  -25.494  13.957 0.3000000119
41248  -37.693  -24.828  13.517 0.3000000119
46023  -31.813  -19.555  14.496 0.3000000119
45022  -32.207  -20.207  14.880 0.3000000119
41247  -37.040  -25.329  13.047 0.3000000119
41264  -37.409  -24.598  12.658 0.3000000119
135211  -32.166  -18.913  14.305 0.3000000119
46966  -31.379  -18.091  13.834 0.3000000119
43043  -36.477  -22.687  11.249 0.3000000119
41215  -36.138  -24.639  18.312 0.3000000119
42973  -33.652  -22.705  18.202 0.3000000119
42974  -34.425  -22.933  18.423 0.3000000119
42975  -35.240  -23.006  18.188 0.3000000119
42150  -35.988  -23.255  17.778 0.3000000119
41234  -36.750  -24.253  16.896 0.3000000119
41240  -36.954  -24.833  16.100 0.3000000119
40401  -37.275  -25.044  15.270 0.3000000119
43001  -34.536  -22.450  17.689 0.3000000119
43002  -35.559  -22.547  17.485 0.3000000119
40407  -37.130  -25.427  14.746 0.3000000119
44016  -33.417  -21.686  16.659 0.3000000119
43996  -34.248  -21.889  16.907 0.3000000119
41243  -37.722  -24.837  14.524 0.3000000119
41244  -38.162  -24.187  13.889 0.3000000119
44032  -33.262  -21.199  15.876 0.3000000119
42174  -38.067  -24.139  13.062 0.3000000119
46948  -33.834  -18.489  14.498 0.3000000119
42185  -37.655  -23.810  12.297 0.3000000119
46947  -32.912  -18.550  14.328 0.3000000119
43027  -37.951  -22.973  11.954 0.3000000119
43044  -37.298  -22.428  11.476 0.3000000119
44059  -38.120  -21.190  11.552 0.3000000119
45045  -37.554  -20.697  11.016 0.3000000119
42132  -36.284  -24.009  17.855 0.3000000119
42151  -36.523  -23.620  17.336 0.3000000119
42160  -36.904  -23.452  16.696 0.3000000119
41235  -37.133  -24.048  16.255 0.3000000119
43013  -35.023  -22.053  17.083 0.3000000119
43014  -35.808  -21.973  16.728 0.3000000119
43003  -36.408  -22.762  17.074 0.3000000119
41241  -37.516  -24.253  15.478 0.3000000119
44033  -34.092  -21.404  16.224 0.3000000119
44017  -34.920  -21.575  16.506 0.3000000119
42171  -38.302  -23.380  14.138 0.3000000119
42170  -38.008  -23.899  14.724 0.3000000119
46003  -33.874  -19.841  15.059 0.3000000119
46004  -34.502  -19.666  15.161 0.3000000119
42175  -38.316  -23.629  13.457 0.3000000119
46025  -34.201  -19.158  14.836 0.3000000119
42186  -38.284  -23.365  12.763 0.3000000119
46949  -34.611  -18.466  14.771 0.3000000119
43028  -38.489  -22.400  12.620 0.3000000119
43045  -38.087  -22.069  11.745 0.3000000119
45046  -38.194  -20.373  11.371 0.3000000119
42161  -37.318  -23.433  15.967 0.3000000119
121248  -35.613  -21.214  16.119 0.3000000119
44018  -36.411  -21.559  16.137 0.3000000119
44019  -37.052  -22.035  15.979 0.3000000119
130709  -34.737  -21.008  15.933 0.3000000119
43016  -37.567  -22.707  15.589 0.3000000119
45006  -34.449  -20.343  15.456 0.3000000119
45007  -35.367  -20.504  15.682 0.3000000119
46932  -34.885  -19.128  15.126 0.3000000119
47886  -35.710  -17.945  15.125 0.3000000119
128771  -38.576  -22.155  13.556 0.3000000119
47896  -34.325  -17.625  14.401 0.3000000119
47897  -35.106  -17.834  14.790 0.3000000119
44040  -38.770  -21.501  13.113 0.3000000119
44043  -38.568  -21.487  12.173 0.3000000119
128291  -38.580  -20.808  11.857 0.3000000119
44035  -37.636  -21.874  15.439 0.3000000119
43020  -38.043  -22.372  15.065 0.3000000119
46005  -35.132  -19.820  15.341 0.3000000119
45008  -36.339  -20.714  15.750 0.3000000119
44034  -37.082  -21.296  15.701 0.3000000119
42167  -38.078  -23.060  14.892 0.3000000119
115492  -35.649  -19.198  15.313 0.3000000119
44038  -38.593  -21.450  14.117 0.3000000119
48981  -34.538  -16.588  14.118 0.3000000119
46934  -36.090  -18.504  15.310 0.3000000119
118864  -35.008  -17.171  14.526 0.3000000119
47887  -36.434  -17.679  15.222 0.3000000119
45033  -39.187  -19.894  12.573 0.3000000119
45047  -38.797  -20.115  11.849 0.3000000119
46067  -39.119  -19.219  11.734 0.3000000119
44036  -38.188  -21.733  14.872 0.3000000119
45009  -37.230  -20.546  15.446 0.3000000119
118772  -37.775  -21.138  15.249 0.3000000119
116351  -36.564  -19.274  15.422 0.3000000119
46007  -37.359  -19.762  15.361 0.3000000119
129959  -38.304  -21.051  14.776 0.3000000119
48982  -35.403  -16.548  14.472 0.3000000119
46935  -36.929  -18.444  15.362 0.3000000119
45024  -39.071  -20.079  14.087 0.3000000119
47898  -35.718  -17.263  14.869 0.3000000119
137672  -36.317  -17.095  15.040 0.3000000119
133842  -37.361  -19.055  15.361 0.3000000119
45027  -38.985  -20.637  13.577 0.3000000119
45032  -38.922  -20.700  12.592 0.3000000119
47934  -39.744  -17.736  11.437 0.3000000119
45010  -38.089  -20.324  15.071 0.3000000119
46008  -38.138  -19.323  15.098 0.3000000119
46026  -38.694  -19.833  14.596 0.3000000119
133825  -36.180  -16.598  14.788 0.3000000119
47888  -37.389  -17.701  15.239 0.3000000119
137918  -38.778  -19.189  14.617 0.3000000119
46041  -39.389  -18.892  13.639 0.3000000119
45028  -39.256  -19.781  13.452 0.3000000119
46968  -39.607  -18.175  13.021 0.3000000119
47926  -39.870  -17.642  12.298 0.3000000119
46979  -39.562  -18.417  12.020 0.3000000119
50169  -35.153  -15.846  14.034 0.3000000119
116838  -35.944  -15.879  14.401 0.3000000119
48983  -36.797  -15.994  14.731 0.3000000119
48977  -37.951  -16.979  15.087 0.3000000119
47889  -38.265  -17.802  15.006 0.3000000119
46950  -38.554  -18.577  14.834 0.3000000119
129090  -39.139  -18.706  14.305 0.3000000119
47899  -38.727  -17.155  14.701 0.3000000119
116878  -38.991  -17.925  14.522 0.3000000119
47911  -39.898  -17.008  13.392 0.3000000119
117272  -39.686  -17.586  13.519 0.3000000119
46951  -39.477  -18.091  13.925 0.3000000119
134175  -39.869  -17.470  12.974 0.3000000119
47927  -40.213  -16.911  12.631 0.3000000119
134651  -39.858  -17.231  10.176 0.3000000119
47939  -40.051  -17.199  10.892 0.3000000119
50180  -35.727  -15.155  13.827 0.3000000119
50170  -36.552  -15.255  14.304 0.3000000119
50172  -38.196  -15.670  14.705 0.3000000119
48985  -38.556  -16.347  14.705 0.3000000119
133732  -39.413  -17.149  14.129 0.3000000119
47935  -40.182  -17.116  11.734 0.3000000119
129026  -40.456  -16.615  11.213 0.3000000119
50171  -37.492  -15.315  14.558 0.3000000119
26642  -20.416  -41.765  20.939 0.3000000119
126532  -22.815  -42.680  22.990 0.4000000060
25876  -21.905  -41.799  21.793 0.4000000060
28151  -22.616  -39.306  22.297 0.4000000060
27402  -21.961  -40.541  21.719 0.4000000060
37689  -34.763  -28.595  21.616 0.3000000119
39495  -36.274  -25.963  18.855 0.3000000119
41262  -35.982  -24.817  11.757 0.4000000060
44031  -32.357  -21.163  15.796 0.3000000119
46946  -31.380  -18.823  14.172 0.3000000119
120953  -36.605  -24.967  16.839 0.3000000119
25874  -20.707  -42.161  21.003 0.4000000060
25083  -21.090  -42.751  21.457 0.4000000060
25068  -21.549  -43.316  22.162 0.4000000060
25069  -22.292  -43.005  22.623 0.4000000060
27400  -20.389  -40.059  21.694 0.3000000119
42116  -34.567  -24.001  19.398 0.3000000119
47895  -33.443  -17.783  14.194 0.3000000119
47894  -32.783  -17.811  14.029 0.3000000119
43015  -36.985  -22.727  16.342 0.3000000119
129532  -36.540  -22.198  16.467 0.3000000119
43024  -38.464  -22.919  13.477 0.3000000119
43022  -38.343  -22.446  14.324 0.3000000119
42166  -37.734  -23.475  15.349 0.3000000119
46006  -35.950  -19.937  15.486 0.3000000119
48980  -33.744  -17.019  13.980 0.3000000119
117745  -36.678  -20.046  15.480 0.3000000119
46936  -37.789  -18.482  15.226 0.3000000119
46053  -39.376  -19.071  12.742 0.3000000119
48976  -36.983  -16.862  15.130 0.3000000119
48984  -37.676  -16.175  14.904 0.3000000119
137538  -39.034  -16.729  14.508 0.3000000119
50173  -38.896  -15.461  14.480 0.3000000119
25886  -19.998  -42.381  20.539 0.4000000060
29909  -31.103  -37.410  15.623 0.4000000060
17453  -20.915  -52.046  22.627 0.3000000119
18242  -20.693  -52.163  23.658 0.3000000119
17472  -21.426  -52.104  21.691 0.3000000119
28166  -20.443  -39.230  21.707 0.3000000119
28167  -21.369  -39.079  21.741 0.3000000119
24201  -21.248  -44.180  22.514 0.3000000119
24218  -20.740  -43.641  21.524 0.3000000119
25861  -21.819  -42.534  21.985 0.3000000119
24180  -21.538  -44.642  23.463 0.3000000119
24224  -19.994  -43.667  20.623 0.3000000119
29022  -30.899  -38.871  16.343 0.3000000119
16025  -27.425  -54.594  19.511 0.6000000238
17438  -29.037  -52.238  24.089 0.5000000000
17471  -20.624  -52.648  22.077 0.4000000060
17490  -29.789  -52.614  21.537 0.5000000000
17531  -26.211  -52.761  17.237 0.5000000000
18231  -26.891  -51.045  25.920 0.4000000060
18232  -28.085  -51.850  25.020 0.5000000000
18254  -21.449  -51.500  23.223 0.3000000119
18265  -23.301  -51.123  21.611 0.4000000060
18277  -23.034  -51.198  21.256 0.4000000060
18280  -30.333  -51.327  21.353 0.5000000000
18307  -28.604  -51.872  18.636 0.6000000238
18308  -29.255  -50.805  19.061 0.6000000238
18317  -24.913  -51.647  16.511 0.4000000060
18976  -22.886  -50.516  26.145 0.4000000060
18989  -22.646  -50.302  25.319 0.5000000000
19005  -22.665  -50.317  24.451 0.5000000000
19008  -29.600  -50.789  24.245 0.5000000000
19033  -24.157  -50.865  21.538 0.5000000000
19046  -23.981  -50.706  20.912 0.3000000119
19788  -24.908  -49.708  25.794 0.5000000000
19879  -25.309  -49.132  21.490 0.6000000238
19903  -29.561  -50.113  19.352 0.6999999881
20658  -27.777  -48.512  24.072 0.6000000238
20699  -21.820  -48.613  22.173 0.3000000119
20758  -25.768  -48.637  16.789 0.6999999881
20765  -24.892  -48.982  16.067 0.6999999881
21518  -23.904  -47.503  22.929 0.4000000060
21548  -30.765  -47.282  22.788 0.6999999881
21566  -31.299  -47.328  21.702 0.8000000119
21598  -29.167  -47.466  18.684 0.6999999881
21614  -24.927  -47.641  16.031 0.6999999881
21623  -24.996  -47.693  15.781 0.6999999881
22349  -23.971  -46.295  24.790 0.5000000000
22445  -31.146  -46.181  20.747 0.8000000119
22462  -29.387  -46.796  18.797 0.6999999881
23264  -23.419  -45.733  24.933 0.5000000000
23265  -26.903  -45.782  24.376 0.6000000238
23334  -30.324  -45.739  19.542 0.8000000119
23341  -24.559  -44.806  17.065 0.6999999881
23363  -26.749  -45.021  14.566 0.6000000238
23373  -25.305  -45.957  15.152 0.6999999881
24167  -23.624  -44.267  24.763 0.5000000000
24238  -24.230  -44.098  17.124 0.6999999881
24243  -29.292  -44.773  18.699 0.6999999881
25099  -30.170  -43.361  19.422 0.6999999881
25105  -25.684  -43.755  17.656 0.6999999881
25119  -23.703  -43.578  16.500 0.6999999881
25127  -22.959  -42.540  16.253 0.6999999881
25829  -23.911  -42.741  24.038 0.5000000000
25846  -23.124  -42.204  23.009 0.4000000060
25902  -26.858  -42.670  18.064 0.6999999881
25911  -22.720  -42.505  16.890 0.8000000119
25919  -22.679  -42.431  16.689 0.6999999881
25929  -23.996  -42.603  15.812 0.8000000119
26666  -28.308  -41.137  18.630 0.8000000119
26673  -22.700  -41.912  17.084 0.8000000119
26687  -29.884  -41.138  16.782 0.4000000060
27443  -22.384  -41.451  16.890 0.8000000119
27460  -22.319  -41.289  16.726 0.8000000119
28249  -23.220  -39.306  15.748 0.8000000119
28254  -29.293  -39.306  15.438 0.5000000000
29044  -30.432  -38.269  15.630 0.5000000000
29854  -26.463  -37.886  17.476 0.8000000119
29886  -22.852  -36.764  15.880 0.8000000119
30751  -26.099  -36.029  17.523 0.8000000119
30811  -27.080  -36.550  14.931 0.6999999881
30812  -28.259  -36.597  14.484 0.6999999881
31615  -30.620  -35.667  20.190 0.6999999881
31641  -24.494  -35.448  17.196 0.8000000119
31645  -29.496  -35.326  18.479 0.6999999881
31646  -30.015  -35.293  18.971 0.6999999881
31679  -22.865  -34.960  15.974 1.0000000000
31690  -23.570  -34.877  15.692 0.8000000119
32568  -32.474  -33.996  21.449 0.6999999881
32608  -24.956  -34.813  17.305 0.8000000119
32624  -23.462  -34.189  16.253 0.8000000119
32627  -26.970  -34.276  17.120 0.8000000119
32647  -28.496  -33.943  16.997 0.8000000119
32668  -24.797  -33.094  15.444 0.8000000119
32684  -30.800  -34.346  13.225 0.6999999881
32685  -31.488  -34.357  13.312 0.6000000238
32686  -32.219  -34.254  13.494 0.6000000238
33480  -25.150  -32.878  16.205 0.8000000119
34333  -26.154  -32.306  13.547 0.8000000119
34345  -27.872  -32.137  12.791 0.8000000119
34347  -31.660  -32.532  12.523 0.6999999881
35092  -34.437  -31.550  20.783 0.6000000238
35124  -34.598  -31.251  17.754 0.6999999881
35176  -29.448  -31.807  12.558 0.6000000238
36878  -32.620  -29.622  15.440 0.8000000119
36901  -26.697  -29.418  13.058 0.8000000119
36906  -32.664  -29.715  12.128 0.6000000238
37774  -29.202  -28.899  12.178 0.6000000238
37789  -28.050  -27.756  12.227 0.8000000119
38601  -35.843  -27.830  20.271 0.4000000060
38652  -27.173  -27.265  13.233 0.8000000119
38681  -27.463  -27.373  12.525 0.8000000119
38697  -32.454  -26.976  10.832 0.6000000238
39525  -27.235  -26.628  13.159 0.8000000119
39527  -29.714  -26.646  13.969 0.8000000119
39544  -27.262  -26.404  12.894 0.8000000119
40415  -30.380  -25.674  13.069 0.6999999881
40445  -28.379  -25.227  11.295 0.6999999881
41283  -29.401  -23.668  10.195 0.5000000000
42213  -30.210  -21.804  9.205 0.5000000000
42214  -30.754  -22.197  8.866 0.5000000000
42999  -32.098  -22.327  17.638 0.3000000119
43039  -30.751  -22.344  10.605 0.5000000000
43065  -29.873  -22.016  9.656 0.5000000000
44083  -30.064  -21.565  9.683 0.5000000000
44084  -30.557  -21.177  9.601 0.5000000000
45074  -32.323  -20.292  8.835 0.5000000000
46027  -39.145  -19.441  14.149 0.3000000119
46933  -35.322  -18.509  15.104 0.3000000119
48986  -39.286  -16.260  14.315 0.3000000119
116524  -32.882  -24.953  9.563 0.5000000000
117213  -21.762  -51.703  22.243 0.4000000060
117389  -28.520  -25.381  12.654 0.6999999881
118969  -23.358  -37.536  22.871 0.4000000060
119836  -29.616  -34.233  25.518 0.5000000000
119914  -23.477  -37.979  16.714 1.0000000000
120381  -38.695  -20.582  14.416 0.3000000119
122124  -25.976  -34.006  16.989 0.8000000119
122230  -26.756  -43.022  15.227 0.6000000238
122446  -30.977  -32.654  12.592 0.6999999881
124007  -27.726  -44.787  18.445 0.6999999881
124543  -32.940  -24.760  11.529 0.6000000238
125303  -30.732  -26.030  10.645 0.6999999881
125686  -29.730  -22.684  10.391 0.6000000238
126415  -27.292  -27.826  13.537 0.8000000119
126928  -24.384  -49.908  20.748 0.4000000060
128197  -24.776  -43.787  17.433 0.6999999881
129297  -32.639  -28.555  22.553 0.3000000119
129878  -31.210  -28.935  23.042 0.3000000119
133514  -24.726  -46.718  15.793 0.6999999881
133611  -28.389  -27.143  14.033 0.8000000119
133868  -31.722  -20.648  8.459 0.5000000000
134596  -30.060  -50.963  20.218 0.6000000238
135424  -29.729  -48.191  19.349 0.6999999881
135448  -39.166  -20.273  13.074 0.3000000119
136013  -36.517  -24.147  17.418 0.3000000119
136135  -30.337  -51.185  23.018 0.5000000000
136880  -27.646  -52.888  18.054 0.6000000238
137291  -24.314  -50.748  22.111 0.5000000000
137632  -27.698  -41.729  15.330 0.6000000238
137928  -28.224  -48.953  24.404 0.6000000238
