#!ascii label  , from subject sub-v2s4x29597_ses-1 vox2ras=TkReg
1091
53027  31.073  -11.894  62.400 0.0000000000
66853  42.406  2.748  43.442 0.0000000000
57416  37.229  -8.299  51.687 0.0000000000
46881  14.845  -17.419  74.028 0.0000000000
58260  26.316  -5.323  66.326 0.0000000000
117810  35.874  -1.830  49.541 0.0000000000
50042  20.368  -14.768  68.284 0.0000000000
46908  18.395  -17.913  72.005 0.0000000000
51039  23.527  -13.346  65.509 0.0000000000
67853  46.065  3.028  42.046 0.0000000000
55171  33.322  -9.609  59.940 0.0000000000
55183  33.910  -9.544  57.319 0.0000000000
54114  35.445  -10.990  61.638 0.0000000000
71534  44.797  7.665  42.004 0.0000000000
69773  48.202  5.666  38.445 0.0000000000
66814  39.910  2.147  47.079 0.0000000000
63942  43.749  -1.020  47.240 0.0000000000
62049  39.850  -3.105  47.996 0.0000000000
60242  40.990  -5.071  51.679 0.0000000000
52951  29.758  -11.379  66.369 0.0000000000
43952  13.720  -20.443  78.582 0.0000000000
47828  10.434  -16.902  80.626 0.0000000000
132699  10.633  -14.143  85.136 0.0000000000
55137  28.763  -9.299  63.177 0.0000000000
54016  26.596  -10.495  66.367 0.0000000000
56322  31.617  -8.140  53.522 0.0000000000
55196  39.189  -9.659  56.419 0.0000000000
73261  49.924  9.150  35.884 0.0000000000
66861  43.794  3.035  42.523 0.0000000000
65838  44.351  1.840  44.433 0.0000000000
54115  32.774  -11.193  61.297 0.0000000000
52041  33.452  -11.665  59.808 0.0000000000
52004  33.430  -12.193  61.516 0.0000000000
70619  41.474  6.264  44.856 0.0000000000
117705  43.806  8.733  43.716 0.0000000000
69734  42.829  5.828  42.923 0.0000000000
68843  45.019  4.884  40.913 0.0000000000
47746  8.059  -15.580  85.840 0.0000000000
63955  39.676  -0.202  46.817 0.0000000000
62966  38.424  -0.857  48.402 0.0000000000
59421  35.990  -5.095  50.756 0.0000000000
60274  37.910  -4.574  49.907 0.0000000000
58475  38.601  -6.281  51.478 0.0000000000
56320  40.743  -8.832  53.120 0.0000000000
46019  16.931  -18.490  72.483 0.0000000000
45985  18.783  -19.375  74.801 0.0000000000
45005  16.332  -19.947  75.327 0.0000000000
127478  15.669  -20.960  77.908 0.0000000000
44985  14.420  -19.606  76.258 0.0000000000
47839  11.699  -16.332  79.099 0.0000000000
48853  10.550  -15.566  82.526 0.0000000000
122787  27.662  -7.073  64.426 0.0000000000
55119  26.845  -9.490  63.093 0.0000000000
56179  25.072  -8.363  64.033 0.0000000000
119845  23.856  -15.898  68.735 0.0000000000
50040  25.796  -14.829  68.173 0.0000000000
136031  36.316  -8.721  58.824 0.0000000000
56273  36.540  -9.193  57.319 0.0000000000
64864  37.330  0.637  50.005 0.0000000000
127826  33.933  -2.762  51.210 0.0000000000
58479  34.380  -6.159  51.323 0.0000000000
48997  21.636  -16.126  69.042 0.0000000000
47958  20.769  -16.945  71.431 0.0000000000
121851  19.136  -16.362  69.495 0.0000000000
47983  17.007  -16.069  70.664 0.0000000000
124919  16.074  -14.959  72.991 0.0000000000
55105  23.938  -9.314  65.502 0.0000000000
55075  23.418  -9.769  66.847 0.0000000000
50057  22.259  -14.701  66.921 0.0000000000
57316  31.568  -7.365  59.451 0.0000000000
56261  30.771  -8.356  57.467 0.0000000000
53090  31.837  -11.025  57.934 0.0000000000
53086  34.872  -10.821  58.974 0.0000000000
72418  48.576  8.620  40.101 0.0000000000
70655  46.189  6.939  40.311 0.0000000000
67888  47.375  3.776  39.963 0.0000000000
66832  40.479  2.795  45.040 0.0000000000
65827  42.918  1.217  45.164 0.0000000000
63963  40.729  0.053  45.800 0.0000000000
62978  42.024  -2.095  47.137 0.0000000000
60311  42.685  -4.413  48.195 0.0000000000
62052  37.914  -2.763  48.683 0.0000000000
60288  40.458  -5.091  49.299 0.0000000000
51986  30.214  -12.069  63.834 0.0000000000
52983  33.224  -11.796  64.346 0.0000000000
68796  41.149  4.724  46.435 0.0000000000
46855  13.828  -16.800  75.867 0.0000000000
45961  12.396  -17.784  77.400 0.0000000000
44940  11.298  -18.665  79.418 0.0000000000
44913  11.188  -19.571  81.946 0.0000000000
45903  9.465  -18.003  82.881 0.0000000000
47776  8.416  -16.194  84.074 0.0000000000
49838  8.118  -14.432  85.043 0.0000000000
51801  7.886  -12.342  87.085 0.0000000000
54080  30.038  -10.602  63.175 0.0000000000
52987  28.590  -10.866  64.017 0.0000000000
122216  27.986  -10.730  65.969 0.0000000000
131945  25.006  -12.143  65.575 0.0000000000
56343  34.913  -8.866  51.895 0.0000000000
124429  32.229  -8.885  55.148 0.0000000000
128209  35.294  -10.839  54.605 0.0000000000
54208  38.645  -10.128  53.388 0.0000000000
54051  35.340  -10.510  64.579 0.0000000000
71605  51.701  7.876  34.961 0.0000000000
71576  49.215  7.435  37.271 0.0000000000
69810  50.802  6.210  36.361 0.0000000000
67846  43.071  3.050  42.871 0.0000000000
128571  44.314  2.040  43.594 0.0000000000
66841  43.590  1.982  43.750 0.0000000000
54116  31.767  -11.549  62.044 0.0000000000
52018  32.491  -12.102  61.455 0.0000000000
52006  31.955  -12.359  62.077 0.0000000000
69736  41.598  5.040  43.727 0.0000000000
70628  42.314  6.212  43.414 0.0000000000
68823  42.206  4.532  43.176 0.0000000000
127800  43.218  4.439  42.511 0.0000000000
48807  7.643  -14.873  86.537 0.0000000000
118364  39.128  0.740  48.555 0.0000000000
63916  38.857  0.908  49.204 0.0000000000
58477  36.985  -6.557  51.037 0.0000000000
59406  37.405  -5.736  50.876 0.0000000000
57429  38.264  -6.946  51.563 0.0000000000
131465  39.712  -7.445  52.204 0.0000000000
57413  39.168  -8.057  52.170 0.0000000000
46010  15.740  -18.542  73.470 0.0000000000
45998  16.230  -19.186  73.947 0.0000000000
45999  15.457  -18.839  74.133 0.0000000000
45006  15.493  -19.707  75.293 0.0000000000
45987  14.310  -18.343  75.076 0.0000000000
122999  27.604  -6.304  65.148 0.0000000000
57261  26.219  -7.131  63.839 0.0000000000
57251  25.161  -6.908  64.451 0.0000000000
47977  23.856  -16.353  70.413 0.0000000000
58403  29.283  -6.207  57.593 0.0000000000
137495  37.599  -8.426  59.041 0.0000000000
60261  33.940  -4.367  51.439 0.0000000000
60262  33.430  -4.258  51.978 0.0000000000
48014  20.969  -15.858  68.693 0.0000000000
47997  20.499  -16.224  69.224 0.0000000000
48016  19.746  -15.539  68.805 0.0000000000
49000  18.017  -15.029  70.023 0.0000000000
49997  17.041  -14.275  71.309 0.0000000000
119992  16.201  -15.773  71.655 0.0000000000
56137  23.665  -8.467  67.017 0.0000000000
51954  21.825  -12.457  68.408 0.0000000000
51953  22.349  -12.646  67.471 0.0000000000
50058  21.573  -14.300  67.575 0.0000000000
49016  22.234  -15.626  67.821 0.0000000000
56234  31.959  -8.654  58.957 0.0000000000
123703  32.478  -10.427  58.712 0.0000000000
53059  34.561  -11.758  60.265 0.0000000000
52052  33.873  -11.544  58.991 0.0000000000
54128  35.458  -10.972  60.166 0.0000000000
55161  36.524  -9.500  60.657 0.0000000000
55153  36.664  -9.631  61.414 0.0000000000
71526  44.072  8.238  43.056 0.0000000000
71539  46.874  8.528  41.118 0.0000000000
70646  45.856  7.368  40.739 0.0000000000
128953  45.795  3.433  41.418 0.0000000000
68850  45.837  4.465  40.453 0.0000000000
67868  46.639  3.284  41.323 0.0000000000
66833  39.983  2.562  45.796 0.0000000000
65828  40.744  1.256  45.060 0.0000000000
65830  39.810  1.108  46.064 0.0000000000
62980  40.109  -1.730  47.192 0.0000000000
62988  40.656  -1.182  46.682 0.0000000000
62062  40.567  -2.785  47.496 0.0000000000
61192  42.766  -3.706  47.627 0.0000000000
61181  41.182  -4.387  48.025 0.0000000000
62955  36.204  -0.958  49.408 0.0000000000
62954  37.092  -1.060  48.878 0.0000000000
62038  36.476  -2.593  49.203 0.0000000000
60260  39.801  -5.273  51.017 0.0000000000
114055  38.631  -4.706  49.601 0.0000000000
60272  40.265  -5.111  50.487 0.0000000000
60271  41.216  -5.107  50.228 0.0000000000
52985  29.832  -11.812  64.601 0.0000000000
52967  31.391  -11.868  65.537 0.0000000000
124861  40.381  2.820  47.145 0.0000000000
67810  40.250  3.393  46.604 0.0000000000
68804  40.575  4.242  45.618 0.0000000000
47939  20.055  -17.373  71.826 0.0000000000
116881  19.795  -17.939  73.134 0.0000000000
43951  14.637  -20.830  78.260 0.0000000000
43940  15.656  -21.383  79.761 0.0000000000
43941  14.949  -21.401  79.627 0.0000000000
132968  13.484  -20.837  80.137 0.0000000000
47864  13.894  -15.904  77.091 0.0000000000
46849  12.997  -17.250  76.842 0.0000000000
121214  13.132  -16.285  77.222 0.0000000000
47827  11.071  -16.671  79.795 0.0000000000
47840  11.342  -16.977  78.870 0.0000000000
45920  10.653  -18.408  80.182 0.0000000000
44929  11.352  -19.314  80.241 0.0000000000
45909  10.326  -18.485  80.959 0.0000000000
45902  9.942  -18.426  82.278 0.0000000000
46797  9.943  -17.347  81.381 0.0000000000
48825  10.457  -14.730  83.924 0.0000000000
124872  9.829  -15.354  83.129 0.0000000000
48826  9.499  -14.992  83.825 0.0000000000
49847  8.099  -15.093  84.653 0.0000000000
49837  9.037  -14.130  85.058 0.0000000000
55102  30.112  -9.272  64.609 0.0000000000
55136  30.319  -10.309  63.427 0.0000000000
116439  29.461  -10.060  63.254 0.0000000000
54081  29.549  -10.633  63.190 0.0000000000
114833  28.799  -9.999  63.095 0.0000000000
54055  26.220  -9.801  64.335 0.0000000000
54034  26.913  -10.099  64.678 0.0000000000
131454  27.098  -10.305  65.779 0.0000000000
122811  23.631  -11.834  65.399 0.0000000000
123374  24.238  -10.802  65.185 0.0000000000
51977  24.426  -12.383  65.337 0.0000000000
51019  26.031  -13.933  67.805 0.0000000000
64893  43.414  0.392  46.626 0.0000000000
65820  43.807  1.092  46.353 0.0000000000
64882  44.823  0.127  47.403 0.0000000000
57392  31.866  -7.294  53.107 0.0000000000
57417  33.014  -7.640  52.163 0.0000000000
56345  32.996  -8.592  52.384 0.0000000000
115323  31.726  -9.084  56.793 0.0000000000
56277  31.376  -8.721  56.267 0.0000000000
56276  33.403  -8.800  56.436 0.0000000000
55198  37.092  -9.848  56.724 0.0000000000
55216  35.503  -9.591  55.946 0.0000000000
54182  37.387  -10.678  55.203 0.0000000000
122651  36.775  -10.819  54.014 0.0000000000
54180  39.028  -10.363  54.770 0.0000000000
55230  39.809  -10.033  54.551 0.0000000000
52982  34.036  -11.529  64.192 0.0000000000
71606  50.908  8.462  35.156 0.0000000000
130959  47.688  7.465  39.266 0.0000000000
72427  48.544  8.343  38.560 0.0000000000
114817  48.381  6.918  38.192 0.0000000000
69802  50.104  5.869  36.876 0.0000000000
68890  51.657  4.335  36.629 0.0000000000
117687  20.444  -13.453  68.746 0.0000000000
51022  19.944  -14.145  68.688 0.0000000000
66859  45.427  2.681  42.602 0.0000000000
133827  47.051  2.717  43.434 0.0000000000
66850  45.713  2.316  43.439 0.0000000000
55163  33.342  -10.446  60.417 0.0000000000
54141  33.077  -10.919  59.183 0.0000000000
53060  33.303  -11.428  60.000 0.0000000000
52029  33.486  -12.032  60.341 0.0000000000
53026  34.215  -11.890  61.696 0.0000000000
71505  42.796  8.602  45.337 0.0000000000
71518  42.313  7.947  44.693 0.0000000000
70626  43.507  7.481  42.878 0.0000000000
70638  44.022  7.001  42.180 0.0000000000
70648  44.603  6.584  41.422 0.0000000000
68845  43.858  5.052  41.781 0.0000000000
68844  44.456  4.295  41.538 0.0000000000
46768  8.809  -16.840  84.848 0.0000000000
118299  40.059  1.571  47.663 0.0000000000
64895  39.642  0.770  46.728 0.0000000000
64884  39.510  0.379  47.505 0.0000000000
62965  39.106  -0.971  48.101 0.0000000000
114836  38.839  -1.725  48.252 0.0000000000
61153  35.586  -3.745  50.180 0.0000000000
60292  36.538  -3.667  49.635 0.0000000000
59420  36.863  -5.016  50.650 0.0000000000
59405  38.284  -5.768  51.040 0.0000000000
59393  39.941  -5.854  51.757 0.0000000000
57412  40.496  -7.195  52.456 0.0000000000
57390  41.999  -8.017  53.157 0.0000000000
52934  30.059  -11.322  67.291 0.0000000000
46909  17.311  -17.939  71.864 0.0000000000
46008  18.568  -18.743  73.346 0.0000000000
120786  17.581  -18.898  73.240 0.0000000000
45023  17.768  -19.730  74.747 0.0000000000
44982  17.125  -20.363  75.861 0.0000000000
44966  14.905  -20.199  76.711 0.0000000000
44967  14.218  -19.860  77.022 0.0000000000
47838  12.671  -15.849  78.988 0.0000000000
115942  12.520  -15.687  80.765 0.0000000000
117896  10.872  -16.249  80.999 0.0000000000
47812  10.177  -16.589  81.425 0.0000000000
48852  11.606  -15.536  82.280 0.0000000000
48839  11.505  -15.182  83.032 0.0000000000
49843  11.964  -14.470  84.686 0.0000000000
56177  28.518  -8.396  63.737 0.0000000000
56195  27.931  -8.717  62.989 0.0000000000
56196  27.064  -8.284  63.190 0.0000000000
55140  25.959  -8.872  63.473 0.0000000000
55103  25.451  -9.615  64.442 0.0000000000
49057  23.789  -15.379  66.492 0.0000000000
50071  25.182  -14.407  66.449 0.0000000000
49035  25.099  -15.371  67.699 0.0000000000
62975  44.577  -1.813  47.443 0.0000000000
57374  30.304  -7.366  54.788 0.0000000000
56243  35.217  -9.086  57.899 0.0000000000
56274  35.080  -8.907  57.065 0.0000000000
133152  36.115  -8.969  57.903 0.0000000000
56254  37.826  -8.973  57.997 0.0000000000
74093  49.388  10.126  37.027 0.0000000000
49816  6.540  -14.012  87.566 0.0000000000
64853  36.674  0.684  50.796 0.0000000000
134956  35.235  -0.396  50.575 0.0000000000
62021  35.083  -1.915  50.197 0.0000000000
120297  34.912  -3.871  50.647 0.0000000000
59408  35.683  -5.789  51.015 0.0000000000
57431  35.829  -7.520  51.247 0.0000000000
47978  22.978  -16.487  70.509 0.0000000000
47936  22.439  -16.815  72.200 0.0000000000
122176  21.122  -16.691  70.626 0.0000000000
121772  20.317  -16.815  70.659 0.0000000000
122305  18.973  -17.040  70.601 0.0000000000
49019  18.816  -15.043  69.191 0.0000000000
47999  18.445  -16.095  69.667 0.0000000000
46924  17.725  -17.502  71.205 0.0000000000
46925  16.756  -17.229  71.368 0.0000000000
46911  15.525  -17.140  72.599 0.0000000000
47922  15.055  -16.736  73.395 0.0000000000
57252  24.462  -6.800  65.147 0.0000000000
56154  23.844  -7.693  66.556 0.0000000000
55089  23.592  -9.563  66.013 0.0000000000
52956  23.063  -12.041  65.923 0.0000000000
52938  23.054  -11.284  67.689 0.0000000000
51964  22.671  -12.708  66.556 0.0000000000
50074  22.642  -14.273  66.105 0.0000000000
49037  23.186  -15.600  67.282 0.0000000000
48995  23.153  -16.117  69.132 0.0000000000
58373  30.885  -6.467  59.525 0.0000000000
58391  29.827  -6.804  58.657 0.0000000000
57327  30.914  -7.976  58.641 0.0000000000
56260  31.379  -9.464  57.574 0.0000000000
54161  32.494  -10.726  57.484 0.0000000000
127535  32.841  -11.023  58.356 0.0000000000
53087  34.030  -11.100  58.347 0.0000000000
54151  33.979  -10.531  57.739 0.0000000000
55170  35.820  -9.177  58.970 0.0000000000
56225  36.811  -8.728  60.225 0.0000000000
72412  48.392  8.567  40.616 0.0000000000
70654  47.031  7.317  39.925 0.0000000000
70663  46.970  6.355  39.465 0.0000000000
69761  45.493  5.562  40.490 0.0000000000
69760  46.139  5.415  40.000 0.0000000000
121001  41.149  2.878  44.304 0.0000000000
66842  42.625  1.992  43.894 0.0000000000
65842  41.056  1.961  44.505 0.0000000000
64902  42.173  0.783  45.338 0.0000000000
63952  42.090  -0.586  46.445 0.0000000000
63954  40.326  -0.454  46.340 0.0000000000
62987  41.586  -1.315  46.754 0.0000000000
62986  42.713  -1.339  47.055 0.0000000000
125891  43.290  -3.098  47.475 0.0000000000
61180  44.074  -3.835  48.604 0.0000000000
63917  38.189  0.056  48.755 0.0000000000
62967  37.972  -1.683  48.528 0.0000000000
61183  39.099  -3.317  48.288 0.0000000000
60290  38.141  -4.307  49.267 0.0000000000
60306  38.868  -4.196  48.787 0.0000000000
119781  39.735  -3.985  48.310 0.0000000000
60287  41.547  -5.032  49.248 0.0000000000
52008  30.838  -12.065  62.663 0.0000000000
51993  31.884  -12.497  62.917 0.0000000000
51984  31.753  -12.397  63.815 0.0000000000
52965  33.036  -11.624  65.197 0.0000000000
69714  41.237  5.510  45.467 0.0000000000
67839  40.730  4.139  44.891 0.0000000000
47905  14.789  -16.225  74.288 0.0000000000
47891  14.829  -15.601  75.410 0.0000000000
46867  14.055  -17.266  75.162 0.0000000000
45988  13.782  -17.761  75.707 0.0000000000
44986  13.696  -19.063  76.587 0.0000000000
44952  13.149  -19.705  78.067 0.0000000000
46841  11.976  -17.401  78.059 0.0000000000
45947  12.129  -18.342  78.118 0.0000000000
44938  12.819  -19.843  78.961 0.0000000000
44928  12.182  -20.000  80.472 0.0000000000
43930  12.269  -20.338  81.178 0.0000000000
46774  9.642  -17.934  83.691 0.0000000000
47796  9.542  -16.917  82.082 0.0000000000
47775  8.827  -16.744  83.238 0.0000000000
46776  8.692  -16.930  84.093 0.0000000000
47760  8.148  -15.945  84.681 0.0000000000
48816  7.817  -15.262  85.514 0.0000000000
50892  7.573  -14.144  85.794 0.0000000000
50890  9.257  -13.648  85.634 0.0000000000
50886  7.968  -13.398  86.228 0.0000000000
49828  6.979  -13.664  87.074 0.0000000000
54098  31.178  -11.206  62.615 0.0000000000
54079  30.709  -10.834  63.067 0.0000000000
54099  30.445  -11.137  62.961 0.0000000000
51995  30.178  -11.755  63.162 0.0000000000
52986  29.509  -11.461  63.756 0.0000000000
123811  29.183  -11.373  64.516 0.0000000000
54083  27.477  -9.826  63.004 0.0000000000
52970  28.623  -11.046  65.113 0.0000000000
52952  28.896  -11.030  66.148 0.0000000000
55122  24.723  -8.821  64.483 0.0000000000
55104  24.852  -9.830  64.900 0.0000000000
54017  25.731  -10.483  65.840 0.0000000000
51030  25.393  -13.434  66.378 0.0000000000
51963  25.961  -12.893  67.306 0.0000000000
52953  26.281  -10.927  66.743 0.0000000000
65839  43.382  1.579  44.577 0.0000000000
117526  33.778  -5.974  51.659 0.0000000000
57433  34.235  -7.549  51.504 0.0000000000
56363  35.789  -8.419  51.564 0.0000000000
57354  29.916  -7.694  56.566 0.0000000000
56296  30.304  -7.851  55.589 0.0000000000
56308  31.745  -8.714  54.256 0.0000000000
56292  34.088  -8.771  56.032 0.0000000000
122155  33.419  -9.882  54.766 0.0000000000
55246  33.119  -9.912  53.218 0.0000000000
54226  34.608  -10.461  52.840 0.0000000000
55261  36.161  -9.809  52.258 0.0000000000
124857  37.977  -9.463  52.393 0.0000000000
55244  39.358  -9.707  53.207 0.0000000000
53005  33.397  -12.009  63.436 0.0000000000
127402  34.403  -11.648  62.552 0.0000000000
54096  35.670  -10.655  62.638 0.0000000000
120158  36.517  -9.829  64.089 0.0000000000
119255  36.448  -10.003  62.649 0.0000000000
72480  51.794  9.047  33.825 0.0000000000
72426  48.850  9.015  38.061 0.0000000000
72442  49.495  8.189  36.806 0.0000000000
115397  49.408  5.978  37.341 0.0000000000
71588  49.812  7.381  36.784 0.0000000000
71587  50.279  7.755  36.215 0.0000000000
71596  51.599  7.110  35.499 0.0000000000
69816  53.037  5.958  35.123 0.0000000000
67847  42.316  3.597  43.234 0.0000000000
127629  43.095  2.417  43.366 0.0000000000
53044  31.512  -11.916  62.041 0.0000000000
52019  31.864  -12.081  61.814 0.0000000000
52007  31.373  -12.116  62.179 0.0000000000
68824  41.659  4.125  43.699 0.0000000000
68831  42.862  4.031  42.835 0.0000000000
120624  36.594  -7.224  51.218 0.0000000000
57430  37.471  -7.417  51.470 0.0000000000
57414  38.356  -7.709  51.841 0.0000000000
57415  37.812  -8.205  51.848 0.0000000000
134248  15.201  -18.205  73.822 0.0000000000
45986  15.084  -19.049  74.804 0.0000000000
46000  14.832  -18.296  74.361 0.0000000000
58280  26.515  -5.755  65.185 0.0000000000
58299  25.978  -6.439  64.393 0.0000000000
47955  23.554  -16.571  71.310 0.0000000000
47954  24.512  -16.342  71.065 0.0000000000
59315  29.715  -5.257  58.780 0.0000000000
49039  20.992  -14.951  67.884 0.0000000000
49018  20.475  -15.327  68.416 0.0000000000
50041  20.745  -14.211  68.207 0.0000000000
49017  21.310  -15.470  68.047 0.0000000000
55172  32.584  -9.643  59.172 0.0000000000
53041  35.131  -11.397  60.757 0.0000000000
53058  34.946  -11.512  60.036 0.0000000000
54113  35.749  -10.670  60.962 0.0000000000
54095  36.166  -10.274  61.773 0.0000000000
71525  44.702  8.346  42.625 0.0000000000
71533  45.317  8.428  42.178 0.0000000000
136772  45.458  8.006  41.698 0.0000000000
71540  45.973  7.971  41.161 0.0000000000
71541  45.301  7.396  41.264 0.0000000000
67867  47.592  3.070  41.548 0.0000000000
46766  9.946  -17.769  84.562 0.0000000000
66826  39.840  2.378  46.466 0.0000000000
119453  39.844  1.845  45.961 0.0000000000
65821  39.726  1.634  46.624 0.0000000000
62063  39.862  -2.366  47.721 0.0000000000
61194  41.278  -3.601  47.607 0.0000000000
61182  40.503  -3.766  47.936 0.0000000000
126779  36.541  -1.713  49.074 0.0000000000
59403  40.256  -5.360  51.462 0.0000000000
60259  40.670  -5.072  51.248 0.0000000000
52968  30.413  -11.726  65.690 0.0000000000
67811  40.004  2.784  46.744 0.0000000000
67822  39.960  3.051  46.265 0.0000000000
46907  19.435  -17.776  72.299 0.0000000000
46906  20.336  -17.631  72.675 0.0000000000
124149  14.406  -20.946  79.126 0.0000000000
131061  14.243  -21.099  79.924 0.0000000000
43942  13.535  -20.667  79.414 0.0000000000
46815  10.543  -17.463  80.076 0.0000000000
45921  10.181  -17.801  80.711 0.0000000000
45910  9.960  -18.161  81.473 0.0000000000
49845  9.909  -14.373  84.569 0.0000000000
56176  29.283  -8.936  64.147 0.0000000000
55118  29.702  -9.653  63.675 0.0000000000
54035  26.132  -9.989  65.327 0.0000000000
53997  27.028  -10.774  67.223 0.0000000000
51978  23.793  -12.532  65.331 0.0000000000
52972  24.030  -11.826  65.172 0.0000000000
51038  24.248  -13.232  65.436 0.0000000000
63951  43.043  -0.394  46.872 0.0000000000
64883  43.944  -0.124  47.209 0.0000000000
132436  31.300  -7.302  53.699 0.0000000000
58445  31.609  -6.554  53.572 0.0000000000
126935  32.322  -7.952  52.710 0.0000000000
56346  32.300  -8.770  53.009 0.0000000000
55184  32.913  -9.824  57.016 0.0000000000
56259  32.607  -9.086  56.737 0.0000000000
56258  33.627  -8.906  56.966 0.0000000000
55197  38.113  -9.848  56.635 0.0000000000
55214  37.688  -10.294  55.889 0.0000000000
54181  38.175  -10.566  54.986 0.0000000000
55213  38.638  -10.182  55.717 0.0000000000
55195  39.951  -9.654  55.883 0.0000000000
74100  50.100  9.902  35.404 0.0000000000
70669  47.881  6.661  38.644 0.0000000000
51944  21.337  -12.163  69.493 0.0000000000
51012  20.693  -12.647  69.496 0.0000000000
51021  21.157  -13.214  68.375 0.0000000000
66860  44.499  2.837  42.471 0.0000000000
66851  44.808  2.304  43.112 0.0000000000
116446  45.061  2.088  43.953 0.0000000000
54129  33.244  -11.121  60.157 0.0000000000
52017  33.086  -12.136  61.041 0.0000000000
52016  33.732  -12.128  60.888 0.0000000000
70604  41.735  7.132  45.366 0.0000000000
70618  42.033  6.969  44.072 0.0000000000
70627  42.799  6.794  43.196 0.0000000000
70639  43.354  6.415  42.532 0.0000000000
69745  43.852  5.982  41.881 0.0000000000
69746  43.316  5.275  42.340 0.0000000000
67856  43.475  3.704  42.475 0.0000000000
68830  43.709  4.350  42.101 0.0000000000
67855  44.158  3.528  42.109 0.0000000000
67854  45.066  3.327  41.836 0.0000000000
47752  8.403  -16.236  85.361 0.0000000000
65799  39.684  1.005  47.996 0.0000000000
128188  39.364  0.592  48.166 0.0000000000
63932  38.701  0.018  48.386 0.0000000000
114060  39.243  -0.158  47.955 0.0000000000
60276  36.252  -4.458  50.278 0.0000000000
116322  38.911  -5.786  51.327 0.0000000000
58474  39.255  -6.100  51.656 0.0000000000
137562  40.346  -6.288  52.153 0.0000000000
58463  39.778  -6.619  52.015 0.0000000000
56338  40.116  -8.322  52.592 0.0000000000
57391  41.081  -8.112  52.909 0.0000000000
56319  41.546  -8.856  53.506 0.0000000000
46018  17.965  -18.492  72.532 0.0000000000
45024  16.717  -19.698  74.572 0.0000000000
45997  17.179  -19.357  73.912 0.0000000000
127733  17.136  -19.932  75.209 0.0000000000
45004  17.695  -19.995  75.485 0.0000000000
43967  16.740  -20.726  76.623 0.0000000000
44983  16.185  -20.380  76.049 0.0000000000
45007  14.707  -19.308  75.511 0.0000000000
44984  15.333  -20.010  76.052 0.0000000000
43960  14.849  -20.595  77.392 0.0000000000
47826  11.505  -16.064  80.520 0.0000000000
47811  11.811  -15.733  81.432 0.0000000000
47794  10.856  -15.995  81.784 0.0000000000
48851  12.393  -15.494  82.119 0.0000000000
48824  11.502  -14.820  83.874 0.0000000000
57250  28.179  -7.053  65.252 0.0000000000
57240  28.872  -7.492  65.787 0.0000000000
56167  29.063  -8.219  64.941 0.0000000000
57249  28.382  -7.620  64.602 0.0000000000
56178  27.776  -7.855  63.657 0.0000000000
57273  25.984  -7.804  63.553 0.0000000000
56197  26.274  -8.360  63.375 0.0000000000
56198  25.633  -8.362  63.643 0.0000000000
55120  26.150  -9.388  63.644 0.0000000000
55121  25.339  -9.024  63.923 0.0000000000
49036  24.190  -15.619  67.349 0.0000000000
49014  24.514  -15.715  68.242 0.0000000000
58418  30.089  -6.725  55.005 0.0000000000
56242  35.823  -8.933  58.303 0.0000000000
56241  36.467  -8.888  58.578 0.0000000000
57326  38.311  -8.153  59.158 0.0000000000
114760  38.092  -8.585  58.643 0.0000000000
56240  38.841  -8.320  58.700 0.0000000000
50869  6.030  -13.343  87.464 0.0000000000
63908  35.715  0.201  50.825 0.0000000000
62022  34.318  -1.984  50.846 0.0000000000
121525  34.767  -2.963  50.513 0.0000000000
61154  34.227  -3.646  51.043 0.0000000000
59409  34.321  -5.304  51.300 0.0000000000
60278  34.630  -4.467  50.982 0.0000000000
134231  34.956  -5.923  51.103 0.0000000000
134856  35.409  -6.280  51.120 0.0000000000
127016  34.967  -6.853  51.233 0.0000000000
47996  22.403  -16.317  69.648 0.0000000000
47979  22.046  -16.582  70.523 0.0000000000
125887  21.325  -16.416  69.729 0.0000000000
135081  19.838  -16.428  69.522 0.0000000000
47980  20.438  -16.585  69.969 0.0000000000
136980  19.551  -16.748  70.158 0.0000000000
47959  19.768  -17.044  71.019 0.0000000000
47981  18.603  -16.654  70.050 0.0000000000
51014  19.402  -13.908  69.311 0.0000000000
50043  19.311  -14.605  68.952 0.0000000000
50025  18.807  -14.301  69.627 0.0000000000
48985  17.351  -15.307  70.452 0.0000000000
48000  17.987  -15.659  69.985 0.0000000000
47982  17.724  -16.283  70.211 0.0000000000
47961  17.255  -16.782  70.817 0.0000000000
47962  16.569  -16.356  71.182 0.0000000000
126844  15.941  -15.631  72.254 0.0000000000
47940  16.040  -16.565  71.939 0.0000000000
47921  15.454  -15.900  72.872 0.0000000000
58262  24.526  -6.287  66.672 0.0000000000
57230  24.180  -6.925  67.120 0.0000000000
56138  23.556  -9.125  66.628 0.0000000000
54018  23.445  -10.392  66.156 0.0000000000
118274  23.538  -11.110  65.631 0.0000000000
52955  23.208  -11.242  66.488 0.0000000000
51026  22.208  -13.942  66.870 0.0000000000
125115  22.326  -13.237  66.953 0.0000000000
51032  22.552  -13.410  66.319 0.0000000000
49058  22.877  -15.161  66.481 0.0000000000
49038  22.460  -15.280  67.144 0.0000000000
135445  21.677  -15.817  68.427 0.0000000000
48996  22.355  -15.999  68.710 0.0000000000
58359  31.778  -6.101  59.913 0.0000000000
57317  30.562  -7.053  58.979 0.0000000000
55173  31.755  -9.849  58.427 0.0000000000
123304  31.199  -8.963  58.140 0.0000000000
55186  31.604  -10.569  57.792 0.0000000000
55185  31.914  -10.112  57.229 0.0000000000
54162  31.901  -10.881  57.706 0.0000000000
53073  33.203  -11.133  59.096 0.0000000000
54152  32.606  -10.881  58.438 0.0000000000
53072  33.477  -11.367  59.035 0.0000000000
122577  34.392  -11.363  59.009 0.0000000000
53088  33.283  -11.128  58.395 0.0000000000
53102  33.195  -10.979  57.844 0.0000000000
54150  34.651  -10.460  58.342 0.0000000000
125766  35.243  -10.078  58.809 0.0000000000
72381  43.416  9.129  44.639 0.0000000000
72411  48.814  8.838  40.931 0.0000000000
72403  48.077  8.709  41.023 0.0000000000
71549  46.626  7.738  40.562 0.0000000000
136560  47.065  7.750  40.347 0.0000000000
117175  46.451  6.325  39.841 0.0000000000
125949  44.386  5.429  41.357 0.0000000000
69756  44.912  5.820  40.905 0.0000000000
67877  46.606  3.730  40.455 0.0000000000
68857  46.649  4.504  39.850 0.0000000000
69768  46.834  5.485  39.542 0.0000000000
135711  40.763  3.442  44.750 0.0000000000
64904  40.409  0.756  45.611 0.0000000000
64903  41.167  0.623  45.286 0.0000000000
63962  41.630  0.067  45.849 0.0000000000
64894  39.980  0.311  46.151 0.0000000000
62989  40.008  -0.932  46.793 0.0000000000
62979  41.030  -1.990  47.070 0.0000000000
62977  43.006  -2.308  47.262 0.0000000000
60303  43.444  -3.967  48.035 0.0000000000
60285  43.323  -4.328  48.912 0.0000000000
64863  38.177  0.755  49.551 0.0000000000
63918  37.537  -0.057  49.097 0.0000000000
62037  37.191  -2.166  48.812 0.0000000000
62051  38.590  -2.545  48.380 0.0000000000
131107  38.478  -3.330  48.571 0.0000000000
60275  37.128  -4.493  50.061 0.0000000000
60291  37.479  -4.029  49.441 0.0000000000
60289  39.452  -4.854  49.368 0.0000000000
124802  39.768  -4.634  48.749 0.0000000000
60305  40.439  -4.582  48.386 0.0000000000
121383  30.602  -12.201  63.275 0.0000000000
51994  31.195  -12.383  63.141 0.0000000000
51985  30.932  -12.371  63.895 0.0000000000
114845  32.072  -11.698  66.110 0.0000000000
52966  32.239  -11.810  65.381 0.0000000000
70605  41.488  6.216  45.921 0.0000000000
69708  41.339  5.387  46.274 0.0000000000
67828  40.389  3.641  45.343 0.0000000000
67838  41.181  3.731  44.264 0.0000000000
47957  21.756  -16.773  71.359 0.0000000000
47937  21.666  -17.028  72.705 0.0000000000
119063  16.761  -20.912  77.992 0.0000000000
47904  15.196  -15.571  73.958 0.0000000000
47879  14.294  -15.993  76.394 0.0000000000
47878  14.834  -15.655  76.136 0.0000000000
47892  14.285  -16.253  75.522 0.0000000000
47906  14.415  -16.710  74.703 0.0000000000
45974  13.404  -18.086  76.303 0.0000000000
45960  13.020  -18.434  76.948 0.0000000000
44968  13.393  -19.426  77.289 0.0000000000
45946  12.716  -18.829  77.640 0.0000000000
47852  11.970  -16.567  78.348 0.0000000000
45932  11.465  -17.848  78.639 0.0000000000
44939  12.015  -18.898  78.834 0.0000000000
44953  12.498  -19.161  78.286 0.0000000000
120003  12.022  -19.568  79.604 0.0000000000
44927  12.802  -20.336  79.883 0.0000000000
128805  10.909  -19.067  81.001 0.0000000000
116198  11.610  -19.796  81.101 0.0000000000
44920  12.060  -20.112  81.819 0.0000000000
45898  10.075  -18.527  83.125 0.0000000000
47795  10.086  -16.276  82.074 0.0000000000
48841  8.981  -15.753  83.394 0.0000000000
47759  8.385  -16.350  84.687 0.0000000000
124898  7.935  -15.493  84.955 0.0000000000
49839  7.732  -14.903  85.271 0.0000000000
114062  7.567  -14.699  85.903 0.0000000000
50884  10.111  -13.414  86.236 0.0000000000
51806  8.299  -12.780  86.760 0.0000000000
50887  7.397  -13.553  86.547 0.0000000000
51807  7.639  -12.926  86.778 0.0000000000
51802  7.140  -12.421  87.080 0.0000000000
54097  32.132  -10.957  62.177 0.0000000000
135721  30.934  -10.280  63.813 0.0000000000
53006  30.111  -11.260  63.082 0.0000000000
53008  29.043  -10.813  63.376 0.0000000000
55139  27.318  -9.170  62.879 0.0000000000
54033  27.782  -10.592  64.870 0.0000000000
54013  29.169  -11.108  67.099 0.0000000000
54014  28.274  -10.846  66.922 0.0000000000
124568  24.012  -7.704  65.515 0.0000000000
56180  24.580  -7.821  64.563 0.0000000000
56168  24.195  -8.641  65.153 0.0000000000
52971  24.560  -11.562  65.254 0.0000000000
118578  24.856  -10.834  65.219 0.0000000000
54036  25.082  -10.179  64.984 0.0000000000
52954  25.459  -11.342  65.932 0.0000000000
50055  25.512  -14.676  67.279 0.0000000000
51025  25.684  -13.902  67.017 0.0000000000
51018  26.737  -13.113  68.265 0.0000000000
52937  26.083  -11.735  67.022 0.0000000000
65840  42.408  1.422  44.623 0.0000000000
59394  33.191  -5.745  52.164 0.0000000000
58465  33.202  -6.676  51.977 0.0000000000
56344  33.647  -8.048  51.876 0.0000000000
133554  33.585  -7.351  51.739 0.0000000000
136073  34.319  -8.265  51.680 0.0000000000
57432  34.992  -7.941  51.403 0.0000000000
57342  29.975  -7.757  57.580 0.0000000000
57329  29.487  -7.011  58.026 0.0000000000
137244  30.274  -8.007  57.072 0.0000000000
116409  31.641  -8.718  55.657 0.0000000000
56295  30.997  -8.347  55.634 0.0000000000
56294  31.352  -8.524  54.933 0.0000000000
129000  35.791  -9.033  57.243 0.0000000000
56291  34.842  -8.898  56.344 0.0000000000
133303  35.470  -9.063  56.668 0.0000000000
54183  35.849  -10.610  55.183 0.0000000000
55231  34.144  -10.017  55.014 0.0000000000
54197  34.512  -10.808  54.495 0.0000000000
55232  32.989  -9.986  54.111 0.0000000000
54212  34.224  -10.790  53.677 0.0000000000
137371  34.047  -10.528  53.201 0.0000000000
54211  35.211  -10.872  53.694 0.0000000000
122310  38.004  -10.449  53.550 0.0000000000
54224  36.498  -10.297  52.744 0.0000000000
55245  37.961  -10.020  52.913 0.0000000000
55260  37.173  -9.798  52.385 0.0000000000
55259  38.642  -9.553  52.719 0.0000000000
55229  40.587  -9.731  54.373 0.0000000000
51983  32.564  -12.275  63.629 0.0000000000
51992  32.653  -12.419  62.656 0.0000000000
52981  34.757  -11.042  63.957 0.0000000000
53004  34.211  -11.620  63.296 0.0000000000
53003  34.933  -11.156  63.068 0.0000000000
54078  35.472  -10.625  63.644 0.0000000000
54077  36.152  -10.174  63.424 0.0000000000
55145  37.113  -9.484  62.610 0.0000000000
72471  51.374  8.701  34.528 0.0000000000
73279  51.187  9.557  34.204 0.0000000000
72470  52.135  8.284  34.250 0.0000000000
71604  52.524  7.565  34.594 0.0000000000
120462  48.945  8.831  40.565 0.0000000000
72429  48.604  7.525  37.936 0.0000000000
115694  48.895  8.238  37.606 0.0000000000
136485  49.105  8.844  37.289 0.0000000000
69801  50.832  5.393  36.600 0.0000000000
70695  50.277  6.830  36.554 0.0000000000
70701  50.947  7.039  36.055 0.0000000000
71597  51.000  7.793  35.597 0.0000000000
120678  51.486  6.376  35.974 0.0000000000
66852  43.844  2.436  43.008 0.0000000000
53043  32.575  -11.785  61.325 0.0000000000
52005  32.777  -12.320  61.776 0.0000000000
69727  41.299  5.392  44.545 0.0000000000
69726  41.723  5.935  43.906 0.0000000000
69735  42.202  5.438  43.246 0.0000000000
69747  42.767  4.914  42.791 0.0000000000
64874  39.755  1.073  48.652 0.0000000000
121141  39.763  1.208  49.285 0.0000000000
59407  36.504  -5.770  50.907 0.0000000000
58476  37.854  -6.449  51.211 0.0000000000
58464  38.997  -6.982  51.856 0.0000000000
46895  15.977  -18.129  72.772 0.0000000000
46009  16.561  -18.834  73.250 0.0000000000
45025  15.850  -19.498  74.615 0.0000000000
132694  15.842  -20.017  75.689 0.0000000000
57260  27.043  -7.367  63.752 0.0000000000
58279  26.892  -6.545  64.359 0.0000000000
137387  25.677  -6.984  64.107 0.0000000000
57262  25.417  -7.604  63.936 0.0000000000
48984  23.939  -16.077  69.584 0.0000000000
48994  24.680  -15.826  69.136 0.0000000000
58411  29.445  -6.363  56.704 0.0000000000
56231  37.179  -8.285  59.817 0.0000000000
115052  36.927  -8.524  59.118 0.0000000000
57314  37.684  -8.220  59.538 0.0000000000
61144  33.648  -3.483  51.623 0.0000000000
135623  21.102  -16.164  69.154 0.0000000000
48015  20.242  -15.823  68.802 0.0000000000
47998  19.705  -16.075  69.076 0.0000000000
125456  18.281  -14.490  70.054 0.0000000000
50011  17.767  -14.385  70.549 0.0000000000
48974  16.633  -15.439  71.132 0.0000000000
55074  23.611  -9.172  67.467 0.0000000000
51020  21.892  -13.367  67.604 0.0000000000
117084  21.760  -15.124  67.461 0.0000000000
54153  31.788  -10.741  58.087 0.0000000000
52040  33.763  -11.826  59.673 0.0000000000
52039  34.333  -11.727  59.637 0.0000000000
53071  34.965  -11.228  59.530 0.0000000000
54140  35.534  -10.296  59.514 0.0000000000
54127  35.967  -10.166  60.360 0.0000000000
136205  36.265  -10.091  61.029 0.0000000000
72379  44.816  9.566  43.510 0.0000000000
67869  45.349  3.950  41.138 0.0000000000
67878  46.015  3.683  40.897 0.0000000000
67876  47.416  3.344  40.776 0.0000000000
65829  40.304  1.932  45.237 0.0000000000
132043  40.176  1.355  45.544 0.0000000000
63943  39.571  -0.934  47.364 0.0000000000
62061  41.529  -2.818  47.316 0.0000000000
62060  42.434  -2.918  47.345 0.0000000000
131687  41.986  -3.454  47.491 0.0000000000
61193  41.955  -4.127  47.778 0.0000000000
60304  41.833  -4.746  48.385 0.0000000000
124751  36.708  -0.169  49.492 0.0000000000
122187  38.468  -4.936  50.290 0.0000000000
60273  39.279  -5.024  50.265 0.0000000000
134672  39.846  -4.997  49.840 0.0000000000
114069  41.065  -4.851  51.013 0.0000000000
51976  30.671  -12.110  64.709 0.0000000000
67809  41.323  2.906  47.345 0.0000000000
68789  40.925  3.565  46.928 0.0000000000
68797  40.644  4.164  46.360 0.0000000000
67821  40.204  3.678  46.012 0.0000000000
47938  20.922  -17.232  72.290 0.0000000000
114934  15.283  -21.185  78.927 0.0000000000
43928  14.994  -21.570  80.473 0.0000000000
46856  13.507  -17.287  76.262 0.0000000000
47880  13.565  -16.525  76.568 0.0000000000
47865  12.448  -16.805  77.565 0.0000000000
46831  10.922  -17.680  79.406 0.0000000000
45901  10.415  -18.835  81.670 0.0000000000
45911  9.558  -17.739  82.088 0.0000000000
48840  10.664  -15.086  83.317 0.0000000000
48827  8.604  -15.380  84.085 0.0000000000
49846  8.811  -14.694  84.455 0.0000000000
136779  28.878  -10.426  63.145 0.0000000000
54082  28.326  -10.280  63.162 0.0000000000
54054  26.846  -9.856  63.651 0.0000000000
54015  27.412  -10.644  66.710 0.0000000000
54037  23.838  -10.143  65.496 0.0000000000
122331  24.421  -9.529  65.058 0.0000000000
50024  26.006  -14.989  69.091 0.0000000000
50039  26.445  -14.163  68.666 0.0000000000
64901  43.066  0.831  45.844 0.0000000000
64892  44.198  0.700  47.081 0.0000000000
134635  32.150  -6.603  52.936 0.0000000000
58444  32.513  -7.072  52.534 0.0000000000
126286  33.905  -8.840  52.058 0.0000000000
122504  31.217  -8.654  56.940 0.0000000000
133943  32.334  -8.910  56.140 0.0000000000
55199  36.152  -9.473  56.668 0.0000000000
55215  36.631  -10.290  55.843 0.0000000000
127007  36.721  -10.822  54.834 0.0000000000
54196  36.023  -10.862  54.316 0.0000000000
54195  37.567  -10.714  54.256 0.0000000000
54194  38.490  -10.511  54.114 0.0000000000
54207  39.280  -10.221  53.929 0.0000000000
119537  33.798  -11.407  65.025 0.0000000000
54052  34.556  -10.919  64.885 0.0000000000
73280  50.688  9.254  34.847 0.0000000000
71554  48.198  8.133  39.333 0.0000000000
71562  48.161  7.533  38.636 0.0000000000
135201  51.273  5.734  36.251 0.0000000000
69800  51.435  5.077  36.363 0.0000000000
51013  19.862  -13.135  69.499 0.0000000000
66858  46.442  2.600  42.887 0.0000000000
66840  45.872  2.354  44.374 0.0000000000
120788  33.105  -10.381  59.493 0.0000000000
52030  33.105  -11.894  60.685 0.0000000000
52028  34.011  -12.068  60.205 0.0000000000
53042  34.424  -11.844  60.858 0.0000000000
128558  34.871  -11.517  61.439 0.0000000000
71517  43.026  8.529  44.139 0.0000000000
70617  42.806  7.728  43.650 0.0000000000
132561  43.470  8.170  43.433 0.0000000000
116264  44.214  7.766  42.530 0.0000000000
46763  9.472  -17.240  85.147 0.0000000000
65808  39.737  1.269  47.280 0.0000000000
135481  39.495  -0.304  47.396 0.0000000000
132843  39.493  -1.730  47.825 0.0000000000
62050  39.289  -2.469  48.087 0.0000000000
62039  35.686  -2.806  49.795 0.0000000000
59419  37.842  -5.082  50.551 0.0000000000
133310  38.892  -5.422  50.828 0.0000000000
59404  39.513  -5.589  51.338 0.0000000000
58462  40.973  -6.319  52.441 0.0000000000
57411  41.447  -7.203  52.784 0.0000000000
58443  42.293  -7.140  53.021 0.0000000000
52950  30.530  -11.529  66.652 0.0000000000
66813  40.332  2.148  47.420 0.0000000000
46894  18.958  -18.191  72.820 0.0000000000
45996  18.195  -19.202  74.016 0.0000000000
43959  16.382  -20.867  77.281 0.0000000000
43968  15.706  -20.681  76.822 0.0000000000
44951  14.016  -20.148  77.790 0.0000000000
114715  12.027  -15.928  79.841 0.0000000000
134927  10.915  -16.454  80.449 0.0000000000
48838  12.352  -15.259  82.787 0.0000000000
49844  10.993  -14.413  84.572 0.0000000000
123533  26.557  -8.980  63.102 0.0000000000
50093  23.900  -14.108  65.505 0.0000000000
50072  24.344  -14.787  65.980 0.0000000000
50056  24.760  -15.225  66.762 0.0000000000
49013  25.326  -15.498  68.616 0.0000000000
63941  44.691  -0.814  47.377 0.0000000000
130931  30.740  -6.847  54.253 0.0000000000
57373  30.899  -7.635  54.156 0.0000000000
55177  34.652  -9.620  57.784 0.0000000000
56257  34.682  -9.038  57.368 0.0000000000
56256  35.488  -9.076  57.707 0.0000000000
119206  37.234  -8.763  58.649 0.0000000000
56255  36.890  -9.002  57.983 0.0000000000
56272  37.469  -9.311  57.339 0.0000000000
56271  38.487  -9.271  57.280 0.0000000000
130063  47.978  5.001  38.752 0.0000000000
64852  37.476  1.004  50.902 0.0000000000
63919  36.421  0.302  50.197 0.0000000000
63920  35.859  -0.210  50.037 0.0000000000
62956  35.456  -1.017  50.028 0.0000000000
62942  34.750  -1.080  50.690 0.0000000000
60277  35.435  -4.475  50.645 0.0000000000
59422  35.170  -5.160  50.983 0.0000000000
58478  36.008  -6.580  51.092 0.0000000000
47956  22.641  -16.655  71.266 0.0000000000
46923  18.929  -17.478  71.307 0.0000000000
114983  19.799  -14.957  68.542 0.0000000000
135641  19.314  -15.202  68.862 0.0000000000
48998  19.032  -15.757  69.132 0.0000000000
50026  18.432  -14.862  69.644 0.0000000000
48999  18.444  -15.435  69.575 0.0000000000
47960  18.142  -17.034  70.623 0.0000000000
46910  16.314  -17.656  72.054 0.0000000000
46896  15.327  -17.713  73.301 0.0000000000
126649  25.583  -5.600  65.777 0.0000000000
58282  24.773  -6.107  65.878 0.0000000000
57242  24.162  -6.855  66.117 0.0000000000
56155  23.701  -8.626  65.976 0.0000000000
51979  23.276  -12.641  65.663 0.0000000000
53998  23.262  -10.522  67.195 0.0000000000
52939  22.884  -12.024  67.015 0.0000000000
51040  22.960  -13.449  65.802 0.0000000000
50094  23.207  -14.036  65.616 0.0000000000
50073  23.410  -14.766  65.859 0.0000000000
133312  23.766  -15.764  67.955 0.0000000000
49015  23.080  -15.863  68.250 0.0000000000
47995  23.277  -16.318  69.863 0.0000000000
58374  30.089  -6.073  59.130 0.0000000000
57328  30.090  -7.542  58.374 0.0000000000
56244  30.559  -8.085  58.072 0.0000000000
53089  32.111  -11.072  58.038 0.0000000000
53103  32.364  -11.122  57.959 0.0000000000
54160  33.280  -10.462  57.403 0.0000000000
55176  35.238  -9.471  58.320 0.0000000000
56232  36.541  -8.627  59.388 0.0000000000
55169  36.205  -9.369  59.847 0.0000000000
71548  47.423  8.118  40.498 0.0000000000
72419  47.851  8.050  39.988 0.0000000000
70662  47.346  6.756  39.234 0.0000000000
69767  47.470  5.778  39.002 0.0000000000
70647  45.412  6.589  40.710 0.0000000000
70656  45.898  6.194  40.234 0.0000000000
66854  41.734  3.210  43.750 0.0000000000
66843  41.773  2.393  43.941 0.0000000000
117154  41.836  1.755  44.235 0.0000000000
65841  41.530  1.245  44.746 0.0000000000
63961  42.551  0.178  46.142 0.0000000000
63953  41.154  -0.610  46.219 0.0000000000
62976  43.604  -1.797  47.294 0.0000000000
62059  43.916  -2.534  47.479 0.0000000000
61191  44.017  -3.347  47.812 0.0000000000
62953  37.825  -0.735  48.640 0.0000000000
61168  37.263  -3.175  49.075 0.0000000000
61184  38.010  -3.669  48.933 0.0000000000
60286  42.469  -4.730  49.131 0.0000000000
126364  31.410  -12.293  62.511 0.0000000000
52984  32.403  -12.014  64.530 0.0000000000
51975  31.554  -12.155  64.670 0.0000000000
69715  40.953  4.830  45.914 0.0000000000
68803  40.948  4.826  45.138 0.0000000000
68816  41.183  4.569  44.342 0.0000000000
126776  21.690  -17.241  73.335 0.0000000000
46882  14.426  -17.654  74.606 0.0000000000
45973  14.021  -18.708  75.887 0.0000000000
47851  12.786  -16.074  77.957 0.0000000000
47853  11.590  -17.172  78.417 0.0000000000
43929  12.972  -20.718  80.804 0.0000000000
43919  12.752  -20.701  81.729 0.0000000000
121305  10.644  -18.975  82.538 0.0000000000
46785  9.169  -17.330  82.706 0.0000000000
48854  9.477  -16.187  82.654 0.0000000000
134476  9.146  -16.832  82.625 0.0000000000
46775  9.084  -17.443  83.455 0.0000000000
46767  9.159  -17.421  84.248 0.0000000000
47753  8.053  -15.837  85.126 0.0000000000
48828  8.181  -15.660  84.483 0.0000000000
49827  7.214  -14.214  86.745 0.0000000000
49836  9.982  -13.917  85.379 0.0000000000
50891  8.358  -13.790  85.578 0.0000000000
50885  8.911  -13.202  86.290 0.0000000000
53045  31.060  -11.614  62.485 0.0000000000
53028  30.614  -11.641  62.770 0.0000000000
53007  29.677  -11.195  63.291 0.0000000000
52969  29.438  -11.446  65.388 0.0000000000
55138  28.080  -9.523  62.881 0.0000000000
54053  27.644  -10.290  63.808 0.0000000000
58281  25.321  -6.106  65.032 0.0000000000
129736  24.915  -9.340  64.507 0.0000000000
51031  24.745  -13.874  65.813 0.0000000000
51037  24.952  -12.940  65.710 0.0000000000
51969  25.506  -12.399  66.275 0.0000000000
52936  26.869  -11.352  67.475 0.0000000000
65825  44.077  1.685  45.140 0.0000000000
65826  43.584  1.359  45.485 0.0000000000
119370  44.265  1.619  45.914 0.0000000000
117077  33.204  -4.934  52.406 0.0000000000
59410  33.645  -5.126  51.779 0.0000000000
58480  33.975  -6.757  51.486 0.0000000000
56362  36.606  -7.985  51.441 0.0000000000
58375  29.430  -6.102  58.417 0.0000000000
57343  29.477  -7.101  57.165 0.0000000000
57355  29.573  -7.066  56.385 0.0000000000
56278  30.699  -8.233  56.518 0.0000000000
57364  29.850  -7.265  55.621 0.0000000000
56310  30.742  -8.001  54.814 0.0000000000
56309  31.210  -8.221  54.277 0.0000000000
125051  32.049  -8.932  53.674 0.0000000000
56275  34.283  -8.785  56.720 0.0000000000
56293  33.244  -8.889  55.712 0.0000000000
116596  34.586  -9.266  55.642 0.0000000000
55217  33.819  -9.157  55.366 0.0000000000
55218  33.008  -9.270  54.953 0.0000000000
55233  32.361  -9.272  54.255 0.0000000000
55247  32.562  -9.429  53.521 0.0000000000
55265  32.820  -9.276  52.856 0.0000000000
55264  33.439  -9.471  52.531 0.0000000000
55263  34.299  -9.680  52.322 0.0000000000
54210  36.239  -10.684  53.431 0.0000000000
54225  35.658  -10.436  52.745 0.0000000000
55262  35.229  -9.824  52.246 0.0000000000
119525  35.760  -9.154  51.983 0.0000000000
56342  36.625  -8.924  51.873 0.0000000000
56340  38.421  -8.727  52.187 0.0000000000
56339  39.338  -9.002  52.566 0.0000000000
56321  40.094  -9.244  53.076 0.0000000000
114916  40.015  -9.786  53.752 0.0000000000
55243  40.764  -9.387  53.625 0.0000000000
51991  33.576  -12.114  62.405 0.0000000000
53025  34.963  -11.339  62.193 0.0000000000
54030  36.089  -9.926  64.862 0.0000000000
115764  35.913  -10.207  64.130 0.0000000000
134929  36.715  -9.724  62.069 0.0000000000
73256  49.158  9.714  38.474 0.0000000000
73259  49.167  9.561  37.534 0.0000000000
73262  49.432  9.204  36.640 0.0000000000
70668  48.445  6.269  38.149 0.0000000000
70686  48.893  6.611  37.639 0.0000000000
70696  49.617  6.686  37.057 0.0000000000
72441  49.902  8.547  36.208 0.0000000000
72457  50.422  8.435  35.726 0.0000000000
70700  52.247  6.373  35.475 0.0000000000
70708  52.209  7.173  35.090 0.0000000000
51970  22.893  -12.839  65.995 0.0000000000
54184  34.969  -10.282  55.174 0.0000000000
54198  33.697  -10.527  54.326 0.0000000000
54199  33.593  -10.418  53.576 0.0000000000
54209  37.207  -10.480  53.264 0.0000000000
54227  33.816  -10.178  52.869 0.0000000000
55152  37.184  -9.214  61.846 0.0000000000
55160  37.041  -8.946  61.051 0.0000000000
55178  31.396  -10.073  58.034 0.0000000000
55212  39.502  -10.000  55.430 0.0000000000
56341  37.554  -8.921  52.039 0.0000000000
57272  26.520  -7.751  63.485 0.0000000000
62023  33.905  -2.108  51.445 0.0000000000
67829  40.119  3.199  45.723 0.0000000000
73269  50.365  8.977  35.384 0.0000000000
114563  51.091  4.719  36.788 0.0000000000
125702  41.095  -4.909  48.594 0.0000000000
132785  10.095  -14.993  83.512 0.0000000000
136580  21.511  -16.928  72.030 0.0000000000
136598  43.406  -3.554  47.711 0.0000000000
136617  34.462  -11.032  58.668 0.0000000000
