#!ascii label  , from subject sub-v2s4x29597_ses-1 vox2ras=TkReg
1064
59048  18.862  -5.915  83.243 0.0000000000
51904  8.225  -12.692  72.276 0.0000000000
54856  13.043  -9.998  88.527 0.0000000000
58048  10.183  -5.860  83.439 0.0000000000
60008  7.200  -4.132  75.507 0.0000000000
56989  17.936  -7.670  88.675 0.0000000000
60811  14.994  -4.901  87.125 0.0000000000
129698  18.951  -11.254  81.434 0.0000000000
52746  18.426  -11.803  86.340 0.0000000000
50856  14.639  -12.359  88.446 0.0000000000
62656  6.879  -1.392  84.416 0.0000000000
58090  8.419  -5.181  80.111 0.0000000000
119699  5.702  0.361  80.096 0.0000000000
54881  9.425  -9.284  87.209 0.0000000000
53804  11.120  -10.062  82.188 0.0000000000
57003  13.805  -7.649  86.285 0.0000000000
60824  10.070  -3.163  85.277 0.0000000000
56009  11.561  -8.879  77.733 0.0000000000
56061  8.933  -7.677  72.922 0.0000000000
126240  5.408  -6.698  69.649 0.0000000000
62766  6.917  -1.070  71.642 0.0000000000
115737  18.900  -6.786  86.416 0.0000000000
60822  17.370  -4.851  85.989 0.0000000000
55953  19.206  -8.883  82.824 0.0000000000
125527  19.309  -11.863  84.595 0.0000000000
55942  19.647  -8.788  85.362 0.0000000000
53783  18.428  -10.070  87.425 0.0000000000
63581  6.269  -0.627  82.736 0.0000000000
54871  11.158  -9.292  88.214 0.0000000000
117196  12.150  -9.348  86.203 0.0000000000
126912  13.811  -8.884  87.569 0.0000000000
114284  13.976  -2.179  85.224 0.0000000000
60819  12.654  -4.178  86.125 0.0000000000
52721  14.417  -11.349  89.022 0.0000000000
50859  12.451  -12.532  88.278 0.0000000000
52725  11.505  -10.621  88.513 0.0000000000
53777  9.323  -10.133  88.695 0.0000000000
57031  12.405  -8.745  82.424 0.0000000000
53815  11.930  -10.209  80.694 0.0000000000
57042  10.490  -7.637  80.659 0.0000000000
59095  6.901  -5.550  77.188 0.0000000000
57106  8.136  -6.631  76.424 0.0000000000
57132  6.816  -6.865  74.327 0.0000000000
57170  7.129  -7.134  71.624 0.0000000000
125754  5.802  -5.615  72.750 0.0000000000
131892  15.989  -8.814  89.068 0.0000000000
56996  15.516  -6.949  87.462 0.0000000000
133872  16.445  -5.501  87.190 0.0000000000
135357  15.968  -3.226  84.828 0.0000000000
51830  19.756  -12.406  80.310 0.0000000000
49882  19.147  -14.209  80.066 0.0000000000
50898  18.928  -13.690  82.403 0.0000000000
116269  18.819  -14.154  84.503 0.0000000000
50861  16.641  -12.814  87.251 0.0000000000
52718  16.254  -10.610  89.006 0.0000000000
59944  8.380  -3.564  83.616 0.0000000000
113909  8.268  -5.788  81.696 0.0000000000
59963  7.021  -4.240  82.245 0.0000000000
61760  6.499  -2.790  80.418 0.0000000000
61769  7.469  -2.101  78.043 0.0000000000
58088  18.133  -6.956  80.320 0.0000000000
52765  22.482  -10.179  78.559 0.0000000000
55960  23.053  -7.626  79.394 0.0000000000
53855  19.228  -10.488  79.626 0.0000000000
55986  18.143  -8.940  79.850 0.0000000000
54901  7.209  -9.707  84.548 0.0000000000
54919  8.619  -9.914  82.729 0.0000000000
54899  9.617  -9.466  84.242 0.0000000000
55947  13.061  -8.714  84.167 0.0000000000
58046  12.230  -7.065  84.831 0.0000000000
135797  14.394  -6.176  86.539 0.0000000000
59017  12.381  -5.163  85.567 0.0000000000
59026  10.439  -4.836  83.884 0.0000000000
62637  8.227  -1.953  85.270 0.0000000000
53839  9.698  -10.669  80.425 0.0000000000
52810  10.301  -11.614  77.575 0.0000000000
52865  11.277  -11.401  74.292 0.0000000000
57078  9.254  -7.121  78.953 0.0000000000
121916  10.939  -8.267  74.769 0.0000000000
53937  10.540  -10.177  71.094 0.0000000000
55053  8.677  -9.288  68.788 0.0000000000
56123  5.861  -8.467  68.075 0.0000000000
64583  5.595  1.447  77.354 0.0000000000
62729  7.021  -0.722  75.754 0.0000000000
123601  6.220  0.565  73.641 0.0000000000
61807  7.016  -1.987  73.048 0.0000000000
115016  5.306  -3.192  70.627 0.0000000000
58041  19.024  -6.306  85.211 0.0000000000
59942  18.421  -4.961  84.535 0.0000000000
59040  18.446  -5.023  83.088 0.0000000000
123004  19.066  -7.335  82.911 0.0000000000
55945  19.369  -8.399  84.272 0.0000000000
57008  19.267  -7.583  84.267 0.0000000000
57005  19.197  -7.173  85.696 0.0000000000
51918  6.734  -12.967  71.785 0.0000000000
51932  7.835  -12.452  70.762 0.0000000000
54857  12.306  -9.919  88.683 0.0000000000
117210  12.008  -9.244  87.960 0.0000000000
55934  13.385  -9.339  88.049 0.0000000000
50941  20.490  -13.537  77.712 0.0000000000
53767  13.538  -10.873  88.681 0.0000000000
52723  12.664  -11.216  88.538 0.0000000000
54854  12.116  -10.321  88.605 0.0000000000
54859  11.090  -9.946  88.956 0.0000000000
57015  11.308  -7.221  83.065 0.0000000000
57032  11.833  -8.193  81.831 0.0000000000
58067  10.119  -7.116  82.045 0.0000000000
60009  6.815  -4.927  76.130 0.0000000000
58134  6.816  -5.758  75.888 0.0000000000
120805  6.531  -5.687  74.757 0.0000000000
58172  6.241  -6.173  73.820 0.0000000000
60034  6.190  -5.053  73.797 0.0000000000
56987  16.993  -8.111  88.984 0.0000000000
56991  16.696  -7.460  88.410 0.0000000000
126873  17.144  -6.637  87.770 0.0000000000
117460  17.051  -3.996  85.289 0.0000000000
62654  15.288  -2.040  83.497 0.0000000000
136139  19.194  -11.838  81.199 0.0000000000
51819  19.246  -13.104  81.645 0.0000000000
51817  19.323  -12.447  82.408 0.0000000000
52748  19.118  -11.544  85.241 0.0000000000
51812  19.280  -12.441  84.767 0.0000000000
50880  18.981  -13.003  85.462 0.0000000000
51797  17.744  -12.245  86.856 0.0000000000
55925  18.475  -8.975  88.771 0.0000000000
53771  17.788  -10.264  88.767 0.0000000000
137249  17.444  -9.339  89.563 0.0000000000
54850  16.325  -9.852  89.711 0.0000000000
60838  8.093  -2.777  83.676 0.0000000000
59955  7.397  -4.022  82.643 0.0000000000
121859  7.120  -2.353  83.401 0.0000000000
119355  6.088  -0.751  81.386 0.0000000000
62680  6.421  -1.592  81.531 0.0000000000
61751  6.407  -1.871  80.642 0.0000000000
60875  6.742  -2.957  79.596 0.0000000000
62704  5.995  -0.555  79.026 0.0000000000
54941  20.360  -10.200  79.412 0.0000000000
115792  8.012  -9.401  85.884 0.0000000000
121368  8.684  -9.412  84.949 0.0000000000
54891  9.819  -9.354  85.195 0.0000000000
54879  13.216  -8.832  86.252 0.0000000000
114790  12.108  -9.370  85.141 0.0000000000
55946  13.192  -8.445  84.969 0.0000000000
55949  13.201  -8.257  84.319 0.0000000000
57007  13.069  -7.411  85.293 0.0000000000
59007  15.718  -5.756  87.264 0.0000000000
132073  15.119  -6.561  87.117 0.0000000000
59923  14.722  -5.442  86.869 0.0000000000
61701  11.729  -3.444  86.046 0.0000000000
59928  12.719  -4.838  85.969 0.0000000000
59929  11.496  -4.445  85.492 0.0000000000
59021  11.565  -4.932  84.758 0.0000000000
134363  9.954  -3.363  84.893 0.0000000000
59935  9.529  -3.323  84.579 0.0000000000
61710  9.314  -2.419  85.199 0.0000000000
48861  18.732  -14.391  80.810 0.0000000000
48882  18.838  -14.641  79.220 0.0000000000
49801  14.928  -13.421  87.536 0.0000000000
49823  13.517  -14.176  86.459 0.0000000000
49803  13.315  -13.390  87.647 0.0000000000
51791  10.859  -12.046  87.897 0.0000000000
50868  11.238  -12.619  87.724 0.0000000000
54874  8.671  -9.659  87.854 0.0000000000
54883  7.401  -9.696  86.655 0.0000000000
131641  9.435  -9.897  82.531 0.0000000000
53805  8.996  -10.130  81.931 0.0000000000
117323  10.084  -10.167  81.842 0.0000000000
134414  11.811  -9.822  78.755 0.0000000000
53874  11.262  -10.916  78.746 0.0000000000
53873  11.579  -10.719  78.112 0.0000000000
52836  11.026  -11.690  76.071 0.0000000000
53888  11.685  -10.507  76.390 0.0000000000
58089  8.545  -5.483  80.697 0.0000000000
57044  8.894  -6.593  80.372 0.0000000000
57061  8.793  -6.289  79.270 0.0000000000
56051  8.180  -7.746  74.519 0.0000000000
131744  9.245  -7.593  75.719 0.0000000000
114643  9.644  -7.723  73.486 0.0000000000
55010  11.183  -8.848  73.142 0.0000000000
56072  10.262  -8.552  71.660 0.0000000000
53965  9.512  -10.143  69.564 0.0000000000
56085  8.997  -8.065  71.040 0.0000000000
57202  5.959  -7.267  69.921 0.0000000000
56110  6.282  -8.064  68.939 0.0000000000
57217  5.737  -7.770  68.461 0.0000000000
127854  5.442  1.780  76.595 0.0000000000
63637  6.105  0.708  76.128 0.0000000000
63652  5.896  0.909  75.383 0.0000000000
63688  6.784  0.092  72.397 0.0000000000
63689  6.777  -0.272  72.576 0.0000000000
62752  7.072  -0.945  73.247 0.0000000000
114422  6.824  -1.495  72.548 0.0000000000
60939  5.910  -3.103  72.151 0.0000000000
61821  6.483  -2.070  71.387 0.0000000000
58030  18.437  -6.986  87.502 0.0000000000
59014  17.657  -5.769  86.777 0.0000000000
59930  18.144  -5.541  85.779 0.0000000000
54914  19.124  -9.830  82.367 0.0000000000
53797  19.373  -10.851  83.404 0.0000000000
54904  19.331  -10.099  83.852 0.0000000000
120218  19.465  -9.996  85.290 0.0000000000
52739  18.982  -10.638  86.186 0.0000000000
124114  18.451  -10.659  86.742 0.0000000000
54869  19.134  -9.424  86.669 0.0000000000
121181  19.018  -8.101  87.448 0.0000000000
127057  6.046  0.159  84.005 0.0000000000
62666  6.433  -1.427  83.151 0.0000000000
126483  6.057  0.166  83.290 0.0000000000
132433  5.817  0.839  82.273 0.0000000000
64559  5.656  0.797  80.920 0.0000000000
54872  10.298  -9.299  87.977 0.0000000000
114716  10.520  -9.255  86.814 0.0000000000
131540  11.437  -9.215  87.226 0.0000000000
54880  12.598  -9.092  86.900 0.0000000000
55941  13.713  -8.357  86.567 0.0000000000
62627  15.080  -3.671  86.155 0.0000000000
61698  14.628  -4.648  86.764 0.0000000000
62631  13.404  -2.515  85.632 0.0000000000
61707  12.040  -2.737  85.892 0.0000000000
62634  10.489  -1.903  85.498 0.0000000000
62635  9.417  -1.783  85.359 0.0000000000
51783  14.184  -12.191  88.719 0.0000000000
50858  13.149  -12.553  88.464 0.0000000000
51777  13.207  -11.732  88.670 0.0000000000
52729  11.815  -11.557  88.265 0.0000000000
52730  11.170  -11.036  88.284 0.0000000000
52731  9.398  -10.520  88.377 0.0000000000
53775  9.949  -10.204  88.835 0.0000000000
54866  9.817  -9.804  88.666 0.0000000000
127173  12.378  -9.190  82.431 0.0000000000
53816  11.757  -10.281  81.185 0.0000000000
55963  12.305  -9.219  81.699 0.0000000000
55974  11.811  -8.720  80.468 0.0000000000
57077  10.908  -8.065  79.346 0.0000000000
123865  7.372  -5.044  78.695 0.0000000000
57080  8.221  -6.045  77.886 0.0000000000
122906  7.203  -6.091  76.585 0.0000000000
56039  7.434  -6.642  75.221 0.0000000000
122809  7.242  -7.670  73.791 0.0000000000
57169  7.934  -7.542  71.646 0.0000000000
131223  6.808  -7.230  73.493 0.0000000000
57157  6.301  -6.524  72.720 0.0000000000
58207  5.223  -6.176  71.087 0.0000000000
62770  7.083  -1.417  71.179 0.0000000000
61825  6.686  -2.083  70.663 0.0000000000
61824  6.943  -1.892  70.514 0.0000000000
55924  14.589  -9.964  88.542 0.0000000000
55929  15.093  -9.063  88.173 0.0000000000
55928  15.826  -8.325  88.423 0.0000000000
58028  15.838  -6.392  87.401 0.0000000000
59921  15.748  -4.973  87.403 0.0000000000
59927  16.926  -4.981  86.891 0.0000000000
60816  16.313  -4.597  86.939 0.0000000000
61700  15.902  -4.069  86.359 0.0000000000
115578  15.080  -2.405  84.697 0.0000000000
51829  20.245  -12.432  79.417 0.0000000000
50921  19.898  -13.145  79.315 0.0000000000
50908  19.513  -13.133  80.369 0.0000000000
52754  19.391  -12.273  83.288 0.0000000000
122454  19.058  -13.840  83.841 0.0000000000
136884  18.434  -15.001  83.079 0.0000000000
49809  16.087  -13.712  86.900 0.0000000000
50862  15.914  -12.804  87.499 0.0000000000
51789  17.672  -11.488  87.162 0.0000000000
51780  16.787  -11.831  87.723 0.0000000000
51773  15.316  -11.465  88.645 0.0000000000
52720  14.790  -11.196  89.404 0.0000000000
53765  14.997  -10.907  89.197 0.0000000000
59031  9.444  -4.813  83.264 0.0000000000
58056  9.359  -5.911  82.886 0.0000000000
59042  8.346  -4.792  82.587 0.0000000000
58071  7.617  -5.018  81.885 0.0000000000
59059  7.149  -4.758  81.412 0.0000000000
61739  6.616  -2.214  82.757 0.0000000000
117425  6.475  -3.895  81.367 0.0000000000
59065  7.002  -4.580  80.671 0.0000000000
60884  6.890  -3.861  79.228 0.0000000000
59989  7.123  -4.144  78.197 0.0000000000
135663  7.324  -4.078  76.480 0.0000000000
58066  18.377  -6.562  81.876 0.0000000000
51827  21.777  -10.986  78.258 0.0000000000
55958  24.366  -6.544  79.729 0.0000000000
58076  23.963  -6.282  79.775 0.0000000000
55959  23.683  -7.055  79.468 0.0000000000
53812  22.897  -8.904  79.263 0.0000000000
127913  22.277  -9.893  79.037 0.0000000000
52766  21.689  -10.917  79.001 0.0000000000
130284  19.531  -11.406  80.370 0.0000000000
53835  18.827  -10.801  80.447 0.0000000000
53856  18.714  -10.291  79.883 0.0000000000
54928  18.537  -10.123  81.031 0.0000000000
55962  18.512  -9.340  81.194 0.0000000000
57030  18.386  -7.284  81.232 0.0000000000
54909  9.319  -9.676  83.326 0.0000000000
54908  10.393  -9.581  83.555 0.0000000000
54890  10.868  -9.395  85.403 0.0000000000
54897  11.792  -9.402  84.184 0.0000000000
54907  11.953  -9.452  83.309 0.0000000000
134596  12.650  -8.877  83.302 0.0000000000
57014  11.940  -7.608  83.673 0.0000000000
114798  11.063  -5.963  83.906 0.0000000000
56997  15.121  -7.611  87.440 0.0000000000
56999  14.729  -7.178  86.928 0.0000000000
58036  14.266  -6.547  86.540 0.0000000000
59924  13.993  -5.301  86.393 0.0000000000
59016  13.475  -5.483  86.057 0.0000000000
58039  12.744  -6.070  85.626 0.0000000000
58040  12.034  -5.830  85.073 0.0000000000
58043  11.498  -5.644  84.399 0.0000000000
59030  10.051  -5.055  83.469 0.0000000000
59027  9.651  -4.500  83.764 0.0000000000
60832  8.433  -2.708  84.177 0.0000000000
61716  7.803  -1.963  84.767 0.0000000000
62644  8.677  -1.208  85.396 0.0000000000
63552  7.552  -0.575  85.297 0.0000000000
63553  6.941  -0.776  84.996 0.0000000000
49833  13.213  -14.391  85.653 0.0000000000
50866  12.813  -12.945  88.118 0.0000000000
53838  10.686  -10.642  80.330 0.0000000000
52779  9.465  -11.236  79.057 0.0000000000
116060  9.453  -12.595  73.611 0.0000000000
57035  9.084  -6.764  81.112 0.0000000000
57058  10.131  -7.460  79.693 0.0000000000
55999  11.033  -8.150  78.064 0.0000000000
57091  8.565  -6.945  77.108 0.0000000000
57103  10.122  -7.585  76.875 0.0000000000
56021  11.533  -8.668  76.176 0.0000000000
54991  11.733  -9.645  75.024 0.0000000000
52880  10.880  -11.241  72.728 0.0000000000
52891  9.881  -11.521  71.471 0.0000000000
52902  8.897  -11.590  70.293 0.0000000000
118782  7.883  -7.932  70.038 0.0000000000
56122  6.755  -8.689  68.420 0.0000000000
130219  5.487  1.990  79.900 0.0000000000
66463  5.427  2.600  78.099 0.0000000000
64569  5.591  1.065  79.083 0.0000000000
63618  5.949  0.058  78.051 0.0000000000
62717  6.944  -0.843  76.791 0.0000000000
61781  7.535  -1.976  75.482 0.0000000000
136430  6.463  0.171  74.343 0.0000000000
62743  7.286  -1.044  74.695 0.0000000000
60909  7.225  -3.377  74.412 0.0000000000
60923  5.736  -3.973  72.713 0.0000000000
118909  5.021  -4.588  71.632 0.0000000000
59189  4.773  -4.649  69.786 0.0000000000
60092  5.294  -4.277  69.265 0.0000000000
123974  19.071  -6.068  84.485 0.0000000000
59039  18.940  -5.370  84.002 0.0000000000
58054  19.061  -6.661  83.398 0.0000000000
121512  19.152  -7.269  83.631 0.0000000000
58045  19.166  -6.749  84.171 0.0000000000
133857  19.113  -6.530  84.702 0.0000000000
51905  7.280  -12.920  72.557 0.0000000000
128625  7.555  -12.707  71.592 0.0000000000
115757  6.974  -12.781  70.893 0.0000000000
51917  8.458  -12.370  71.382 0.0000000000
55930  12.940  -9.694  88.331 0.0000000000
51839  21.234  -11.864  78.047 0.0000000000
50931  20.772  -12.710  77.849 0.0000000000
50932  20.240  -13.272  78.430 0.0000000000
54852  13.649  -10.325  88.558 0.0000000000
54853  12.816  -10.409  88.600 0.0000000000
58055  11.024  -6.614  83.641 0.0000000000
57024  11.132  -7.432  82.331 0.0000000000
131033  10.282  -6.643  82.913 0.0000000000
59122  6.597  -5.277  75.283 0.0000000000
60021  6.667  -4.909  75.235 0.0000000000
59138  6.292  -5.687  74.160 0.0000000000
59137  6.430  -5.204  74.572 0.0000000000
55927  17.550  -8.071  88.995 0.0000000000
56990  17.281  -7.380  88.458 0.0000000000
58026  17.692  -6.974  88.097 0.0000000000
52755  19.238  -11.793  81.963 0.0000000000
51804  18.671  -12.315  85.904 0.0000000000
51810  19.033  -12.307  85.373 0.0000000000
122857  18.565  -12.789  85.955 0.0000000000
50881  18.577  -13.252  85.723 0.0000000000
136615  18.293  -12.900  86.159 0.0000000000
50873  17.889  -12.800  86.538 0.0000000000
50872  18.235  -12.403  86.374 0.0000000000
55932  18.486  -8.110  88.531 0.0000000000
54848  17.922  -9.294  89.322 0.0000000000
55926  18.013  -8.449  89.096 0.0000000000
55920  17.385  -8.791  89.462 0.0000000000
125187  7.450  -2.074  83.808 0.0000000000
60839  7.631  -2.570  83.513 0.0000000000
61722  7.011  -1.810  83.837 0.0000000000
63601  5.854  -0.516  80.574 0.0000000000
131680  6.076  -1.180  80.845 0.0000000000
62694  6.126  -1.113  79.960 0.0000000000
131761  5.857  -0.322  79.750 0.0000000000
115774  9.037  -9.269  86.068 0.0000000000
55943  13.400  -8.350  85.857 0.0000000000
54887  13.107  -8.834  85.531 0.0000000000
57006  13.416  -7.806  85.535 0.0000000000
57009  13.241  -7.956  84.872 0.0000000000
59917  15.456  -5.214  87.320 0.0000000000
59010  15.159  -5.544  87.123 0.0000000000
59922  15.163  -5.105  87.214 0.0000000000
61702  10.801  -3.353  85.780 0.0000000000
60820  11.565  -4.039  85.983 0.0000000000
60821  10.806  -3.786  85.690 0.0000000000
128821  10.544  -3.876  85.184 0.0000000000
50864  14.378  -12.903  88.022 0.0000000000
49802  14.146  -13.415  87.649 0.0000000000
51792  9.878  -11.638  87.856 0.0000000000
54882  8.353  -9.477  86.945 0.0000000000
54918  10.262  -9.819  82.717 0.0000000000
53857  11.733  -10.313  78.897 0.0000000000
54968  11.817  -9.929  78.047 0.0000000000
53880  11.703  -10.598  77.286 0.0000000000
127456  11.783  -9.566  76.916 0.0000000000
57046  8.709  -5.686  79.751 0.0000000000
56062  8.477  -7.720  73.823 0.0000000000
56050  9.207  -7.608  74.360 0.0000000000
114045  10.082  -8.029  72.540 0.0000000000
56073  9.256  -7.981  71.913 0.0000000000
56084  9.700  -8.389  71.182 0.0000000000
121820  5.625  -7.213  69.033 0.0000000000
66481  5.164  2.634  76.451 0.0000000000
128526  5.333  1.891  75.885 0.0000000000
64611  5.704  1.322  76.007 0.0000000000
133161  6.825  -0.549  72.042 0.0000000000
134940  6.885  -0.747  72.736 0.0000000000
62762  6.761  -1.193  71.974 0.0000000000
130485  6.567  -2.036  72.112 0.0000000000
58034  18.480  -6.586  86.848 0.0000000000
59013  18.155  -6.057  86.663 0.0000000000
59018  18.512  -6.050  86.260 0.0000000000
59943  18.070  -4.297  84.125 0.0000000000
55961  18.964  -9.019  81.944 0.0000000000
123496  19.320  -10.235  83.063 0.0000000000
54905  19.291  -9.518  83.330 0.0000000000
55944  19.616  -8.748  84.871 0.0000000000
116076  19.650  -9.339  85.031 0.0000000000
53791  19.360  -10.152  85.796 0.0000000000
54886  19.576  -9.438  85.570 0.0000000000
53788  19.188  -9.961  86.269 0.0000000000
54878  19.409  -9.469  86.065 0.0000000000
57002  19.132  -7.528  86.384 0.0000000000
55939  19.170  -8.131  86.735 0.0000000000
56998  18.864  -7.376  87.095 0.0000000000
65449  5.732  1.484  82.431 0.0000000000
65454  5.702  1.198  81.644 0.0000000000
66423  5.655  2.121  81.628 0.0000000000
54862  12.978  -9.147  87.737 0.0000000000
55937  13.395  -8.800  87.055 0.0000000000
129711  13.996  -8.485  87.087 0.0000000000
62630  14.750  -2.682  85.323 0.0000000000
61705  14.202  -3.038  85.832 0.0000000000
62632  12.520  -2.050  85.489 0.0000000000
62633  11.492  -1.965  85.597 0.0000000000
62642  11.040  -1.264  85.204 0.0000000000
51776  14.007  -11.631  88.818 0.0000000000
53769  12.057  -10.669  88.503 0.0000000000
52724  11.945  -11.090  88.382 0.0000000000
122138  10.261  -10.705  88.420 0.0000000000
53774  10.841  -10.368  88.718 0.0000000000
54865  10.689  -9.639  88.682 0.0000000000
54860  10.418  -9.934  89.013 0.0000000000
54873  9.397  -9.553  88.122 0.0000000000
54915  12.169  -9.671  81.916 0.0000000000
57041  11.432  -8.154  80.953 0.0000000000
55964  12.063  -8.725  81.261 0.0000000000
54958  11.597  -8.789  79.543 0.0000000000
57057  11.087  -8.124  80.096 0.0000000000
59083  7.037  -5.220  77.995 0.0000000000
58109  7.398  -5.462  77.786 0.0000000000
58122  7.044  -5.717  77.157 0.0000000000
57123  6.845  -6.325  74.700 0.0000000000
126401  7.225  -6.219  75.830 0.0000000000
56040  7.162  -6.966  74.543 0.0000000000
56053  7.250  -7.184  74.522 0.0000000000
57131  6.820  -7.245  74.140 0.0000000000
57142  6.841  -7.439  73.862 0.0000000000
57143  6.574  -7.173  73.851 0.0000000000
137362  6.102  -5.876  73.305 0.0000000000
58194  5.636  -6.040  72.119 0.0000000000
57172  6.065  -6.550  71.609 0.0000000000
64666  7.096  -0.088  71.854 0.0000000000
63704  7.229  -0.829  71.580 0.0000000000
128202  7.230  -1.483  71.051 0.0000000000
62768  7.885  -1.240  71.301 0.0000000000
55923  15.399  -9.348  88.765 0.0000000000
59005  16.630  -6.264  87.449 0.0000000000
58027  16.340  -6.785  87.821 0.0000000000
59006  16.114  -5.885  87.289 0.0000000000
59916  16.045  -5.294  87.324 0.0000000000
59920  16.179  -5.029  87.279 0.0000000000
59926  17.383  -5.221  86.505 0.0000000000
59918  17.107  -5.413  86.926 0.0000000000
61703  16.767  -4.030  85.708 0.0000000000
61704  16.243  -3.750  85.600 0.0000000000
62629  15.498  -3.217  85.281 0.0000000000
129770  20.453  -11.783  80.094 0.0000000000
50909  19.025  -13.756  81.481 0.0000000000
52751  19.396  -11.579  83.930 0.0000000000
52752  19.395  -11.635  82.906 0.0000000000
49841  19.067  -13.865  84.361 0.0000000000
129527  19.280  -13.326  84.157 0.0000000000
49842  18.797  -14.347  83.829 0.0000000000
48834  18.586  -14.575  83.176 0.0000000000
115196  18.482  -14.851  83.565 0.0000000000
118704  18.111  -15.050  84.030 0.0000000000
48809  17.953  -14.682  84.437 0.0000000000
49808  16.881  -13.226  86.877 0.0000000000
49799  16.295  -13.279  87.066 0.0000000000
49800  15.628  -13.354  87.290 0.0000000000
52733  17.621  -10.757  87.852 0.0000000000
53772  17.082  -10.459  88.924 0.0000000000
52726  17.291  -10.763  88.273 0.0000000000
52727  16.664  -11.080  88.262 0.0000000000
51781  16.069  -11.685  88.148 0.0000000000
52728  15.869  -11.079  88.582 0.0000000000
51774  14.825  -11.243  89.074 0.0000000000
52719  15.514  -11.168  89.238 0.0000000000
55922  15.833  -9.544  89.408 0.0000000000
122425  15.659  -10.347  89.433 0.0000000000
128340  14.957  -9.907  89.046 0.0000000000
59032  8.694  -4.442  83.188 0.0000000000
59041  9.046  -4.916  82.846 0.0000000000
133254  7.742  -4.569  82.421 0.0000000000
59051  7.352  -4.661  82.090 0.0000000000
59058  7.287  -4.831  81.820 0.0000000000
59052  6.971  -4.565  81.869 0.0000000000
62673  6.486  -1.534  82.410 0.0000000000
61752  6.503  -2.572  81.223 0.0000000000
60862  6.583  -3.250  81.654 0.0000000000
60868  6.412  -3.474  80.962 0.0000000000
59977  6.525  -4.108  80.801 0.0000000000
59983  6.954  -4.346  79.753 0.0000000000
60876  6.532  -3.656  80.187 0.0000000000
61763  6.937  -2.115  78.991 0.0000000000
60883  7.275  -3.092  78.670 0.0000000000
60890  7.521  -3.280  77.412 0.0000000000
58078  18.214  -6.489  81.137 0.0000000000
59057  18.073  -5.726  81.563 0.0000000000
126640  18.013  -5.901  80.653 0.0000000000
52764  23.360  -9.647  78.397 0.0000000000
51837  22.927  -10.649  77.275 0.0000000000
52777  22.666  -10.388  77.951 0.0000000000
57038  22.866  -7.255  79.316 0.0000000000
58077  23.356  -6.626  79.517 0.0000000000
57028  23.549  -7.220  79.528 0.0000000000
54925  23.280  -7.991  79.359 0.0000000000
118260  21.564  -10.093  79.179 0.0000000000
136897  21.698  -10.504  79.177 0.0000000000
53833  19.847  -10.921  80.000 0.0000000000
53834  19.080  -10.994  80.147 0.0000000000
54967  18.080  -9.535  78.540 0.0000000000
54955  18.132  -9.548  79.216 0.0000000000
126323  18.633  -10.391  80.536 0.0000000000
54942  18.410  -9.719  80.295 0.0000000000
55972  18.341  -8.907  80.655 0.0000000000
57040  18.259  -8.062  80.516 0.0000000000
54912  6.662  -10.080  83.936 0.0000000000
127844  8.756  -9.523  84.040 0.0000000000
54898  10.732  -9.455  84.427 0.0000000000
54889  11.345  -9.387  86.133 0.0000000000
129836  10.679  -9.323  86.106 0.0000000000
54895  12.907  -8.999  84.899 0.0000000000
54896  12.564  -9.153  83.939 0.0000000000
57010  12.968  -7.713  84.636 0.0000000000
57013  12.949  -8.030  83.933 0.0000000000
57011  12.326  -7.527  84.318 0.0000000000
58047  11.635  -6.843  84.305 0.0000000000
56993  15.456  -8.000  87.851 0.0000000000
55933  14.836  -8.668  87.762 0.0000000000
58033  14.665  -6.175  86.799 0.0000000000
57000  14.258  -7.240  86.617 0.0000000000
60818  13.761  -4.276  86.338 0.0000000000
60812  14.541  -4.880  86.770 0.0000000000
60813  13.592  -4.799  86.252 0.0000000000
59019  13.063  -5.714  85.792 0.0000000000
59020  12.155  -5.445  85.203 0.0000000000
59022  10.818  -4.588  84.379 0.0000000000
59025  11.239  -5.174  84.211 0.0000000000
58044  10.707  -5.424  83.758 0.0000000000
60826  8.973  -2.727  84.799 0.0000000000
60831  8.898  -2.986  84.459 0.0000000000
60827  8.556  -2.452  84.734 0.0000000000
124259  8.201  -2.223  84.598 0.0000000000
61712  8.197  -2.112  85.009 0.0000000000
49881  19.612  -13.773  79.157 0.0000000000
49894  19.419  -14.198  78.929 0.0000000000
49813  12.976  -13.807  87.069 0.0000000000
127480  7.045  -9.613  85.586 0.0000000000
54902  6.432  -9.901  84.820 0.0000000000
53817  9.368  -10.422  81.181 0.0000000000
53818  8.397  -10.417  81.343 0.0000000000
53840  8.753  -10.650  80.553 0.0000000000
53861  9.084  -10.910  79.789 0.0000000000
122171  11.357  -10.458  80.756 0.0000000000
53837  11.501  -10.532  80.063 0.0000000000
52795  10.758  -11.296  78.211 0.0000000000
52778  10.423  -11.165  78.926 0.0000000000
52796  9.882  -11.466  78.298 0.0000000000
52797  8.931  -11.475  78.359 0.0000000000
52825  9.780  -11.903  76.866 0.0000000000
129803  10.730  -12.125  75.491 0.0000000000
123768  10.274  -12.198  76.141 0.0000000000
52851  10.797  -12.141  74.708 0.0000000000
52852  10.102  -12.463  74.187 0.0000000000
121511  10.787  -11.949  73.957 0.0000000000
58069  8.531  -5.851  82.322 0.0000000000
58079  9.354  -6.880  81.735 0.0000000000
58080  8.717  -6.373  81.750 0.0000000000
57060  8.745  -6.575  79.565 0.0000000000
57059  9.185  -7.028  79.817 0.0000000000
117968  10.360  -7.645  78.647 0.0000000000
127164  9.632  -7.265  78.124 0.0000000000
123246  8.019  -6.457  76.600 0.0000000000
57092  8.104  -6.338  77.320 0.0000000000
115519  9.939  -7.664  75.101 0.0000000000
57104  9.113  -7.459  76.474 0.0000000000
57121  10.007  -7.705  76.049 0.0000000000
56022  10.900  -7.938  76.455 0.0000000000
56035  10.842  -8.052  75.628 0.0000000000
56034  11.538  -8.778  75.337 0.0000000000
126281  11.567  -8.906  74.599 0.0000000000
114343  10.946  -9.972  71.759 0.0000000000
53926  11.531  -9.593  73.202 0.0000000000
52890  10.648  -10.860  71.800 0.0000000000
52881  10.200  -11.775  72.331 0.0000000000
52892  9.160  -11.891  71.062 0.0000000000
52901  9.581  -11.195  70.654 0.0000000000
133585  9.284  -9.646  69.216 0.0000000000
55063  7.192  -9.659  68.008 0.0000000000
130343  7.543  -7.260  72.138 0.0000000000
56086  8.238  -7.780  70.916 0.0000000000
57184  7.535  -7.548  70.983 0.0000000000
55064  6.021  -9.235  67.837 0.0000000000
56139  5.287  -8.987  67.286 0.0000000000
65494  5.505  1.696  78.146 0.0000000000
65480  5.491  1.876  79.067 0.0000000000
116107  5.685  0.905  78.162 0.0000000000
127896  5.809  0.808  77.428 0.0000000000
63636  6.502  -0.071  76.404 0.0000000000
61774  7.416  -1.876  76.757 0.0000000000
64648  6.034  0.975  73.565 0.0000000000
65540  5.796  1.508  73.798 0.0000000000
64637  5.790  0.929  74.082 0.0000000000
128667  5.658  1.178  74.809 0.0000000000
125162  6.251  0.308  74.002 0.0000000000
62744  6.957  -0.325  74.020 0.0000000000
61806  7.364  -1.461  73.810 0.0000000000
61791  7.550  -2.254  74.482 0.0000000000
61792  7.180  -2.685  73.685 0.0000000000
60910  6.678  -3.827  73.835 0.0000000000
60922  6.442  -3.186  72.993 0.0000000000
60947  5.431  -3.081  71.345 0.0000000000
60063  5.219  -3.813  71.941 0.0000000000
60076  4.963  -3.735  71.004 0.0000000000
120389  4.687  -4.519  70.671 0.0000000000
60084  4.973  -3.684  70.007 0.0000000000
61831  6.393  -2.665  70.253 0.0000000000
128959  18.911  -6.351  85.894 0.0000000000
59023  18.669  -5.788  85.593 0.0000000000
59029  18.794  -5.568  84.867 0.0000000000
59953  18.471  -4.700  83.859 0.0000000000
59954  18.141  -4.218  83.318 0.0000000000
125343  19.062  -8.137  82.406 0.0000000000
55948  19.274  -8.811  83.639 0.0000000000
57012  19.214  -8.045  83.423 0.0000000000
57004  19.538  -8.000  85.049 0.0000000000
57001  19.427  -8.218  85.900 0.0000000000
119592  19.220  -7.059  84.869 0.0000000000
51933  7.279  -12.534  70.106 0.0000000000
134173  7.504  -12.288  69.451 0.0000000000
54864  11.583  -9.641  88.620 0.0000000000
54863  12.489  -9.478  88.337 0.0000000000
136821  14.186  -8.999  87.813 0.0000000000
53766  14.270  -10.884  89.032 0.0000000000
52722  13.615  -11.322  88.715 0.0000000000
53768  12.768  -10.820  88.552 0.0000000000
53773  11.529  -10.272  88.702 0.0000000000
54858  11.673  -10.010  88.845 0.0000000000
57023  11.974  -7.975  82.739 0.0000000000
57033  10.873  -7.610  81.498 0.0000000000
116163  6.852  -4.973  77.127 0.0000000000
58133  6.866  -5.705  76.582 0.0000000000
59109  6.771  -5.630  76.208 0.0000000000
59123  6.723  -5.757  75.318 0.0000000000
58157  6.500  -5.850  74.503 0.0000000000
57133  6.479  -6.620  74.135 0.0000000000
119555  6.038  -5.462  73.372 0.0000000000
56988  16.410  -8.169  88.837 0.0000000000
122018  16.824  -6.882  87.976 0.0000000000
59009  16.967  -6.039  87.306 0.0000000000
60830  17.351  -4.474  85.521 0.0000000000
61714  16.689  -3.506  84.403 0.0000000000
62638  16.056  -3.076  84.193 0.0000000000
62628  15.515  -2.580  84.240 0.0000000000
62653  15.676  -2.467  83.562 0.0000000000
52757  19.667  -11.924  80.633 0.0000000000
51820  19.366  -12.396  81.352 0.0000000000
125247  19.240  -11.163  84.782 0.0000000000
50889  19.179  -13.412  84.826 0.0000000000
49830  18.902  -13.722  85.088 0.0000000000
49807  17.488  -13.220  86.500 0.0000000000
115204  17.285  -12.707  86.994 0.0000000000
54861  18.603  -9.536  88.187 0.0000000000
53776  18.123  -10.198  88.096 0.0000000000
53770  18.240  -9.734  88.825 0.0000000000
130083  17.940  -9.832  89.157 0.0000000000
53763  16.719  -10.116  89.693 0.0000000000
54849  17.025  -9.485  89.709 0.0000000000
55921  16.567  -8.922  89.456 0.0000000000
59033  8.011  -4.183  82.970 0.0000000000
59945  7.768  -3.376  83.248 0.0000000000
60847  7.257  -3.109  83.032 0.0000000000
60854  6.973  -3.565  82.550 0.0000000000
63592  6.120  -0.263  81.947 0.0000000000
119808  6.400  -0.923  82.022 0.0000000000
61759  6.523  -2.028  79.789 0.0000000000
62703  6.361  -1.325  79.077 0.0000000000
62711  6.855  -1.316  78.304 0.0000000000
53832  20.787  -10.554  79.612 0.0000000000
54953  19.825  -9.824  79.065 0.0000000000
54892  7.775  -9.513  85.041 0.0000000000
54888  12.774  -9.158  85.787 0.0000000000
136169  12.658  -7.226  85.087 0.0000000000
58029  15.376  -6.253  87.156 0.0000000000
136943  15.016  -5.975  86.971 0.0000000000
59011  14.765  -5.763  86.860 0.0000000000
59932  11.769  -4.835  85.135 0.0000000000
59933  11.084  -4.415  84.938 0.0000000000
59934  10.292  -3.959  84.690 0.0000000000
59938  10.004  -4.155  84.206 0.0000000000
60825  9.400  -2.821  84.936 0.0000000000
61711  8.697  -2.321  85.101 0.0000000000
48871  19.012  -14.465  79.653 0.0000000000
48872  18.605  -14.687  80.317 0.0000000000
49811  14.701  -13.871  87.205 0.0000000000
49812  13.838  -13.884  87.185 0.0000000000
51790  11.721  -12.347  88.039 0.0000000000
54867  9.011  -9.928  88.416 0.0000000000
54868  8.364  -10.012  88.152 0.0000000000
54875  7.772  -9.921  87.585 0.0000000000
132298  10.292  -10.481  81.011 0.0000000000
53836  11.795  -10.216  79.820 0.0000000000
53858  11.504  -10.571  79.394 0.0000000000
52794  11.257  -11.059  78.150 0.0000000000
52809  11.208  -11.249  77.555 0.0000000000
52824  10.698  -11.697  76.822 0.0000000000
52823  11.380  -11.206  76.687 0.0000000000
52835  11.454  -11.120  75.993 0.0000000000
52850  11.321  -11.420  75.245 0.0000000000
58081  8.503  -5.667  81.132 0.0000000000
57036  8.686  -6.114  81.069 0.0000000000
57045  8.793  -6.023  80.301 0.0000000000
115086  8.800  -6.715  78.760 0.0000000000
56037  8.106  -7.408  75.096 0.0000000000
56023  8.635  -7.294  75.708 0.0000000000
56036  8.816  -7.588  75.104 0.0000000000
56049  10.340  -7.911  74.118 0.0000000000
56048  11.254  -8.668  73.855 0.0000000000
56060  10.678  -8.301  73.224 0.0000000000
119763  11.021  -9.047  72.347 0.0000000000
55028  10.597  -9.411  71.392 0.0000000000
53950  9.952  -10.340  70.299 0.0000000000
55040  10.256  -9.545  70.589 0.0000000000
56094  9.671  -8.675  70.371 0.0000000000
55042  9.163  -8.883  69.457 0.0000000000
134203  6.493  -7.113  70.928 0.0000000000
57185  6.978  -7.490  70.674 0.0000000000
57200  6.558  -7.654  69.855 0.0000000000
57201  6.050  -7.634  69.269 0.0000000000
66470  5.238  2.854  77.187 0.0000000000
65504  5.359  2.189  77.273 0.0000000000
64596  5.776  1.101  76.718 0.0000000000
63651  6.404  0.283  75.480 0.0000000000
64656  6.512  0.521  73.095 0.0000000000
63675  6.691  -0.094  73.344 0.0000000000
60938  6.534  -2.356  72.366 0.0000000000
61814  6.213  -2.526  71.645 0.0000000000
61822  5.949  -2.744  70.929 0.0000000000
56995  18.272  -7.323  88.139 0.0000000000
58031  17.889  -6.668  87.614 0.0000000000
58035  18.017  -6.348  87.085 0.0000000000
59925  17.929  -5.647  86.321 0.0000000000
59931  17.675  -5.238  85.871 0.0000000000
59936  18.238  -5.376  85.154 0.0000000000
60829  17.595  -4.755  85.257 0.0000000000
53813  18.846  -10.473  81.595 0.0000000000
53801  19.175  -10.882  82.387 0.0000000000
53796  19.330  -10.708  84.286 0.0000000000
123848  19.393  -9.268  84.258 0.0000000000
54894  19.411  -9.984  84.651 0.0000000000
134160  19.321  -10.503  84.939 0.0000000000
124560  19.252  -10.686  85.385 0.0000000000
122292  19.139  -10.865  85.699 0.0000000000
52745  18.840  -11.513  85.859 0.0000000000
53782  18.833  -10.027  86.768 0.0000000000
54870  18.884  -9.431  87.426 0.0000000000
55938  19.324  -8.830  86.374 0.0000000000
55935  19.091  -8.767  87.138 0.0000000000
55931  18.922  -8.649  88.041 0.0000000000
56994  18.792  -7.712  87.914 0.0000000000
63571  6.422  -0.676  84.276 0.0000000000
62665  6.558  -1.354  83.777 0.0000000000
63572  6.223  -0.651  83.590 0.0000000000
65445  5.828  1.642  83.229 0.0000000000
64541  5.886  0.889  82.945 0.0000000000
122420  6.030  0.251  82.509 0.0000000000
64549  5.822  0.451  81.758 0.0000000000
114937  5.790  -0.012  81.148 0.0000000000
61697  15.179  -4.500  86.887 0.0000000000
124894  14.398  -3.964  86.385 0.0000000000
61706  13.543  -3.354  86.079 0.0000000000
130182  13.242  -1.874  85.158 0.0000000000
134059  12.849  -2.806  85.907 0.0000000000
120263  12.738  -3.484  86.118 0.0000000000
61708  11.040  -2.694  85.812 0.0000000000
61709  10.142  -2.589  85.393 0.0000000000
50857  13.901  -12.453  88.504 0.0000000000
51784  13.549  -12.096  88.699 0.0000000000
51785  12.813  -12.179  88.556 0.0000000000
51778  12.433  -11.664  88.479 0.0000000000
51786  12.117  -12.075  88.304 0.0000000000
51787  11.383  -11.783  88.114 0.0000000000
51788  10.559  -11.362  88.052 0.0000000000
54916  11.873  -9.738  82.445 0.0000000000
53803  11.819  -10.101  81.740 0.0000000000
53802  12.075  -10.061  81.333 0.0000000000
54929  12.196  -9.797  81.165 0.0000000000
136434  12.248  -8.741  81.796 0.0000000000
55973  12.159  -9.284  80.859 0.0000000000
54943  12.060  -9.815  80.379 0.0000000000
55988  11.975  -9.270  80.144 0.0000000000
129576  11.654  -9.198  78.642 0.0000000000
137056  11.410  -8.670  78.292 0.0000000000
122741  7.976  -5.052  79.391 0.0000000000
58098  8.308  -5.437  79.148 0.0000000000
58099  8.001  -5.359  78.565 0.0000000000
57093  7.661  -6.175  76.932 0.0000000000
57107  7.557  -6.327  76.180 0.0000000000
57108  6.727  -6.143  76.184 0.0000000000
56025  7.979  -6.655  75.855 0.0000000000
56038  7.702  -7.039  75.087 0.0000000000
56063  7.724  -7.827  73.985 0.0000000000
57141  7.928  -7.659  73.328 0.0000000000
57153  8.463  -7.672  72.472 0.0000000000
57155  7.309  -7.407  73.204 0.0000000000
115934  7.082  -7.032  72.716 0.0000000000
57144  6.366  -6.750  73.681 0.0000000000
57156  6.627  -6.922  73.227 0.0000000000
57171  6.753  -6.774  72.181 0.0000000000
57186  5.677  -6.737  70.579 0.0000000000
58220  4.977  -6.203  70.170 0.0000000000
63695  6.956  -0.505  71.850 0.0000000000
61820  6.744  -1.703  71.249 0.0000000000
62769  7.524  -1.799  70.422 0.0000000000
51891  7.853  -12.844  73.285 0.0000000000
128379  13.951  -9.598  88.123 0.0000000000
137577  16.278  -7.573  88.323 0.0000000000
56992  15.891  -7.282  87.946 0.0000000000
60810  15.557  -4.900  87.330 0.0000000000
59008  17.394  -6.036  87.143 0.0000000000
121131  16.876  -5.566  87.080 0.0000000000
59919  16.652  -5.151  87.104 0.0000000000
60823  17.070  -4.482  86.083 0.0000000000
60815  16.803  -4.690  86.738 0.0000000000
60808  16.486  -4.871  87.127 0.0000000000
60809  16.024  -4.822  87.314 0.0000000000
60817  15.912  -4.496  86.993 0.0000000000
135350  15.518  -4.226  86.689 0.0000000000
62639  14.489  -1.983  84.639 0.0000000000
126506  14.972  -1.992  84.035 0.0000000000
51828  21.113  -11.771  78.800 0.0000000000
50920  20.587  -12.519  78.592 0.0000000000
49871  19.290  -13.757  80.309 0.0000000000
49872  18.808  -14.140  81.409 0.0000000000
48849  18.443  -14.726  82.208 0.0000000000
51816  19.113  -13.096  83.055 0.0000000000
51814  19.398  -12.475  84.015 0.0000000000
50894  18.899  -13.823  83.193 0.0000000000
49851  18.781  -14.107  83.043 0.0000000000
48835  18.493  -14.815  82.817 0.0000000000
47787  18.300  -15.168  82.574 0.0000000000
48819  17.761  -15.171  83.873 0.0000000000
48794  15.939  -14.127  86.556 0.0000000000
49810  15.463  -13.803  87.088 0.0000000000
50863  15.135  -12.840  87.808 0.0000000000
51796  18.051  -11.890  86.704 0.0000000000
50860  17.301  -12.035  87.313 0.0000000000
51779  17.242  -11.345  87.738 0.0000000000
50855  16.324  -12.311  87.679 0.0000000000
130268  15.461  -12.216  88.204 0.0000000000
51782  15.040  -12.105  88.613 0.0000000000
51775  14.495  -11.390  89.040 0.0000000000
53764  15.955  -10.390  89.542 0.0000000000
135848  15.372  -10.785  89.273 0.0000000000
54851  14.345  -10.735  88.773 0.0000000000
58050  9.533  -5.366  83.024 0.0000000000
58057  8.834  -5.356  82.647 0.0000000000
58058  8.267  -5.266  82.293 0.0000000000
59050  7.818  -4.961  82.136 0.0000000000
58070  8.003  -5.362  81.990 0.0000000000
120207  8.054  -5.350  81.548 0.0000000000
58082  7.624  -5.005  81.525 0.0000000000
58091  7.756  -4.878  80.589 0.0000000000
61731  6.695  -2.007  83.336 0.0000000000
116876  6.858  -2.733  82.933 0.0000000000
60861  6.756  -3.036  82.334 0.0000000000
61746  6.625  -2.372  82.008 0.0000000000
59964  6.727  -3.917  81.952 0.0000000000
59970  6.722  -4.362  81.399 0.0000000000
59074  7.485  -4.726  79.620 0.0000000000
114561  7.141  -4.767  78.739 0.0000000000
59990  7.021  -4.651  78.631 0.0000000000
59997  6.857  -5.014  77.732 0.0000000000
59996  7.055  -4.534  77.172 0.0000000000
59049  18.409  -5.825  82.447 0.0000000000
59064  17.685  -5.137  81.057 0.0000000000
57027  24.225  -6.388  79.844 0.0000000000
53811  23.583  -8.474  79.132 0.0000000000
53831  23.173  -9.430  79.000 0.0000000000
54926  22.731  -8.381  79.320 0.0000000000
120265  20.745  -11.740  79.520 0.0000000000
52768  20.305  -11.373  80.119 0.0000000000
52769  19.001  -11.377  80.691 0.0000000000
53814  18.672  -10.796  80.925 0.0000000000
54965  19.476  -9.373  78.324 0.0000000000
54954  18.654  -9.863  78.977 0.0000000000
54927  18.774  -9.777  81.616 0.0000000000
57029  18.586  -8.300  81.434 0.0000000000
57021  18.744  -7.366  82.077 0.0000000000
58065  18.776  -6.613  82.664 0.0000000000
54900  8.010  -9.588  84.284 0.0000000000
54910  8.296  -9.744  83.502 0.0000000000
54917  11.187  -9.645  82.946 0.0000000000
115503  10.034  -9.257  86.136 0.0000000000
120372  11.394  -9.421  84.775 0.0000000000
137259  11.244  -9.506  83.681 0.0000000000
54906  12.275  -9.308  82.845 0.0000000000
57022  12.610  -8.416  83.309 0.0000000000
136957  13.019  -8.485  83.831 0.0000000000
55936  14.554  -8.330  87.319 0.0000000000
55940  14.274  -7.923  86.801 0.0000000000
115203  13.929  -6.876  86.321 0.0000000000
59012  14.332  -5.702  86.557 0.0000000000
59015  14.017  -5.942  86.402 0.0000000000
58037  13.603  -6.265  86.117 0.0000000000
58038  13.377  -6.903  85.862 0.0000000000
58042  12.529  -6.601  85.308 0.0000000000
118980  11.796  -6.220  84.733 0.0000000000
59024  11.764  -5.450  84.701 0.0000000000
136045  10.461  -5.619  83.618 0.0000000000
58049  10.054  -5.396  83.356 0.0000000000
59028  8.937  -4.141  83.804 0.0000000000
59939  9.241  -3.748  84.205 0.0000000000
59940  8.756  -3.391  84.089 0.0000000000
60833  7.935  -2.188  84.080 0.0000000000
61717  7.397  -1.840  84.327 0.0000000000
62636  8.624  -1.897  85.320 0.0000000000
62645  8.043  -1.396  85.391 0.0000000000
62646  7.835  -1.790  85.191 0.0000000000
62647  7.345  -1.599  84.934 0.0000000000
124913  6.523  0.219  84.608 0.0000000000
49893  19.937  -13.858  78.214 0.0000000000
48880  19.719  -14.139  78.138 0.0000000000
48881  19.286  -14.358  78.642 0.0000000000
50865  13.593  -12.950  88.121 0.0000000000
50874  12.505  -13.280  87.538 0.0000000000
49814  12.136  -13.653  86.858 0.0000000000
123442  11.079  -10.346  81.384 0.0000000000
135307  10.857  -10.494  80.870 0.0000000000
53859  10.945  -10.823  79.519 0.0000000000
53860  10.050  -10.887  79.667 0.0000000000
51890  8.860  -12.688  72.977 0.0000000000
58068  9.300  -6.491  82.350 0.0000000000
57034  9.899  -7.248  81.262 0.0000000000
57043  9.551  -7.167  80.481 0.0000000000
55998  11.225  -8.413  78.754 0.0000000000
57062  8.487  -5.819  78.809 0.0000000000
134934  8.458  -6.588  77.918 0.0000000000
116998  8.960  -7.083  77.998 0.0000000000
57090  9.375  -7.350  77.386 0.0000000000
57089  10.262  -7.583  77.704 0.0000000000
56010  10.987  -7.993  77.277 0.0000000000
125893  11.487  -8.560  76.908 0.0000000000
54982  11.728  -9.627  75.895 0.0000000000
53895  11.641  -10.507  75.536 0.0000000000
53903  11.652  -10.552  74.658 0.0000000000
55001  11.765  -9.588  74.140 0.0000000000
53914  11.581  -10.591  73.775 0.0000000000
52866  11.073  -11.385  73.509 0.0000000000
52867  10.372  -12.020  73.276 0.0000000000
51889  9.680  -12.316  72.825 0.0000000000
51903  9.291  -12.288  72.014 0.0000000000
132311  8.524  -12.081  70.688 0.0000000000
52903  8.117  -12.049  69.972 0.0000000000
57168  8.443  -7.747  71.739 0.0000000000
56095  8.746  -8.146  70.115 0.0000000000
56107  8.299  -8.486  69.261 0.0000000000
56096  7.178  -7.818  69.992 0.0000000000
56108  7.445  -8.273  69.210 0.0000000000
55054  7.790  -8.941  68.521 0.0000000000
65466  5.621  1.643  80.764 0.0000000000
121947  5.557  1.275  79.984 0.0000000000
63609  5.759  0.242  79.025 0.0000000000
63617  6.317  -0.721  78.405 0.0000000000
63626  6.101  0.382  77.006 0.0000000000
63625  6.503  -0.530  77.491 0.0000000000
134241  7.138  -1.302  77.523 0.0000000000
60896  7.583  -3.090  76.134 0.0000000000
60902  7.491  -3.130  75.131 0.0000000000
63666  6.089  0.549  74.656 0.0000000000
131095  6.696  -0.100  74.789 0.0000000000
134857  7.217  -3.817  74.899 0.0000000000
60033  6.402  -4.609  74.057 0.0000000000
60046  6.166  -4.265  73.427 0.0000000000
118718  5.495  -4.775  72.541 0.0000000000
59163  5.355  -5.301  72.085 0.0000000000
59177  4.979  -5.413  71.382 0.0000000000
125753  4.681  -5.455  70.477 0.0000000000
137622  4.776  -5.493  69.740 0.0000000000
123644  6.365  -2.359  70.829 0.0000000000
61826  6.105  -2.881  70.407 0.0000000000
125824  4.949  -5.746  68.468 0.0000000000
47768  18.365  -15.130  83.093 0.0000000000
49818  18.381  -13.733  85.439 0.0000000000
52732  17.964  -10.708  87.276 0.0000000000
52740  18.154  -11.323  86.728 0.0000000000
53915  11.358  -10.672  73.110 0.0000000000
53927  11.224  -10.264  72.442 0.0000000000
53938  10.112  -10.806  71.063 0.0000000000
54855  17.465  -9.821  89.425 0.0000000000
54957  11.872  -9.674  79.451 0.0000000000
55041  9.799  -9.561  69.768 0.0000000000
56024  8.168  -6.928  75.671 0.0000000000
56052  7.577  -7.521  74.543 0.0000000000
56064  7.097  -7.540  74.149 0.0000000000
56083  10.155  -8.927  71.023 0.0000000000
56109  6.834  -8.072  69.280 0.0000000000
57063  8.183  -5.605  78.369 0.0000000000
57079  8.426  -6.224  78.332 0.0000000000
57081  7.726  -5.638  77.756 0.0000000000
57094  7.224  -5.849  77.144 0.0000000000
57105  8.514  -6.997  76.238 0.0000000000
57109  6.994  -6.138  75.498 0.0000000000
57122  7.159  -6.503  74.942 0.0000000000
57154  7.945  -7.524  72.456 0.0000000000
58032  17.415  -6.473  87.540 0.0000000000
58147  6.822  -5.960  75.204 0.0000000000
58181  6.131  -6.182  73.116 0.0000000000
60020  6.800  -4.369  74.629 0.0000000000
60047  5.882  -4.730  73.169 0.0000000000
60814  17.122  -4.830  86.497 0.0000000000
61699  16.592  -4.313  86.327 0.0000000000
64626  5.605  1.415  75.434 0.0000000000
115422  6.938  -5.104  77.919 0.0000000000
118215  6.540  -7.035  74.036 0.0000000000
120146  8.123  -5.179  80.978 0.0000000000
120209  19.543  -8.952  85.832 0.0000000000
125855  4.970  -5.991  69.328 0.0000000000
126225  19.089  -6.137  83.848 0.0000000000
127393  7.513  -1.315  85.271 0.0000000000
128256  19.241  -12.943  84.954 0.0000000000
129785  18.586  -11.209  86.361 0.0000000000
130346  16.901  -12.371  87.372 0.0000000000
134276  15.416  -4.956  87.366 0.0000000000
135078  6.583  -9.318  67.932 0.0000000000
