#!ascii label  , from subject sub-v2s4x29615_ses-1 vox2ras=TkReg
1153
53693  -19.666  -16.129  70.889 0.0000000000
68826  -43.282  -2.380  58.034 0.0000000000
135273  -49.878  -0.229  53.631 0.0000000000
77295  -55.606  5.928  46.919 0.0000000000
67720  -41.921  -3.871  63.045 0.0000000000
72965  -53.554  0.982  48.898 0.0000000000
85882  -57.649  13.900  37.815 0.0000000000
88070  -61.419  15.802  32.342 0.0000000000
64542  -46.469  -6.415  57.002 0.0000000000
66705  -50.414  -4.434  57.665 0.0000000000
71900  -46.362  0.684  56.869 0.0000000000
148253  -19.556  -12.465  72.252 0.0000000000
59787  -23.689  -10.869  70.844 0.0000000000
59838  -26.373  -10.490  67.776 0.0000000000
58847  -31.203  -11.277  69.142 0.0000000000
138696  -37.019  -10.158  68.514 0.0000000000
60978  -42.789  -9.219  65.858 0.0000000000
63441  -44.816  -7.823  60.156 0.0000000000
66801  -54.156  -4.006  51.229 0.0000000000
87126  -63.095  14.366  29.318 0.0000000000
66731  -44.184  -4.075  55.913 0.0000000000
67772  -47.239  -2.879  58.238 0.0000000000
156034  -44.861  -0.873  57.301 0.0000000000
57882  -20.428  -12.056  69.509 0.0000000000
58815  -21.906  -11.887  71.850 0.0000000000
63345  -37.215  -7.314  67.286 0.0000000000
59843  -39.932  -10.800  67.122 0.0000000000
64433  -40.042  -6.562  66.352 0.0000000000
143770  -43.646  -2.909  61.362 0.0000000000
65614  -44.570  -6.051  62.605 0.0000000000
66701  -43.770  -5.226  59.012 0.0000000000
64541  -43.592  -7.049  57.278 0.0000000000
138105  -50.723  -1.349  55.325 0.0000000000
66742  -52.380  -3.539  54.330 0.0000000000
70927  -52.556  -1.617  53.216 0.0000000000
76181  -53.331  4.535  48.862 0.0000000000
72969  -56.270  1.037  49.186 0.0000000000
73999  -57.279  2.459  47.124 0.0000000000
74032  -58.507  3.843  43.845 0.0000000000
83781  -59.683  12.405  36.170 0.0000000000
82820  -60.191  11.042  39.391 0.0000000000
65599  -40.331  -5.538  64.370 0.0000000000
149222  -51.967  4.186  45.313 0.0000000000
88027  -59.082  15.276  35.446 0.0000000000
84761  -61.398  12.720  33.777 0.0000000000
81924  -63.982  9.397  28.410 0.0000000000
61080  -48.342  -9.036  59.141 0.0000000000
132121  -48.768  -5.103  59.563 0.0000000000
69877  -48.473  -2.125  57.996 0.0000000000
56853  -20.101  -13.930  73.333 0.0000000000
56878  -26.098  -13.650  70.425 0.0000000000
136422  -25.087  -10.361  69.460 0.0000000000
56913  -26.243  -12.964  67.224 0.0000000000
57936  -27.034  -12.395  65.630 0.0000000000
57926  -29.877  -12.652  66.584 0.0000000000
56935  -32.402  -13.985  67.102 0.0000000000
58850  -34.448  -10.943  69.421 0.0000000000
56939  -38.574  -13.399  66.775 0.0000000000
64446  -42.647  -6.474  64.613 0.0000000000
62252  -45.301  -8.808  63.813 0.0000000000
136747  -45.609  -11.068  61.784 0.0000000000
61061  -44.432  -9.807  58.933 0.0000000000
62358  -45.676  -8.847  56.575 0.0000000000
70975  -55.849  -0.656  51.305 0.0000000000
81789  -58.300  9.516  42.037 0.0000000000
79470  -58.224  6.593  43.473 0.0000000000
54760  -18.720  -15.367  72.401 0.0000000000
67799  -43.591  -3.230  56.692 0.0000000000
67801  -44.740  -3.186  56.195 0.0000000000
69898  -44.092  -2.065  56.696 0.0000000000
64442  -37.894  -6.529  66.039 0.0000000000
152901  -38.955  -7.002  66.806 0.0000000000
65571  -38.983  -6.081  66.070 0.0000000000
68821  -43.137  -2.335  59.284 0.0000000000
67760  -43.673  -4.188  60.044 0.0000000000
135519  -43.314  -4.045  57.752 0.0000000000
66718  -43.451  -4.711  56.862 0.0000000000
70917  -51.465  -1.645  54.420 0.0000000000
71947  -50.829  -0.830  53.379 0.0000000000
77282  -54.356  5.393  47.680 0.0000000000
75074  -55.820  3.342  48.251 0.0000000000
76197  -56.250  4.685  47.315 0.0000000000
74008  -57.679  3.416  45.703 0.0000000000
146553  -57.575  4.972  45.541 0.0000000000
83804  -59.085  10.967  34.606 0.0000000000
82839  -59.328  10.740  36.493 0.0000000000
80675  -59.388  8.517  34.947 0.0000000000
88928  -58.045  16.025  34.185 0.0000000000
88932  -60.421  15.948  33.528 0.0000000000
85940  -60.700  13.799  34.414 0.0000000000
87059  -61.739  13.884  33.458 0.0000000000
84773  -62.287  12.066  32.606 0.0000000000
87087  -62.531  13.795  31.936 0.0000000000
83846  -63.592  11.494  28.912 0.0000000000
152152  -47.224  -7.334  58.044 0.0000000000
63442  -48.211  -7.307  59.194 0.0000000000
143588  -47.524  -6.062  58.643 0.0000000000
69875  -47.217  -1.619  57.842 0.0000000000
67774  -47.870  -3.124  58.640 0.0000000000
70884  -48.048  -0.984  57.668 0.0000000000
71903  -48.703  -0.191  56.866 0.0000000000
72899  -47.353  1.227  56.206 0.0000000000
142940  -20.892  -14.224  73.238 0.0000000000
57850  -20.896  -12.931  72.734 0.0000000000
58823  -23.236  -11.396  71.365 0.0000000000
60942  -26.482  -9.051  68.535 0.0000000000
59837  -25.742  -10.493  68.168 0.0000000000
57894  -25.663  -11.674  68.615 0.0000000000
57924  -26.187  -11.807  66.962 0.0000000000
57925  -26.477  -12.308  66.445 0.0000000000
59850  -27.044  -11.401  66.546 0.0000000000
57896  -30.306  -12.229  68.196 0.0000000000
56915  -31.119  -13.330  67.244 0.0000000000
56901  -32.166  -13.099  68.126 0.0000000000
60945  -36.139  -9.232  68.796 0.0000000000
136321  -34.766  -9.342  69.269 0.0000000000
58852  -36.083  -10.825  69.012 0.0000000000
56904  -35.265  -12.661  68.271 0.0000000000
57914  -36.637  -12.744  68.052 0.0000000000
56921  -37.375  -13.334  67.148 0.0000000000
57904  -37.838  -11.955  68.069 0.0000000000
141450  -41.569  -9.956  66.350 0.0000000000
58887  -40.772  -11.460  66.779 0.0000000000
58889  -42.109  -11.296  65.690 0.0000000000
143036  -44.028  -11.100  65.380 0.0000000000
144074  -41.920  -5.793  64.847 0.0000000000
65601  -42.794  -5.102  64.084 0.0000000000
130430  -44.750  -6.865  61.637 0.0000000000
63393  -45.066  -7.611  63.224 0.0000000000
131293  -45.472  -8.202  62.491 0.0000000000
148573  -45.621  -9.603  62.872 0.0000000000
62298  -45.477  -8.846  61.120 0.0000000000
62313  -45.023  -8.785  60.088 0.0000000000
64553  -44.827  -6.884  55.714 0.0000000000
63478  -44.115  -8.159  56.396 0.0000000000
63480  -45.825  -7.997  56.520 0.0000000000
62346  -47.123  -8.928  57.866 0.0000000000
57873  -19.409  -12.560  70.782 0.0000000000
57853  -18.721  -12.619  72.848 0.0000000000
57848  -18.857  -12.915  73.213 0.0000000000
64519  -50.437  -6.509  58.876 0.0000000000
64554  -50.894  -6.272  56.862 0.0000000000
66757  -53.518  -3.837  52.802 0.0000000000
71999  -53.302  0.166  49.389 0.0000000000
71976  -54.097  -0.453  51.109 0.0000000000
71988  -54.539  0.002  50.468 0.0000000000
71019  -56.637  -0.013  47.634 0.0000000000
69972  -56.516  -1.104  49.296 0.0000000000
81813  -60.111  9.591  40.048 0.0000000000
83750  -58.999  11.054  41.324 0.0000000000
148879  -58.935  8.819  41.584 0.0000000000
80586  -58.103  8.096  42.646 0.0000000000
79516  -58.867  7.020  41.927 0.0000000000
77345  -59.210  5.018  42.624 0.0000000000
88982  -60.980  16.264  31.008 0.0000000000
88096  -62.538  14.772  30.703 0.0000000000
150893  -61.495  15.907  29.586 0.0000000000
87132  -63.168  14.687  28.343 0.0000000000
65678  -45.428  -5.136  55.899 0.0000000000
66702  -46.999  -4.764  57.911 0.0000000000
67787  -45.687  -3.448  56.543 0.0000000000
68839  -46.270  -1.707  57.478 0.0000000000
70881  -46.170  -0.189  57.202 0.0000000000
57874  -20.233  -12.285  70.981 0.0000000000
58814  -21.090  -11.971  71.867 0.0000000000
145887  -23.426  -10.410  70.393 0.0000000000
62187  -37.188  -8.804  67.972 0.0000000000
59841  -38.317  -10.771  67.746 0.0000000000
131370  -38.786  -9.201  66.821 0.0000000000
62216  -40.054  -8.291  66.565 0.0000000000
62218  -41.321  -8.575  66.108 0.0000000000
67731  -43.548  -3.274  62.307 0.0000000000
156291  -43.961  -4.379  63.209 0.0000000000
66665  -44.284  -4.336  61.619 0.0000000000
65641  -44.490  -5.660  60.769 0.0000000000
64514  -44.448  -6.304  59.967 0.0000000000
63440  -44.421  -7.155  59.307 0.0000000000
65663  -43.684  -5.795  58.200 0.0000000000
65688  -43.577  -5.618  56.341 0.0000000000
151674  -19.778  -12.398  69.193 0.0000000000
68841  -50.489  -3.265  56.592 0.0000000000
66721  -51.138  -4.386  56.395 0.0000000000
69900  -51.222  -2.653  55.202 0.0000000000
68871  -52.952  -2.722  53.587 0.0000000000
68879  -54.130  -2.443  52.809 0.0000000000
75053  -53.213  3.323  49.255 0.0000000000
72967  -54.900  1.427  49.324 0.0000000000
75056  -54.921  2.913  48.965 0.0000000000
72980  -56.920  1.208  48.306 0.0000000000
85885  -59.936  13.494  37.554 0.0000000000
84708  -59.199  13.101  39.083 0.0000000000
131117  -60.404  11.544  38.018 0.0000000000
81826  -60.322  10.017  38.292 0.0000000000
69868  -42.812  -1.001  59.642 0.0000000000
69861  -42.436  -1.561  60.723 0.0000000000
70955  -51.295  -0.973  52.559 0.0000000000
72978  -51.759  1.797  48.519 0.0000000000
75070  -51.646  3.363  47.804 0.0000000000
76193  -52.848  4.583  47.448 0.0000000000
77307  -53.868  5.474  45.969 0.0000000000
87024  -58.235  14.877  36.621 0.0000000000
143379  -59.775  14.042  36.395 0.0000000000
84738  -59.704  12.942  35.096 0.0000000000
82867  -60.761  10.483  33.348 0.0000000000
155736  -62.984  13.141  30.601 0.0000000000
130647  -63.177  10.551  29.771 0.0000000000
62316  -49.490  -8.569  59.679 0.0000000000
64508  -49.837  -6.782  60.158 0.0000000000
65654  -49.794  -5.530  59.520 0.0000000000
66703  -47.504  -4.278  58.797 0.0000000000
67762  -48.869  -4.063  59.194 0.0000000000
142577  -49.903  -3.357  57.935 0.0000000000
144563  -49.764  -1.596  56.556 0.0000000000
149702  -49.477  -0.200  55.604 0.0000000000
136345  -43.926  0.634  57.785 0.0000000000
72882  -44.448  1.327  57.476 0.0000000000
72906  -46.247  1.805  55.574 0.0000000000
153876  -20.416  -15.490  72.039 0.0000000000
54761  -21.095  -15.414  72.157 0.0000000000
54776  -27.319  -15.592  69.698 0.0000000000
60920  -23.043  -9.826  69.225 0.0000000000
60914  -23.735  -9.974  69.899 0.0000000000
59798  -24.802  -10.642  70.053 0.0000000000
56898  -26.273  -13.430  68.675 0.0000000000
57949  -27.897  -12.911  64.484 0.0000000000
56948  -29.271  -13.077  64.593 0.0000000000
60930  -32.017  -9.729  69.477 0.0000000000
60931  -33.558  -9.668  69.603 0.0000000000
58848  -32.682  -11.112  69.755 0.0000000000
139769  -33.658  -12.899  68.307 0.0000000000
55834  -33.822  -14.146  67.118 0.0000000000
58876  -39.642  -11.384  67.399 0.0000000000
65573  -40.605  -6.039  65.830 0.0000000000
64435  -41.430  -7.094  65.514 0.0000000000
62236  -42.678  -8.508  65.367 0.0000000000
64471  -44.400  -6.487  63.499 0.0000000000
132963  -44.506  -8.049  64.340 0.0000000000
62238  -44.320  -8.700  64.992 0.0000000000
59875  -45.242  -10.784  63.993 0.0000000000
58913  -45.437  -11.837  63.095 0.0000000000
58981  -44.575  -11.526  57.622 0.0000000000
62329  -44.015  -8.540  57.919 0.0000000000
61095  -44.369  -9.767  57.415 0.0000000000
59990  -45.048  -10.784  56.717 0.0000000000
155556  -47.445  -10.816  57.888 0.0000000000
55783  -18.708  -14.491  73.317 0.0000000000
71961  -52.622  -1.150  52.081 0.0000000000
70957  -54.391  -1.146  51.694 0.0000000000
68886  -55.634  -2.278  51.431 0.0000000000
71990  -55.757  0.156  50.372 0.0000000000
142132  -56.363  -1.932  50.283 0.0000000000
138644  -54.646  -3.693  49.946 0.0000000000
76241  -53.202  4.975  44.614 0.0000000000
78384  -55.237  6.374  44.887 0.0000000000
83756  -58.371  11.399  40.661 0.0000000000
156245  -57.607  10.103  40.978 0.0000000000
79514  -55.995  7.249  42.638 0.0000000000
79466  -56.573  7.353  44.178 0.0000000000
78386  -56.683  6.516  45.422 0.0000000000
77321  -58.599  5.058  43.748 0.0000000000
53702  -19.748  -16.473  70.401 0.0000000000
67786  -43.359  -3.220  57.485 0.0000000000
68849  -43.852  -2.610  56.590 0.0000000000
68838  -43.527  -2.481  57.138 0.0000000000
63369  -37.477  -7.060  65.706 0.0000000000
156737  -38.425  -6.293  65.929 0.0000000000
64456  -38.235  -6.683  65.400 0.0000000000
67771  -43.263  -3.265  58.514 0.0000000000
144897  -43.411  -3.842  56.960 0.0000000000
71946  -50.028  -0.297  53.843 0.0000000000
71934  -50.309  -0.412  54.171 0.0000000000
71959  -50.618  -0.737  53.315 0.0000000000
77283  -55.164  5.481  47.559 0.0000000000
76196  -55.442  4.987  47.873 0.0000000000
77284  -55.905  5.428  47.207 0.0000000000
76198  -56.962  4.723  46.533 0.0000000000
77296  -56.264  5.791  46.549 0.0000000000
82865  -59.265  10.062  34.445 0.0000000000
81853  -59.125  9.441  35.181 0.0000000000
88968  -60.108  16.596  32.191 0.0000000000
88061  -61.166  15.517  33.179 0.0000000000
87075  -61.470  14.669  33.430 0.0000000000
87076  -61.936  14.314  32.980 0.0000000000
85965  -62.216  13.613  32.755 0.0000000000
136442  -62.201  14.417  32.340 0.0000000000
64528  -47.065  -6.642  57.921 0.0000000000
64529  -47.611  -6.917  58.605 0.0000000000
65665  -46.991  -5.742  57.881 0.0000000000
133149  -46.866  -0.416  57.319 0.0000000000
70883  -47.422  -1.163  57.673 0.0000000000
71901  -47.036  0.252  57.092 0.0000000000
71902  -47.933  0.118  57.187 0.0000000000
72885  -46.842  0.980  56.740 0.0000000000
57854  -19.523  -12.711  72.905 0.0000000000
57855  -20.383  -12.523  72.336 0.0000000000
58824  -24.037  -11.565  71.277 0.0000000000
57858  -23.553  -12.135  71.752 0.0000000000
151940  -26.622  -9.692  68.307 0.0000000000
59823  -25.970  -9.697  68.367 0.0000000000
58870  -25.907  -11.175  67.503 0.0000000000
58871  -26.488  -11.235  67.002 0.0000000000
59839  -27.097  -10.841  67.291 0.0000000000
58860  -30.652  -11.512  68.682 0.0000000000
57897  -31.123  -12.042  68.667 0.0000000000
56900  -31.186  -12.962  68.107 0.0000000000
153874  -31.671  -11.727  69.108 0.0000000000
60946  -36.759  -9.434  68.474 0.0000000000
59827  -36.314  -9.998  68.912 0.0000000000
59828  -36.836  -10.747  68.685 0.0000000000
58862  -36.535  -11.464  68.665 0.0000000000
58863  -37.341  -11.370  68.384 0.0000000000
57903  -37.011  -12.128  68.318 0.0000000000
60965  -42.417  -9.909  66.126 0.0000000000
59853  -41.841  -10.639  66.065 0.0000000000
59861  -42.787  -10.639  65.905 0.0000000000
136201  -43.249  -9.934  65.889 0.0000000000
66635  -42.275  -4.671  64.216 0.0000000000
66636  -42.942  -4.590  63.788 0.0000000000
140748  -44.737  -6.959  61.101 0.0000000000
63417  -45.068  -7.520  62.240 0.0000000000
133694  -45.393  -8.165  61.721 0.0000000000
154552  -45.208  -8.209  60.852 0.0000000000
65691  -45.610  -6.163  56.080 0.0000000000
145486  -45.758  -7.133  56.316 0.0000000000
63466  -46.637  -7.410  57.223 0.0000000000
57862  -19.677  -12.402  71.594 0.0000000000
57861  -18.811  -12.535  71.717 0.0000000000
65667  -50.445  -5.728  58.203 0.0000000000
64530  -50.561  -6.426  57.902 0.0000000000
65668  -50.725  -5.602  57.443 0.0000000000
66771  -53.884  -3.548  52.219 0.0000000000
66769  -52.880  -4.251  52.280 0.0000000000
66781  -53.494  -4.098  51.752 0.0000000000
66800  -53.378  -4.153  51.051 0.0000000000
72000  -54.070  0.302  49.753 0.0000000000
84706  -57.826  13.203  38.618 0.0000000000
136672  -59.810  8.129  40.077 0.0000000000
147987  -59.985  9.582  40.767 0.0000000000
80629  -59.096  8.120  41.412 0.0000000000
65690  -44.413  -4.971  55.643 0.0000000000
66732  -45.083  -4.154  55.923 0.0000000000
68851  -44.763  -2.278  56.631 0.0000000000
136705  -45.772  -2.502  56.865 0.0000000000
136649  -45.405  -1.758  57.023 0.0000000000
69874  -46.610  -1.221  57.615 0.0000000000
70900  -46.012  -0.511  57.357 0.0000000000
59796  -22.789  -10.605  70.400 0.0000000000
64422  -37.025  -6.918  67.076 0.0000000000
63333  -36.800  -8.052  67.682 0.0000000000
62200  -37.545  -8.047  67.422 0.0000000000
62188  -37.951  -9.026  67.390 0.0000000000
62201  -38.331  -8.119  67.107 0.0000000000
64425  -39.514  -7.288  66.679 0.0000000000
63358  -40.356  -7.503  66.394 0.0000000000
62217  -40.745  -8.429  66.351 0.0000000000
63359  -40.862  -7.875  66.126 0.0000000000
68800  -43.815  -3.124  62.006 0.0000000000
67732  -44.060  -3.654  62.410 0.0000000000
67741  -44.024  -3.445  61.867 0.0000000000
66685  -43.812  -4.803  59.755 0.0000000000
66675  -44.132  -4.756  60.672 0.0000000000
65651  -44.143  -5.471  59.916 0.0000000000
65664  -44.070  -5.993  59.138 0.0000000000
66730  -43.805  -4.845  55.987 0.0000000000
65689  -43.949  -5.725  55.791 0.0000000000
150926  -19.934  -12.260  70.062 0.0000000000
69891  -50.337  -2.483  56.388 0.0000000000
68852  -50.798  -2.965  55.823 0.0000000000
150665  -50.791  -2.403  55.670 0.0000000000
70926  -51.740  -1.414  53.644 0.0000000000
69914  -52.083  -1.978  53.891 0.0000000000
69915  -52.811  -2.179  53.458 0.0000000000
68872  -53.642  -2.783  53.346 0.0000000000
152658  -53.365  -1.763  52.946 0.0000000000
75072  -52.874  3.990  49.177 0.0000000000
145812  -53.951  3.228  49.341 0.0000000000
75055  -54.316  3.624  49.148 0.0000000000
75075  -56.422  2.903  47.898 0.0000000000
73986  -56.155  2.443  48.392 0.0000000000
73987  -56.839  2.110  47.904 0.0000000000
72989  -57.032  0.970  47.959 0.0000000000
72997  -57.312  1.928  46.784 0.0000000000
84716  -60.077  12.834  37.125 0.0000000000
130812  -60.261  12.405  38.024 0.0000000000
83775  -60.182  11.914  37.329 0.0000000000
80649  -60.147  8.878  38.869 0.0000000000
70854  -42.364  -0.973  60.098 0.0000000000
73983  -51.716  2.770  48.333 0.0000000000
149574  -51.876  3.907  46.108 0.0000000000
76208  -52.600  4.418  45.971 0.0000000000
76209  -53.274  4.921  46.556 0.0000000000
76225  -53.245  4.917  45.507 0.0000000000
88929  -58.573  15.976  34.530 0.0000000000
88025  -57.751  15.556  35.202 0.0000000000
87023  -57.645  14.782  36.399 0.0000000000
88014  -58.596  15.137  36.009 0.0000000000
87025  -59.070  14.428  36.786 0.0000000000
87037  -59.582  14.872  35.518 0.0000000000
133485  -60.915  13.251  34.282 0.0000000000
84739  -59.971  13.482  34.859 0.0000000000
84760  -60.577  12.909  34.308 0.0000000000
132896  -60.177  11.612  33.574 0.0000000000
133799  -61.075  11.412  33.365 0.0000000000
82868  -61.307  10.726  33.142 0.0000000000
83807  -61.481  11.759  33.257 0.0000000000
83820  -62.446  11.612  31.943 0.0000000000
87112  -62.834  14.235  30.195 0.0000000000
148331  -62.913  13.702  30.415 0.0000000000
85996  -63.117  13.649  29.956 0.0000000000
131207  -63.701  10.776  28.652 0.0000000000
154445  -63.472  10.935  29.227 0.0000000000
59945  -49.146  -10.061  58.822 0.0000000000
156913  -49.943  -9.642  58.522 0.0000000000
61063  -49.023  -9.249  59.264 0.0000000000
64517  -48.727  -6.919  59.915 0.0000000000
63428  -49.053  -7.382  60.148 0.0000000000
65642  -49.460  -6.205  60.139 0.0000000000
65643  -49.945  -6.124  60.000 0.0000000000
65653  -49.413  -5.569  59.938 0.0000000000
137512  -47.099  -3.784  58.105 0.0000000000
67773  -47.570  -3.588  58.675 0.0000000000
68822  -48.549  -3.369  58.778 0.0000000000
68830  -48.863  -2.846  58.349 0.0000000000
67775  -49.137  -3.537  58.714 0.0000000000
69878  -49.227  -2.324  57.832 0.0000000000
69890  -49.731  -2.363  57.147 0.0000000000
69889  -49.280  -1.753  57.326 0.0000000000
72901  -48.635  0.822  55.852 0.0000000000
71914  -49.001  0.210  56.124 0.0000000000
55784  -19.676  -14.607  73.234 0.0000000000
54750  -20.242  -15.150  72.588 0.0000000000
55785  -20.436  -14.645  73.093 0.0000000000
56854  -21.306  -13.631  73.039 0.0000000000
55798  -26.138  -14.736  71.469 0.0000000000
55802  -26.401  -14.467  70.762 0.0000000000
54770  -27.277  -15.835  70.513 0.0000000000
155939  -26.952  -14.799  69.672 0.0000000000
60940  -23.440  -9.290  68.687 0.0000000000
58844  -25.283  -11.082  69.573 0.0000000000
57883  -25.603  -11.950  69.753 0.0000000000
57895  -26.010  -12.618  67.947 0.0000000000
134682  -26.407  -13.441  67.797 0.0000000000
56899  -26.850  -14.103  68.459 0.0000000000
151562  -27.000  -14.035  67.662 0.0000000000
154480  -27.319  -14.508  67.550 0.0000000000
57935  -26.772  -12.225  66.011 0.0000000000
153491  -27.084  -13.250  65.496 0.0000000000
57948  -27.324  -12.929  65.099 0.0000000000
55857  -27.448  -13.684  64.912 0.0000000000
148185  -27.700  -12.261  65.511 0.0000000000
129838  -29.654  -12.250  67.355 0.0000000000
140246  -28.927  -12.204  66.168 0.0000000000
57937  -28.609  -12.586  64.975 0.0000000000
57938  -29.592  -12.811  65.609 0.0000000000
56949  -30.242  -13.490  65.251 0.0000000000
56916  -31.813  -13.509  67.499 0.0000000000
56934  -31.587  -13.792  66.589 0.0000000000
55844  -32.415  -14.202  66.292 0.0000000000
55860  -32.538  -14.479  65.491 0.0000000000
56936  -33.110  -14.242  66.748 0.0000000000
59814  -34.855  -10.116  69.409 0.0000000000
60932  -34.264  -9.644  69.482 0.0000000000
138640  -33.968  -10.330  69.648 0.0000000000
59813  -33.089  -10.432  69.833 0.0000000000
58849  -33.568  -11.051  69.659 0.0000000000
57886  -33.218  -11.763  69.304 0.0000000000
57899  -33.757  -12.335  68.835 0.0000000000
56919  -35.201  -13.276  67.677 0.0000000000
56903  -34.448  -13.032  68.108 0.0000000000
55835  -34.516  -13.710  67.404 0.0000000000
55845  -34.630  -14.255  66.758 0.0000000000
56922  -38.126  -13.142  67.251 0.0000000000
56938  -37.775  -13.628  66.520 0.0000000000
55849  -38.570  -13.716  66.095 0.0000000000
59842  -39.293  -10.935  67.328 0.0000000000
58875  -38.883  -11.324  67.643 0.0000000000
153011  -39.958  -11.103  67.278 0.0000000000
65585  -39.631  -5.808  65.547 0.0000000000
151642  -40.082  -5.409  65.035 0.0000000000
64444  -41.262  -6.244  65.473 0.0000000000
64445  -41.935  -6.827  65.025 0.0000000000
63370  -41.994  -7.775  65.344 0.0000000000
63371  -42.818  -7.620  64.832 0.0000000000
65623  -44.423  -4.968  62.746 0.0000000000
65603  -44.024  -5.617  63.539 0.0000000000
65613  -44.421  -5.766  63.115 0.0000000000
63392  -44.769  -7.234  63.484 0.0000000000
63382  -45.072  -7.949  63.771 0.0000000000
62251  -44.812  -8.580  64.237 0.0000000000
60996  -44.806  -9.345  64.447 0.0000000000
60997  -45.148  -9.784  63.905 0.0000000000
61024  -45.599  -10.075  62.035 0.0000000000
59904  -45.389  -10.838  62.730 0.0000000000
135313  -44.729  -10.362  59.388 0.0000000000
138663  -44.345  -10.713  57.841 0.0000000000
63454  -43.904  -7.648  58.106 0.0000000000
63465  -43.804  -7.918  57.128 0.0000000000
62357  -44.815  -8.629  56.316 0.0000000000
62356  -44.417  -9.088  56.774 0.0000000000
152255  -44.939  -9.317  56.524 0.0000000000
61111  -44.698  -9.957  56.854 0.0000000000
61112  -45.615  -9.937  56.661 0.0000000000
136017  -46.620  -11.283  56.978 0.0000000000
59975  -46.575  -10.359  57.077 0.0000000000
144699  -47.660  -9.450  58.622 0.0000000000
156170  -47.714  -10.205  58.567 0.0000000000
59958  -48.353  -10.020  59.008 0.0000000000
56852  -19.220  -13.690  73.371 0.0000000000
54749  -19.196  -15.184  73.029 0.0000000000
66733  -51.530  -4.088  55.820 0.0000000000
65693  -51.703  -4.628  55.784 0.0000000000
65704  -52.194  -4.254  54.999 0.0000000000
71974  -52.331  -0.983  51.779 0.0000000000
71977  -54.765  -0.245  50.984 0.0000000000
71963  -54.224  -0.720  51.417 0.0000000000
71964  -55.048  -0.602  51.397 0.0000000000
70958  -55.235  -1.234  51.638 0.0000000000
70959  -55.992  -1.140  51.460 0.0000000000
72968  -55.537  1.264  49.303 0.0000000000
72956  -55.395  0.650  49.762 0.0000000000
72957  -56.031  0.553  49.744 0.0000000000
156371  -56.444  -1.631  49.674 0.0000000000
68933  -56.262  -2.170  49.630 0.0000000000
68914  -56.089  -2.617  50.314 0.0000000000
154352  -55.175  -3.257  49.512 0.0000000000
77318  -53.844  5.412  45.018 0.0000000000
77319  -54.488  5.809  44.485 0.0000000000
84701  -59.440  12.381  39.442 0.0000000000
83764  -58.602  12.114  40.150 0.0000000000
83765  -59.058  12.078  40.178 0.0000000000
82790  -58.557  10.240  41.997 0.0000000000
82811  -58.363  10.676  41.394 0.0000000000
81805  -57.938  9.910  41.701 0.0000000000
81804  -57.052  9.342  41.058 0.0000000000
134439  -56.740  8.532  41.586 0.0000000000
79529  -56.412  7.811  42.072 0.0000000000
80627  -57.051  8.427  42.461 0.0000000000
80570  -58.141  7.358  43.117 0.0000000000
80568  -57.262  7.669  43.546 0.0000000000
79468  -57.359  7.135  44.068 0.0000000000
79451  -57.071  6.901  44.757 0.0000000000
79452  -57.504  6.487  44.473 0.0000000000
78388  -57.648  5.785  44.746 0.0000000000
78413  -58.396  5.762  43.655 0.0000000000
145663  -43.718  -3.977  56.315 0.0000000000
67800  -43.972  -3.282  56.221 0.0000000000
68850  -44.208  -2.703  56.418 0.0000000000
69887  -44.631  -1.452  57.058 0.0000000000
64423  -37.625  -6.851  66.991 0.0000000000
63346  -37.951  -7.241  67.210 0.0000000000
64431  -38.261  -6.603  66.398 0.0000000000
64432  -39.122  -6.562  66.482 0.0000000000
68816  -43.342  -2.669  60.558 0.0000000000
152830  -43.750  -3.653  60.931 0.0000000000
67759  -43.402  -3.383  59.740 0.0000000000
66684  -43.535  -4.262  58.957 0.0000000000
66700  -43.456  -4.945  57.959 0.0000000000
71924  -50.573  -0.776  54.895 0.0000000000
70916  -51.050  -1.289  54.872 0.0000000000
70925  -51.063  -0.858  54.268 0.0000000000
71935  -51.245  -1.019  53.438 0.0000000000
70939  -52.201  -1.257  52.933 0.0000000000
76195  -53.853  5.050  48.365 0.0000000000
76182  -54.241  4.482  48.840 0.0000000000
148897  -55.010  4.602  48.438 0.0000000000
76183  -55.603  4.245  48.073 0.0000000000
141757  -56.910  4.006  46.976 0.0000000000
74007  -57.485  2.926  46.336 0.0000000000
145751  -57.312  4.277  46.352 0.0000000000
144309  -57.643  4.300  45.821 0.0000000000
76212  -58.099  4.810  44.857 0.0000000000
83780  -59.151  11.549  35.533 0.0000000000
82840  -59.694  11.591  36.728 0.0000000000
82852  -58.974  10.455  35.396 0.0000000000
81840  -59.101  9.698  36.204 0.0000000000
88930  -59.168  16.079  34.098 0.0000000000
88918  -59.504  15.815  34.375 0.0000000000
87038  -59.929  14.577  35.141 0.0000000000
88044  -60.753  15.095  34.019 0.0000000000
87058  -61.187  14.231  34.033 0.0000000000
85949  -61.908  13.118  33.367 0.0000000000
84772  -61.945  12.357  33.150 0.0000000000
84785  -62.558  12.503  32.095 0.0000000000
86011  -63.405  13.884  28.516 0.0000000000
86010  -63.386  13.396  29.277 0.0000000000
84819  -63.691  12.083  28.428 0.0000000000
83855  -63.861  11.287  28.246 0.0000000000
81933  -64.287  9.398  27.770 0.0000000000
62331  -47.655  -8.551  58.599 0.0000000000
62314  -48.263  -8.157  59.200 0.0000000000
63455  -47.655  -7.711  58.597 0.0000000000
64516  -48.185  -6.434  59.227 0.0000000000
65652  -48.166  -5.536  59.228 0.0000000000
68827  -46.963  -2.041  57.981 0.0000000000
68828  -47.547  -2.389  58.203 0.0000000000
69876  -47.763  -1.960  57.970 0.0000000000
70885  -48.656  -1.461  57.664 0.0000000000
70901  -48.321  -0.637  57.426 0.0000000000
71913  -48.355  0.542  56.580 0.0000000000
72908  -48.150  1.127  55.640 0.0000000000
57849  -19.702  -13.115  73.221 0.0000000000
146171  -20.513  -13.402  73.124 0.0000000000
57851  -21.737  -13.026  72.674 0.0000000000
154678  -25.628  -11.156  68.045 0.0000000000
57911  -25.835  -11.791  67.600 0.0000000000
57912  -26.152  -12.397  67.074 0.0000000000
56931  -26.440  -12.861  66.580 0.0000000000
58884  -26.627  -11.803  66.417 0.0000000000
58885  -27.023  -11.913  65.951 0.0000000000
57913  -30.454  -12.861  67.432 0.0000000000
56933  -30.576  -13.263  66.372 0.0000000000
56917  -32.481  -13.570  67.630 0.0000000000
62185  -35.471  -8.324  68.321 0.0000000000
150241  -34.714  -8.490  68.519 0.0000000000
60933  -35.519  -9.478  69.109 0.0000000000
59815  -35.629  -10.256  69.185 0.0000000000
58851  -35.294  -10.888  69.224 0.0000000000
57900  -34.570  -12.309  68.715 0.0000000000
56905  -35.963  -13.040  67.996 0.0000000000
57915  -37.451  -12.752  67.773 0.0000000000
57916  -38.373  -12.418  67.621 0.0000000000
133880  -40.868  -10.078  66.585 0.0000000000
59851  -40.438  -10.879  66.999 0.0000000000
59852  -41.102  -10.759  66.528 0.0000000000
58888  -41.362  -11.442  66.212 0.0000000000
58896  -43.084  -11.329  65.354 0.0000000000
58898  -44.673  -11.203  65.060 0.0000000000
141419  -40.742  -5.076  63.989 0.0000000000
65600  -40.782  -5.083  64.657 0.0000000000
66621  -41.758  -5.080  64.758 0.0000000000
65588  -42.256  -5.175  64.547 0.0000000000
65589  -42.667  -5.665  64.428 0.0000000000
65632  -44.611  -5.982  61.709 0.0000000000
64496  -44.709  -6.747  62.265 0.0000000000
63405  -45.346  -7.903  62.917 0.0000000000
62275  -45.696  -8.632  62.964 0.0000000000
61010  -45.575  -9.153  63.403 0.0000000000
130630  -45.652  -8.991  62.143 0.0000000000
61036  -45.595  -9.533  61.409 0.0000000000
61046  -45.375  -9.578  60.606 0.0000000000
61062  -44.850  -9.686  59.749 0.0000000000
132448  -44.482  -9.165  59.253 0.0000000000
64551  -43.718  -6.305  56.117 0.0000000000
63464  -43.748  -7.141  56.376 0.0000000000
134913  -44.216  -7.377  55.866 0.0000000000
63479  -44.929  -7.856  55.954 0.0000000000
153520  -45.288  -8.332  56.286 0.0000000000
61096  -46.516  -9.371  57.091 0.0000000000
62345  -46.554  -8.415  57.126 0.0000000000
62330  -47.161  -8.042  57.883 0.0000000000
57872  -18.650  -12.573  70.669 0.0000000000
65717  -52.744  -3.841  53.893 0.0000000000
150105  -52.360  -4.209  54.318 0.0000000000
65743  -52.976  -4.251  52.851 0.0000000000
71987  -53.296  -0.368  50.366 0.0000000000
71975  -53.355  -0.746  51.299 0.0000000000
71989  -55.140  0.181  50.430 0.0000000000
72013  -56.948  0.552  48.601 0.0000000000
72002  -56.902  0.244  49.235 0.0000000000
134570  -60.165  10.308  39.714 0.0000000000
83758  -59.263  11.314  40.545 0.0000000000
82814  -59.990  10.221  40.556 0.0000000000
81806  -59.191  9.649  41.704 0.0000000000
81790  -58.527  9.489  41.975 0.0000000000
81761  -58.152  8.798  42.225 0.0000000000
80613  -58.538  8.378  41.927 0.0000000000
79490  -58.587  7.293  42.317 0.0000000000
78435  -58.707  6.186  42.549 0.0000000000
78414  -58.681  5.522  43.134 0.0000000000
88969  -60.860  16.376  31.828 0.0000000000
137044  -62.021  15.233  31.973 0.0000000000
88983  -61.674  15.935  30.713 0.0000000000
88095  -62.166  15.449  30.358 0.0000000000
88115  -62.610  14.996  29.864 0.0000000000
88128  -62.601  15.245  28.930 0.0000000000
87133  -63.428  14.248  27.855 0.0000000000
65679  -46.349  -5.415  56.895 0.0000000000
66719  -46.247  -4.258  56.859 0.0000000000
67788  -46.536  -3.163  57.335 0.0000000000
136362  -46.665  -2.371  57.673 0.0000000000
70882  -46.777  -0.872  57.510 0.0000000000
71881  -46.262  0.204  57.015 0.0000000000
57863  -20.316  -12.155  71.837 0.0000000000
58832  -20.993  -11.841  71.242 0.0000000000
58822  -22.478  -11.413  71.375 0.0000000000
59786  -22.961  -10.810  70.972 0.0000000000
135113  -31.312  -10.632  69.422 0.0000000000
63332  -36.113  -7.990  67.914 0.0000000000
60947  -37.587  -9.887  67.952 0.0000000000
59829  -37.544  -10.713  68.245 0.0000000000
60954  -38.517  -10.075  67.290 0.0000000000
60955  -39.389  -10.181  66.851 0.0000000000
62202  -39.182  -8.248  66.758 0.0000000000
60963  -39.698  -9.247  66.633 0.0000000000
141743  -40.522  -9.246  66.509 0.0000000000
60964  -41.193  -9.258  66.365 0.0000000000
143548  -41.926  -9.260  66.174 0.0000000000
67722  -43.209  -3.749  63.011 0.0000000000
66646  -43.440  -4.237  63.391 0.0000000000
67723  -43.872  -3.893  62.905 0.0000000000
147620  -44.232  -4.280  62.826 0.0000000000
150076  -44.516  -5.063  62.119 0.0000000000
133220  -44.466  -5.132  61.389 0.0000000000
64506  -44.651  -6.440  60.947 0.0000000000
64515  -44.673  -7.020  60.460 0.0000000000
156079  -44.271  -6.508  59.210 0.0000000000
64527  -43.899  -6.643  58.384 0.0000000000
64526  -43.543  -6.319  57.520 0.0000000000
65677  -43.429  -5.646  57.207 0.0000000000
64540  -43.496  -6.373  56.720 0.0000000000
131975  -44.654  -5.925  55.570 0.0000000000
67789  -50.415  -3.812  57.149 0.0000000000
66720  -50.665  -4.281  56.897 0.0000000000
67790  -50.815  -3.837  56.450 0.0000000000
67802  -51.279  -3.777  55.892 0.0000000000
68854  -51.915  -3.266  54.665 0.0000000000
69908  -51.622  -2.322  54.563 0.0000000000
68861  -51.742  -2.899  54.630 0.0000000000
155985  -52.369  -3.112  54.145 0.0000000000
67816  -53.531  -2.972  53.467 0.0000000000
67824  -53.958  -3.079  53.082 0.0000000000
66783  -54.386  -3.301  51.676 0.0000000000
73972  -53.428  2.202  48.983 0.0000000000
72966  -54.232  1.483  49.164 0.0000000000
150712  -53.850  2.652  49.237 0.0000000000
73974  -54.950  2.139  49.133 0.0000000000
73975  -55.654  1.982  48.858 0.0000000000
73985  -55.481  2.891  48.645 0.0000000000
72979  -56.493  1.529  48.604 0.0000000000
72023  -56.882  0.512  47.853 0.0000000000
86999  -58.744  14.126  37.971 0.0000000000
84707  -58.553  13.274  39.021 0.0000000000
85869  -59.734  13.246  38.330 0.0000000000
84709  -59.831  12.666  38.842 0.0000000000
83771  -60.166  11.832  38.896 0.0000000000
82832  -60.111  10.962  37.616 0.0000000000
82827  -60.396  10.905  38.476 0.0000000000
153818  -60.333  10.344  38.952 0.0000000000
81820  -60.243  9.621  39.117 0.0000000000
138465  -60.049  8.879  39.634 0.0000000000
142139  -43.227  -1.612  58.557 0.0000000000
69885  -43.524  -1.523  57.579 0.0000000000
137576  -42.965  -0.275  59.081 0.0000000000
67730  -41.730  -3.211  62.376 0.0000000000
68798  -42.450  -2.606  62.010 0.0000000000
69841  -42.725  -2.263  61.631 0.0000000000
68807  -43.283  -2.337  61.108 0.0000000000
140474  -42.956  -1.874  60.164 0.0000000000
146215  -50.447  -0.824  52.842 0.0000000000
70974  -51.519  -0.931  51.581 0.0000000000
70987  -51.178  -0.844  50.628 0.0000000000
72964  -52.545  0.639  48.846 0.0000000000
73971  -52.853  1.618  48.674 0.0000000000
73984  -52.543  2.794  48.869 0.0000000000
156098  -52.711  3.500  49.086 0.0000000000
76180  -52.763  4.328  48.517 0.0000000000
75086  -52.257  3.928  47.682 0.0000000000
144546  -53.209  4.838  48.272 0.0000000000
76194  -53.559  5.165  47.619 0.0000000000
77281  -54.021  5.554  46.916 0.0000000000
144325  -54.438  5.872  46.380 0.0000000000
85899  -57.316  14.185  36.831 0.0000000000
85883  -58.211  14.223  37.799 0.0000000000
87011  -59.063  14.204  37.427 0.0000000000
85900  -59.933  13.563  36.732 0.0000000000
84724  -59.819  13.198  36.060 0.0000000000
85917  -60.028  14.070  35.072 0.0000000000
83792  -59.403  12.320  35.064 0.0000000000
83805  -59.383  11.698  34.334 0.0000000000
82866  -59.630  10.771  33.792 0.0000000000
81865  -59.959  9.507  33.629 0.0000000000
153782  -61.888  11.714  32.878 0.0000000000
87097  -62.417  14.577  31.540 0.0000000000
85982  -62.706  13.111  31.533 0.0000000000
84792  -62.820  12.284  31.174 0.0000000000
84811  -63.466  12.397  29.298 0.0000000000
83840  -63.270  11.516  29.763 0.0000000000
62299  -49.274  -8.031  60.132 0.0000000000
62300  -49.925  -8.073  60.099 0.0000000000
63444  -50.437  -7.540  59.187 0.0000000000
64518  -50.238  -6.748  59.672 0.0000000000
65655  -50.190  -5.635  58.928 0.0000000000
66690  -50.260  -4.999  58.318 0.0000000000
65666  -47.473  -5.160  58.733 0.0000000000
66686  -48.175  -4.698  59.186 0.0000000000
67761  -48.215  -3.899  59.076 0.0000000000
66687  -48.838  -4.561  59.454 0.0000000000
66688  -49.226  -4.825  59.501 0.0000000000
156182  -49.757  -4.230  58.668 0.0000000000
67777  -50.150  -3.790  57.880 0.0000000000
68832  -50.108  -3.337  57.408 0.0000000000
70902  -49.051  -1.015  57.116 0.0000000000
71904  -49.383  -0.596  56.362 0.0000000000
70909  -50.045  -0.927  55.624 0.0000000000
70897  -43.741  -0.550  57.672 0.0000000000
70880  -44.330  0.180  57.609 0.0000000000
72865  -44.198  0.963  57.801 0.0000000000
149017  -45.296  0.159  57.319 0.0000000000
71880  -45.506  0.474  57.182 0.0000000000
72867  -45.728  0.867  57.045 0.0000000000
72884  -46.082  1.330  56.753 0.0000000000
72898  -46.574  1.393  56.408 0.0000000000
73928  -46.690  1.684  56.033 0.0000000000
71958  -49.643  -0.332  53.088 0.0000000000
149486  -20.107  -15.715  71.615 0.0000000000
130143  -20.971  -15.679  71.646 0.0000000000
57856  -21.342  -12.374  72.257 0.0000000000
59807  -23.220  -10.055  69.889 0.0000000000
59797  -24.145  -10.351  70.160 0.0000000000
58835  -24.412  -11.081  70.649 0.0000000000
57875  -25.891  -12.807  70.083 0.0000000000
57884  -25.949  -12.654  69.110 0.0000000000
56889  -26.235  -13.493  69.595 0.0000000000
56890  -26.670  -14.164  69.251 0.0000000000
56932  -26.806  -13.360  66.190 0.0000000000
58872  -27.852  -11.316  67.012 0.0000000000
58886  -28.167  -11.807  66.392 0.0000000000
56950  -31.052  -13.778  65.765 0.0000000000
56964  -30.990  -14.146  64.826 0.0000000000
60929  -31.300  -9.902  69.337 0.0000000000
59812  -32.123  -10.432  69.720 0.0000000000
62170  -34.099  -8.876  69.127 0.0000000000
139147  -32.704  -9.752  69.642 0.0000000000
150118  -31.866  -11.154  69.567 0.0000000000
57885  -32.350  -11.785  69.251 0.0000000000
57898  -32.859  -12.520  68.654 0.0000000000
56902  -32.998  -13.257  67.973 0.0000000000
156789  -34.112  -12.644  68.493 0.0000000000
130382  -33.754  -13.504  67.717 0.0000000000
56918  -33.083  -13.859  67.397 0.0000000000
58864  -38.087  -11.286  67.981 0.0000000000
153031  -38.511  -11.744  67.806 0.0000000000
57917  -39.215  -12.037  67.494 0.0000000000
58877  -40.206  -11.394  67.169 0.0000000000
57927  -39.780  -12.621  66.943 0.0000000000
64443  -38.899  -6.124  65.516 0.0000000000
65572  -39.788  -5.946  66.078 0.0000000000
65587  -41.216  -5.564  65.261 0.0000000000
64434  -40.797  -6.984  65.912 0.0000000000
63360  -41.353  -7.844  65.763 0.0000000000
62219  -42.002  -8.592  65.797 0.0000000000
152840  -43.202  -8.943  65.544 0.0000000000
66637  -43.586  -4.869  63.608 0.0000000000
65602  -43.303  -5.623  63.932 0.0000000000
64459  -43.790  -6.346  63.912 0.0000000000
64472  -44.656  -6.764  63.112 0.0000000000
63381  -44.330  -7.252  64.019 0.0000000000
63380  -43.435  -6.965  64.366 0.0000000000
63372  -43.887  -7.841  64.697 0.0000000000
62237  -43.471  -8.513  65.194 0.0000000000
60979  -43.704  -9.271  65.616 0.0000000000
60980  -44.416  -9.704  65.271 0.0000000000
59874  -44.879  -10.420  64.706 0.0000000000
58905  -45.103  -11.231  64.496 0.0000000000
59890  -45.266  -10.216  63.354 0.0000000000
136105  -45.278  -11.083  63.399 0.0000000000
62312  -44.309  -8.343  59.039 0.0000000000
135832  -44.184  -9.176  58.501 0.0000000000
62344  -44.106  -8.776  57.194 0.0000000000
136757  -44.158  -9.231  57.823 0.0000000000
58969  -48.188  -11.319  58.245 0.0000000000
61097  -47.161  -9.848  57.852 0.0000000000
155590  -48.036  -10.688  58.721 0.0000000000
149876  -19.637  -15.420  72.216 0.0000000000
65680  -51.099  -5.178  56.739 0.0000000000
71960  -51.578  -1.080  52.721 0.0000000000
71948  -51.846  -1.165  52.775 0.0000000000
71949  -52.790  -1.258  52.244 0.0000000000
71962  -53.471  -1.006  51.610 0.0000000000
70956  -53.573  -1.227  51.839 0.0000000000
69921  -53.788  -1.573  52.222 0.0000000000
69922  -54.071  -1.935  52.651 0.0000000000
136153  -54.827  -2.494  51.738 0.0000000000
67836  -55.151  -3.083  51.258 0.0000000000
72955  -54.790  0.582  49.689 0.0000000000
71979  -56.087  -0.306  50.778 0.0000000000
154118  -56.368  -0.415  50.568 0.0000000000
133682  -56.416  -0.872  50.941 0.0000000000
68915  -56.145  -2.314  50.910 0.0000000000
67848  -55.732  -2.916  50.871 0.0000000000
67847  -54.816  -3.816  50.746 0.0000000000
76224  -52.636  4.558  45.045 0.0000000000
77308  -54.578  6.005  45.545 0.0000000000
78362  -55.158  6.130  46.350 0.0000000000
84699  -58.159  12.640  39.399 0.0000000000
83763  -57.942  11.928  39.950 0.0000000000
131536  -57.644  11.187  40.071 0.0000000000
82812  -58.747  11.099  41.285 0.0000000000
134796  -57.642  10.650  40.515 0.0000000000
81812  -57.072  9.849  40.260 0.0000000000
78455  -55.402  6.554  42.294 0.0000000000
78433  -55.580  6.719  43.268 0.0000000000
80611  -57.270  8.086  43.043 0.0000000000
79488  -56.280  7.340  43.550 0.0000000000
78410  -55.900  6.916  44.308 0.0000000000
78385  -56.013  6.661  45.261 0.0000000000
78364  -56.570  6.012  45.964 0.0000000000
77298  -57.432  5.355  45.554 0.0000000000
77310  -57.975  5.035  44.842 0.0000000000
149497  -58.646  4.738  43.756 0.0000000000
77331  -58.826  5.114  43.127 0.0000000000
76242  -58.909  4.730  43.269 0.0000000000
75150  -58.936  4.128  43.346 0.0000000000
54771  -27.640  -16.350  69.961 0.0000000000
55803  -26.985  -15.003  70.340 0.0000000000
55812  -27.047  -14.914  69.012 0.0000000000
55833  -27.788  -14.973  67.486 0.0000000000
56879  -26.606  -14.234  70.017 0.0000000000
56923  -38.956  -12.929  67.233 0.0000000000
56960  -27.806  -13.507  64.229 0.0000000000
57887  -34.088  -11.686  69.227 0.0000000000
57888  -34.923  -11.600  69.093 0.0000000000
57918  -39.899  -11.864  67.214 0.0000000000
58995  -45.488  -11.517  56.797 0.0000000000
59862  -43.635  -10.626  65.699 0.0000000000
59863  -44.344  -10.543  65.398 0.0000000000
59946  -49.643  -10.063  58.544 0.0000000000
59991  -45.920  -10.902  56.710 0.0000000000
60944  -35.713  -8.849  68.751 0.0000000000
60956  -40.199  -10.156  66.722 0.0000000000
61064  -49.612  -9.229  58.943 0.0000000000
61065  -50.099  -9.001  58.799 0.0000000000
61079  -44.244  -9.890  58.160 0.0000000000
62171  -35.052  -8.838  68.896 0.0000000000
62186  -36.307  -8.635  68.318 0.0000000000
62264  -45.473  -8.310  63.369 0.0000000000
62315  -48.908  -8.526  59.750 0.0000000000
63347  -38.713  -7.375  66.936 0.0000000000
63357  -37.376  -6.846  66.555 0.0000000000
63427  -44.968  -7.501  61.208 0.0000000000
63429  -49.591  -7.434  60.192 0.0000000000
63430  -50.226  -7.483  60.019 0.0000000000
63443  -48.747  -7.747  59.886 0.0000000000
64424  -38.416  -6.859  66.865 0.0000000000
64485  -44.827  -7.172  62.773 0.0000000000
64507  -49.205  -6.771  60.165 0.0000000000
64531  -50.839  -6.168  57.160 0.0000000000
64552  -44.040  -6.599  55.719 0.0000000000
65586  -40.511  -5.590  65.358 0.0000000000
65681  -51.495  -4.615  56.085 0.0000000000
65718  -53.606  -3.666  53.151 0.0000000000
65730  -52.275  -4.358  53.692 0.0000000000
65731  -52.967  -4.043  53.481 0.0000000000
66620  -41.241  -5.051  64.907 0.0000000000
66634  -41.753  -4.715  64.358 0.0000000000
66647  -44.186  -4.913  63.171 0.0000000000
66657  -44.312  -4.225  62.351 0.0000000000
66689  -49.809  -4.806  58.911 0.0000000000
66704  -50.052  -4.296  58.337 0.0000000000
66706  -50.770  -4.849  57.108 0.0000000000
66734  -51.911  -3.992  55.342 0.0000000000
66743  -53.181  -3.239  53.627 0.0000000000
66758  -54.184  -3.091  52.330 0.0000000000
66770  -53.456  -3.993  52.213 0.0000000000
66782  -54.032  -3.817  51.706 0.0000000000
67711  -42.708  -4.183  63.612 0.0000000000
67721  -42.500  -3.796  63.075 0.0000000000
67763  -49.377  -4.187  58.933 0.0000000000
67776  -49.739  -3.756  58.410 0.0000000000
67803  -51.696  -3.629  55.313 0.0000000000
67809  -52.117  -3.417  54.580 0.0000000000
67810  -52.726  -3.143  53.857 0.0000000000
67817  -54.081  -2.779  52.975 0.0000000000
67825  -54.328  -2.749  52.390 0.0000000000
67831  -54.623  -2.836  51.714 0.0000000000
67835  -54.705  -3.629  51.280 0.0000000000
67837  -55.671  -2.682  51.168 0.0000000000
67846  -54.033  -4.044  50.466 0.0000000000
67867  -55.471  -3.276  50.317 0.0000000000
68787  -42.833  -3.200  62.467 0.0000000000
68799  -43.342  -2.656  61.682 0.0000000000
68808  -43.632  -2.882  61.667 0.0000000000
68829  -48.165  -2.668  58.333 0.0000000000
68831  -49.779  -2.894  57.638 0.0000000000
68840  -50.054  -2.911  57.037 0.0000000000
68842  -50.946  -3.445  55.995 0.0000000000
68853  -51.360  -3.256  55.358 0.0000000000
68862  -52.394  -2.994  54.117 0.0000000000
68863  -52.844  -2.860  53.837 0.0000000000
68880  -54.442  -2.444  52.288 0.0000000000
68897  -55.230  -2.672  51.389 0.0000000000
68932  -55.867  -2.804  49.568 0.0000000000
69854  -42.859  -2.053  61.164 0.0000000000
69862  -42.748  -1.663  60.508 0.0000000000
69873  -43.258  -0.754  58.615 0.0000000000
69888  -45.580  -1.036  57.339 0.0000000000
69897  -43.757  -1.992  56.915 0.0000000000
69899  -50.511  -1.803  55.821 0.0000000000
69907  -51.108  -1.929  55.174 0.0000000000
69909  -52.256  -2.578  54.018 0.0000000000
69916  -53.603  -2.320  53.225 0.0000000000
69931  -54.676  -1.966  52.055 0.0000000000
69932  -55.519  -1.695  51.561 0.0000000000
69948  -56.153  -1.646  51.239 0.0000000000
69983  -56.404  -1.147  48.552 0.0000000000
70839  -41.993  -1.236  60.669 0.0000000000
70898  -44.305  -0.713  57.377 0.0000000000
70899  -45.060  -0.340  57.370 0.0000000000
70940  -53.033  -1.414  52.539 0.0000000000
70941  -54.451  -1.623  51.999 0.0000000000
70999  -56.549  -1.130  50.155 0.0000000000
71879  -44.699  0.717  57.564 0.0000000000
71882  -47.547  -0.490  57.449 0.0000000000
71978  -55.480  -0.191  50.939 0.0000000000
71991  -56.326  -0.027  50.163 0.0000000000
72001  -56.588  0.388  49.505 0.0000000000
72866  -44.979  1.026  57.424 0.0000000000
72886  -47.615  0.786  56.807 0.0000000000
72900  -48.083  1.029  56.301 0.0000000000
72970  -56.868  0.816  48.988 0.0000000000
73009  -57.211  1.860  46.222 0.0000000000
73909  -45.793  1.822  56.675 0.0000000000
73919  -46.185  1.731  56.447 0.0000000000
73973  -54.392  2.354  49.196 0.0000000000
74050  -59.098  3.676  43.011 0.0000000000
75054  -53.595  3.966  49.239 0.0000000000
75071  -52.354  3.541  48.630 0.0000000000
75073  -55.025  3.795  48.701 0.0000000000
75087  -56.323  3.708  47.653 0.0000000000
75088  -56.953  3.072  47.365 0.0000000000
75105  -57.373  3.527  46.542 0.0000000000
75106  -57.723  3.791  45.801 0.0000000000
75107  -57.967  4.465  45.212 0.0000000000
75122  -58.325  4.573  44.534 0.0000000000
75138  -58.281  3.886  44.496 0.0000000000
75139  -58.662  4.325  43.790 0.0000000000
75151  -59.303  4.377  42.852 0.0000000000
76210  -57.453  4.725  45.885 0.0000000000
76211  -57.792  4.756  45.317 0.0000000000
77272  -54.704  5.086  48.240 0.0000000000
77285  -56.557  5.274  46.630 0.0000000000
77294  -54.802  5.791  47.022 0.0000000000
77297  -56.840  5.606  46.079 0.0000000000
77299  -57.845  4.936  45.142 0.0000000000
77309  -57.804  5.226  45.009 0.0000000000
77320  -58.400  4.818  44.285 0.0000000000
78363  -56.014  6.287  46.121 0.0000000000
78365  -57.079  5.965  45.629 0.0000000000
78366  -57.466  5.710  45.251 0.0000000000
78387  -57.263  6.281  45.112 0.0000000000
78389  -58.155  5.262  44.390 0.0000000000
78411  -56.579  7.061  44.765 0.0000000000
78412  -57.895  6.060  44.119 0.0000000000
78434  -58.535  6.385  42.988 0.0000000000
79467  -56.972  7.434  44.275 0.0000000000
79469  -57.770  6.811  43.780 0.0000000000
79489  -56.883  7.743  43.710 0.0000000000
79515  -56.680  7.783  42.947 0.0000000000
80569  -57.721  7.516  43.332 0.0000000000
80585  -57.711  8.120  42.822 0.0000000000
80587  -58.364  7.876  42.447 0.0000000000
80612  -57.744  8.681  42.460 0.0000000000
80614  -58.744  7.971  41.737 0.0000000000
80628  -57.503  9.134  42.011 0.0000000000
81762  -58.336  8.732  42.052 0.0000000000
81791  -58.632  9.302  41.815 0.0000000000
81807  -59.568  9.106  41.172 0.0000000000
82791  -58.811  10.000  41.981 0.0000000000
82805  -58.786  10.545  41.786 0.0000000000
82806  -59.148  10.374  41.625 0.0000000000
82807  -59.669  9.951  41.219 0.0000000000
82813  -59.465  10.648  40.946 0.0000000000
82819  -57.062  10.469  39.606 0.0000000000
83757  -58.841  11.472  40.702 0.0000000000
83759  -59.875  10.951  40.245 0.0000000000
83766  -59.632  11.661  39.834 0.0000000000
83806  -60.881  12.219  33.735 0.0000000000
83839  -62.960  11.745  30.531 0.0000000000
84700  -58.830  12.642  39.562 0.0000000000
84759  -59.914  12.440  34.225 0.0000000000
84804  -63.138  12.367  30.221 0.0000000000
84810  -63.243  13.004  29.886 0.0000000000
85867  -58.317  13.786  38.343 0.0000000000
85868  -58.966  13.657  38.534 0.0000000000
85884  -59.356  13.873  37.887 0.0000000000
85901  -59.926  13.784  35.899 0.0000000000
85941  -61.389  13.475  33.935 0.0000000000
85950  -62.315  12.780  32.756 0.0000000000
85966  -62.501  13.147  32.242 0.0000000000
86003  -63.600  12.963  28.535 0.0000000000
87009  -57.911  14.481  37.201 0.0000000000
87010  -58.545  14.415  37.216 0.0000000000
87012  -59.516  14.008  37.039 0.0000000000
87026  -59.435  14.392  36.262 0.0000000000
87027  -59.793  14.325  35.775 0.0000000000
87098  -62.676  13.892  30.987 0.0000000000
88013  -57.986  15.292  35.921 0.0000000000
88015  -59.107  14.820  36.110 0.0000000000
88026  -58.431  15.648  35.297 0.0000000000
88028  -59.552  15.401  34.888 0.0000000000
88042  -58.039  15.916  34.819 0.0000000000
88043  -60.014  15.604  34.253 0.0000000000
88059  -57.527  15.705  33.877 0.0000000000
88071  -61.787  15.027  32.750 0.0000000000
88083  -61.590  15.943  31.512 0.0000000000
88084  -62.123  15.326  31.149 0.0000000000
88114  -62.128  15.635  29.632 0.0000000000
88917  -59.075  15.746  34.812 0.0000000000
88931  -59.725  16.150  33.765 0.0000000000
88950  -58.701  16.162  33.736 0.0000000000
88953  -60.695  16.261  32.697 0.0000000000
88981  -60.221  16.458  31.340 0.0000000000
88992  -59.856  16.303  31.010 0.0000000000
88993  -60.339  16.192  30.570 0.0000000000
88994  -61.744  15.916  30.077 0.0000000000
132750  -50.014  -8.538  59.450 0.0000000000
133495  -52.073  -4.681  55.071 0.0000000000
133966  -31.885  -12.379  68.654 0.0000000000
134379  -56.405  -1.600  50.765 0.0000000000
134561  -53.976  -0.264  50.659 0.0000000000
134592  -60.068  15.037  34.768 0.0000000000
134619  -56.799  -0.011  48.329 0.0000000000
135019  -58.842  5.424  42.812 0.0000000000
136298  -62.875  15.176  27.943 0.0000000000
137246  -60.419  14.451  34.536 0.0000000000
138243  -57.085  1.076  47.280 0.0000000000
138452  -59.905  8.928  40.457 0.0000000000
139612  -61.970  15.764  29.069 0.0000000000
139957  -50.514  -5.128  57.743 0.0000000000
140067  -49.480  -3.105  58.163 0.0000000000
141441  -49.021  -5.126  59.866 0.0000000000
141786  -59.642  4.647  42.114 0.0000000000
142348  -55.422  6.347  45.685 0.0000000000
142365  -48.058  -1.548  57.813 0.0000000000
143327  -57.160  5.127  46.032 0.0000000000
144213  -57.094  1.576  47.581 0.0000000000
144379  -48.843  -5.915  59.970 0.0000000000
144412  -50.154  -6.117  59.455 0.0000000000
144539  -43.028  -1.448  59.298 0.0000000000
145072  -43.925  -10.019  65.669 0.0000000000
145108  -43.038  -2.724  62.011 0.0000000000
146468  -55.017  -2.165  51.754 0.0000000000
147572  -56.996  0.007  48.940 0.0000000000
147949  -55.255  -3.389  50.949 0.0000000000
149105  -58.396  7.118  42.842 0.0000000000
150228  -46.946  1.575  55.402 0.0000000000
151995  -26.795  -12.714  65.857 0.0000000000
153015  -64.534  8.544  27.534 0.0000000000
153036  -50.308  -8.055  59.654 0.0000000000
153549  -60.226  9.412  38.589 0.0000000000
153604  -60.141  13.006  37.782 0.0000000000
154231  -50.429  -0.482  54.439 0.0000000000
154808  -58.679  10.037  42.042 0.0000000000
154911  -58.939  4.611  43.292 0.0000000000
154949  -54.486  2.903  49.197 0.0000000000
155043  -53.860  -3.389  52.759 0.0000000000
155227  -52.747  4.514  46.646 0.0000000000
155357  -59.422  5.043  42.175 0.0000000000
155383  -27.513  -11.730  66.237 0.0000000000
155531  -43.133  -6.183  64.247 0.0000000000
155705  -58.692  4.942  43.655 0.0000000000
155865  -57.610  12.585  38.864 0.0000000000
156446  -58.707  14.734  36.558 0.0000000000
