#!ascii label  , from subject sub-v2s4x29615_ses-1 vox2ras=TkReg
1134
64592  -38.940  -7.185  54.164 0.0000000000
60049  -24.046  -10.816  52.278 0.0000000000
57079  -32.527  -13.446  55.764 0.0000000000
83870  -45.614  10.897  26.767 0.0000000000
135294  -53.359  8.588  21.809 0.0000000000
57075  -16.957  -12.706  55.000 0.0000000000
81878  -43.349  9.527  32.299 0.0000000000
67830  -37.720  -4.012  52.306 0.0000000000
59006  -37.334  -11.597  55.201 0.0000000000
137183  -20.932  -12.984  53.349 0.0000000000
133863  -19.850  -15.202  58.112 0.0000000000
62385  -35.309  -9.215  52.535 0.0000000000
64602  -33.827  -6.949  51.612 0.0000000000
60029  -28.078  -10.275  52.845 0.0000000000
152455  -33.389  -9.257  53.573 0.0000000000
73153  -41.224  2.132  35.014 0.0000000000
75291  -46.914  3.226  31.226 0.0000000000
149112  -46.969  9.019  30.435 0.0000000000
51784  -12.363  -18.224  56.442 0.0000000000
130642  -10.254  -21.575  59.578 0.0000000000
66818  -33.850  -4.106  48.480 0.0000000000
130791  -36.736  -4.356  43.067 0.0000000000
71123  -37.677  -1.001  37.828 0.0000000000
53836  -16.783  -16.910  57.068 0.0000000000
57077  -24.144  -13.362  55.328 0.0000000000
59002  -25.277  -11.184  55.145 0.0000000000
61126  -39.051  -9.045  55.282 0.0000000000
62394  -22.329  -8.325  52.394 0.0000000000
59047  -22.720  -11.507  53.096 0.0000000000
55994  -22.769  -14.428  55.646 0.0000000000
62376  -35.505  -8.242  54.494 0.0000000000
61155  -34.598  -9.143  52.887 0.0000000000
76351  -41.442  4.265  33.754 0.0000000000
73168  -43.849  1.875  33.032 0.0000000000
76362  -43.960  4.291  32.544 0.0000000000
132388  -44.575  8.375  29.788 0.0000000000
80758  -45.626  8.947  27.536 0.0000000000
80745  -49.069  8.543  28.880 0.0000000000
79657  -48.381  7.312  26.698 0.0000000000
78619  -51.089  6.161  25.668 0.0000000000
67829  -32.493  -4.041  52.768 0.0000000000
65759  -33.570  -5.639  50.082 0.0000000000
67841  -32.109  -3.917  50.483 0.0000000000
67943  -33.087  -3.935  43.171 0.0000000000
69030  -34.403  -2.494  40.637 0.0000000000
67983  -37.341  -3.291  40.478 0.0000000000
71121  -35.655  -0.178  38.474 0.0000000000
75228  -37.647  2.930  37.454 0.0000000000
59017  -29.763  -12.334  53.923 0.0000000000
54912  -14.354  -15.587  55.142 0.0000000000
54929  -16.367  -14.975  54.508 0.0000000000
45792  -11.631  -24.302  60.019 0.0000000000
44850  -10.553  -26.469  62.182 0.0000000000
79598  -44.684  7.494  33.353 0.0000000000
68904  -38.603  -2.982  51.041 0.0000000000
58042  -35.352  -13.071  56.406 0.0000000000
57091  -19.148  -13.087  53.698 0.0000000000
54917  -19.000  -15.987  54.724 0.0000000000
55992  -20.574  -15.248  54.671 0.0000000000
80858  -54.384  8.770  19.572 0.0000000000
62399  -38.474  -8.694  52.574 0.0000000000
64621  -37.044  -6.758  51.121 0.0000000000
63511  -34.486  -7.823  52.418 0.0000000000
62407  -24.160  -8.475  50.815 0.0000000000
140654  -25.998  -10.033  51.641 0.0000000000
62427  -27.646  -7.664  49.677 0.0000000000
61184  -29.814  -9.166  50.956 0.0000000000
59034  -31.086  -11.915  52.521 0.0000000000
60014  -32.163  -9.577  53.383 0.0000000000
58062  -33.716  -12.941  53.655 0.0000000000
149592  -35.992  -12.179  53.476 0.0000000000
60036  -37.566  -10.575  53.125 0.0000000000
72146  -42.028  0.952  37.617 0.0000000000
78543  -44.747  6.428  31.845 0.0000000000
78546  -47.331  6.713  31.266 0.0000000000
78630  -53.868  6.743  24.792 0.0000000000
49778  -10.658  -20.335  57.642 0.0000000000
148298  -12.455  -22.399  59.058 0.0000000000
65748  -36.430  -5.599  50.965 0.0000000000
66792  -35.700  -3.877  50.660 0.0000000000
67872  -36.202  -3.213  48.536 0.0000000000
140308  -32.431  -3.046  46.966 0.0000000000
154490  -34.890  -4.502  45.762 0.0000000000
66848  -38.192  -4.361  46.077 0.0000000000
67931  -39.574  -3.785  44.330 0.0000000000
133525  -40.113  -2.307  41.947 0.0000000000
70111  -41.139  -0.804  38.822 0.0000000000
72161  -39.830  0.850  36.377 0.0000000000
76335  -39.277  4.533  35.755 0.0000000000
129922  -27.119  -9.996  55.365 0.0000000000
54884  -12.986  -15.948  56.724 0.0000000000
52795  -14.317  -17.860  56.698 0.0000000000
53838  -18.174  -16.509  57.165 0.0000000000
43797  -9.476  -27.235  61.573 0.0000000000
57107  -24.191  -12.446  54.202 0.0000000000
59013  -24.765  -11.872  54.598 0.0000000000
59031  -25.071  -10.899  53.480 0.0000000000
63500  -39.108  -7.775  54.770 0.0000000000
61163  -22.953  -9.817  51.924 0.0000000000
61162  -22.614  -10.301  52.544 0.0000000000
59048  -23.364  -11.265  52.940 0.0000000000
57106  -23.543  -12.923  53.960 0.0000000000
76345  -42.703  5.118  34.045 0.0000000000
76360  -42.519  4.019  33.022 0.0000000000
77441  -43.534  4.894  33.270 0.0000000000
83852  -44.870  11.556  28.290 0.0000000000
81919  -43.999  9.626  28.355 0.0000000000
81936  -45.527  9.405  27.044 0.0000000000
152464  -47.057  7.987  27.115 0.0000000000
81938  -46.667  8.793  26.309 0.0000000000
80776  -47.752  8.459  25.617 0.0000000000
144302  -31.987  -4.088  51.297 0.0000000000
149750  -34.267  -1.501  41.538 0.0000000000
70094  -35.025  -1.483  39.368 0.0000000000
72121  -35.843  0.806  39.494 0.0000000000
73081  -36.706  2.185  39.536 0.0000000000
58051  -31.321  -12.922  55.186 0.0000000000
58041  -30.675  -12.490  56.397 0.0000000000
57065  -32.206  -13.346  56.593 0.0000000000
55991  -15.569  -13.697  54.870 0.0000000000
56003  -16.294  -13.949  54.390 0.0000000000
79695  -54.399  7.908  22.594 0.0000000000
128594  -10.940  -24.993  60.482 0.0000000000
67823  -39.079  -4.388  53.694 0.0000000000
68890  -38.127  -3.631  51.990 0.0000000000
59005  -36.642  -12.285  55.762 0.0000000000
150728  -37.520  -11.085  57.185 0.0000000000
60010  -20.641  -10.265  53.819 0.0000000000
143431  -20.087  -10.616  54.450 0.0000000000
59011  -19.342  -11.640  54.883 0.0000000000
57102  -20.166  -13.018  53.482 0.0000000000
54933  -20.133  -15.001  54.027 0.0000000000
56018  -20.709  -14.414  53.702 0.0000000000
55967  -23.168  -14.349  57.290 0.0000000000
137210  -22.430  -14.679  56.972 0.0000000000
61186  -37.534  -9.156  51.669 0.0000000000
62409  -37.155  -8.425  51.277 0.0000000000
63512  -34.606  -8.458  52.892 0.0000000000
64613  -24.639  -6.918  51.358 0.0000000000
63543  -25.571  -7.437  50.060 0.0000000000
149810  -26.101  -6.441  50.938 0.0000000000
63533  -29.559  -7.779  51.305 0.0000000000
62396  -30.204  -8.283  51.718 0.0000000000
60053  -30.841  -10.629  51.820 0.0000000000
60054  -31.503  -10.225  52.203 0.0000000000
60001  -33.148  -9.397  54.648 0.0000000000
60015  -32.899  -9.618  53.321 0.0000000000
59018  -32.581  -10.605  52.654 0.0000000000
155123  -33.370  -10.053  52.683 0.0000000000
58063  -34.608  -12.877  53.776 0.0000000000
60033  -34.727  -10.774  52.808 0.0000000000
156029  -34.569  -8.851  53.274 0.0000000000
60035  -36.619  -10.703  52.703 0.0000000000
60056  -37.278  -10.267  52.556 0.0000000000
61171  -38.314  -9.464  52.836 0.0000000000
73129  -41.411  1.433  36.089 0.0000000000
73113  -43.004  1.805  37.014 0.0000000000
73144  -42.597  1.859  35.540 0.0000000000
74207  -45.249  2.227  32.346 0.0000000000
73171  -46.154  1.644  33.417 0.0000000000
145259  -43.650  9.048  33.047 0.0000000000
79603  -44.040  7.436  32.337 0.0000000000
79612  -43.737  7.884  31.821 0.0000000000
80718  -45.385  8.441  29.831 0.0000000000
79615  -46.033  7.737  30.966 0.0000000000
79616  -46.871  7.747  31.159 0.0000000000
78548  -49.161  6.453  31.660 0.0000000000
78628  -52.637  6.587  24.937 0.0000000000
79674  -51.455  7.648  24.201 0.0000000000
79676  -53.377  7.103  24.117 0.0000000000
52794  -11.568  -17.746  56.948 0.0000000000
51757  -11.028  -18.460  58.069 0.0000000000
50777  -11.332  -19.141  56.984 0.0000000000
154365  -12.748  -21.563  59.150 0.0000000000
136352  -12.233  -22.653  61.808 0.0000000000
140602  -36.014  -7.270  50.699 0.0000000000
64634  -34.870  -6.300  50.225 0.0000000000
156947  -33.488  -4.644  49.471 0.0000000000
66791  -34.885  -4.170  50.125 0.0000000000
66807  -34.493  -4.193  49.592 0.0000000000
67855  -35.965  -3.223  49.540 0.0000000000
67871  -35.426  -3.457  48.763 0.0000000000
70009  -32.811  -2.252  46.262 0.0000000000
66901  -34.427  -4.558  42.712 0.0000000000
66874  -33.985  -4.740  44.669 0.0000000000
130298  -35.722  -4.676  44.780 0.0000000000
133975  -37.142  -4.315  46.019 0.0000000000
66876  -37.562  -4.488  44.757 0.0000000000
66863  -39.068  -4.428  45.620 0.0000000000
66892  -38.094  -4.011  43.584 0.0000000000
69049  -38.210  -2.212  39.296 0.0000000000
69017  -38.878  -2.728  40.958 0.0000000000
69050  -39.445  -2.054  39.835 0.0000000000
70081  -40.733  -1.598  40.281 0.0000000000
70109  -39.666  -1.498  38.503 0.0000000000
71135  -40.244  -0.130  37.353 0.0000000000
71144  -38.601  0.193  36.844 0.0000000000
76299  -38.701  4.526  37.929 0.0000000000
75242  -38.543  3.739  36.607 0.0000000000
77396  -39.731  5.628  36.933 0.0000000000
131871  -27.210  -10.024  52.901 0.0000000000
61151  -26.593  -9.975  53.446 0.0000000000
60012  -28.100  -10.310  53.911 0.0000000000
53848  -15.420  -16.734  55.671 0.0000000000
52825  -14.076  -17.043  55.560 0.0000000000
52811  -15.718  -16.997  56.658 0.0000000000
146558  -19.250  -15.810  56.036 0.0000000000
54899  -18.447  -16.060  55.552 0.0000000000
54875  -18.918  -15.533  58.097 0.0000000000
57051  -24.138  -13.150  56.927 0.0000000000
58039  -24.444  -12.556  56.295 0.0000000000
58989  -24.961  -11.139  55.885 0.0000000000
59981  -25.594  -10.496  55.927 0.0000000000
150644  -38.508  -10.014  55.545 0.0000000000
59973  -38.437  -10.025  57.193 0.0000000000
62381  -21.045  -8.395  53.547 0.0000000000
60025  -21.328  -10.070  53.230 0.0000000000
58069  -21.615  -12.476  53.381 0.0000000000
56020  -22.115  -13.813  53.712 0.0000000000
57105  -22.859  -13.375  53.808 0.0000000000
147629  -23.671  -13.706  54.976 0.0000000000
137318  -34.615  -8.341  53.791 0.0000000000
64590  -34.737  -7.615  53.936 0.0000000000
60002  -33.749  -9.223  54.846 0.0000000000
60017  -34.373  -9.424  52.824 0.0000000000
61139  -34.865  -8.642  53.843 0.0000000000
152984  -41.201  3.122  33.889 0.0000000000
73166  -42.373  2.150  33.759 0.0000000000
74194  -42.286  2.742  33.219 0.0000000000
75280  -44.153  3.392  32.336 0.0000000000
75281  -45.042  3.421  32.117 0.0000000000
131529  -43.376  8.837  30.577 0.0000000000
81903  -43.413  9.431  29.430 0.0000000000
80724  -44.931  8.688  29.020 0.0000000000
80725  -45.925  8.566  29.233 0.0000000000
136150  -48.006  8.877  29.678 0.0000000000
79649  -47.099  8.172  27.858 0.0000000000
79650  -48.547  7.455  27.575 0.0000000000
78591  -50.177  6.525  27.724 0.0000000000
78617  -49.738  6.485  26.481 0.0000000000
136470  -48.958  7.757  25.392 0.0000000000
51758  -13.664  -18.974  57.633 0.0000000000
50779  -12.890  -19.423  57.174 0.0000000000
50753  -13.825  -19.312  59.152 0.0000000000
151094  -33.054  -5.704  52.215 0.0000000000
64618  -33.352  -6.126  50.651 0.0000000000
65746  -32.688  -5.484  51.493 0.0000000000
66788  -32.540  -4.718  50.123 0.0000000000
66804  -32.459  -3.938  49.626 0.0000000000
68981  -33.189  -2.676  44.476 0.0000000000
70035  -33.811  -2.149  43.078 0.0000000000
67970  -33.838  -3.432  41.839 0.0000000000
66914  -35.578  -4.291  41.753 0.0000000000
66904  -37.145  -4.027  42.273 0.0000000000
69031  -35.552  -2.964  40.007 0.0000000000
69060  -36.612  -1.978  38.803 0.0000000000
71122  -36.606  -0.793  37.946 0.0000000000
72142  -37.205  0.802  37.118 0.0000000000
74147  -36.706  2.076  37.962 0.0000000000
151350  -29.115  -11.376  53.620 0.0000000000
59015  -28.851  -10.956  55.093 0.0000000000
58040  -30.139  -11.995  55.884 0.0000000000
54913  -14.979  -15.103  54.906 0.0000000000
53862  -16.079  -16.382  55.356 0.0000000000
46735  -10.904  -23.626  59.368 0.0000000000
48766  -10.201  -22.356  60.022 0.0000000000
128599  -10.850  -24.253  59.793 0.0000000000
128600  -9.642  -24.203  61.154 0.0000000000
132300  -9.336  -24.873  61.220 0.0000000000
68922  -38.848  -2.940  50.201 0.0000000000
57067  -33.996  -13.530  56.242 0.0000000000
57054  -33.565  -13.469  57.135 0.0000000000
58038  -18.754  -11.701  55.577 0.0000000000
58057  -18.273  -12.708  54.364 0.0000000000
56004  -17.428  -14.141  54.083 0.0000000000
56005  -18.378  -14.519  53.943 0.0000000000
54918  -19.900  -15.859  54.589 0.0000000000
54901  -20.136  -15.382  56.175 0.0000000000
141351  -21.389  -14.679  54.796 0.0000000000
55979  -21.714  -14.801  56.450 0.0000000000
54876  -20.914  -14.932  58.382 0.0000000000
80829  -54.390  8.372  21.067 0.0000000000
63513  -38.660  -7.468  53.324 0.0000000000
64605  -38.354  -6.938  52.662 0.0000000000
63536  -38.143  -7.927  51.833 0.0000000000
63534  -36.725  -7.730  50.897 0.0000000000
64603  -34.353  -7.446  51.952 0.0000000000
64573  -35.102  -6.748  54.370 0.0000000000
65723  -34.516  -6.235  53.986 0.0000000000
65734  -33.424  -6.210  52.522 0.0000000000
66753  -33.061  -4.527  53.394 0.0000000000
60063  -23.707  -10.087  51.621 0.0000000000
60050  -24.879  -10.489  52.196 0.0000000000
61194  -25.218  -9.433  50.488 0.0000000000
61195  -26.148  -9.288  50.296 0.0000000000
61182  -27.879  -9.542  50.765 0.0000000000
63531  -27.984  -6.857  50.556 0.0000000000
152044  -28.858  -8.443  50.137 0.0000000000
60051  -29.368  -9.967  51.447 0.0000000000
59050  -29.937  -11.556  52.776 0.0000000000
58059  -30.381  -12.612  54.030 0.0000000000
58052  -31.923  -13.116  54.555 0.0000000000
61135  -31.428  -8.893  53.943 0.0000000000
60032  -31.878  -10.795  52.421 0.0000000000
149560  -32.583  -12.247  52.945 0.0000000000
57096  -33.373  -13.391  54.421 0.0000000000
57097  -34.149  -13.435  54.487 0.0000000000
58054  -35.958  -12.709  54.889 0.0000000000
134352  -36.734  -12.172  54.753 0.0000000000
60034  -35.371  -10.476  52.708 0.0000000000
59037  -36.401  -11.653  53.188 0.0000000000
60003  -37.794  -10.865  54.651 0.0000000000
61140  -38.575  -9.670  54.450 0.0000000000
62386  -38.626  -8.987  53.331 0.0000000000
62395  -22.985  -8.218  51.877 0.0000000000
73157  -44.875  1.573  34.168 0.0000000000
77442  -44.362  5.609  32.934 0.0000000000
135877  -44.669  5.581  32.445 0.0000000000
76372  -45.760  4.653  31.824 0.0000000000
79624  -44.389  7.671  31.014 0.0000000000
148934  -45.954  6.203  31.344 0.0000000000
141559  -47.537  4.876  30.969 0.0000000000
150490  -49.335  4.658  31.474 0.0000000000
135975  -54.808  7.354  23.871 0.0000000000
79694  -53.642  7.860  23.056 0.0000000000
80810  -52.782  8.385  22.805 0.0000000000
51742  -11.177  -19.112  59.302 0.0000000000
49765  -10.448  -20.696  58.183 0.0000000000
49766  -12.378  -21.119  57.890 0.0000000000
48776  -11.818  -21.564  57.836 0.0000000000
47831  -11.061  -22.339  58.419 0.0000000000
46729  -12.137  -23.863  59.991 0.0000000000
64604  -37.834  -6.296  52.065 0.0000000000
65749  -37.188  -5.522  51.693 0.0000000000
66774  -36.714  -4.659  51.551 0.0000000000
65760  -34.601  -5.301  50.036 0.0000000000
138037  -35.391  -4.506  50.387 0.0000000000
67833  -36.462  -3.629  51.127 0.0000000000
67844  -37.052  -3.085  50.906 0.0000000000
67856  -37.082  -2.981  49.852 0.0000000000
67874  -38.537  -3.136  48.711 0.0000000000
148336  -32.185  -2.990  48.938 0.0000000000
66829  -33.282  -3.857  47.714 0.0000000000
67917  -32.690  -3.558  45.234 0.0000000000
133380  -33.655  -4.298  45.986 0.0000000000
133976  -34.726  -4.057  47.031 0.0000000000
66831  -35.660  -3.972  47.068 0.0000000000
67891  -37.499  -3.719  47.345 0.0000000000
67959  -38.691  -3.247  42.039 0.0000000000
67961  -39.773  -3.083  43.161 0.0000000000
71125  -41.323  -0.179  38.307 0.0000000000
72144  -40.907  0.450  37.094 0.0000000000
73128  -40.725  1.522  35.848 0.0000000000
73125  -38.138  1.818  36.532 0.0000000000
73141  -39.409  2.308  35.722 0.0000000000
74182  -40.165  3.206  34.901 0.0000000000
76343  -40.340  4.732  34.761 0.0000000000
133809  -42.248  5.761  34.576 0.0000000000
60011  -25.682  -10.470  53.757 0.0000000000
59997  -26.211  -9.984  55.514 0.0000000000
59998  -28.104  -10.527  55.717 0.0000000000
156639  -12.476  -17.214  56.358 0.0000000000
54897  -13.481  -15.505  56.154 0.0000000000
52824  -13.410  -17.311  55.917 0.0000000000
51786  -13.576  -18.247  56.457 0.0000000000
51774  -14.634  -18.002  57.709 0.0000000000
54916  -17.854  -15.711  54.734 0.0000000000
54898  -17.472  -16.092  55.339 0.0000000000
140483  -17.590  -16.669  56.896 0.0000000000
44834  -10.839  -26.451  63.335 0.0000000000
43798  -10.012  -26.956  61.890 0.0000000000
45777  -8.871  -25.100  61.226 0.0000000000
64591  -38.622  -6.620  53.592 0.0000000000
59049  -23.949  -11.432  53.141 0.0000000000
59030  -24.521  -11.582  53.686 0.0000000000
60027  -24.598  -10.919  52.938 0.0000000000
60048  -23.284  -10.557  52.340 0.0000000000
150255  -23.777  -12.160  53.637 0.0000000000
77419  -43.472  5.770  34.761 0.0000000000
77432  -43.445  5.253  34.018 0.0000000000
83863  -45.227  11.258  27.444 0.0000000000
82931  -44.951  10.441  27.350 0.0000000000
82936  -45.477  10.088  26.789 0.0000000000
81937  -46.068  9.496  26.518 0.0000000000
82937  -46.127  10.369  26.302 0.0000000000
81945  -46.683  9.714  25.970 0.0000000000
72110  -35.634  0.169  40.017 0.0000000000
151872  -32.030  -13.209  55.287 0.0000000000
57078  -31.762  -13.119  55.944 0.0000000000
57074  -16.155  -13.104  55.065 0.0000000000
57088  -16.752  -13.200  54.488 0.0000000000
132948  -53.999  8.249  21.783 0.0000000000
80812  -54.885  8.051  21.828 0.0000000000
148925  -38.508  -4.082  52.536 0.0000000000
58993  -37.337  -11.461  56.366 0.0000000000
58992  -36.666  -12.038  56.723 0.0000000000
59027  -20.580  -11.199  53.803 0.0000000000
58068  -20.600  -12.151  53.629 0.0000000000
59012  -19.939  -11.476  54.252 0.0000000000
57103  -20.786  -13.705  53.435 0.0000000000
62398  -36.127  -9.130  51.670 0.0000000000
64614  -25.441  -6.617  51.127 0.0000000000
62383  -30.348  -7.924  52.852 0.0000000000
62397  -30.841  -8.771  52.172 0.0000000000
61153  -31.444  -9.223  52.661 0.0000000000
60000  -32.577  -9.461  54.675 0.0000000000
59020  -34.054  -11.058  52.714 0.0000000000
60016  -33.921  -9.719  52.680 0.0000000000
60055  -36.282  -10.164  52.330 0.0000000000
61169  -36.798  -9.910  51.949 0.0000000000
61170  -37.825  -9.715  52.317 0.0000000000
73130  -42.251  1.575  36.299 0.0000000000
73143  -41.892  1.812  35.381 0.0000000000
74220  -46.544  2.688  31.605 0.0000000000
74209  -46.980  2.276  32.095 0.0000000000
75292  -47.833  3.413  31.122 0.0000000000
81870  -43.519  9.911  32.979 0.0000000000
79597  -43.778  8.117  32.612 0.0000000000
80697  -43.433  8.629  32.113 0.0000000000
80719  -46.312  8.608  30.075 0.0000000000
80707  -46.616  8.633  30.769 0.0000000000
148377  -47.218  8.585  31.132 0.0000000000
51783  -11.655  -18.351  56.766 0.0000000000
50787  -11.873  -18.797  56.737 0.0000000000
64620  -34.854  -7.214  50.630 0.0000000000
64635  -35.851  -6.514  50.515 0.0000000000
64619  -33.994  -6.627  50.670 0.0000000000
66806  -34.004  -4.378  49.181 0.0000000000
67853  -34.585  -3.870  48.883 0.0000000000
154848  -34.411  -3.896  48.266 0.0000000000
132482  -35.918  -4.647  43.121 0.0000000000
130297  -35.786  -4.762  43.919 0.0000000000
66890  -36.481  -4.580  43.690 0.0000000000
66875  -36.644  -4.592  44.511 0.0000000000
66891  -37.319  -4.409  43.873 0.0000000000
66877  -38.174  -4.286  44.384 0.0000000000
137091  -37.469  -4.070  43.115 0.0000000000
70108  -38.228  -1.697  38.469 0.0000000000
154171  -38.844  -2.107  39.598 0.0000000000
70096  -39.035  -1.892  39.052 0.0000000000
132961  -39.835  -1.889  39.176 0.0000000000
156275  -38.969  -1.605  38.461 0.0000000000
71124  -39.865  -0.828  37.894 0.0000000000
71133  -38.188  -0.432  37.329 0.0000000000
61152  -27.339  -10.006  53.657 0.0000000000
53849  -16.206  -16.652  56.175 0.0000000000
52797  -16.043  -17.338  57.661 0.0000000000
54888  -19.455  -15.624  57.135 0.0000000000
152476  -10.384  -20.804  59.405 0.0000000000
49738  -10.531  -20.769  60.204 0.0000000000
66756  -38.077  -4.658  52.977 0.0000000000
57063  -24.208  -13.389  56.117 0.0000000000
149594  -24.498  -12.865  55.641 0.0000000000
59001  -24.698  -12.001  55.524 0.0000000000
59980  -24.906  -10.804  56.565 0.0000000000
61125  -38.743  -9.620  55.113 0.0000000000
132208  -38.851  -9.487  55.843 0.0000000000
63496  -21.834  -6.784  53.559 0.0000000000
62382  -21.660  -8.361  52.934 0.0000000000
144617  -22.018  -9.970  52.922 0.0000000000
60026  -22.155  -10.807  53.032 0.0000000000
59029  -21.955  -11.631  53.307 0.0000000000
58070  -22.516  -12.239  53.331 0.0000000000
138144  -22.329  -13.044  53.482 0.0000000000
57094  -23.928  -13.159  54.604 0.0000000000
57093  -23.306  -13.580  54.381 0.0000000000
57062  -23.743  -13.931  56.692 0.0000000000
63499  -35.221  -7.860  54.235 0.0000000000
61122  -34.375  -9.019  54.894 0.0000000000
62366  -36.157  -8.373  55.167 0.0000000000
75261  -41.054  3.740  33.997 0.0000000000
74193  -41.665  2.637  33.729 0.0000000000
75269  -41.768  3.520  33.412 0.0000000000
76361  -43.267  4.358  32.820 0.0000000000
75279  -43.117  3.558  32.614 0.0000000000
148984  -43.577  3.945  32.535 0.0000000000
76363  -44.761  4.069  32.370 0.0000000000
82894  -43.267  10.098  30.596 0.0000000000
82906  -43.402  10.227  29.611 0.0000000000
81920  -44.530  9.362  28.045 0.0000000000
80740  -44.279  9.030  28.601 0.0000000000
80741  -44.997  9.025  28.166 0.0000000000
80742  -45.711  8.730  28.299 0.0000000000
133478  -46.492  8.451  28.573 0.0000000000
80759  -46.375  8.426  27.486 0.0000000000
79656  -47.533  7.814  26.613 0.0000000000
134833  -47.700  7.698  27.254 0.0000000000
78589  -48.993  6.925  27.139 0.0000000000
78605  -49.591  6.553  27.138 0.0000000000
78606  -50.322  6.139  26.896 0.0000000000
79658  -49.150  6.853  26.591 0.0000000000
81947  -47.977  9.299  25.264 0.0000000000
142627  -48.408  8.484  25.238 0.0000000000
66761  -32.820  -4.954  52.489 0.0000000000
66760  -32.253  -4.542  51.861 0.0000000000
67832  -31.888  -3.410  51.172 0.0000000000
139728  -34.334  -1.668  40.753 0.0000000000
70065  -33.887  -2.245  41.399 0.0000000000
69016  -34.115  -3.015  41.292 0.0000000000
67971  -34.433  -3.694  41.523 0.0000000000
67981  -34.913  -3.340  40.700 0.0000000000
66925  -35.707  -3.897  41.051 0.0000000000
143207  -34.930  -2.630  40.120 0.0000000000
70105  -35.355  -0.857  38.732 0.0000000000
70095  -35.672  -1.759  38.969 0.0000000000
152989  -35.915  -0.624  38.282 0.0000000000
70106  -36.126  -1.263  38.438 0.0000000000
71131  -36.162  -0.085  37.943 0.0000000000
72141  -36.470  0.698  37.681 0.0000000000
73096  -36.347  1.480  38.209 0.0000000000
74116  -37.115  2.756  39.090 0.0000000000
59032  -29.568  -11.848  53.475 0.0000000000
59016  -29.316  -11.736  54.320 0.0000000000
58049  -30.001  -12.290  54.773 0.0000000000
57064  -31.345  -12.968  56.771 0.0000000000
58027  -30.694  -12.497  57.243 0.0000000000
54928  -15.611  -14.487  54.722 0.0000000000
54914  -15.955  -15.593  54.815 0.0000000000
53863  -16.689  -16.141  55.124 0.0000000000
45799  -11.282  -24.038  59.572 0.0000000000
156944  -10.543  -23.742  59.767 0.0000000000
128596  -11.130  -24.623  60.095 0.0000000000
44851  -10.964  -25.743  61.567 0.0000000000
129098  -10.450  -25.023  60.787 0.0000000000
44864  -10.077  -25.997  61.347 0.0000000000
68891  -38.737  -3.328  51.786 0.0000000000
154729  -39.137  -3.094  51.361 0.0000000000
68905  -39.527  -2.986  50.914 0.0000000000
149711  -34.763  -13.388  56.116 0.0000000000
58030  -34.581  -13.318  56.998 0.0000000000
129799  -18.897  -12.199  54.553 0.0000000000
58047  -18.220  -12.188  55.250 0.0000000000
57090  -18.370  -13.564  53.890 0.0000000000
149793  -20.271  -15.739  55.123 0.0000000000
142984  -22.265  -14.362  54.883 0.0000000000
56008  -21.824  -14.375  54.115 0.0000000000
55966  -22.513  -14.652  57.855 0.0000000000
54890  -21.567  -14.871  57.440 0.0000000000
142704  -38.654  -8.276  53.223 0.0000000000
141741  -38.440  -7.873  52.416 0.0000000000
62411  -38.303  -8.402  52.063 0.0000000000
63523  -35.782  -8.458  51.444 0.0000000000
63522  -35.416  -7.872  50.979 0.0000000000
64574  -35.894  -7.217  54.422 0.0000000000
66755  -34.432  -5.439  54.307 0.0000000000
65722  -33.909  -5.786  53.489 0.0000000000
64588  -33.941  -6.682  53.016 0.0000000000
66762  -33.316  -5.363  53.051 0.0000000000
61179  -24.291  -9.549  50.890 0.0000000000
152310  -24.743  -8.743  50.454 0.0000000000
62425  -26.275  -7.720  49.738 0.0000000000
62416  -25.520  -8.455  49.994 0.0000000000
62417  -26.569  -8.552  49.772 0.0000000000
61196  -27.173  -9.194  50.123 0.0000000000
62418  -27.508  -8.416  49.732 0.0000000000
62408  -29.826  -8.471  50.955 0.0000000000
63547  -29.295  -7.899  50.483 0.0000000000
62420  -29.357  -8.481  50.453 0.0000000000
61183  -28.945  -9.161  50.613 0.0000000000
60031  -29.388  -11.241  52.877 0.0000000000
60052  -29.961  -10.854  52.030 0.0000000000
59052  -31.230  -11.147  52.111 0.0000000000
59051  -30.551  -11.439  52.375 0.0000000000
58072  -31.014  -12.613  53.374 0.0000000000
58060  -31.156  -12.838  54.287 0.0000000000
58073  -31.835  -12.832  53.644 0.0000000000
59999  -32.082  -9.465  54.632 0.0000000000
61121  -31.672  -9.391  55.416 0.0000000000
61136  -31.751  -9.267  54.378 0.0000000000
61154  -31.885  -9.576  53.082 0.0000000000
59019  -33.270  -11.504  52.862 0.0000000000
58061  -32.767  -12.991  53.800 0.0000000000
58064  -35.525  -12.594  53.804 0.0000000000
58053  -35.055  -13.226  54.599 0.0000000000
59021  -36.356  -12.285  53.954 0.0000000000
59038  -37.214  -11.197  53.322 0.0000000000
59022  -37.170  -11.637  54.089 0.0000000000
60018  -37.655  -10.751  53.842 0.0000000000
60019  -38.194  -10.217  54.161 0.0000000000
61187  -38.235  -9.013  52.074 0.0000000000
64612  -23.985  -7.278  51.564 0.0000000000
63519  -23.357  -7.339  52.013 0.0000000000
63529  -23.660  -7.987  51.365 0.0000000000
62406  -23.447  -9.067  51.398 0.0000000000
72132  -42.340  0.789  38.372 0.0000000000
130865  -43.933  2.066  36.927 0.0000000000
73167  -43.188  1.843  33.778 0.0000000000
152549  -43.431  1.735  34.483 0.0000000000
73156  -43.979  1.572  33.905 0.0000000000
139529  -45.077  6.707  33.627 0.0000000000
78524  -44.751  5.940  33.622 0.0000000000
78531  -44.483  6.811  32.876 0.0000000000
78537  -44.543  6.706  32.323 0.0000000000
77457  -45.041  5.403  32.011 0.0000000000
80717  -43.950  8.249  30.369 0.0000000000
80705  -43.517  8.331  31.226 0.0000000000
78545  -46.431  6.828  31.215 0.0000000000
154660  -45.547  6.900  31.202 0.0000000000
137620  -46.829  5.773  31.238 0.0000000000
144987  -48.204  4.947  30.939 0.0000000000
137619  -47.835  5.705  31.117 0.0000000000
80744  -48.290  8.525  28.974 0.0000000000
78608  -51.954  5.795  26.241 0.0000000000
78621  -53.389  6.475  25.319 0.0000000000
78622  -54.179  6.564  25.623 0.0000000000
79677  -54.311  7.127  24.147 0.0000000000
79683  -52.817  7.751  23.470 0.0000000000
79684  -53.718  7.423  23.615 0.0000000000
51770  -10.738  -19.087  57.798 0.0000000000
51756  -10.829  -19.105  58.465 0.0000000000
50765  -10.475  -19.794  58.104 0.0000000000
50751  -10.727  -19.701  58.986 0.0000000000
49767  -12.953  -20.484  58.340 0.0000000000
50766  -12.539  -20.181  57.579 0.0000000000
48771  -12.290  -22.003  58.351 0.0000000000
47832  -11.682  -22.325  58.328 0.0000000000
47824  -12.043  -22.864  58.846 0.0000000000
46736  -11.833  -23.650  59.449 0.0000000000
47817  -12.396  -23.013  59.753 0.0000000000
140577  -12.073  -23.355  62.159 0.0000000000
64622  -38.007  -7.254  51.828 0.0000000000
64633  -34.050  -6.075  50.255 0.0000000000
66773  -36.014  -4.395  51.120 0.0000000000
67843  -36.222  -3.324  50.469 0.0000000000
132180  -36.940  -3.103  48.776 0.0000000000
129941  -37.721  -2.984  48.954 0.0000000000
67888  -32.265  -2.428  47.486 0.0000000000
67851  -32.147  -2.600  48.350 0.0000000000
67889  -32.328  -3.097  47.786 0.0000000000
66828  -32.692  -3.599  48.143 0.0000000000
146194  -32.717  -3.436  47.336 0.0000000000
68989  -32.878  -3.293  44.020 0.0000000000
68980  -32.768  -3.145  44.864 0.0000000000
66886  -32.809  -4.185  44.204 0.0000000000
130299  -34.890  -4.678  45.085 0.0000000000
66858  -33.204  -4.386  45.285 0.0000000000
149506  -34.415  -4.343  46.249 0.0000000000
66845  -33.738  -4.056  46.826 0.0000000000
66846  -35.269  -4.307  46.340 0.0000000000
67905  -37.596  -4.030  46.701 0.0000000000
67906  -38.352  -3.913  47.097 0.0000000000
67892  -38.989  -3.688  47.939 0.0000000000
67907  -39.207  -4.110  47.184 0.0000000000
67918  -39.882  -4.073  45.204 0.0000000000
67973  -37.249  -3.737  41.330 0.0000000000
67958  -37.863  -3.594  41.916 0.0000000000
67974  -38.120  -3.210  41.249 0.0000000000
134182  -39.680  -2.354  41.156 0.0000000000
69003  -39.544  -2.901  42.415 0.0000000000
69004  -40.293  -2.635  42.784 0.0000000000
70098  -40.982  -1.252  39.693 0.0000000000
70082  -41.414  -1.206  40.522 0.0000000000
71113  -41.670  -0.629  39.706 0.0000000000
71126  -41.877  0.046  38.907 0.0000000000
71145  -39.523  0.250  36.815 0.0000000000
71146  -40.268  0.430  36.803 0.0000000000
72162  -40.722  0.957  36.444 0.0000000000
145876  -40.128  1.321  36.047 0.0000000000
73112  -37.427  1.625  36.936 0.0000000000
72159  -38.039  0.960  36.619 0.0000000000
74161  -37.734  2.398  36.885 0.0000000000
76328  -38.881  4.268  36.317 0.0000000000
74171  -38.957  2.762  35.973 0.0000000000
75251  -39.024  3.604  35.851 0.0000000000
74172  -39.495  3.044  35.393 0.0000000000
75252  -39.740  3.945  35.137 0.0000000000
75260  -40.483  3.875  34.552 0.0000000000
76336  -39.769  4.890  35.276 0.0000000000
150802  -41.051  5.947  35.268 0.0000000000
61164  -25.668  -10.252  52.303 0.0000000000
60028  -25.342  -10.562  52.944 0.0000000000
61150  -25.984  -10.191  53.205 0.0000000000
149442  -26.682  -9.901  54.116 0.0000000000
61133  -26.129  -9.981  54.052 0.0000000000
61119  -26.468  -9.927  54.735 0.0000000000
150420  -26.638  -9.949  55.983 0.0000000000
59003  -28.958  -10.955  56.015 0.0000000000
57040  -33.084  -13.229  57.912 0.0000000000
53845  -12.088  -17.140  56.735 0.0000000000
53846  -12.669  -16.667  56.455 0.0000000000
55976  -13.965  -15.155  55.618 0.0000000000
55963  -13.879  -14.932  56.310 0.0000000000
54911  -13.746  -15.914  55.488 0.0000000000
53859  -13.631  -16.647  55.667 0.0000000000
52809  -13.857  -17.665  55.997 0.0000000000
51773  -13.976  -18.462  57.163 0.0000000000
54931  -18.197  -15.272  54.283 0.0000000000
54930  -17.154  -15.031  54.320 0.0000000000
54887  -18.694  -16.055  56.619 0.0000000000
53851  -17.935  -16.306  56.287 0.0000000000
80844  -53.799  8.744  20.306 0.0000000000
43781  -10.302  -27.700  62.762 0.0000000000
44849  -9.304  -26.484  61.333 0.0000000000
58048  -24.507  -12.708  54.951 0.0000000000
59014  -25.237  -11.046  54.225 0.0000000000
62377  -39.006  -8.598  54.568 0.0000000000
149892  -22.738  -9.026  51.916 0.0000000000
134102  -22.233  -9.334  52.498 0.0000000000
60047  -22.866  -10.934  52.767 0.0000000000
58080  -23.065  -11.921  53.229 0.0000000000
143206  -23.108  -12.565  53.496 0.0000000000
58071  -23.439  -11.865  53.345 0.0000000000
77440  -42.080  4.480  33.478 0.0000000000
76352  -42.855  4.690  33.429 0.0000000000
82919  -43.758  10.262  28.650 0.0000000000
82920  -44.304  10.312  28.002 0.0000000000
81929  -44.590  9.833  27.710 0.0000000000
80764  -46.133  8.786  26.884 0.0000000000
80765  -46.820  8.239  26.727 0.0000000000
80766  -47.303  8.222  26.132 0.0000000000
80767  -48.074  7.751  25.915 0.0000000000
81946  -47.255  9.023  25.731 0.0000000000
67828  -31.934  -3.475  52.026 0.0000000000
68902  -31.968  -2.926  50.562 0.0000000000
70080  -34.832  -1.158  40.201 0.0000000000
70079  -34.709  -1.965  40.012 0.0000000000
71112  -35.175  -0.659  39.554 0.0000000000
73080  -36.140  1.545  39.040 0.0000000000
73068  -36.406  1.543  40.053 0.0000000000
138141  -30.674  -12.681  54.741 0.0000000000
58050  -30.657  -12.532  55.490 0.0000000000
130675  -31.169  -12.776  55.970 0.0000000000
57052  -31.948  -13.196  57.283 0.0000000000
153168  -54.884  7.659  23.044 0.0000000000
79696  -55.389  7.747  22.663 0.0000000000
129105  -11.953  -24.300  61.829 0.0000000000
128595  -11.392  -24.952  60.865 0.0000000000
129469  -11.558  -25.252  62.051 0.0000000000
44835  -11.131  -25.860  62.586 0.0000000000
68903  -37.846  -3.158  51.345 0.0000000000
134171  -35.887  -12.807  55.846 0.0000000000
58043  -36.055  -12.561  56.598 0.0000000000
58980  -36.962  -11.569  57.317 0.0000000000
58968  -37.283  -11.023  57.897 0.0000000000
61148  -20.771  -9.207  53.809 0.0000000000
61132  -20.292  -9.673  54.597 0.0000000000
59995  -19.789  -10.113  55.284 0.0000000000
58058  -19.648  -12.234  53.918 0.0000000000
56017  -20.007  -13.965  53.602 0.0000000000
56007  -21.034  -14.756  54.069 0.0000000000
55980  -23.061  -14.421  56.439 0.0000000000
148241  -22.402  -14.644  56.248 0.0000000000
62410  -37.930  -8.405  51.708 0.0000000000
63530  -24.327  -7.591  50.936 0.0000000000
62415  -24.803  -7.949  50.348 0.0000000000
63542  -25.058  -7.160  50.621 0.0000000000
64631  -25.865  -6.789  50.425 0.0000000000
64632  -26.869  -6.684  50.404 0.0000000000
63520  -28.942  -7.209  51.999 0.0000000000
61185  -30.460  -9.108  51.310 0.0000000000
60065  -30.354  -9.929  51.452 0.0000000000
61168  -31.014  -9.690  51.766 0.0000000000
144845  -32.429  -9.509  53.748 0.0000000000
58074  -34.116  -12.128  53.206 0.0000000000
58075  -34.799  -11.942  53.262 0.0000000000
59036  -35.507  -11.758  53.189 0.0000000000
61156  -35.211  -9.597  52.729 0.0000000000
60037  -38.050  -10.110  53.424 0.0000000000
60057  -37.860  -10.026  52.888 0.0000000000
72163  -41.570  1.040  36.879 0.0000000000
72147  -42.708  1.404  37.814 0.0000000000
73131  -43.021  1.890  36.121 0.0000000000
132047  -43.721  1.988  35.996 0.0000000000
73178  -44.626  1.909  32.717 0.0000000000
73170  -45.380  1.596  33.398 0.0000000000
73179  -45.741  1.832  32.722 0.0000000000
80691  -44.178  8.247  33.234 0.0000000000
150225  -44.140  7.615  32.877 0.0000000000
79613  -44.197  7.300  31.648 0.0000000000
149943  -44.832  8.072  30.372 0.0000000000
79625  -45.750  8.207  30.463 0.0000000000
78547  -48.234  6.622  31.456 0.0000000000
79617  -47.706  7.705  31.327 0.0000000000
137293  -48.703  7.702  31.541 0.0000000000
79665  -50.444  6.906  25.130 0.0000000000
78620  -51.975  6.353  25.280 0.0000000000
79666  -51.255  6.879  24.786 0.0000000000
79667  -51.965  6.947  24.629 0.0000000000
78629  -53.140  6.764  24.650 0.0000000000
79675  -52.454  7.250  24.215 0.0000000000
80787  -51.875  8.052  23.655 0.0000000000
52780  -11.361  -17.764  57.690 0.0000000000
51771  -11.145  -18.597  57.302 0.0000000000
49779  -11.205  -20.031  57.310 0.0000000000
48760  -12.572  -22.309  60.884 0.0000000000
65761  -35.580  -5.483  50.405 0.0000000000
66789  -33.093  -5.120  49.831 0.0000000000
66790  -34.004  -4.879  49.692 0.0000000000
67842  -35.515  -3.629  50.192 0.0000000000
67854  -35.045  -3.670  49.676 0.0000000000
68961  -32.492  -2.631  46.618 0.0000000000
66900  -33.581  -4.281  42.923 0.0000000000
66887  -33.126  -4.328  43.653 0.0000000000
66888  -33.952  -4.762  43.653 0.0000000000
132483  -34.890  -4.846  44.212 0.0000000000
134237  -35.585  -4.503  45.607 0.0000000000
66847  -36.158  -4.283  46.254 0.0000000000
66860  -36.411  -4.489  45.398 0.0000000000
66861  -37.106  -4.491  45.218 0.0000000000
66862  -38.308  -4.466  45.169 0.0000000000
66878  -38.978  -4.199  44.800 0.0000000000
67930  -38.799  -3.903  44.020 0.0000000000
69032  -37.767  -2.714  39.904 0.0000000000
67984  -38.154  -2.873  40.539 0.0000000000
69033  -38.670  -2.388  40.104 0.0000000000
69034  -39.372  -2.309  40.514 0.0000000000
69019  -40.277  -1.979  41.274 0.0000000000
69035  -40.098  -1.979  40.534 0.0000000000
70097  -40.308  -1.795  39.734 0.0000000000
70110  -40.468  -1.485  39.005 0.0000000000
129842  -40.708  -0.533  38.050 0.0000000000
71134  -39.229  -0.437  37.278 0.0000000000
75229  -38.178  3.751  37.441 0.0000000000
75241  -38.132  3.107  36.829 0.0000000000
76314  -38.709  4.432  37.020 0.0000000000
76329  -39.166  4.949  36.550 0.0000000000
77416  -39.649  5.409  35.977 0.0000000000
61165  -26.506  -10.005  52.433 0.0000000000
61134  -27.290  -9.991  54.465 0.0000000000
53861  -15.051  -16.146  54.988 0.0000000000
53860  -14.238  -16.361  55.284 0.0000000000
52826  -14.699  -16.756  55.391 0.0000000000
52810  -14.737  -17.244  56.049 0.0000000000
52796  -15.124  -17.474  57.186 0.0000000000
156078  -19.096  -16.038  55.332 0.0000000000
156875  -18.670  -15.950  57.441 0.0000000000
57050  -23.718  -13.695  57.536 0.0000000000
58024  -23.923  -12.902  57.618 0.0000000000
58008  -23.871  -12.184  58.070 0.0000000000
58025  -24.156  -12.102  57.126 0.0000000000
58988  -24.571  -11.613  56.389 0.0000000000
59988  -38.005  -10.718  55.661 0.0000000000
59972  -37.977  -10.674  56.716 0.0000000000
61149  -21.485  -9.217  53.116 0.0000000000
59028  -21.262  -10.954  53.359 0.0000000000
148308  -21.213  -11.690  53.479 0.0000000000
57104  -21.532  -13.421  53.454 0.0000000000
57092  -22.598  -13.979  54.246 0.0000000000
56009  -23.090  -14.092  54.946 0.0000000000
57076  -23.606  -14.009  55.728 0.0000000000
61137  -33.889  -8.968  53.748 0.0000000000
61138  -34.366  -8.687  53.822 0.0000000000
61123  -34.977  -8.703  54.796 0.0000000000
74184  -41.138  2.617  34.329 0.0000000000
73154  -41.791  2.142  34.440 0.0000000000
74195  -42.982  2.290  33.168 0.0000000000
75270  -42.464  3.351  32.947 0.0000000000
74204  -42.804  2.895  32.804 0.0000000000
74205  -43.507  2.669  32.615 0.0000000000
74206  -44.389  2.397  32.442 0.0000000000
74218  -45.030  2.831  32.035 0.0000000000
75290  -45.647  3.186  31.704 0.0000000000
81885  -43.271  9.110  31.436 0.0000000000
133115  -43.239  9.482  30.838 0.0000000000
81895  -43.265  9.442  30.087 0.0000000000
80716  -43.582  8.902  29.754 0.0000000000
148337  -43.544  9.683  28.937 0.0000000000
80722  -43.711  9.153  29.008 0.0000000000
80723  -44.060  8.668  29.369 0.0000000000
80726  -46.960  8.711  29.683 0.0000000000
81896  -47.727  9.024  30.372 0.0000000000
80743  -47.404  8.421  28.868 0.0000000000
137542  -48.550  8.018  28.383 0.0000000000
79634  -47.854  7.969  28.110 0.0000000000
79635  -49.180  7.719  28.265 0.0000000000
78607  -51.142  5.874  26.654 0.0000000000
78618  -50.279  6.373  25.988 0.0000000000
79663  -48.809  7.291  26.076 0.0000000000
79664  -49.571  7.004  25.725 0.0000000000
147966  -49.938  7.883  24.803 0.0000000000
51772  -13.284  -18.803  56.856 0.0000000000
50767  -13.432  -19.606  58.191 0.0000000000
65747  -33.265  -6.252  51.417 0.0000000000
156498  -32.937  -5.968  50.998 0.0000000000
65758  -32.791  -5.538  50.551 0.0000000000
65745  -32.222  -4.820  50.939 0.0000000000
66805  -32.962  -4.367  49.440 0.0000000000
152207  -33.463  -4.321  49.060 0.0000000000
68990  -33.243  -2.756  43.542 0.0000000000
69002  -33.267  -2.852  42.636 0.0000000000
70051  -34.047  -1.762  42.246 0.0000000000
69015  -33.526  -2.920  41.866 0.0000000000
67956  -33.423  -3.558  42.510 0.0000000000
67957  -34.010  -4.035  42.172 0.0000000000
66902  -35.319  -4.583  42.501 0.0000000000
66903  -36.184  -4.418  42.340 0.0000000000
66915  -36.412  -4.103  41.547 0.0000000000
67982  -36.514  -3.713  40.789 0.0000000000
67994  -36.426  -3.225  40.121 0.0000000000
69046  -35.282  -2.263  39.571 0.0000000000
69047  -36.243  -2.572  39.446 0.0000000000
67995  -37.035  -2.975  39.761 0.0000000000
69048  -37.243  -2.465  39.290 0.0000000000
70107  -37.117  -1.507  38.311 0.0000000000
71132  -37.050  -0.137  37.371 0.0000000000
73111  -36.796  1.511  37.508 0.0000000000
74148  -37.160  2.239  37.449 0.0000000000
74115  -36.586  2.179  38.635 0.0000000000
74133  -37.167  2.711  38.172 0.0000000000
145792  -37.723  3.347  38.024 0.0000000000
75214  -38.159  3.955  38.398 0.0000000000
76300  -39.455  5.080  38.380 0.0000000000
138000  -28.721  -10.818  53.274 0.0000000000
60013  -28.735  -10.893  54.197 0.0000000000
59004  -29.503  -11.547  55.413 0.0000000000
58991  -29.575  -11.448  56.392 0.0000000000
58026  -30.171  -11.926  56.829 0.0000000000
55989  -14.429  -14.831  55.259 0.0000000000
55990  -14.901  -14.146  55.209 0.0000000000
54865  -20.119  -15.091  58.956 0.0000000000
156726  -10.386  -22.427  59.286 0.0000000000
128603  -10.455  -23.091  59.517 0.0000000000
140568  -10.163  -23.203  60.223 0.0000000000
129262  -9.876  -23.275  61.165 0.0000000000
129445  -10.823  -24.666  60.250 0.0000000000
128597  -10.294  -24.177  60.347 0.0000000000
128605  -9.444  -23.209  61.990 0.0000000000
129013  -9.140  -23.795  61.740 0.0000000000
150776  -44.904  8.204  33.627 0.0000000000
81872  -44.575  9.080  33.618 0.0000000000
81871  -43.983  9.899  33.456 0.0000000000
82871  -43.743  10.628  33.183 0.0000000000
67857  -39.116  -3.007  49.310 0.0000000000
57066  -33.069  -13.593  56.419 0.0000000000
58046  -17.669  -12.559  54.894 0.0000000000
57089  -17.540  -13.077  54.298 0.0000000000
54932  -19.186  -15.387  54.144 0.0000000000
56006  -19.189  -14.330  53.756 0.0000000000
54900  -19.706  -16.019  55.178 0.0000000000
54889  -20.466  -15.111  57.329 0.0000000000
56019  -21.369  -14.188  53.646 0.0000000000
55993  -21.922  -14.662  55.627 0.0000000000
54919  -20.941  -14.964  55.646 0.0000000000
54902  -20.918  -14.965  56.622 0.0000000000
80828  -53.581  8.665  21.184 0.0000000000
63535  -37.585  -7.688  51.452 0.0000000000
64589  -34.421  -7.026  53.551 0.0000000000
67821  -33.320  -4.239  54.212 0.0000000000
60064  -24.406  -10.291  51.567 0.0000000000
61180  -25.186  -10.147  51.315 0.0000000000
145669  -25.856  -9.838  50.920 0.0000000000
61181  -26.727  -9.790  51.138 0.0000000000
61166  -27.613  -9.914  51.929 0.0000000000
61167  -28.507  -10.197  51.903 0.0000000000
64615  -26.619  -6.384  51.457 0.0000000000
63545  -27.752  -7.095  49.940 0.0000000000
63532  -28.817  -7.303  50.920 0.0000000000
63546  -28.546  -7.517  50.138 0.0000000000
62419  -28.389  -8.050  49.755 0.0000000000
61197  -28.180  -8.835  50.076 0.0000000000
130811  -28.480  -9.792  51.283 0.0000000000
60030  -29.018  -10.640  52.316 0.0000000000
59033  -30.256  -12.167  53.188 0.0000000000
62384  -30.950  -8.392  53.370 0.0000000000
59035  -31.845  -12.124  52.618 0.0000000000
57095  -32.663  -13.401  54.874 0.0000000000
57080  -33.474  -13.582  55.361 0.0000000000
57081  -34.482  -13.511  55.368 0.0000000000
57082  -35.284  -13.210  55.531 0.0000000000
60004  -38.353  -10.200  54.919 0.0000000000
61157  -38.450  -9.601  53.695 0.0000000000
61158  -38.762  -9.129  54.086 0.0000000000
62387  -38.807  -8.603  53.832 0.0000000000
63514  -38.934  -7.969  53.965 0.0000000000
149430  -22.383  -6.875  52.990 0.0000000000
63518  -22.642  -7.456  52.460 0.0000000000
73097  -43.581  1.841  37.985 0.0000000000
73155  -42.640  1.913  34.636 0.0000000000
73145  -43.255  1.848  35.293 0.0000000000
73146  -44.159  1.735  35.020 0.0000000000
139348  -44.052  5.409  33.763 0.0000000000
77449  -43.936  4.847  32.757 0.0000000000
76371  -44.499  4.823  32.467 0.0000000000
147492  -45.483  3.937  32.023 0.0000000000
76373  -46.310  3.801  31.521 0.0000000000
80706  -43.893  7.821  31.198 0.0000000000
79614  -44.780  6.993  31.349 0.0000000000
142731  -45.181  7.598  30.881 0.0000000000
78544  -45.223  6.213  31.533 0.0000000000
139949  -45.889  5.489  31.574 0.0000000000
141306  -46.633  4.758  31.384 0.0000000000
76374  -47.256  4.015  31.028 0.0000000000
75293  -48.845  3.739  31.386 0.0000000000
77458  -48.755  5.488  31.312 0.0000000000
79686  -55.284  7.488  23.562 0.0000000000
79685  -54.446  7.525  23.402 0.0000000000
80811  -53.503  8.249  22.373 0.0000000000
81972  -52.792  8.864  22.218 0.0000000000
51729  -11.226  -19.524  59.916 0.0000000000
49751  -10.434  -20.386  58.813 0.0000000000
131093  -10.376  -21.183  58.781 0.0000000000
50778  -11.915  -19.572  57.059 0.0000000000
48781  -11.818  -20.618  57.526 0.0000000000
49752  -12.708  -21.242  58.488 0.0000000000
48780  -11.232  -20.933  57.655 0.0000000000
48775  -11.213  -21.733  57.924 0.0000000000
48774  -10.625  -21.576  58.195 0.0000000000
48770  -10.484  -22.061  58.745 0.0000000000
47823  -11.416  -23.137  58.992 0.0000000000
47812  -12.347  -23.323  60.748 0.0000000000
129681  -12.182  -23.598  61.456 0.0000000000
128602  -11.967  -24.146  60.742 0.0000000000
65735  -37.683  -5.308  52.629 0.0000000000
66764  -37.339  -4.549  52.168 0.0000000000
66763  -36.831  -4.010  51.711 0.0000000000
67834  -37.315  -3.532  51.540 0.0000000000
68921  -37.889  -2.904  50.530 0.0000000000
134478  -38.188  -2.896  49.553 0.0000000000
69966  -32.355  -1.773  49.191 0.0000000000
68920  -32.152  -2.454  49.088 0.0000000000
67852  -32.141  -3.161  49.674 0.0000000000
148102  -32.361  -3.445  49.127 0.0000000000
66816  -32.672  -3.776  48.910 0.0000000000
66817  -33.092  -3.993  48.628 0.0000000000
68970  -32.633  -2.903  45.743 0.0000000000
67904  -32.605  -3.248  46.081 0.0000000000
66873  -33.161  -4.512  44.367 0.0000000000
66857  -32.786  -3.858  45.633 0.0000000000
66843  -32.777  -3.509  46.476 0.0000000000
146154  -33.129  -3.709  46.899 0.0000000000
66830  -34.165  -3.966  47.713 0.0000000000
66819  -34.988  -3.754  47.946 0.0000000000
67890  -35.968  -3.502  47.834 0.0000000000
66832  -36.718  -3.915  47.017 0.0000000000
129641  -36.873  -3.410  47.891 0.0000000000
67873  -37.859  -3.356  48.064 0.0000000000
145308  -39.278  -3.352  48.654 0.0000000000
132753  -39.828  -4.426  46.084 0.0000000000
67944  -38.692  -3.714  43.353 0.0000000000
67945  -39.335  -3.527  43.588 0.0000000000
156003  -38.728  -2.977  41.488 0.0000000000
67960  -39.015  -3.323  42.895 0.0000000000
72131  -41.703  0.368  38.054 0.0000000000
71136  -41.084  0.058  37.694 0.0000000000
72145  -41.464  0.561  37.456 0.0000000000
136439  -41.217  1.745  35.552 0.0000000000
72143  -37.772  0.262  37.002 0.0000000000
139823  -38.634  1.429  36.335 0.0000000000
74162  -38.386  2.534  36.440 0.0000000000
73126  -38.793  2.050  36.124 0.0000000000
73127  -39.364  1.531  36.061 0.0000000000
131881  -40.015  1.854  35.648 0.0000000000
74173  -40.015  2.528  35.254 0.0000000000
74183  -40.628  2.606  34.858 0.0000000000
145438  -40.744  3.202  34.393 0.0000000000
76344  -40.967  4.529  34.233 0.0000000000
77417  -40.405  5.633  35.374 0.0000000000
77430  -41.145  5.470  34.681 0.0000000000
77431  -41.712  5.004  34.029 0.0000000000
59996  -25.848  -10.357  54.767 0.0000000000
129356  -28.067  -10.400  54.820 0.0000000000
58990  -29.001  -11.026  56.773 0.0000000000
59984  -28.268  -10.632  56.565 0.0000000000
59983  -27.363  -10.186  56.220 0.0000000000
156863  -26.738  -9.962  56.540 0.0000000000
57053  -32.681  -13.419  57.248 0.0000000000
57039  -32.243  -13.116  57.937 0.0000000000
53824  -11.836  -17.073  57.389 0.0000000000
52808  -12.073  -17.693  56.532 0.0000000000
53847  -13.214  -16.270  55.984 0.0000000000
53858  -12.986  -16.964  56.005 0.0000000000
52823  -12.725  -17.565  56.213 0.0000000000
51785  -12.963  -18.458  56.425 0.0000000000
147602  -14.243  -18.554  57.974 0.0000000000
54915  -16.918  -15.652  54.740 0.0000000000
53850  -16.971  -16.394  56.077 0.0000000000
133588  -19.417  -15.368  58.744 0.0000000000
53837  -17.722  -17.125  57.612 0.0000000000
52798  -17.046  -17.458  58.036 0.0000000000
43765  -10.568  -27.164  63.963 0.0000000000
43782  -10.409  -27.061  62.840 0.0000000000
147223  -8.772  -23.724  61.745 0.0000000000
43780  -9.929  -27.865  62.155 0.0000000000
44848  -8.728  -26.025  61.071 0.0000000000
46719  -8.423  -23.494  61.637 0.0000000000
44865  -10.806  -25.331  60.928 0.0000000000
50776  -10.826  -19.499  57.463 0.0000000000
50788  -12.499  -18.859  56.723 0.0000000000
51795  -13.122  -17.956  56.132 0.0000000000
61141  -38.858  -9.227  54.703 0.0000000000
62426  -26.972  -7.917  49.614 0.0000000000
62428  -28.136  -7.524  49.802 0.0000000000
63507  -21.954  -7.503  52.928 0.0000000000
63544  -26.970  -7.213  49.757 0.0000000000
66844  -33.109  -4.037  46.155 0.0000000000
66859  -34.158  -4.551  45.505 0.0000000000
66872  -32.758  -4.135  44.834 0.0000000000
66889  -35.039  -4.816  43.324 0.0000000000
66905  -38.139  -3.708  42.739 0.0000000000
66913  -34.777  -4.296  41.938 0.0000000000
67870  -32.356  -3.292  48.523 0.0000000000
67929  -32.706  -3.771  44.462 0.0000000000
67942  -32.807  -3.880  43.751 0.0000000000
67955  -32.999  -3.394  43.216 0.0000000000
67972  -35.066  -3.947  41.358 0.0000000000
69018  -39.287  -2.775  41.663 0.0000000000
69061  -37.498  -2.013  38.795 0.0000000000
70050  -33.574  -2.398  42.149 0.0000000000
70116  -38.852  -1.120  37.927 0.0000000000
72120  -35.378  -0.000  39.002 0.0000000000
72130  -35.871  0.638  38.503 0.0000000000
72160  -38.970  0.828  36.419 0.0000000000
73142  -40.641  2.039  35.338 0.0000000000
73169  -44.620  1.624  33.278 0.0000000000
74208  -46.120  2.256  32.137 0.0000000000
74219  -45.787  2.699  31.788 0.0000000000
74222  -48.262  2.957  31.637 0.0000000000
81930  -45.030  9.401  27.585 0.0000000000
81935  -45.070  9.841  27.231 0.0000000000
82879  -43.444  10.427  32.377 0.0000000000
82885  -43.270  9.989  31.508 0.0000000000
83850  -43.869  10.970  29.151 0.0000000000
83851  -44.216  10.906  28.400 0.0000000000
83862  -44.643  10.888  27.827 0.0000000000
128608  -10.797  -22.837  58.983 0.0000000000
132506  -45.783  1.582  34.222 0.0000000000
135220  -40.383  -2.904  43.405 0.0000000000
137134  -48.692  4.581  31.110 0.0000000000
138621  -32.514  -1.960  46.984 0.0000000000
138767  -50.692  6.044  26.298 0.0000000000
141147  -46.214  3.063  31.444 0.0000000000
141411  -17.911  -13.822  53.992 0.0000000000
143272  -37.687  -4.463  45.436 0.0000000000
144608  -29.045  -8.009  50.026 0.0000000000
144709  -38.607  3.136  36.327 0.0000000000
145268  -35.806  -3.474  40.493 0.0000000000
148535  -41.691  6.202  35.273 0.0000000000
151450  -42.318  1.379  37.147 0.0000000000
152356  -45.104  1.772  32.808 0.0000000000
153310  -10.746  -21.092  57.826 0.0000000000
154036  -45.119  4.577  32.204 0.0000000000
155811  -26.281  -7.028  49.918 0.0000000000
156567  -40.391  -1.043  38.426 0.0000000000
156602  -43.402  1.981  36.538 0.0000000000
