#!ascii label  , from subject sub-v2s4x29615_ses-1 vox2ras=TkReg
1853
71790  -34.620  0.032  66.636 0.0000000000
90884  -52.450  18.658  38.147 0.0000000000
73969  -44.275  3.048  49.593 0.0000000000
54883  -7.020  -15.279  57.340 0.0000000000
66640  -22.388  -3.354  63.464 0.0000000000
66678  -9.399  -4.095  59.927 0.0000000000
144450  -7.420  -6.156  65.726 0.0000000000
149129  -51.468  9.478  42.776 0.0000000000
135679  -6.943  -4.129  51.727 0.0000000000
51676  -6.648  -18.854  65.583 0.0000000000
68813  -33.367  -1.828  60.823 0.0000000000
148771  -31.031  -6.825  64.556 0.0000000000
148016  -28.531  -3.083  66.944 0.0000000000
93889  -52.766  21.974  34.447 0.0000000000
77306  -48.560  5.186  45.800 0.0000000000
130081  -19.104  -8.231  58.942 0.0000000000
148666  -6.894  0.940  55.885 0.0000000000
62301  -8.373  -9.905  59.067 0.0000000000
63468  -9.083  -8.962  55.906 0.0000000000
137307  -8.508  -15.038  53.829 0.0000000000
56925  -10.820  -13.039  66.188 0.0000000000
55815  -8.151  -14.264  68.551 0.0000000000
146709  -41.288  3.012  54.016 0.0000000000
70763  -25.865  0.272  69.063 0.0000000000
68793  -26.665  -1.492  61.048 0.0000000000
65615  -8.591  -4.433  63.362 0.0000000000
141001  -7.522  -11.350  62.426 0.0000000000
84705  -52.860  13.390  39.084 0.0000000000
58900  -14.473  -10.901  64.438 0.0000000000
58915  -18.175  -11.524  62.064 0.0000000000
67805  -8.571  -3.098  55.725 0.0000000000
62392  -9.670  -8.647  53.204 0.0000000000
63316  -8.868  -6.978  69.393 0.0000000000
57930  -5.885  -12.403  65.323 0.0000000000
52747  -5.347  -17.405  61.465 0.0000000000
71810  -36.409  1.083  64.927 0.0000000000
67707  -35.026  -3.350  64.680 0.0000000000
69831  -35.534  -1.382  63.497 0.0000000000
66607  -33.909  -3.996  66.160 0.0000000000
64465  -33.465  -6.772  63.589 0.0000000000
68737  -32.479  -2.153  68.503 0.0000000000
93868  -51.923  21.282  35.893 0.0000000000
88012  -50.212  15.347  37.844 0.0000000000
90889  -49.777  18.462  37.009 0.0000000000
91877  -49.914  19.303  34.098 0.0000000000
75084  -46.452  3.665  47.491 0.0000000000
72961  -40.526  2.267  49.797 0.0000000000
72985  -41.901  2.482  47.957 0.0000000000
75099  -43.657  3.517  46.263 0.0000000000
146325  -7.250  -11.650  58.628 0.0000000000
58986  -7.339  -11.892  56.837 0.0000000000
54909  -7.022  -15.258  55.404 0.0000000000
50820  -9.275  -18.904  53.064 0.0000000000
50794  -7.886  -18.667  55.161 0.0000000000
55852  -11.636  -14.530  64.810 0.0000000000
130415  -11.069  -15.677  65.945 0.0000000000
73917  -40.862  2.659  56.169 0.0000000000
71860  -36.207  1.201  59.719 0.0000000000
70876  -33.055  0.014  58.496 0.0000000000
71896  -36.932  1.976  57.264 0.0000000000
72912  -37.960  2.323  54.707 0.0000000000
74815  -26.388  3.062  70.209 0.0000000000
65609  -27.793  -5.442  63.318 0.0000000000
138170  -26.976  -2.478  64.402 0.0000000000
88979  -52.839  17.043  31.059 0.0000000000
88125  -53.377  16.036  27.838 0.0000000000
65591  -7.710  -5.347  64.690 0.0000000000
62266  -9.502  -8.733  63.041 0.0000000000
60982  -8.264  -9.420  64.936 0.0000000000
83754  -52.330  11.013  40.551 0.0000000000
79512  -47.761  7.623  42.282 0.0000000000
132709  -49.428  8.701  39.913 0.0000000000
81823  -50.362  9.775  38.406 0.0000000000
59830  -14.860  -10.311  67.406 0.0000000000
58881  -16.790  -10.682  66.376 0.0000000000
147528  -8.603  -2.222  59.079 0.0000000000
136583  -7.817  -2.204  57.429 0.0000000000
66708  -8.930  -3.332  57.381 0.0000000000
59054  -8.248  -12.542  52.893 0.0000000000
133000  -8.836  -8.669  54.331 0.0000000000
59056  -10.191  -12.317  52.466 0.0000000000
60905  -9.149  -7.903  69.550 0.0000000000
53728  -6.830  -16.501  67.560 0.0000000000
56907  -6.509  -13.171  67.580 0.0000000000
143663  -5.522  -16.126  65.794 0.0000000000
55885  -4.684  -14.697  63.549 0.0000000000
52719  -5.391  -17.901  63.422 0.0000000000
70838  -35.292  0.271  62.254 0.0000000000
73793  -28.077  2.148  69.229 0.0000000000
70752  -30.335  -0.279  68.971 0.0000000000
155925  -29.766  -4.717  66.353 0.0000000000
91893  -54.205  19.922  32.915 0.0000000000
90929  -51.329  18.341  32.815 0.0000000000
79487  -49.660  7.854  44.680 0.0000000000
77327  -46.392  5.776  44.063 0.0000000000
66669  -21.584  -4.387  60.005 0.0000000000
64488  -20.232  -5.257  61.838 0.0000000000
144616  -6.180  -1.227  53.525 0.0000000000
63432  -10.600  -7.104  59.842 0.0000000000
142899  -11.243  -7.038  57.032 0.0000000000
62335  -9.014  -9.393  57.559 0.0000000000
60008  -7.660  -11.747  55.077 0.0000000000
54970  -9.610  -15.614  52.210 0.0000000000
57879  -11.106  -11.795  69.028 0.0000000000
56872  -9.511  -12.625  69.647 0.0000000000
55817  -9.877  -13.261  67.395 0.0000000000
53731  -9.437  -16.419  67.402 0.0000000000
73955  -43.169  2.667  51.510 0.0000000000
72947  -39.367  2.485  51.625 0.0000000000
69807  -24.018  -0.832  65.967 0.0000000000
69789  -27.757  -1.242  68.304 0.0000000000
70802  -26.350  -0.509  64.717 0.0000000000
135188  -24.824  -1.790  62.268 0.0000000000
68809  -8.498  -2.077  61.173 0.0000000000
68788  -7.578  -2.152  63.007 0.0000000000
66659  -9.148  -4.111  61.672 0.0000000000
63406  -10.000  -7.570  62.187 0.0000000000
61038  -8.026  -10.519  60.679 0.0000000000
134862  -6.142  -12.979  60.581 0.0000000000
88003  -52.856  15.920  38.613 0.0000000000
83773  -50.414  12.152  37.766 0.0000000000
58865  -12.186  -11.116  67.783 0.0000000000
57920  -12.201  -11.667  65.975 0.0000000000
56969  -12.849  -13.499  63.159 0.0000000000
63395  -18.899  -6.789  62.757 0.0000000000
60984  -18.039  -8.175  63.969 0.0000000000
59866  -17.903  -10.157  64.806 0.0000000000
57958  -16.536  -11.791  62.907 0.0000000000
55903  -14.288  -12.903  61.557 0.0000000000
72868  -8.030  1.190  56.902 0.0000000000
69901  -6.906  -1.345  55.010 0.0000000000
149571  -7.363  -3.659  53.016 0.0000000000
65694  -9.797  -5.796  54.640 0.0000000000
141163  -8.721  -5.781  53.337 0.0000000000
64595  -7.836  -6.092  51.813 0.0000000000
63323  -8.254  -7.165  67.523 0.0000000000
58838  -7.301  -11.238  69.118 0.0000000000
155455  -7.244  -10.626  67.146 0.0000000000
60966  -7.396  -10.302  65.902 0.0000000000
58899  -6.059  -12.447  64.108 0.0000000000
56998  -5.333  -13.622  61.824 0.0000000000
54860  -6.093  -15.793  59.704 0.0000000000
49702  -6.662  -20.906  63.613 0.0000000000
49736  -6.794  -19.968  61.320 0.0000000000
51769  -7.567  -18.642  57.232 0.0000000000
71796  -35.349  0.774  65.834 0.0000000000
73823  -34.578  2.182  66.278 0.0000000000
67691  -35.009  -2.242  65.790 0.0000000000
69816  -35.489  -1.191  65.491 0.0000000000
67681  -34.552  -2.369  66.943 0.0000000000
66608  -34.468  -3.532  65.807 0.0000000000
72786  -33.964  0.814  67.198 0.0000000000
69790  -33.948  -1.290  67.475 0.0000000000
92884  -52.103  20.089  37.224 0.0000000000
144513  -51.522  16.874  38.290 0.0000000000
88898  -49.852  16.723  37.853 0.0000000000
91852  -51.151  19.093  37.343 0.0000000000
91860  -50.642  19.538  36.588 0.0000000000
73981  -44.998  3.404  48.496 0.0000000000
75069  -47.298  4.245  48.740 0.0000000000
132378  -45.871  3.713  49.782 0.0000000000
72974  -41.202  2.333  49.094 0.0000000000
131257  -43.019  2.672  48.951 0.0000000000
73995  -43.892  3.189  47.713 0.0000000000
153359  -7.041  -14.021  57.583 0.0000000000
131222  -6.993  -13.612  56.550 0.0000000000
156219  -7.047  -15.524  56.611 0.0000000000
52822  -7.502  -17.197  55.475 0.0000000000
52807  -7.440  -17.206  56.518 0.0000000000
54814  -12.231  -14.843  63.567 0.0000000000
53759  -11.817  -15.810  64.591 0.0000000000
71862  -37.822  1.199  59.210 0.0000000000
71873  -35.872  1.171  58.703 0.0000000000
72877  -38.510  1.512  57.981 0.0000000000
72893  -38.463  1.902  57.134 0.0000000000
89971  -53.962  18.096  30.906 0.0000000000
89006  -52.594  16.731  29.602 0.0000000000
89021  -54.763  16.767  28.042 0.0000000000
65575  -7.541  -5.923  65.246 0.0000000000
63373  -8.242  -7.062  65.061 0.0000000000
63362  -7.902  -7.364  65.518 0.0000000000
82803  -52.429  10.394  41.581 0.0000000000
133351  -53.616  11.549  42.366 0.0000000000
80609  -49.937  8.630  42.626 0.0000000000
79527  -48.773  8.304  41.285 0.0000000000
80625  -49.971  8.756  41.530 0.0000000000
80634  -50.716  9.262  40.402 0.0000000000
59820  -16.945  -10.265  68.045 0.0000000000
59833  -17.258  -10.209  67.485 0.0000000000
152295  -22.644  -3.041  65.216 0.0000000000
66639  -21.730  -3.839  64.121 0.0000000000
68888  -6.647  -2.453  51.816 0.0000000000
66676  -9.107  -3.009  59.227 0.0000000000
66691  -9.057  -2.886  58.425 0.0000000000
130862  -9.437  -3.598  58.042 0.0000000000
57117  -10.055  -14.505  52.341 0.0000000000
59055  -9.158  -12.721  52.744 0.0000000000
58090  -10.666  -14.009  52.177 0.0000000000
62129  -10.120  -6.468  70.619 0.0000000000
59775  -10.886  -8.628  69.308 0.0000000000
52681  -6.820  -17.883  66.640 0.0000000000
53727  -6.092  -16.208  67.207 0.0000000000
52693  -5.666  -17.613  65.361 0.0000000000
53768  -5.335  -16.924  64.725 0.0000000000
51688  -5.785  -18.533  64.172 0.0000000000
70819  -36.056  0.161  63.835 0.0000000000
69839  -35.374  -1.080  63.222 0.0000000000
71833  -36.793  1.341  62.922 0.0000000000
150721  -36.757  1.552  62.063 0.0000000000
65568  -32.033  -5.420  66.330 0.0000000000
66591  -31.054  -4.235  67.446 0.0000000000
65580  -30.716  -5.932  65.457 0.0000000000
155997  -28.932  -6.558  63.473 0.0000000000
93901  -53.224  21.285  33.817 0.0000000000
92923  -51.685  20.621  34.168 0.0000000000
90913  -50.418  18.795  33.075 0.0000000000
132501  -52.036  20.415  33.757 0.0000000000
91910  -53.119  19.004  32.923 0.0000000000
78408  -49.303  6.285  45.477 0.0000000000
80565  -51.296  7.816  45.440 0.0000000000
79438  -50.243  6.750  46.060 0.0000000000
76222  -46.628  4.339  45.609 0.0000000000
76220  -44.742  4.520  44.949 0.0000000000
77317  -47.239  5.590  45.002 0.0000000000
78406  -47.794  6.334  44.772 0.0000000000
142734  -6.419  1.583  55.468 0.0000000000
71936  -5.904  0.004  53.935 0.0000000000
71925  -5.817  -0.077  54.617 0.0000000000
62303  -9.673  -8.984  59.721 0.0000000000
63445  -10.190  -8.579  58.697 0.0000000000
62318  -8.410  -9.722  58.081 0.0000000000
57087  -6.594  -13.226  54.928 0.0000000000
59993  -7.543  -11.333  56.331 0.0000000000
57109  -8.233  -13.208  54.222 0.0000000000
144084  -8.645  -13.391  53.915 0.0000000000
54958  -8.834  -15.279  52.850 0.0000000000
52863  -9.381  -17.483  52.454 0.0000000000
56893  -10.434  -12.471  67.575 0.0000000000
56892  -10.100  -12.726  68.063 0.0000000000
55818  -10.149  -13.131  67.131 0.0000000000
52685  -10.323  -17.010  66.367 0.0000000000
53732  -10.090  -15.749  67.092 0.0000000000
52671  -9.680  -17.273  66.985 0.0000000000
52683  -8.517  -17.884  66.953 0.0000000000
75006  -42.387  2.970  52.929 0.0000000000
73937  -39.697  2.526  53.951 0.0000000000
72925  -38.922  2.480  53.504 0.0000000000
73938  -40.315  2.495  53.201 0.0000000000
156156  -40.690  2.218  51.848 0.0000000000
156841  -24.661  0.806  69.053 0.0000000000
70781  -23.594  -0.129  67.769 0.0000000000
70773  -25.580  0.205  68.120 0.0000000000
69762  -28.878  -0.798  69.610 0.0000000000
69761  -28.179  -0.549  69.436 0.0000000000
68734  -28.270  -1.900  67.878 0.0000000000
68784  -27.219  -1.668  62.580 0.0000000000
68768  -26.884  -1.718  64.808 0.0000000000
68783  -26.834  -1.158  62.795 0.0000000000
69829  -26.277  -0.626  63.619 0.0000000000
68792  -25.249  -1.883  61.226 0.0000000000
67736  -24.128  -2.547  60.998 0.0000000000
66638  -7.282  -3.579  64.119 0.0000000000
66648  -7.668  -3.284  63.555 0.0000000000
67725  -8.199  -3.038  62.695 0.0000000000
66650  -8.896  -4.230  62.678 0.0000000000
64486  -10.378  -6.359  62.234 0.0000000000
64473  -9.770  -6.546  63.049 0.0000000000
62265  -8.851  -9.789  62.955 0.0000000000
62276  -8.973  -9.700  61.846 0.0000000000
61011  -7.847  -10.847  61.899 0.0000000000
59918  -7.081  -11.766  60.645 0.0000000000
59905  -7.034  -11.858  61.377 0.0000000000
85881  -52.455  14.746  38.483 0.0000000000
87993  -53.589  15.915  39.026 0.0000000000
86987  -53.515  14.574  39.215 0.0000000000
82824  -51.718  11.594  39.219 0.0000000000
82830  -50.830  11.622  38.221 0.0000000000
84703  -51.585  13.071  38.557 0.0000000000
137310  -51.654  14.611  38.332 0.0000000000
59802  -13.170  -9.455  68.916 0.0000000000
58880  -14.030  -10.697  65.956 0.0000000000
131014  -13.103  -11.035  66.455 0.0000000000
57932  -13.388  -11.087  64.934 0.0000000000
56945  -11.718  -12.807  64.557 0.0000000000
56957  -12.889  -12.325  63.289 0.0000000000
63433  -19.179  -6.937  59.993 0.0000000000
64487  -19.588  -5.938  61.769 0.0000000000
63421  -18.886  -7.255  60.801 0.0000000000
58923  -18.848  -11.219  60.581 0.0000000000
141352  -18.331  -9.157  61.826 0.0000000000
59893  -18.202  -10.017  62.723 0.0000000000
59867  -17.996  -9.691  64.521 0.0000000000
149895  -17.861  -10.795  63.406 0.0000000000
151918  -17.520  -10.943  63.711 0.0000000000
57966  -17.116  -12.196  62.298 0.0000000000
56999  -15.265  -13.046  61.033 0.0000000000
71866  -8.690  0.624  58.033 0.0000000000
67804  -7.747  -2.844  56.176 0.0000000000
68833  -7.426  -2.258  56.592 0.0000000000
68856  -7.450  -2.279  55.459 0.0000000000
68865  -7.182  -2.186  54.521 0.0000000000
146319  -8.243  -3.323  54.364 0.0000000000
63470  -10.075  -8.298  56.360 0.0000000000
151605  -10.799  -5.912  55.779 0.0000000000
63483  -9.598  -7.953  55.295 0.0000000000
129470  -9.204  -8.277  53.754 0.0000000000
63505  -9.130  -7.662  53.930 0.0000000000
139526  -9.035  -7.252  53.122 0.0000000000
65733  -8.209  -6.068  52.456 0.0000000000
136943  -9.864  -8.118  52.533 0.0000000000
137787  -10.380  -7.991  52.156 0.0000000000
62172  -8.398  -7.953  67.989 0.0000000000
56881  -8.733  -12.879  68.699 0.0000000000
57866  -8.343  -11.772  69.388 0.0000000000
56880  -8.277  -12.825  68.788 0.0000000000
156775  -6.094  -12.519  66.648 0.0000000000
57889  -7.329  -11.906  67.046 0.0000000000
137122  -6.780  -11.606  66.676 0.0000000000
60948  -7.354  -10.187  66.897 0.0000000000
147741  -7.188  -10.954  65.849 0.0000000000
59855  -7.222  -11.053  65.241 0.0000000000
146413  -5.675  -12.534  64.590 0.0000000000
147574  -4.801  -15.736  62.685 0.0000000000
55900  -4.792  -14.396  62.786 0.0000000000
54828  -5.066  -15.756  61.879 0.0000000000
55929  -5.910  -14.850  60.837 0.0000000000
53804  -5.879  -16.184  60.399 0.0000000000
48753  -6.711  -21.704  62.562 0.0000000000
149595  -6.147  -19.891  62.443 0.0000000000
138869  -37.346  1.984  64.184 0.0000000000
66643  -34.919  -4.120  63.410 0.0000000000
66644  -34.901  -3.332  63.123 0.0000000000
68777  -35.477  -2.104  63.988 0.0000000000
70812  -35.942  -0.196  64.408 0.0000000000
65582  -32.443  -5.805  65.644 0.0000000000
64455  -33.501  -5.766  64.743 0.0000000000
66630  -34.550  -4.596  64.794 0.0000000000
149999  -33.307  -2.970  67.761 0.0000000000
93877  -51.862  21.428  35.124 0.0000000000
88908  -48.551  16.762  36.614 0.0000000000
89918  -48.983  18.149  35.183 0.0000000000
90903  -49.109  18.085  34.064 0.0000000000
91867  -49.871  19.289  35.036 0.0000000000
92900  -50.844  20.331  34.960 0.0000000000
76207  -47.679  4.090  46.507 0.0000000000
77292  -48.899  5.013  46.575 0.0000000000
76191  -48.021  4.110  47.387 0.0000000000
76179  -49.386  4.781  48.741 0.0000000000
71985  -38.799  2.186  49.979 0.0000000000
72972  -39.802  2.166  49.095 0.0000000000
72983  -40.204  1.894  48.111 0.0000000000
130662  -41.063  2.230  46.682 0.0000000000
74002  -41.732  2.697  46.148 0.0000000000
74004  -43.259  3.154  47.060 0.0000000000
142024  -44.988  3.604  46.771 0.0000000000
61067  -7.610  -10.828  58.909 0.0000000000
137771  -7.594  -10.497  58.199 0.0000000000
141173  -7.214  -11.805  57.384 0.0000000000
57073  -6.580  -13.225  55.297 0.0000000000
54927  -7.556  -15.356  54.697 0.0000000000
52855  -8.649  -17.250  53.336 0.0000000000
52847  -8.202  -17.415  53.873 0.0000000000
144779  -8.882  -18.703  53.559 0.0000000000
56926  -11.082  -13.316  65.573 0.0000000000
54791  -10.522  -14.352  66.166 0.0000000000
53745  -11.320  -15.325  65.493 0.0000000000
73932  -41.132  2.964  54.640 0.0000000000
70850  -33.942  0.166  60.780 0.0000000000
69865  -32.917  -1.121  59.838 0.0000000000
71858  -34.182  0.855  59.272 0.0000000000
130076  -35.521  0.898  57.765 0.0000000000
71908  -36.320  1.822  56.504 0.0000000000
71910  -37.637  2.198  56.383 0.0000000000
72903  -38.535  2.453  55.265 0.0000000000
71751  -26.169  1.442  69.974 0.0000000000
66615  -28.022  -4.142  65.546 0.0000000000
67687  -27.462  -3.098  65.964 0.0000000000
131680  -27.190  -4.507  63.980 0.0000000000
129931  -27.467  -3.434  62.135 0.0000000000
88110  -51.522  16.092  29.045 0.0000000000
88134  -52.116  15.493  27.680 0.0000000000
87140  -53.438  15.115  26.832 0.0000000000
86033  -53.819  14.352  25.837 0.0000000000
142833  -8.133  -5.000  64.168 0.0000000000
64461  -9.012  -6.016  63.870 0.0000000000
64448  -8.676  -6.656  64.477 0.0000000000
62253  -9.082  -8.916  63.835 0.0000000000
60999  -8.634  -9.805  63.968 0.0000000000
84697  -52.303  12.056  39.561 0.0000000000
84689  -53.706  12.799  41.416 0.0000000000
79534  -47.660  8.164  40.533 0.0000000000
79544  -48.762  8.566  39.555 0.0000000000
80645  -49.253  8.701  38.642 0.0000000000
133036  -49.689  8.907  39.207 0.0000000000
82817  -51.477  10.711  39.422 0.0000000000
156415  -14.755  -9.618  68.551 0.0000000000
59818  -15.347  -9.796  68.354 0.0000000000
130837  -15.227  -10.601  66.675 0.0000000000
58892  -15.513  -10.854  65.101 0.0000000000
57996  -18.873  -11.813  59.110 0.0000000000
57983  -17.837  -12.771  60.762 0.0000000000
70855  -8.436  -1.257  59.056 0.0000000000
70869  -7.969  -0.913  58.096 0.0000000000
142650  -8.521  -2.483  58.254 0.0000000000
67779  -8.140  -3.152  57.392 0.0000000000
67793  -9.117  -3.419  56.224 0.0000000000
61131  -7.456  -9.898  54.993 0.0000000000
62372  -8.839  -8.629  54.598 0.0000000000
60024  -8.152  -10.700  53.656 0.0000000000
147370  -8.959  -10.271  53.473 0.0000000000
156178  -10.040  -10.793  52.603 0.0000000000
132765  -10.106  -4.386  71.306 0.0000000000
63306  -9.243  -6.331  70.784 0.0000000000
62145  -8.794  -7.641  69.389 0.0000000000
54789  -7.388  -15.887  68.226 0.0000000000
55814  -7.674  -13.873  68.480 0.0000000000
145480  -6.404  -14.813  68.095 0.0000000000
54787  -5.923  -15.146  67.243 0.0000000000
55851  -5.194  -14.339  65.786 0.0000000000
132877  -4.931  -13.742  65.024 0.0000000000
54812  -4.802  -15.258  64.442 0.0000000000
53781  -4.836  -16.392  63.229 0.0000000000
52732  -5.179  -17.675  62.429 0.0000000000
68814  -33.719  -2.705  61.251 0.0000000000
68805  -34.891  -2.404  62.824 0.0000000000
135561  -34.913  -1.622  62.732 0.0000000000
69849  -33.942  -0.774  61.507 0.0000000000
71839  -35.357  0.770  61.256 0.0000000000
134508  -36.871  1.341  60.364 0.0000000000
68723  -29.575  -1.808  68.794 0.0000000000
69780  -31.444  -1.121  68.421 0.0000000000
67658  -30.543  -2.538  68.602 0.0000000000
141113  -28.978  -4.305  66.182 0.0000000000
65595  -28.545  -5.678  64.414 0.0000000000
89957  -50.320  17.326  32.430 0.0000000000
89969  -52.559  17.356  31.598 0.0000000000
90931  -53.622  18.771  32.209 0.0000000000
80584  -50.812  8.926  43.497 0.0000000000
81759  -52.889  9.316  43.892 0.0000000000
81742  -52.487  8.771  44.443 0.0000000000
75132  -42.648  3.646  44.854 0.0000000000
78429  -46.843  6.635  43.239 0.0000000000
79485  -48.376  7.606  43.636 0.0000000000
66662  -22.282  -3.513  62.039 0.0000000000
65618  -21.240  -4.113  62.978 0.0000000000
65634  -20.979  -4.980  60.462 0.0000000000
143649  -19.814  -5.965  59.384 0.0000000000
133201  -6.269  -1.653  52.832 0.0000000000
67826  -6.572  -3.082  52.317 0.0000000000
65645  -10.608  -5.507  59.661 0.0000000000
65657  -10.874  -5.473  58.473 0.0000000000
64532  -11.393  -6.834  58.087 0.0000000000
63471  -10.574  -7.884  56.856 0.0000000000
137038  -9.056  -9.204  56.557 0.0000000000
61084  -7.562  -10.598  57.496 0.0000000000
145176  -7.842  -10.497  56.133 0.0000000000
61115  -7.667  -10.157  55.588 0.0000000000
60042  -7.774  -11.774  53.772 0.0000000000
58818  -10.535  -10.880  69.028 0.0000000000
57869  -10.366  -12.105  69.571 0.0000000000
56882  -9.606  -12.681  69.482 0.0000000000
54772  -8.844  -13.768  67.501 0.0000000000
55826  -10.115  -14.037  66.728 0.0000000000
54781  -9.373  -14.398  67.309 0.0000000000
54780  -8.863  -15.058  68.033 0.0000000000
53729  -7.694  -16.583  67.620 0.0000000000
52682  -7.708  -17.879  66.914 0.0000000000
51664  -7.617  -18.445  66.440 0.0000000000
73961  -43.307  2.575  50.606 0.0000000000
75033  -45.101  3.208  50.892 0.0000000000
136107  -44.329  3.437  52.197 0.0000000000
68823  -33.354  -2.301  58.271 0.0000000000
72952  -38.655  2.405  50.892 0.0000000000
73959  -41.714  2.207  50.996 0.0000000000
69806  -22.927  -1.196  66.354 0.0000000000
67696  -23.422  -2.491  64.700 0.0000000000
149069  -26.921  2.482  69.894 0.0000000000
71766  -26.886  1.046  69.880 0.0000000000
69775  -26.537  -0.230  68.606 0.0000000000
68758  -27.269  -2.334  66.636 0.0000000000
69798  -26.787  -1.187  67.459 0.0000000000
70774  -26.431  -0.340  67.750 0.0000000000
70809  -25.408  -0.490  65.097 0.0000000000
68775  -24.450  -1.698  64.002 0.0000000000
67726  -23.443  -2.683  62.913 0.0000000000
132669  -23.056  -3.168  61.487 0.0000000000
86040  -54.056  13.910  25.231 0.0000000000
86045  -54.294  13.537  24.687 0.0000000000
84870  -54.732  13.293  23.621 0.0000000000
141715  -8.732  -2.188  59.992 0.0000000000
66666  -8.955  -3.214  60.186 0.0000000000
69842  -7.935  -1.895  62.472 0.0000000000
143723  -8.811  -3.410  61.190 0.0000000000
66667  -9.108  -3.702  60.576 0.0000000000
65633  -10.134  -5.212  61.005 0.0000000000
63419  -10.213  -7.316  61.299 0.0000000000
62288  -9.358  -9.166  60.544 0.0000000000
63394  -9.847  -7.839  62.878 0.0000000000
135525  -9.149  -9.349  61.112 0.0000000000
62287  -8.457  -10.142  59.930 0.0000000000
59932  -7.414  -11.250  59.424 0.0000000000
58944  -7.074  -11.869  59.571 0.0000000000
130539  -6.889  -13.969  59.389 0.0000000000
139839  -52.293  17.836  38.365 0.0000000000
80653  -49.934  9.421  37.929 0.0000000000
82837  -49.851  10.919  37.320 0.0000000000
84720  -49.340  12.516  36.870 0.0000000000
143411  -50.258  14.155  37.592 0.0000000000
88001  -51.729  15.665  38.411 0.0000000000
57880  -11.674  -11.015  68.587 0.0000000000
57907  -11.510  -11.731  67.091 0.0000000000
143056  -13.036  -10.476  67.952 0.0000000000
57908  -12.271  -11.462  66.801 0.0000000000
56909  -11.420  -12.237  66.212 0.0000000000
55853  -11.858  -13.951  64.350 0.0000000000
65607  -20.488  -4.634  63.252 0.0000000000
64463  -19.726  -5.226  63.602 0.0000000000
64462  -19.010  -5.972  64.026 0.0000000000
61027  -18.425  -8.499  61.453 0.0000000000
62267  -18.615  -7.544  62.797 0.0000000000
63374  -18.779  -6.564  64.868 0.0000000000
62223  -18.424  -7.385  65.320 0.0000000000
60959  -17.960  -8.813  66.202 0.0000000000
148237  -17.882  -9.272  66.588 0.0000000000
58882  -17.253  -10.565  65.940 0.0000000000
58902  -16.230  -11.023  64.358 0.0000000000
58901  -15.309  -10.942  64.102 0.0000000000
57973  -16.749  -12.844  61.806 0.0000000000
57964  -15.256  -12.389  62.417 0.0000000000
57955  -13.895  -11.778  62.951 0.0000000000
56970  -13.497  -12.759  62.692 0.0000000000
72887  -7.459  1.111  56.428 0.0000000000
70887  -7.575  -0.372  57.166 0.0000000000
134514  -7.170  -0.164  56.340 0.0000000000
71915  -6.233  -0.298  55.268 0.0000000000
69910  -6.369  -1.248  54.341 0.0000000000
68874  -6.663  -2.368  53.609 0.0000000000
67827  -6.952  -3.875  52.283 0.0000000000
65670  -10.708  -5.032  57.227 0.0000000000
66723  -10.390  -4.375  55.798 0.0000000000
66735  -10.001  -4.533  54.719 0.0000000000
63494  -9.275  -7.771  54.536 0.0000000000
151223  -9.187  -6.019  54.069 0.0000000000
65705  -9.181  -5.009  54.096 0.0000000000
66752  -8.459  -4.774  53.390 0.0000000000
65732  -7.539  -5.549  52.132 0.0000000000
65744  -7.475  -5.507  51.643 0.0000000000
64610  -9.272  -6.808  51.486 0.0000000000
58827  -9.012  -11.175  69.246 0.0000000000
58826  -8.022  -10.852  69.125 0.0000000000
59788  -8.010  -9.500  68.208 0.0000000000
156171  -7.094  -11.792  68.130 0.0000000000
58837  -7.420  -11.050  67.886 0.0000000000
59799  -7.514  -9.930  67.606 0.0000000000
62189  -7.652  -9.460  67.147 0.0000000000
62204  -7.754  -8.773  66.460 0.0000000000
62220  -7.662  -8.650  66.001 0.0000000000
60968  -7.721  -9.577  65.587 0.0000000000
59865  -7.370  -11.087  64.510 0.0000000000
59891  -7.090  -12.018  62.798 0.0000000000
146680  -4.970  -12.946  63.616 0.0000000000
136903  -5.044  -13.000  62.989 0.0000000000
58914  -6.469  -12.285  62.106 0.0000000000
134863  -5.694  -13.044  61.451 0.0000000000
147626  -6.439  -14.321  59.855 0.0000000000
53823  -6.769  -16.332  58.558 0.0000000000
50671  -7.020  -19.563  65.330 0.0000000000
48730  -7.160  -21.009  64.398 0.0000000000
154792  -6.648  -19.726  64.697 0.0000000000
51699  -5.748  -18.690  63.421 0.0000000000
51707  -5.559  -18.494  62.648 0.0000000000
135303  -5.785  -18.955  61.059 0.0000000000
49748  -7.151  -19.601  60.658 0.0000000000
51728  -6.121  -18.624  60.190 0.0000000000
147893  -6.709  -17.546  59.267 0.0000000000
51767  -7.232  -17.425  58.350 0.0000000000
52793  -7.386  -17.242  57.494 0.0000000000
50785  -7.684  -18.621  56.127 0.0000000000
48796  -8.445  -20.493  54.768 0.0000000000
141434  -35.049  0.046  66.122 0.0000000000
72788  -34.843  0.712  66.288 0.0000000000
72787  -34.697  1.430  66.338 0.0000000000
68749  -34.942  -1.482  66.437 0.0000000000
69809  -35.297  -1.042  65.952 0.0000000000
69799  -34.660  -1.373  66.815 0.0000000000
68759  -34.888  -1.982  66.465 0.0000000000
71789  -34.253  0.067  67.121 0.0000000000
69791  -34.403  -1.093  67.120 0.0000000000
73815  -34.226  1.498  66.676 0.0000000000
91853  -51.890  19.171  37.626 0.0000000000
92885  -52.857  20.547  37.428 0.0000000000
91854  -52.745  19.603  37.898 0.0000000000
141435  -51.621  17.698  38.151 0.0000000000
153260  -51.126  17.938  37.853 0.0000000000
155893  -51.508  18.752  37.672 0.0000000000
73970  -45.048  3.366  49.281 0.0000000000
75050  -45.809  3.600  48.878 0.0000000000
73968  -43.380  2.705  49.735 0.0000000000
73967  -42.596  2.515  49.437 0.0000000000
143922  -43.697  2.919  49.098 0.0000000000
73980  -44.297  3.198  48.854 0.0000000000
129798  -7.014  -14.682  58.039 0.0000000000
55962  -6.979  -14.507  57.016 0.0000000000
53844  -7.262  -16.544  56.253 0.0000000000
53843  -7.236  -15.911  56.875 0.0000000000
54813  -12.025  -15.547  63.953 0.0000000000
71875  -37.908  1.281  58.350 0.0000000000
140819  -7.777  -6.637  65.308 0.0000000000
64436  -7.622  -6.801  65.713 0.0000000000
81788  -52.013  9.917  42.137 0.0000000000
82788  -52.735  10.356  42.445 0.0000000000
144327  -52.315  9.782  43.065 0.0000000000
80610  -50.697  9.055  42.181 0.0000000000
81787  -51.337  9.499  41.729 0.0000000000
60919  -17.862  -8.741  68.832 0.0000000000
60937  -17.430  -9.808  68.137 0.0000000000
60938  -17.867  -9.025  68.186 0.0000000000
67705  -22.872  -2.989  64.699 0.0000000000
66626  -22.279  -3.391  64.442 0.0000000000
148359  -6.854  -3.279  51.548 0.0000000000
67838  -7.398  -3.947  51.067 0.0000000000
66677  -9.121  -3.463  59.622 0.0000000000
152927  -9.145  -3.173  58.881 0.0000000000
66693  -9.375  -3.766  58.961 0.0000000000
59782  -11.158  -9.560  68.968 0.0000000000
52694  -6.254  -18.184  65.910 0.0000000000
52680  -5.944  -17.452  66.264 0.0000000000
51675  -5.908  -18.387  65.070 0.0000000000
71823  -36.586  1.087  63.587 0.0000000000
70828  -36.134  0.520  63.364 0.0000000000
71834  -37.141  1.767  63.213 0.0000000000
72833  -37.376  2.173  62.355 0.0000000000
65581  -31.617  -5.948  65.653 0.0000000000
65567  -31.110  -5.387  66.235 0.0000000000
64439  -31.246  -6.496  64.994 0.0000000000
93888  -52.087  21.333  34.630 0.0000000000
91890  -51.314  20.101  33.619 0.0000000000
93900  -52.414  21.014  34.115 0.0000000000
92924  -52.843  20.457  33.606 0.0000000000
78382  -48.938  5.806  45.574 0.0000000000
79448  -49.956  6.806  45.700 0.0000000000
78383  -49.609  6.158  45.809 0.0000000000
76223  -47.414  4.347  45.861 0.0000000000
155799  -47.126  4.805  45.424 0.0000000000
77305  -47.871  4.904  45.549 0.0000000000
78381  -48.267  5.528  45.307 0.0000000000
73910  -7.074  1.668  56.195 0.0000000000
132569  -5.888  0.644  55.287 0.0000000000
62302  -8.990  -9.742  59.787 0.0000000000
62319  -9.177  -9.402  58.608 0.0000000000
56015  -7.524  -13.874  54.719 0.0000000000
57100  -7.280  -13.033  54.563 0.0000000000
56016  -8.426  -14.326  54.166 0.0000000000
56024  -8.706  -14.672  53.407 0.0000000000
54951  -8.645  -15.486  53.229 0.0000000000
53900  -8.938  -16.038  52.814 0.0000000000
52856  -9.061  -16.951  52.850 0.0000000000
56908  -10.782  -12.216  66.856 0.0000000000
152882  -10.448  -12.870  66.777 0.0000000000
74990  -41.897  3.107  53.627 0.0000000000
74991  -42.778  3.543  53.531 0.0000000000
141468  -42.281  3.562  54.150 0.0000000000
68819  -33.460  -3.078  59.958 0.0000000000
73952  -40.877  2.391  52.572 0.0000000000
71765  -25.475  0.987  69.781 0.0000000000
132151  -24.993  0.668  68.657 0.0000000000
67664  -28.828  -2.456  67.864 0.0000000000
68721  -28.511  -1.339  68.421 0.0000000000
67663  -28.318  -2.590  67.429 0.0000000000
144729  -27.282  -1.843  61.229 0.0000000000
147469  -27.087  -1.333  63.256 0.0000000000
68794  -27.113  -1.517  61.744 0.0000000000
139407  -26.246  -1.281  61.849 0.0000000000
68802  -25.018  -2.253  60.448 0.0000000000
68803  -25.868  -2.049  60.470 0.0000000000
65604  -7.922  -4.220  63.783 0.0000000000
66649  -8.349  -3.743  63.073 0.0000000000
65606  -9.255  -5.121  63.270 0.0000000000
60998  -8.050  -10.580  62.984 0.0000000000
61012  -8.402  -10.350  62.156 0.0000000000
59892  -7.415  -11.371  61.582 0.0000000000
151220  -7.140  -11.817  62.009 0.0000000000
85866  -52.687  14.107  38.676 0.0000000000
86997  -53.101  14.879  38.629 0.0000000000
156157  -53.132  14.102  38.892 0.0000000000
144033  -51.941  12.463  39.017 0.0000000000
83768  -51.387  12.073  38.637 0.0000000000
84704  -52.244  13.309  38.856 0.0000000000
85865  -51.952  14.006  38.523 0.0000000000
58891  -14.545  -10.779  65.273 0.0000000000
57943  -12.391  -11.916  64.135 0.0000000000
57944  -13.477  -11.281  63.762 0.0000000000
130540  -18.917  -7.775  59.849 0.0000000000
58922  -18.558  -11.460  61.376 0.0000000000
148689  -18.618  -10.853  61.352 0.0000000000
58910  -18.331  -10.865  62.158 0.0000000000
141608  -18.028  -10.552  63.098 0.0000000000
135213  -18.081  -11.049  62.695 0.0000000000
58909  -17.540  -11.378  62.785 0.0000000000
57967  -17.838  -12.023  62.046 0.0000000000
67811  -8.032  -2.697  55.016 0.0000000000
67812  -8.884  -3.335  54.830 0.0000000000
63469  -9.629  -8.597  56.114 0.0000000000
64543  -10.006  -7.543  55.680 0.0000000000
62391  -9.283  -7.537  52.695 0.0000000000
62393  -10.418  -9.016  52.645 0.0000000000
64405  -8.927  -6.669  69.994 0.0000000000
145550  -8.610  -7.520  68.672 0.0000000000
55806  -8.526  -13.409  67.919 0.0000000000
55805  -8.341  -13.351  68.254 0.0000000000
56924  -5.543  -13.148  65.965 0.0000000000
57905  -6.513  -12.057  66.809 0.0000000000
57919  -6.252  -12.231  66.197 0.0000000000
59854  -6.993  -11.244  66.192 0.0000000000
58878  -6.555  -11.832  65.759 0.0000000000
144224  -6.879  -11.504  65.394 0.0000000000
53788  -4.940  -16.671  62.283 0.0000000000
53795  -5.493  -16.472  61.296 0.0000000000
54840  -5.787  -15.590  61.117 0.0000000000
46723  -7.859  -23.382  60.807 0.0000000000
131121  -7.084  -22.656  62.499 0.0000000000
137035  -7.439  -22.722  61.749 0.0000000000
66632  -35.038  -3.396  63.895 0.0000000000
67708  -35.189  -2.723  64.271 0.0000000000
70795  -35.624  -0.186  65.427 0.0000000000
69817  -35.684  -0.759  64.958 0.0000000000
70804  -35.788  -0.165  65.045 0.0000000000
135898  -36.142  0.419  64.655 0.0000000000
65569  -32.887  -5.224  66.199 0.0000000000
65583  -33.209  -5.488  65.470 0.0000000000
65570  -33.650  -4.903  65.919 0.0000000000
66619  -34.789  -3.947  65.110 0.0000000000
66631  -34.938  -4.081  64.340 0.0000000000
65598  -34.692  -4.703  63.931 0.0000000000
67680  -34.139  -2.724  67.406 0.0000000000
67670  -33.864  -2.324  67.753 0.0000000000
67688  -33.631  -3.472  66.898 0.0000000000
66605  -32.386  -4.873  66.869 0.0000000000
153076  -52.664  22.280  35.708 0.0000000000
93869  -52.615  21.789  36.223 0.0000000000
87020  -49.923  14.670  37.517 0.0000000000
87019  -49.079  14.349  37.064 0.0000000000
139139  -49.401  15.210  37.428 0.0000000000
154850  -49.528  17.886  37.122 0.0000000000
89912  -49.220  17.342  37.118 0.0000000000
89917  -48.635  17.527  35.954 0.0000000000
138393  -49.178  18.058  36.398 0.0000000000
90895  -49.457  18.693  35.734 0.0000000000
92894  -51.588  20.532  36.413 0.0000000000
92893  -50.938  20.162  36.020 0.0000000000
92901  -51.375  20.782  35.471 0.0000000000
76190  -47.127  3.792  46.998 0.0000000000
77278  -48.305  4.445  46.761 0.0000000000
135383  -48.050  4.573  49.175 0.0000000000
76178  -48.046  4.285  48.341 0.0000000000
152873  -49.087  4.765  49.111 0.0000000000
72960  -39.672  2.305  49.832 0.0000000000
72984  -41.060  2.263  48.280 0.0000000000
72973  -40.411  2.166  48.695 0.0000000000
131115  -40.625  1.998  47.539 0.0000000000
134684  -41.281  2.280  47.564 0.0000000000
72993  -41.818  2.536  47.118 0.0000000000
73993  -42.556  2.754  47.503 0.0000000000
75083  -44.834  3.414  47.622 0.0000000000
75100  -44.169  3.448  46.979 0.0000000000
75101  -45.671  3.563  47.163 0.0000000000
75102  -46.303  3.612  46.703 0.0000000000
59948  -7.369  -11.171  58.815 0.0000000000
59961  -7.225  -11.318  58.207 0.0000000000
58958  -7.131  -12.012  58.077 0.0000000000
55975  -6.905  -14.331  56.232 0.0000000000
55988  -6.958  -14.472  55.609 0.0000000000
54926  -7.259  -14.569  55.005 0.0000000000
130175  -7.884  -16.121  54.329 0.0000000000
53873  -7.509  -16.733  54.845 0.0000000000
51803  -8.015  -17.959  54.922 0.0000000000
51814  -8.244  -18.053  54.073 0.0000000000
50803  -8.348  -18.698  54.348 0.0000000000
141880  -8.845  -19.335  53.935 0.0000000000
49809  -8.742  -19.942  54.252 0.0000000000
54800  -11.222  -14.481  65.326 0.0000000000
73927  -40.992  2.851  55.390 0.0000000000
71846  -34.368  0.959  60.167 0.0000000000
70849  -33.587  0.510  59.851 0.0000000000
71859  -35.078  1.141  59.505 0.0000000000
131050  -36.482  1.451  57.923 0.0000000000
71895  -36.164  1.498  57.237 0.0000000000
130075  -35.552  0.984  56.871 0.0000000000
71918  -36.859  2.121  55.875 0.0000000000
71909  -37.211  1.935  56.700 0.0000000000
73916  -40.091  2.364  56.441 0.0000000000
140870  -38.461  2.287  56.198 0.0000000000
73789  -25.466  2.625  70.535 0.0000000000
144524  -26.331  2.025  70.081 0.0000000000
65594  -27.763  -5.172  64.155 0.0000000000
66628  -27.497  -4.372  64.664 0.0000000000
150939  -27.366  -4.850  63.498 0.0000000000
88990  -52.391  16.677  30.565 0.0000000000
89005  -51.888  16.451  29.814 0.0000000000
89019  -52.928  16.529  28.631 0.0000000000
88124  -52.553  16.000  28.096 0.0000000000
88135  -52.941  15.514  27.405 0.0000000000
137378  -53.704  15.600  27.253 0.0000000000
64460  -8.283  -5.681  64.354 0.0000000000
64447  -7.910  -6.213  64.852 0.0000000000
62239  -8.413  -8.119  65.163 0.0000000000
62240  -8.965  -7.861  64.496 0.0000000000
135225  -8.738  -8.847  64.547 0.0000000000
83762  -52.646  11.751  40.237 0.0000000000
84694  -53.259  12.216  40.697 0.0000000000
83755  -52.972  11.386  40.954 0.0000000000
78461  -47.086  7.234  42.202 0.0000000000
80632  -49.345  8.556  40.911 0.0000000000
79526  -48.177  8.188  41.225 0.0000000000
79535  -48.368  8.398  40.265 0.0000000000
147500  -49.166  8.676  39.198 0.0000000000
81810  -51.691  9.962  40.661 0.0000000000
81809  -51.286  9.695  40.236 0.0000000000
81818  -51.751  10.385  40.163 0.0000000000
82818  -51.999  11.262  39.884 0.0000000000
59805  -15.899  -9.647  68.776 0.0000000000
59832  -16.617  -10.527  67.543 0.0000000000
59831  -15.842  -10.497  67.433 0.0000000000
58867  -16.287  -10.641  66.908 0.0000000000
151662  -15.090  -10.646  65.812 0.0000000000
131201  -15.991  -10.668  66.076 0.0000000000
57995  -18.496  -12.414  59.396 0.0000000000
130665  -17.827  -12.674  58.814 0.0000000000
69863  -8.566  -1.819  59.530 0.0000000000
69869  -8.208  -1.797  58.360 0.0000000000
66707  -8.781  -2.965  57.884 0.0000000000
67792  -8.063  -3.306  56.773 0.0000000000
66722  -9.684  -3.862  56.527 0.0000000000
133539  -8.000  -11.041  54.176 0.0000000000
61146  -7.917  -10.078  54.440 0.0000000000
60043  -7.706  -11.386  53.057 0.0000000000
150286  -10.193  -13.241  52.612 0.0000000000
59046  -9.147  -11.640  52.598 0.0000000000
61161  -9.537  -10.713  52.809 0.0000000000
60045  -10.031  -11.240  52.491 0.0000000000
148479  -11.088  -12.325  52.236 0.0000000000
62147  -9.268  -7.274  69.954 0.0000000000
64389  -9.660  -6.117  70.968 0.0000000000
62136  -8.681  -7.376  70.559 0.0000000000
135195  -8.485  -7.413  70.323 0.0000000000
60904  -8.809  -8.181  69.262 0.0000000000
54778  -7.199  -14.894  68.650 0.0000000000
54788  -6.514  -15.683  68.014 0.0000000000
54797  -5.688  -15.751  66.433 0.0000000000
151238  -5.553  -14.974  66.333 0.0000000000
55838  -5.670  -14.170  66.654 0.0000000000
54805  -5.213  -15.330  65.554 0.0000000000
129668  -4.851  -14.586  65.022 0.0000000000
132403  -5.187  -17.035  63.819 0.0000000000
130319  -4.961  -16.208  64.120 0.0000000000
129859  -4.948  -17.156  63.022 0.0000000000
67748  -34.063  -3.895  60.745 0.0000000000
67747  -33.988  -3.227  61.410 0.0000000000
147820  -35.140  -2.598  63.238 0.0000000000
138269  -34.858  -2.908  62.872 0.0000000000
68795  -35.243  -2.339  63.098 0.0000000000
69850  -35.103  -0.649  62.807 0.0000000000
135652  -34.639  -0.713  62.227 0.0000000000
69858  -34.108  -1.722  61.943 0.0000000000
70837  -34.680  0.089  61.514 0.0000000000
72840  -36.748  1.510  61.227 0.0000000000
63388  -33.170  -7.361  63.208 0.0000000000
71769  -29.924  0.465  69.104 0.0000000000
69763  -29.641  -0.879  69.446 0.0000000000
69764  -30.347  -1.119  69.057 0.0000000000
69781  -32.285  -1.250  68.160 0.0000000000
68726  -31.912  -1.715  68.629 0.0000000000
66603  -30.511  -4.789  66.882 0.0000000000
67666  -30.782  -3.303  68.054 0.0000000000
66590  -30.207  -4.001  67.492 0.0000000000
66583  -29.947  -3.396  67.863 0.0000000000
66616  -28.703  -4.840  65.486 0.0000000000
65578  -28.981  -5.470  65.063 0.0000000000
90912  -49.752  18.726  33.537 0.0000000000
89940  -49.382  17.800  33.267 0.0000000000
145719  -50.603  18.023  32.734 0.0000000000
89958  -51.242  17.500  32.364 0.0000000000
89968  -51.847  16.971  31.857 0.0000000000
89959  -52.204  17.867  32.277 0.0000000000
91892  -53.402  19.744  33.233 0.0000000000
133416  -52.852  18.536  32.343 0.0000000000
134499  -53.799  19.265  32.743 0.0000000000
91911  -54.284  19.389  32.302 0.0000000000
80583  -49.866  8.370  43.723 0.0000000000
139683  -51.535  8.784  44.335 0.0000000000
137153  -50.751  8.286  44.712 0.0000000000
79450  -51.618  7.668  45.782 0.0000000000
80566  -52.122  8.005  45.511 0.0000000000
135583  -50.015  5.922  47.045 0.0000000000
78361  -50.404  6.726  46.708 0.0000000000
74013  -42.956  3.285  46.233 0.0000000000
74012  -42.332  3.258  45.597 0.0000000000
75116  -43.143  3.595  45.493 0.0000000000
76237  -45.270  4.948  44.432 0.0000000000
77316  -45.570  5.418  43.844 0.0000000000
156273  -46.439  6.221  43.471 0.0000000000
79463  -48.806  7.468  44.612 0.0000000000
78431  -48.155  6.979  44.459 0.0000000000
65628  -21.456  -4.007  61.974 0.0000000000
66660  -21.527  -4.280  60.946 0.0000000000
65658  -20.261  -5.527  58.972 0.0000000000
140341  -6.003  0.549  53.792 0.0000000000
70928  -6.110  -0.526  53.434 0.0000000000
68887  -6.377  -2.296  52.581 0.0000000000
68873  -6.245  -1.974  53.245 0.0000000000
64509  -10.629  -6.285  59.985 0.0000000000
64520  -10.990  -6.447  59.211 0.0000000000
62336  -9.908  -8.787  57.436 0.0000000000
63457  -9.305  -9.019  56.848 0.0000000000
61083  -7.167  -11.087  57.672 0.0000000000
61100  -7.241  -10.965  57.064 0.0000000000
137937  -7.602  -11.511  55.796 0.0000000000
61114  -7.551  -10.916  56.500 0.0000000000
59994  -7.774  -10.887  55.949 0.0000000000
62348  -8.016  -9.993  56.049 0.0000000000
60009  -7.903  -11.208  55.411 0.0000000000
60023  -7.939  -11.494  54.702 0.0000000000
59026  -7.707  -12.001  54.330 0.0000000000
141763  -8.837  -14.619  52.942 0.0000000000
57112  -8.837  -13.721  53.256 0.0000000000
137943  -9.134  -18.499  53.055 0.0000000000
51826  -9.104  -17.944  52.839 0.0000000000
50821  -9.390  -18.716  52.580 0.0000000000
151095  -10.787  -11.496  69.315 0.0000000000
57878  -10.512  -12.267  69.435 0.0000000000
55808  -9.730  -12.812  68.327 0.0000000000
56883  -10.157  -12.700  69.157 0.0000000000
55807  -9.097  -12.799  68.219 0.0000000000
55816  -9.437  -13.330  67.361 0.0000000000
54798  -10.467  -15.115  66.443 0.0000000000
53719  -9.487  -15.360  67.488 0.0000000000
53718  -9.025  -15.929  67.949 0.0000000000
53717  -8.292  -15.965  68.180 0.0000000000
53730  -8.548  -16.589  67.608 0.0000000000
52669  -8.072  -17.251  67.258 0.0000000000
51665  -8.227  -18.338  66.654 0.0000000000
73956  -43.851  2.717  51.156 0.0000000000
75018  -43.885  2.898  51.730 0.0000000000
69864  -32.899  -0.798  58.804 0.0000000000
149629  -32.976  -1.625  58.910 0.0000000000
69870  -33.028  -1.350  58.310 0.0000000000
72938  -39.145  2.525  52.622 0.0000000000
71938  -38.180  2.475  53.062 0.0000000000
72946  -38.431  2.583  51.933 0.0000000000
73954  -42.300  2.468  51.637 0.0000000000
72949  -40.919  2.206  51.128 0.0000000000
73960  -42.505  2.358  50.805 0.0000000000
69797  -23.789  -0.202  66.585 0.0000000000
68756  -23.656  -1.529  65.447 0.0000000000
69777  -28.010  -0.817  68.854 0.0000000000
70739  -27.558  0.638  69.775 0.0000000000
69760  -27.432  -0.351  69.309 0.0000000000
70764  -26.678  -0.097  69.262 0.0000000000
69776  -27.157  -0.754  68.888 0.0000000000
67698  -27.177  -3.486  65.038 0.0000000000
67697  -26.974  -2.677  65.261 0.0000000000
69815  -26.686  -1.014  65.247 0.0000000000
69808  -26.799  -1.241  66.433 0.0000000000
70793  -26.419  -0.479  65.772 0.0000000000
70784  -26.465  -0.381  66.793 0.0000000000
70792  -25.933  0.046  66.221 0.0000000000
70801  -25.985  -0.194  65.346 0.0000000000
145977  -25.583  -1.442  63.072 0.0000000000
69828  -25.528  -0.718  63.724 0.0000000000
67717  -24.130  -2.223  63.435 0.0000000000
67727  -23.813  -2.518  61.884 0.0000000000
143351  -23.715  -2.787  59.907 0.0000000000
67752  -22.909  -3.207  59.962 0.0000000000
87156  -54.487  15.037  26.172 0.0000000000
86034  -54.584  14.621  25.621 0.0000000000
86046  -54.879  13.521  24.208 0.0000000000
68810  -8.753  -2.536  60.481 0.0000000000
67742  -8.651  -2.954  60.986 0.0000000000
68778  -6.745  -2.189  63.813 0.0000000000
66658  -8.641  -3.577  62.156 0.0000000000
146346  -8.553  -3.139  61.774 0.0000000000
66668  -9.603  -4.443  60.894 0.0000000000
65625  -10.022  -5.119  61.859 0.0000000000
64497  -10.508  -6.065  61.358 0.0000000000
62289  -9.884  -8.287  60.546 0.0000000000
63418  -9.626  -8.414  61.301 0.0000000000
63383  -9.400  -7.388  63.737 0.0000000000
61026  -8.238  -10.410  61.337 0.0000000000
136441  -8.559  -10.076  60.713 0.0000000000
139116  -8.057  -10.468  60.104 0.0000000000
61047  -7.648  -10.859  59.728 0.0000000000
61037  -7.660  -10.875  60.407 0.0000000000
58931  -6.770  -12.079  60.414 0.0000000000
59931  -7.183  -11.591  59.889 0.0000000000
57993  -6.613  -12.388  60.111 0.0000000000
133610  -6.848  -12.913  59.665 0.0000000000
156364  -6.852  -13.460  59.610 0.0000000000
88902  -52.733  16.680  38.636 0.0000000000
89907  -52.715  17.215  38.622 0.0000000000
88903  -53.137  16.549  38.774 0.0000000000
75035  -46.363  3.928  50.562 0.0000000000
80646  -49.863  9.090  38.528 0.0000000000
80652  -49.365  8.876  37.847 0.0000000000
82829  -50.318  11.179  37.787 0.0000000000
83778  -49.987  11.661  37.469 0.0000000000
83777  -49.564  11.634  37.021 0.0000000000
84721  -49.917  12.453  37.344 0.0000000000
132978  -49.817  13.351  37.266 0.0000000000
84712  -50.491  13.320  37.722 0.0000000000
87008  -52.120  15.236  38.441 0.0000000000
87007  -51.333  15.077  38.248 0.0000000000
88002  -52.458  15.787  38.546 0.0000000000
88900  -52.036  16.270  38.499 0.0000000000
58840  -12.250  -10.124  68.859 0.0000000000
57890  -11.164  -11.839  67.974 0.0000000000
59817  -14.558  -9.844  68.098 0.0000000000
58854  -13.520  -9.924  68.350 0.0000000000
58855  -13.842  -10.271  67.646 0.0000000000
56927  -11.456  -12.497  65.368 0.0000000000
56956  -12.283  -13.188  63.842 0.0000000000
55870  -12.282  -14.217  63.652 0.0000000000
55886  -12.622  -14.214  63.025 0.0000000000
65617  -20.675  -4.697  62.337 0.0000000000
139181  -19.246  -6.392  62.390 0.0000000000
64475  -19.845  -5.429  62.595 0.0000000000
64474  -19.216  -6.114  63.079 0.0000000000
64450  -19.811  -5.206  64.543 0.0000000000
142242  -18.769  -6.785  63.323 0.0000000000
61039  -18.397  -8.985  60.441 0.0000000000
59920  -18.553  -9.808  60.274 0.0000000000
61001  -18.335  -8.440  63.134 0.0000000000
61013  -18.434  -8.426  62.321 0.0000000000
62255  -18.476  -7.525  63.596 0.0000000000
63384  -18.637  -6.839  64.027 0.0000000000
62241  -18.411  -7.437  64.439 0.0000000000
60970  -18.052  -8.168  64.827 0.0000000000
60969  -17.825  -8.980  65.074 0.0000000000
132886  -17.868  -9.044  65.650 0.0000000000
154794  -17.994  -8.675  66.825 0.0000000000
59848  -17.973  -9.474  65.921 0.0000000000
59847  -17.902  -9.934  66.269 0.0000000000
59857  -17.954  -10.047  65.585 0.0000000000
129417  -16.788  -11.212  63.584 0.0000000000
130394  -17.163  -10.847  64.443 0.0000000000
58908  -15.740  -11.467  63.475 0.0000000000
57013  -17.190  -13.183  60.310 0.0000000000
149631  -17.203  -13.010  61.153 0.0000000000
57000  -16.347  -13.140  60.981 0.0000000000
137566  -14.798  -12.823  61.422 0.0000000000
56986  -15.662  -12.806  61.760 0.0000000000
56985  -14.665  -12.613  61.889 0.0000000000
56971  -14.359  -12.328  62.466 0.0000000000
129914  -13.940  -12.881  62.039 0.0000000000
72869  -8.688  1.413  57.371 0.0000000000
72888  -7.590  1.848  56.748 0.0000000000
69880  -7.667  -1.442  57.385 0.0000000000
68843  -7.248  -1.995  55.662 0.0000000000
69892  -7.019  -1.515  55.908 0.0000000000
70903  -6.799  -0.665  55.809 0.0000000000
156805  -6.727  -0.967  55.217 0.0000000000
70910  -6.284  -0.798  54.693 0.0000000000
68855  -7.025  -1.718  54.803 0.0000000000
131839  -7.487  -2.942  53.887 0.0000000000
67818  -6.753  -3.118  53.025 0.0000000000
151786  -11.337  -6.108  57.403 0.0000000000
64556  -10.215  -6.357  55.370 0.0000000000
65682  -10.837  -5.115  56.105 0.0000000000
65695  -10.581  -5.098  55.244 0.0000000000
66736  -10.288  -4.190  55.243 0.0000000000
136291  -8.996  -6.744  53.893 0.0000000000
64596  -8.594  -6.656  52.273 0.0000000000
64608  -7.830  -5.940  51.255 0.0000000000
64609  -8.398  -6.449  51.446 0.0000000000
58828  -9.836  -11.696  69.518 0.0000000000
58817  -9.838  -10.777  69.005 0.0000000000
57867  -9.302  -12.294  69.578 0.0000000000
57877  -7.749  -11.991  69.254 0.0000000000
59789  -8.267  -9.857  68.479 0.0000000000
59801  -7.666  -10.584  68.472 0.0000000000
55825  -6.779  -13.968  68.241 0.0000000000
56891  -7.125  -13.050  68.108 0.0000000000
156741  -6.661  -12.672  67.612 0.0000000000
58853  -7.146  -11.179  67.296 0.0000000000
142228  -7.171  -11.507  67.765 0.0000000000
59816  -7.367  -10.591  67.439 0.0000000000
60935  -7.787  -9.179  67.734 0.0000000000
60934  -7.444  -10.050  67.281 0.0000000000
60957  -7.408  -10.006  66.485 0.0000000000
62203  -7.596  -9.457  66.661 0.0000000000
60958  -7.562  -9.458  66.220 0.0000000000
63348  -7.747  -7.971  66.225 0.0000000000
59864  -6.857  -11.815  64.648 0.0000000000
59877  -7.514  -11.304  63.444 0.0000000000
59876  -7.012  -12.088  63.806 0.0000000000
55868  -4.740  -14.221  64.274 0.0000000000
56955  -4.894  -13.312  64.194 0.0000000000
56984  -4.970  -13.645  62.533 0.0000000000
57963  -5.591  -12.738  62.639 0.0000000000
134864  -5.312  -13.054  62.228 0.0000000000
57972  -5.872  -12.638  61.786 0.0000000000
54849  -6.071  -15.459  60.351 0.0000000000
57023  -5.995  -14.219  60.457 0.0000000000
130082  -6.276  -14.987  59.912 0.0000000000
139095  -6.364  -15.439  59.218 0.0000000000
130008  -6.219  -16.065  59.052 0.0000000000
49677  -7.733  -20.083  65.533 0.0000000000
135051  -6.695  -21.522  63.175 0.0000000000
48741  -7.011  -21.650  63.735 0.0000000000
129543  -6.673  -20.250  64.205 0.0000000000
50683  -6.173  -19.365  63.929 0.0000000000
50698  -6.312  -20.066  63.298 0.0000000000
49723  -6.404  -20.259  61.910 0.0000000000
155003  -6.078  -19.770  61.919 0.0000000000
50724  -5.763  -19.216  61.987 0.0000000000
145406  -6.124  -19.630  61.438 0.0000000000
50737  -6.534  -19.289  60.845 0.0000000000
50749  -7.020  -18.859  60.264 0.0000000000
151163  -6.312  -18.015  59.597 0.0000000000
51741  -6.869  -18.222  59.680 0.0000000000
147758  -7.273  -18.037  58.670 0.0000000000
51768  -7.397  -17.943  57.860 0.0000000000
51782  -7.513  -17.894  56.836 0.0000000000
71802  -35.531  0.211  65.633 0.0000000000
73825  -35.655  1.966  65.636 0.0000000000
72794  -35.177  1.398  65.967 0.0000000000
73824  -35.104  2.092  65.971 0.0000000000
67700  -35.114  -2.572  65.023 0.0000000000
68769  -35.317  -1.838  65.314 0.0000000000
156686  -35.440  -0.666  65.703 0.0000000000
67689  -34.299  -3.119  66.634 0.0000000000
67690  -34.694  -2.670  66.217 0.0000000000
67699  -34.848  -3.052  65.416 0.0000000000
71787  -33.434  0.510  67.415 0.0000000000
71788  -33.820  0.039  67.403 0.0000000000
68747  -34.350  -2.128  67.389 0.0000000000
73814  -33.710  1.649  66.880 0.0000000000
92895  -52.309  20.924  36.710 0.0000000000
93860  -52.964  21.251  36.954 0.0000000000
87999  -50.456  16.050  38.095 0.0000000000
88899  -50.711  16.800  38.104 0.0000000000
90881  -50.631  18.144  37.608 0.0000000000
90890  -50.512  18.875  37.175 0.0000000000
91859  -49.983  19.217  36.269 0.0000000000
91861  -51.328  19.774  36.947 0.0000000000
75067  -45.717  3.577  48.022 0.0000000000
75085  -47.282  3.911  47.845 0.0000000000
75068  -46.527  3.829  48.374 0.0000000000
75051  -46.580  4.024  49.228 0.0000000000
75052  -47.323  4.403  49.637 0.0000000000
134262  -40.645  2.277  49.292 0.0000000000
72963  -41.924  2.342  49.597 0.0000000000
72975  -42.041  2.508  48.820 0.0000000000
73978  -42.725  2.690  48.257 0.0000000000
73994  -43.208  2.925  47.814 0.0000000000
73979  -43.586  2.962  48.419 0.0000000000
73996  -44.316  3.228  48.231 0.0000000000
129669  -7.148  -12.651  58.498 0.0000000000
58021  -7.206  -12.390  57.541 0.0000000000
57046  -7.119  -13.253  57.771 0.0000000000
145958  -6.971  -15.868  55.962 0.0000000000
53857  -7.181  -16.486  55.488 0.0000000000
51794  -7.631  -17.905  55.816 0.0000000000
55869  -11.955  -14.938  64.286 0.0000000000
54806  -11.634  -15.233  65.014 0.0000000000
53770  -11.836  -16.305  64.137 0.0000000000
71861  -37.167  1.197  59.604 0.0000000000
71874  -37.016  1.234  58.786 0.0000000000
137070  -37.274  1.577  57.932 0.0000000000
71897  -37.813  1.639  57.412 0.0000000000
72894  -39.292  2.120  56.780 0.0000000000
75938  -26.462  3.807  69.652 0.0000000000
65619  -27.486  -5.269  61.776 0.0000000000
89970  -53.235  17.773  31.302 0.0000000000
88991  -53.029  17.086  30.289 0.0000000000
89007  -53.345  17.060  29.267 0.0000000000
89990  -54.867  17.763  29.494 0.0000000000
82810  -52.627  10.823  41.126 0.0000000000
82804  -53.144  10.950  41.759 0.0000000000
82789  -53.407  10.840  42.855 0.0000000000
150397  -48.199  7.685  42.780 0.0000000000
141906  -48.437  8.031  42.037 0.0000000000
80624  -49.153  8.363  42.001 0.0000000000
80633  -50.031  8.916  40.580 0.0000000000
80626  -50.688  9.133  41.169 0.0000000000
81802  -51.284  9.546  40.889 0.0000000000
60936  -16.868  -9.741  68.587 0.0000000000
59845  -16.881  -10.574  67.029 0.0000000000
67686  -22.334  -2.801  65.721 0.0000000000
69934  -6.920  -1.649  51.359 0.0000000000
68898  -7.026  -2.393  51.024 0.0000000000
68817  -8.846  -2.524  59.341 0.0000000000
67764  -8.949  -2.677  58.752 0.0000000000
66692  -9.106  -3.129  58.270 0.0000000000
136940  -9.100  -13.294  52.914 0.0000000000
59045  -8.069  -11.862  52.685 0.0000000000
58086  -9.748  -13.699  52.724 0.0000000000
62138  -10.157  -7.044  70.182 0.0000000000
59774  -9.744  -8.832  69.256 0.0000000000
53743  -6.337  -17.098  67.041 0.0000000000
53742  -5.793  -16.633  66.463 0.0000000000
53756  -5.556  -16.822  65.609 0.0000000000
133190  -5.202  -16.121  65.036 0.0000000000
52706  -5.487  -17.742  64.432 0.0000000000
69824  -35.781  -0.760  63.886 0.0000000000
69832  -35.667  -0.464  63.596 0.0000000000
70827  -35.497  -0.010  63.118 0.0000000000
71832  -36.115  0.829  62.602 0.0000000000
71840  -36.056  1.059  61.713 0.0000000000
64466  -34.250  -6.318  63.242 0.0000000000
67679  -32.320  -3.399  67.780 0.0000000000
67667  -31.750  -3.085  68.347 0.0000000000
66604  -31.527  -5.019  67.041 0.0000000000
65566  -30.218  -5.267  65.983 0.0000000000
65579  -29.823  -5.763  65.219 0.0000000000
136273  -29.497  -6.742  63.802 0.0000000000
92925  -53.761  20.587  33.323 0.0000000000
92911  -50.932  20.302  34.135 0.0000000000
91889  -50.479  19.567  33.642 0.0000000000
90914  -51.211  19.326  33.179 0.0000000000
90930  -52.226  18.694  32.950 0.0000000000
91891  -52.251  19.715  33.349 0.0000000000
79464  -49.449  7.115  45.358 0.0000000000
79465  -50.386  7.487  45.370 0.0000000000
79449  -50.826  7.278  45.718 0.0000000000
79439  -51.158  7.359  46.300 0.0000000000
75117  -44.010  4.006  45.432 0.0000000000
76221  -45.668  4.506  45.320 0.0000000000
76238  -46.276  5.109  44.832 0.0000000000
77328  -46.967  6.385  44.153 0.0000000000
78407  -48.585  6.182  45.183 0.0000000000
66679  -21.520  -4.324  58.988 0.0000000000
135020  -5.667  0.636  54.516 0.0000000000
70918  -6.036  -0.624  54.032 0.0000000000
63431  -10.277  -8.074  59.738 0.0000000000
63446  -10.842  -7.557  58.909 0.0000000000
136863  -7.044  -12.317  55.864 0.0000000000
59977  -7.308  -11.402  56.807 0.0000000000
154887  -6.440  -12.337  55.069 0.0000000000
58056  -6.810  -12.398  54.827 0.0000000000
59025  -7.399  -12.214  54.674 0.0000000000
59042  -7.910  -12.331  54.241 0.0000000000
156508  -8.752  -14.053  53.491 0.0000000000
54959  -9.200  -15.379  52.552 0.0000000000
53913  -9.415  -16.629  52.325 0.0000000000
52864  -9.721  -17.499  51.903 0.0000000000
56884  -10.681  -12.432  68.747 0.0000000000
53744  -10.567  -16.121  66.512 0.0000000000
130271  -10.100  -16.581  66.991 0.0000000000
52670  -8.911  -17.271  67.256 0.0000000000
52684  -9.200  -17.835  66.864 0.0000000000
73949  -42.755  2.821  52.280 0.0000000000
75007  -43.480  3.078  52.299 0.0000000000
129659  -43.006  3.238  52.816 0.0000000000
70893  -33.189  0.147  57.787 0.0000000000
72913  -38.719  2.487  54.350 0.0000000000
72926  -39.646  2.456  53.115 0.0000000000
72939  -40.055  2.312  52.343 0.0000000000
73953  -41.465  2.316  51.896 0.0000000000
70772  -24.433  0.218  68.129 0.0000000000
70782  -24.501  0.186  67.454 0.0000000000
70791  -24.911  0.239  66.472 0.0000000000
71767  -28.704  0.344  69.767 0.0000000000
71754  -28.206  1.141  69.669 0.0000000000
69778  -28.683  -1.066  69.054 0.0000000000
139930  -27.160  -2.013  63.439 0.0000000000
68776  -27.143  -1.326  63.854 0.0000000000
69830  -26.794  -0.863  63.645 0.0000000000
70811  -26.378  -0.403  63.989 0.0000000000
67744  -24.275  -2.514  60.222 0.0000000000
87153  -51.823  14.311  26.666 0.0000000000
67724  -7.497  -2.582  63.365 0.0000000000
67733  -8.029  -2.521  62.656 0.0000000000
65624  -9.413  -4.747  62.463 0.0000000000
65616  -9.847  -5.540  62.658 0.0000000000
61025  -7.702  -10.875  61.092 0.0000000000
59906  -7.365  -11.365  60.853 0.0000000000
57982  -6.182  -12.551  60.947 0.0000000000
149334  -52.827  15.380  38.552 0.0000000000
88004  -53.307  16.064  38.804 0.0000000000
87992  -53.246  15.621  38.704 0.0000000000
86998  -53.541  15.400  38.962 0.0000000000
82823  -51.209  11.097  38.763 0.0000000000
82822  -50.644  10.649  38.296 0.0000000000
84713  -50.976  12.683  38.154 0.0000000000
85880  -51.221  13.754  38.184 0.0000000000
58841  -12.566  -10.243  68.553 0.0000000000
142858  -14.027  -10.572  66.882 0.0000000000
58879  -12.928  -11.153  65.711 0.0000000000
57931  -12.060  -11.648  65.064 0.0000000000
65626  -19.997  -5.418  60.937 0.0000000000
64499  -19.305  -6.363  60.911 0.0000000000
63407  -19.046  -6.776  61.683 0.0000000000
62278  -18.681  -7.583  61.552 0.0000000000
58924  -18.605  -10.345  60.847 0.0000000000
59908  -18.329  -9.487  61.083 0.0000000000
59907  -18.333  -10.029  61.778 0.0000000000
59894  -18.297  -9.235  62.485 0.0000000000
59880  -18.192  -9.288  63.116 0.0000000000
60983  -17.817  -8.951  64.285 0.0000000000
59879  -18.124  -9.770  63.636 0.0000000000
59878  -18.010  -10.346  63.972 0.0000000000
58903  -17.712  -10.573  64.251 0.0000000000
149351  -15.684  -13.206  60.498 0.0000000000
55916  -14.417  -13.179  61.135 0.0000000000
55902  -13.857  -13.507  61.671 0.0000000000
71885  -8.232  0.776  57.452 0.0000000000
67791  -7.716  -3.084  57.111 0.0000000000
68844  -7.506  -2.562  56.440 0.0000000000
66744  -8.026  -3.869  53.568 0.0000000000
64544  -10.610  -7.027  56.130 0.0000000000
143305  -11.193  -6.031  56.501 0.0000000000
64555  -9.665  -6.838  55.138 0.0000000000
61147  -9.112  -9.327  53.739 0.0000000000
64580  -8.790  -6.620  53.094 0.0000000000
63525  -8.937  -6.952  51.929 0.0000000000
63526  -9.558  -7.466  51.987 0.0000000000
146546  -9.219  -12.613  69.509 0.0000000000
56871  -8.899  -12.567  69.458 0.0000000000
56906  -5.919  -13.206  67.000 0.0000000000
57906  -6.577  -12.478  67.088 0.0000000000
143382  -7.045  -10.898  66.854 0.0000000000
59844  -7.224  -10.599  66.427 0.0000000000
155574  -4.715  -15.065  62.957 0.0000000000
130084  -4.871  -15.020  62.309 0.0000000000
131142  -5.057  -14.300  62.058 0.0000000000
131141  -5.561  -14.216  61.328 0.0000000000
130083  -5.364  -14.936  61.678 0.0000000000
139509  -5.920  -16.578  59.606 0.0000000000
156636  -6.882  -22.320  62.652 0.0000000000
49713  -6.398  -20.799  62.704 0.0000000000
129768  -6.582  -21.007  62.096 0.0000000000
49724  -6.857  -20.756  61.581 0.0000000000
50763  -7.362  -19.326  59.299 0.0000000000
143696  -35.025  -5.118  62.234 0.0000000000
66654  -34.882  -4.341  62.367 0.0000000000
67719  -35.192  -2.670  63.606 0.0000000000
68785  -35.496  -2.079  63.378 0.0000000000
140507  -35.366  -2.148  64.641 0.0000000000
145878  -35.640  -1.469  63.862 0.0000000000
71816  -36.385  0.763  64.137 0.0000000000
64440  -32.047  -6.448  65.107 0.0000000000
64453  -32.408  -6.691  64.549 0.0000000000
64454  -33.092  -6.474  64.278 0.0000000000
66618  -34.249  -4.419  65.494 0.0000000000
65597  -34.161  -5.252  64.373 0.0000000000
150615  -33.862  -6.057  63.996 0.0000000000
65612  -34.853  -4.880  62.996 0.0000000000
68727  -32.739  -1.770  68.193 0.0000000000
70768  -33.516  -0.622  67.533 0.0000000000
69782  -33.118  -1.261  67.786 0.0000000000
67669  -33.111  -2.275  68.127 0.0000000000
94844  -52.380  22.070  34.907 0.0000000000
94845  -52.830  22.562  34.799 0.0000000000
93878  -52.774  22.633  35.247 0.0000000000
88011  -49.664  15.940  37.682 0.0000000000
88010  -48.729  15.866  37.128 0.0000000000
88023  -47.976  16.127  36.251 0.0000000000
90904  -49.472  18.741  34.516 0.0000000000
91868  -50.387  19.752  35.515 0.0000000000
91878  -50.360  19.801  34.458 0.0000000000
92912  -51.462  20.788  34.708 0.0000000000
130144  -48.121  4.617  46.138 0.0000000000
78359  -49.228  5.623  46.130 0.0000000000
77279  -48.803  4.677  47.334 0.0000000000
77280  -49.573  5.230  47.386 0.0000000000
76192  -48.701  4.535  48.114 0.0000000000
72008  -39.637  1.832  48.425 0.0000000000
72029  -39.888  1.707  47.522 0.0000000000
72992  -40.220  1.885  46.735 0.0000000000
74003  -42.429  2.934  46.637 0.0000000000
138674  -44.398  3.712  46.300 0.0000000000
76205  -46.042  3.924  46.052 0.0000000000
76206  -46.898  3.908  46.230 0.0000000000
61048  -7.956  -10.380  59.389 0.0000000000
61068  -7.872  -10.145  58.571 0.0000000000
59962  -7.315  -10.971  58.221 0.0000000000
58972  -7.172  -11.426  57.401 0.0000000000
57059  -7.237  -12.833  56.887 0.0000000000
58035  -7.270  -12.276  56.723 0.0000000000
130336  -6.904  -12.786  55.988 0.0000000000
56001  -6.815  -13.790  55.173 0.0000000000
56002  -8.018  -14.729  54.429 0.0000000000
144963  -8.172  -15.377  54.175 0.0000000000
53899  -8.651  -16.353  53.265 0.0000000000
53885  -8.288  -16.657  53.776 0.0000000000
51825  -8.676  -18.019  53.431 0.0000000000
52838  -7.875  -17.392  54.572 0.0000000000
50813  -9.238  -19.272  53.414 0.0000000000
55827  -10.427  -13.582  66.395 0.0000000000
55839  -10.778  -13.978  65.792 0.0000000000
54799  -10.947  -14.869  65.852 0.0000000000
53758  -11.497  -16.038  65.257 0.0000000000
53757  -10.984  -16.557  65.810 0.0000000000
74975  -41.740  3.315  54.413 0.0000000000
74963  -41.680  3.311  55.135 0.0000000000
138550  -33.330  -0.741  60.778 0.0000000000
149276  -33.186  -0.181  60.232 0.0000000000
70864  -33.031  -0.115  59.378 0.0000000000
71857  -33.502  0.465  58.934 0.0000000000
71872  -34.888  0.857  58.610 0.0000000000
153487  -33.512  0.380  58.267 0.0000000000
71894  -34.723  0.567  57.260 0.0000000000
71916  -35.571  1.277  56.138 0.0000000000
71917  -36.059  1.617  55.579 0.0000000000
72902  -37.889  2.316  55.534 0.0000000000
73930  -39.374  2.643  54.961 0.0000000000
72769  -25.287  1.562  70.070 0.0000000000
66600  -28.304  -3.516  66.370 0.0000000000
66627  -26.940  -3.523  64.010 0.0000000000
66642  -27.351  -4.807  62.635 0.0000000000
66641  -27.167  -4.088  63.255 0.0000000000
67718  -27.165  -2.853  62.894 0.0000000000
67728  -27.511  -2.118  61.795 0.0000000000
67737  -26.780  -2.354  60.634 0.0000000000
88123  -51.271  15.643  28.198 0.0000000000
88111  -52.199  16.328  28.918 0.0000000000
139504  -51.910  15.932  28.366 0.0000000000
87138  -51.573  14.984  27.335 0.0000000000
87139  -52.531  14.811  26.952 0.0000000000
87154  -52.526  14.120  26.282 0.0000000000
87155  -53.225  14.510  26.360 0.0000000000
144017  -53.875  14.875  26.380 0.0000000000
88136  -54.375  16.084  27.493 0.0000000000
65605  -8.528  -5.026  63.862 0.0000000000
62254  -9.329  -8.217  63.822 0.0000000000
156517  -52.490  12.741  39.238 0.0000000000
85856  -53.352  13.637  39.531 0.0000000000
84698  -52.974  12.655  39.780 0.0000000000
83749  -53.453  11.850  41.547 0.0000000000
79525  -47.330  7.692  41.515 0.0000000000
79533  -46.825  7.699  40.825 0.0000000000
80639  -48.761  8.594  38.800 0.0000000000
81816  -50.433  9.434  39.187 0.0000000000
80641  -50.764  9.440  39.858 0.0000000000
81817  -51.157  9.921  39.618 0.0000000000
81824  -50.943  10.202  38.919 0.0000000000
59804  -14.972  -9.462  68.915 0.0000000000
156856  -15.429  -10.142  67.851 0.0000000000
59819  -16.205  -10.204  68.109 0.0000000000
59949  -19.291  -9.542  58.130 0.0000000000
61049  -18.954  -9.045  58.914 0.0000000000
59933  -18.891  -9.845  59.002 0.0000000000
58946  -18.890  -10.557  59.268 0.0000000000
58932  -18.981  -11.222  59.640 0.0000000000
57985  -18.819  -11.870  59.974 0.0000000000
57976  -18.676  -11.873  60.741 0.0000000000
57984  -18.421  -12.395  60.334 0.0000000000
57975  -18.272  -12.154  61.319 0.0000000000
71850  -8.584  -0.064  58.712 0.0000000000
140251  -8.353  -0.618  58.632 0.0000000000
67778  -8.538  -2.830  57.888 0.0000000000
68834  -7.811  -2.675  57.318 0.0000000000
61116  -7.700  -9.538  55.196 0.0000000000
62361  -8.972  -8.696  55.153 0.0000000000
62371  -7.954  -9.248  54.735 0.0000000000
129678  -8.472  -9.216  54.216 0.0000000000
60044  -8.315  -11.062  52.830 0.0000000000
147390  -9.790  -9.741  53.206 0.0000000000
60046  -10.540  -10.422  52.634 0.0000000000
154300  -9.448  -5.160  71.502 0.0000000000
66549  -9.154  -4.775  71.398 0.0000000000
64396  -8.993  -5.988  70.986 0.0000000000
63312  -8.939  -7.237  69.862 0.0000000000
62152  -8.652  -7.579  69.065 0.0000000000
55824  -6.162  -14.078  67.475 0.0000000000
56943  -5.307  -12.935  64.797 0.0000000000
54819  -4.732  -15.550  63.497 0.0000000000
67756  -33.771  -3.662  60.356 0.0000000000
66655  -34.721  -3.670  62.150 0.0000000000
67738  -34.382  -3.243  62.021 0.0000000000
146507  -35.441  -1.880  63.070 0.0000000000
68804  -34.295  -2.514  62.174 0.0000000000
70851  -34.751  0.665  60.845 0.0000000000
71847  -35.279  1.086  60.391 0.0000000000
71848  -36.077  1.205  60.771 0.0000000000
145744  -28.673  1.603  69.260 0.0000000000
68710  -29.297  -1.288  69.185 0.0000000000
67656  -29.218  -2.171  68.294 0.0000000000
70765  -30.985  -0.507  68.382 0.0000000000
152058  -31.218  -2.651  68.622 0.0000000000
68725  -31.096  -1.986  68.875 0.0000000000
154893  -30.564  -1.518  68.948 0.0000000000
68724  -30.266  -1.952  68.893 0.0000000000
67665  -29.421  -2.915  67.990 0.0000000000
66601  -29.050  -3.543  66.811 0.0000000000
66629  -28.200  -5.032  64.940 0.0000000000
65610  -28.248  -5.787  63.818 0.0000000000
64464  -28.803  -6.247  63.898 0.0000000000
64477  -28.389  -6.222  63.217 0.0000000000
90928  -49.920  18.100  32.894 0.0000000000
154864  -49.898  16.946  32.384 0.0000000000
88978  -52.179  16.695  31.269 0.0000000000
89960  -53.017  18.163  31.786 0.0000000000
90939  -53.795  18.326  31.618 0.0000000000
90932  -54.341  18.856  31.796 0.0000000000
81758  -51.850  9.313  43.744 0.0000000000
150560  -51.878  8.353  45.002 0.0000000000
78360  -49.864  6.031  46.356 0.0000000000
78452  -47.290  7.067  42.847 0.0000000000
78430  -47.493  6.841  43.791 0.0000000000
78453  -47.870  7.305  43.273 0.0000000000
80608  -49.227  8.363  43.012 0.0000000000
66651  -22.012  -3.682  62.777 0.0000000000
65627  -20.837  -4.781  61.423 0.0000000000
65647  -21.006  -5.025  59.508 0.0000000000
65646  -20.362  -5.528  59.919 0.0000000000
64510  -19.625  -6.108  60.081 0.0000000000
63447  -19.280  -7.443  59.061 0.0000000000
61069  -19.367  -8.630  58.159 0.0000000000
71950  -6.185  0.148  53.256 0.0000000000
69933  -6.535  -1.894  52.186 0.0000000000
154020  -6.694  -3.646  51.951 0.0000000000
65656  -10.108  -4.585  59.298 0.0000000000
63458  -10.901  -7.923  57.766 0.0000000000
61085  -7.984  -10.040  57.741 0.0000000000
62334  -8.698  -9.672  57.165 0.0000000000
61101  -7.789  -10.567  56.690 0.0000000000
62349  -8.565  -9.577  56.386 0.0000000000
62360  -8.317  -9.313  55.592 0.0000000000
61145  -7.923  -10.785  54.977 0.0000000000
59044  -7.738  -12.047  52.911 0.0000000000
59043  -7.961  -12.299  53.590 0.0000000000
154824  -8.094  -12.483  53.051 0.0000000000
58085  -8.695  -12.991  53.151 0.0000000000
153448  -9.387  -14.068  52.779 0.0000000000
58829  -10.460  -11.725  69.453 0.0000000000
57868  -9.912  -12.395  69.662 0.0000000000
56873  -9.948  -12.540  69.705 0.0000000000
54782  -9.742  -13.985  67.061 0.0000000000
54790  -9.855  -14.821  66.951 0.0000000000
152432  -8.520  -14.186  67.919 0.0000000000
54779  -8.136  -15.163  68.622 0.0000000000
52668  -7.185  -17.241  67.218 0.0000000000
51663  -6.988  -18.515  66.148 0.0000000000
73962  -44.229  2.848  50.495 0.0000000000
73963  -45.040  3.242  50.092 0.0000000000
75019  -44.469  2.978  51.371 0.0000000000
68818  -33.142  -2.305  59.427 0.0000000000
69882  -32.990  -1.414  57.660 0.0000000000
132168  -39.539  2.436  50.654 0.0000000000
72953  -40.363  2.320  50.484 0.0000000000
72948  -40.146  2.346  51.309 0.0000000000
137839  -41.143  2.173  50.376 0.0000000000
72954  -41.874  2.192  50.245 0.0000000000
135903  -42.608  2.384  50.057 0.0000000000
69796  -23.012  -0.259  66.967 0.0000000000
68755  -23.000  -1.901  65.820 0.0000000000
68766  -23.117  -2.329  65.259 0.0000000000
74816  -26.804  3.003  69.807 0.0000000000
144678  -27.476  1.520  69.730 0.0000000000
152618  -27.080  1.834  69.841 0.0000000000
72758  -26.618  2.229  70.059 0.0000000000
70748  -26.084  0.403  69.601 0.0000000000
67676  -27.898  -2.891  66.815 0.0000000000
68746  -27.682  -2.306  67.250 0.0000000000
68733  -27.370  -1.800  67.764 0.0000000000
68757  -26.921  -2.040  65.790 0.0000000000
68745  -26.991  -1.957  67.224 0.0000000000
69788  -26.881  -1.101  68.272 0.0000000000
70783  -25.801  0.178  67.137 0.0000000000
70800  -25.181  -0.111  65.719 0.0000000000
70810  -25.937  -0.240  64.438 0.0000000000
69814  -24.543  -0.862  65.302 0.0000000000
68767  -23.995  -1.612  64.862 0.0000000000
67706  -23.582  -2.541  64.240 0.0000000000
67716  -23.043  -2.816  63.937 0.0000000000
66652  -22.839  -3.212  62.472 0.0000000000
66670  -22.181  -3.798  60.459 0.0000000000
67743  -23.442  -2.944  60.621 0.0000000000
67735  -22.754  -3.403  60.819 0.0000000000
86039  -53.325  13.667  25.399 0.0000000000
84854  -53.553  13.333  24.872 0.0000000000
149923  -53.907  12.964  24.200 0.0000000000
146345  -55.380  13.496  23.078 0.0000000000
154364  -8.620  -1.809  60.527 0.0000000000
67751  -8.957  -2.843  59.771 0.0000000000
68801  -8.335  -2.399  61.863 0.0000000000
67734  -8.384  -2.793  62.009 0.0000000000
65644  -10.054  -4.883  60.244 0.0000000000
64498  -10.465  -5.752  60.528 0.0000000000
63420  -10.459  -6.695  60.616 0.0000000000
138320  -10.262  -7.521  60.433 0.0000000000
62277  -9.497  -8.604  62.040 0.0000000000
151016  -8.887  -9.788  60.457 0.0000000000
59947  -7.333  -11.477  59.076 0.0000000000
59919  -7.367  -11.280  60.146 0.0000000000
141142  -7.119  -12.201  59.120 0.0000000000
57035  -7.117  -13.374  58.898 0.0000000000
129988  -7.106  -14.036  58.474 0.0000000000
150505  -52.931  18.919  38.323 0.0000000000
134952  -52.670  18.124  38.480 0.0000000000
82767  -53.112  10.040  43.363 0.0000000000
75034  -45.645  3.545  50.491 0.0000000000
138047  -46.688  4.125  49.967 0.0000000000
80663  -49.052  9.088  37.054 0.0000000000
81829  -50.108  10.197  37.713 0.0000000000
150245  -49.702  10.214  37.139 0.0000000000
81838  -49.285  9.861  36.794 0.0000000000
82836  -49.377  10.734  36.820 0.0000000000
83776  -48.828  11.548  36.540 0.0000000000
146153  -49.678  14.008  37.270 0.0000000000
87021  -50.609  14.877  37.925 0.0000000000
85879  -50.906  14.370  38.004 0.0000000000
88000  -50.953  15.508  38.186 0.0000000000
142125  -51.267  16.166  38.302 0.0000000000
59803  -14.107  -9.564  68.901 0.0000000000
58866  -13.116  -10.881  67.292 0.0000000000
56944  -11.343  -13.645  64.945 0.0000000000
135712  -21.721  -3.840  63.468 0.0000000000
65608  -21.200  -4.216  63.809 0.0000000000
65593  -21.235  -4.287  64.563 0.0000000000
65592  -20.556  -4.669  64.172 0.0000000000
64449  -19.275  -5.780  64.877 0.0000000000
62290  -18.625  -8.119  60.647 0.0000000000
133211  -18.806  -7.113  62.280 0.0000000000
145000  -18.571  -7.802  62.124 0.0000000000
64437  -19.193  -5.951  65.455 0.0000000000
63363  -18.810  -6.544  65.801 0.0000000000
63349  -18.851  -6.449  66.657 0.0000000000
62222  -18.049  -8.239  65.702 0.0000000000
129420  -18.226  -8.183  67.302 0.0000000000
59834  -17.667  -9.724  67.001 0.0000000000
59846  -17.371  -10.331  66.597 0.0000000000
58894  -17.522  -10.447  65.209 0.0000000000
58893  -16.687  -10.748  65.397 0.0000000000
57974  -17.558  -12.547  61.601 0.0000000000
57965  -16.200  -12.407  62.391 0.0000000000
57957  -15.767  -12.096  62.912 0.0000000000
57945  -14.635  -11.219  63.513 0.0000000000
55887  -13.269  -13.660  62.395 0.0000000000
71865  -7.999  0.033  57.943 0.0000000000
71884  -7.866  0.457  57.189 0.0000000000
69879  -7.346  -1.825  56.783 0.0000000000
70886  -7.093  -1.063  56.596 0.0000000000
71883  -7.521  0.485  56.704 0.0000000000
154773  -7.214  0.518  56.211 0.0000000000
71905  -6.715  0.157  55.806 0.0000000000
68864  -6.478  -1.756  54.025 0.0000000000
151535  -6.426  -2.558  52.948 0.0000000000
65669  -10.019  -4.308  58.265 0.0000000000
66709  -9.734  -4.053  57.373 0.0000000000
66710  -10.315  -4.475  56.582 0.0000000000
67794  -9.890  -3.839  55.722 0.0000000000
67806  -9.603  -3.638  55.228 0.0000000000
64565  -9.339  -6.815  54.611 0.0000000000
66746  -9.367  -4.039  54.554 0.0000000000
66745  -8.687  -4.077  54.163 0.0000000000
65719  -8.188  -5.333  52.735 0.0000000000
66751  -7.666  -4.575  52.651 0.0000000000
66759  -7.120  -4.869  51.952 0.0000000000
66772  -7.310  -4.841  51.442 0.0000000000
65753  -7.619  -5.398  51.195 0.0000000000
64625  -8.324  -6.066  50.940 0.0000000000
64626  -9.006  -6.267  50.963 0.0000000000
64611  -10.209  -7.210  51.572 0.0000000000
64427  -7.515  -6.667  66.178 0.0000000000
59781  -10.338  -9.768  68.924 0.0000000000
59780  -9.376  -9.860  68.820 0.0000000000
59790  -8.705  -10.200  68.706 0.0000000000
59779  -8.737  -9.264  68.800 0.0000000000
60911  -8.514  -8.761  68.704 0.0000000000
60910  -8.420  -8.351  68.489 0.0000000000
55804  -7.930  -13.182  68.374 0.0000000000
57876  -7.393  -12.379  68.454 0.0000000000
144799  -6.909  -12.125  67.724 0.0000000000
134320  -6.907  -11.306  68.887 0.0000000000
59800  -7.504  -10.306  67.945 0.0000000000
60915  -7.807  -9.185  67.904 0.0000000000
62157  -8.365  -8.262  68.268 0.0000000000
149407  -8.012  -8.758  67.425 0.0000000000
137511  -8.268  -8.072  67.429 0.0000000000
62190  -7.912  -8.822  66.958 0.0000000000
63334  -8.022  -8.008  66.760 0.0000000000
64417  -7.792  -7.276  66.577 0.0000000000
64426  -7.591  -7.276  66.064 0.0000000000
63361  -7.722  -7.679  65.876 0.0000000000
62221  -7.943  -8.413  65.591 0.0000000000
60967  -7.525  -10.492  65.266 0.0000000000
148727  -7.793  -10.263  64.946 0.0000000000
60981  -8.015  -10.516  64.177 0.0000000000
57942  -5.212  -12.687  64.098 0.0000000000
56968  -4.805  -13.719  63.406 0.0000000000
57954  -5.341  -12.717  63.468 0.0000000000
58907  -6.272  -12.538  63.142 0.0000000000
58921  -6.553  -12.209  61.222 0.0000000000
148972  -6.306  -13.622  60.130 0.0000000000
55941  -6.723  -14.740  59.078 0.0000000000
54871  -6.784  -15.464  58.507 0.0000000000
51677  -7.539  -19.243  66.031 0.0000000000
48731  -7.596  -21.566  64.208 0.0000000000
49689  -7.780  -20.912  65.025 0.0000000000
50684  -7.178  -20.352  65.002 0.0000000000
51689  -6.298  -19.093  64.816 0.0000000000
50710  -5.914  -19.276  62.941 0.0000000000
137806  -5.471  -18.329  61.705 0.0000000000
49737  -7.231  -20.604  60.854 0.0000000000
137674  -5.655  -18.093  60.771 0.0000000000
140059  -5.740  -17.956  59.965 0.0000000000
52767  -5.974  -17.384  59.511 0.0000000000
50762  -7.179  -18.527  59.452 0.0000000000
51755  -7.063  -17.780  59.081 0.0000000000
53813  -6.469  -16.817  59.114 0.0000000000
52792  -7.191  -16.730  58.065 0.0000000000
52806  -7.327  -16.573  57.195 0.0000000000
48824  -9.003  -20.628  54.110 0.0000000000
47811  -6.982  -22.261  62.178 0.0000000000
49819  -9.243  -19.832  53.675 0.0000000000
52760  -5.641  -17.174  60.361 0.0000000000
52779  -6.948  -17.089  58.767 0.0000000000
53834  -7.112  -15.999  57.800 0.0000000000
54896  -6.918  -15.060  56.296 0.0000000000
54910  -7.093  -16.028  55.021 0.0000000000
54940  -8.405  -15.812  53.736 0.0000000000
57010  -5.759  -13.583  60.974 0.0000000000
57101  -8.607  -14.068  54.056 0.0000000000
58045  -6.290  -12.602  54.988 0.0000000000
58067  -7.637  -12.607  54.382 0.0000000000
58079  -8.283  -12.717  53.962 0.0000000000
58084  -8.509  -12.836  53.403 0.0000000000
58890  -6.295  -12.072  64.915 0.0000000000
58998  -7.387  -11.836  56.239 0.0000000000
59010  -7.162  -11.960  55.360 0.0000000000
59856  -17.684  -10.290  65.935 0.0000000000
59858  -17.931  -9.599  65.262 0.0000000000
60897  -10.090  -7.792  69.644 0.0000000000
60949  -17.677  -9.600  67.678 0.0000000000
61000  -18.004  -8.914  63.618 0.0000000000
61130  -7.768  -10.599  55.461 0.0000000000
62137  -9.466  -7.195  70.080 0.0000000000
62146  -8.608  -7.493  70.008 0.0000000000
62333  -8.271  -10.206  56.929 0.0000000000
63305  -8.963  -7.039  70.470 0.0000000000
63313  -8.990  -6.908  70.457 0.0000000000
64397  -9.177  -5.843  71.158 0.0000000000
64438  -19.854  -5.356  65.368 0.0000000000
64441  -32.798  -6.188  65.016 0.0000000000
64451  -29.314  -6.145  64.524 0.0000000000
65518  -8.850  -5.557  71.167 0.0000000000
65519  -9.152  -5.335  71.409 0.0000000000
65584  -33.948  -5.104  65.197 0.0000000000
66589  -29.537  -3.522  67.423 0.0000000000
66592  -31.940  -4.230  67.346 0.0000000000
66593  -32.780  -3.852  67.095 0.0000000000
66602  -29.683  -4.185  66.896 0.0000000000
66606  -33.201  -4.449  66.480 0.0000000000
66617  -29.382  -5.106  65.738 0.0000000000
67657  -29.813  -2.389  68.499 0.0000000000
67668  -32.525  -2.705  68.319 0.0000000000
67677  -28.946  -3.028  67.423 0.0000000000
67678  -31.558  -3.647  67.783 0.0000000000
67745  -26.306  -2.609  60.097 0.0000000000
68711  -29.958  -1.413  69.106 0.0000000000
68722  -29.034  -1.588  68.655 0.0000000000
68735  -28.825  -1.879  68.175 0.0000000000
68736  -31.899  -2.390  68.720 0.0000000000
68738  -33.524  -1.816  67.815 0.0000000000
68739  -34.100  -1.878  67.561 0.0000000000
68740  -34.399  -1.630  67.255 0.0000000000
68748  -34.679  -1.824  66.946 0.0000000000
68760  -35.185  -1.581  65.987 0.0000000000
69765  -30.686  -0.875  68.758 0.0000000000
69779  -31.017  -1.357  68.697 0.0000000000
69792  -34.645  -0.978  66.739 0.0000000000
69800  -34.929  -1.068  66.356 0.0000000000
69820  -25.131  -0.684  64.371 0.0000000000
69821  -25.898  -0.307  63.909 0.0000000000
69822  -26.794  -0.789  64.241 0.0000000000
69823  -35.580  -1.483  64.659 0.0000000000
70749  -28.326  0.008  69.790 0.0000000000
70750  -29.068  -0.365  69.809 0.0000000000
70751  -29.600  -0.139  69.549 0.0000000000
70767  -32.660  -0.658  67.794 0.0000000000
70775  -34.123  -0.577  67.299 0.0000000000
70776  -34.460  -0.559  66.917 0.0000000000
70785  -34.794  -0.576  66.435 0.0000000000
70794  -35.261  -0.537  65.935 0.0000000000
70803  -35.558  -0.678  65.495 0.0000000000
71752  -27.345  1.373  69.779 0.0000000000
71753  -27.931  0.897  69.786 0.0000000000
71768  -29.133  0.790  69.490 0.0000000000
71803  -36.007  1.013  65.384 0.0000000000
71809  -36.070  0.451  64.994 0.0000000000
71817  -36.634  1.233  64.490 0.0000000000
71849  -37.686  1.361  60.057 0.0000000000
71871  -34.029  0.663  58.446 0.0000000000
71893  -33.875  0.481  57.764 0.0000000000
72757  -25.806  1.967  70.189 0.0000000000
72802  -36.638  1.522  64.995 0.0000000000
72810  -37.075  1.826  64.573 0.0000000000
73790  -26.199  2.693  70.357 0.0000000000
73791  -26.656  2.591  70.057 0.0000000000
73925  -39.281  2.437  55.895 0.0000000000
73947  -41.651  2.670  52.799 0.0000000000
73948  -42.120  2.633  52.323 0.0000000000
75133  -43.252  3.972  44.588 0.0000000000
75925  -26.178  3.506  70.006 0.0000000000
77269  -49.288  4.859  47.987 0.0000000000
77293  -49.543  5.535  46.693 0.0000000000
79486  -48.971  8.075  43.832 0.0000000000
79513  -48.659  8.034  42.865 0.0000000000
79536  -48.831  8.455  40.479 0.0000000000
80640  -50.166  9.078  39.843 0.0000000000
81803  -51.829  9.943  41.294 0.0000000000
81828  -49.635  9.555  37.364 0.0000000000
82809  -52.113  10.422  40.884 0.0000000000
88893  -53.429  16.478  38.919 0.0000000000
88901  -52.291  16.963  38.496 0.0000000000
88909  -49.196  16.523  37.376 0.0000000000
88977  -51.435  16.480  31.355 0.0000000000
89905  -50.060  17.592  37.683 0.0000000000
89906  -50.980  17.494  37.958 0.0000000000
90882  -51.200  18.410  37.695 0.0000000000
90883  -51.842  18.411  37.984 0.0000000000
130202  -30.906  -7.163  64.139 0.0000000000
130291  -18.713  -8.592  59.723 0.0000000000
130376  -9.070  -8.835  69.211 0.0000000000
132416  -53.353  20.265  37.895 0.0000000000
133078  -25.797  2.216  70.323 0.0000000000
133095  -7.926  -16.897  54.282 0.0000000000
133330  -34.614  0.630  57.953 0.0000000000
133873  -26.275  0.730  69.787 0.0000000000
134167  -9.135  -15.855  52.554 0.0000000000
134823  -7.046  -10.990  68.767 0.0000000000
136355  -26.810  1.731  69.929 0.0000000000
136995  -48.734  4.604  48.854 0.0000000000
137233  -26.917  0.263  69.674 0.0000000000
138016  -8.171  -9.040  55.097 0.0000000000
139337  -53.355  17.532  30.760 0.0000000000
140004  -9.268  -6.672  70.524 0.0000000000
141211  -9.773  -4.827  71.492 0.0000000000
141421  -52.600  16.304  38.606 0.0000000000
141976  -30.075  -2.945  68.255 0.0000000000
142113  -30.137  -0.699  69.192 0.0000000000
143680  -27.066  2.082  69.846 0.0000000000
144522  -34.433  0.746  66.763 0.0000000000
144780  -27.675  -0.028  69.632 0.0000000000
146450  -26.509  3.304  69.932 0.0000000000
149297  -25.293  0.790  69.379 0.0000000000
149319  -7.826  -19.281  55.508 0.0000000000
149596  -35.660  1.395  65.617 0.0000000000
150431  -45.641  3.629  46.509 0.0000000000
151406  -48.766  6.747  45.205 0.0000000000
151632  -6.256  -1.029  52.999 0.0000000000
152410  -8.951  -6.139  70.809 0.0000000000
152484  -35.914  0.474  65.236 0.0000000000
152960  -52.325  21.941  35.468 0.0000000000
154104  -8.123  -13.689  54.355 0.0000000000
154192  -27.949  -2.168  67.583 0.0000000000
154371  -7.173  -11.541  57.890 0.0000000000
154755  -8.539  -10.070  53.901 0.0000000000
155587  -35.777  -0.940  64.326 0.0000000000
156646  -6.872  -13.873  55.713 0.0000000000
156755  -37.358  1.673  60.811 0.0000000000
