#!ascii label  , from subject sub-v2s4x29615_ses-1 vox2ras=TkReg
720
11332  -47.433  -66.679  14.293 0.0000000000
12889  -46.442  -63.387  2.946 0.0000000000
17375  -52.087  -58.547  18.818 0.0000000000
142623  -46.467  -63.930  9.387 0.0000000000
16652  -53.327  -58.033  13.335 0.0000000000
17466  -47.186  -58.015  12.625 0.0000000000
22192  -49.197  -51.137  13.897 0.0000000000
29057  -41.372  -43.702  16.249 0.0000000000
20507  -53.163  -53.834  17.651 0.0000000000
15765  -53.121  -59.121  16.652 0.0000000000
18898  -55.068  -55.100  19.756 0.0000000000
19784  -48.766  -54.244  13.115 0.0000000000
23020  -45.626  -50.299  13.575 0.0000000000
31767  -41.439  -40.755  13.949 0.0000000000
29068  -44.974  -43.902  15.744 0.0000000000
9523  -45.993  -69.904  8.138 0.0000000000
138161  -45.309  -63.886  5.996 0.0000000000
9574  -45.273  -68.832  1.977 0.0000000000
10829  -44.092  -67.381  1.123 0.0000000000
13438  -50.496  -62.787  17.136 0.0000000000
145269  -47.743  -66.023  12.573 0.0000000000
14248  -50.628  -61.552  11.403 0.0000000000
14283  -50.506  -61.933  8.179 0.0000000000
16632  -50.094  -58.304  14.750 0.0000000000
144305  -51.202  -54.345  15.004 0.0000000000
22995  -51.891  -50.498  16.170 0.0000000000
25510  -41.496  -47.086  16.519 0.0000000000
26401  -45.365  -46.559  14.586 0.0000000000
25526  -48.722  -46.793  15.773 0.0000000000
26365  -51.299  -46.794  16.902 0.0000000000
141154  -46.150  -69.544  5.878 0.0000000000
15083  -46.731  -60.482  5.630 0.0000000000
150410  -48.427  -63.095  0.511 0.0000000000
153005  -44.124  -62.832  -0.365 0.0000000000
22144  -53.429  -51.755  18.074 0.0000000000
19680  -54.115  -54.949  19.611 0.0000000000
10718  -46.863  -67.850  12.052 0.0000000000
12878  -45.511  -63.453  4.343 0.0000000000
11461  -45.833  -66.111  2.664 0.0000000000
11462  -46.618  -66.080  1.624 0.0000000000
11460  -43.666  -66.131  1.577 0.0000000000
11494  -47.146  -66.231  -0.375 0.0000000000
15743  -51.347  -60.142  18.309 0.0000000000
14941  -51.719  -60.823  17.624 0.0000000000
16635  -53.453  -58.145  14.404 0.0000000000
15806  -51.781  -59.851  13.916 0.0000000000
15836  -51.921  -59.798  12.017 0.0000000000
14261  -50.845  -61.464  10.245 0.0000000000
15022  -52.875  -59.624  9.915 0.0000000000
15761  -49.024  -60.042  15.370 0.0000000000
16649  -48.716  -58.474  13.512 0.0000000000
21377  -49.089  -52.954  13.492 0.0000000000
146728  -50.123  -54.899  14.088 0.0000000000
132327  -50.264  -52.592  14.293 0.0000000000
139210  -51.767  -52.797  15.558 0.0000000000
23008  -50.669  -50.646  14.882 0.0000000000
27265  -41.726  -45.529  16.370 0.0000000000
26379  -43.210  -46.784  15.388 0.0000000000
27279  -43.296  -45.216  15.788 0.0000000000
29070  -46.862  -44.069  15.937 0.0000000000
141376  -46.577  -44.987  16.639 0.0000000000
27266  -47.769  -44.920  16.785 0.0000000000
25512  -49.930  -46.586  16.476 0.0000000000
12038  -47.043  -64.797  10.646 0.0000000000
10734  -47.014  -67.299  9.597 0.0000000000
11398  -46.454  -66.193  7.984 0.0000000000
132260  -42.282  -70.501  1.811 0.0000000000
15932  -45.368  -60.206  4.641 0.0000000000
15127  -48.100  -61.136  2.633 0.0000000000
147594  -47.363  -61.805  -2.134 0.0000000000
18910  -53.068  -56.034  18.472 0.0000000000
149474  -53.020  -59.112  18.917 0.0000000000
18143  -53.442  -57.389  19.202 0.0000000000
17378  -54.314  -57.396  18.263 0.0000000000
17414  -54.660  -56.834  15.853 0.0000000000
18222  -47.607  -56.243  12.600 0.0000000000
21375  -47.353  -52.458  12.894 0.0000000000
152990  -47.497  -50.171  13.345 0.0000000000
29955  -40.911  -41.994  14.875 0.0000000000
29067  -43.560  -43.763  15.665 0.0000000000
29958  -43.456  -42.620  14.486 0.0000000000
29960  -44.971  -42.873  14.195 0.0000000000
29099  -46.621  -43.615  13.977 0.0000000000
12061  -45.828  -64.033  7.759 0.0000000000
10770  -45.469  -66.605  5.573 0.0000000000
10784  -45.199  -66.349  4.569 0.0000000000
10228  -45.125  -68.599  0.587 0.0000000000
10225  -41.968  -68.185  2.308 0.0000000000
11458  -41.851  -65.998  2.530 0.0000000000
152632  -41.280  -64.927  2.672 0.0000000000
146636  -41.203  -63.551  1.894 0.0000000000
11974  -48.764  -64.887  15.488 0.0000000000
11346  -47.882  -67.062  13.889 0.0000000000
12762  -48.602  -64.069  13.041 0.0000000000
13478  -48.891  -63.255  12.424 0.0000000000
14965  -52.096  -60.216  15.871 0.0000000000
14233  -50.382  -61.828  12.505 0.0000000000
148839  -48.605  -62.482  10.761 0.0000000000
13540  -47.049  -62.433  9.228 0.0000000000
13579  -46.879  -62.568  7.071 0.0000000000
13593  -48.201  -62.430  6.198 0.0000000000
155323  -49.023  -62.198  16.716 0.0000000000
15752  -49.909  -60.426  17.227 0.0000000000
16622  -51.219  -57.867  16.560 0.0000000000
18201  -49.709  -56.605  13.924 0.0000000000
18184  -50.785  -56.442  14.987 0.0000000000
18169  -51.909  -56.622  16.874 0.0000000000
19706  -52.559  -54.265  16.790 0.0000000000
21324  -52.562  -52.179  16.663 0.0000000000
22981  -52.916  -50.356  17.431 0.0000000000
24675  -43.859  -48.402  14.885 0.0000000000
149052  -45.246  -47.976  13.961 0.0000000000
151082  -47.261  -48.490  13.617 0.0000000000
27281  -45.021  -45.166  15.785 0.0000000000
26403  -47.187  -46.416  15.200 0.0000000000
151749  -48.809  -48.335  14.356 0.0000000000
24660  -50.342  -48.442  15.546 0.0000000000
24644  -51.456  -48.382  16.754 0.0000000000
10726  -47.305  -67.950  11.073 0.0000000000
9536  -46.380  -69.813  7.381 0.0000000000
9562  -44.896  -69.624  3.065 0.0000000000
7786  -43.286  -71.682  2.543 0.0000000000
15868  -52.425  -59.754  7.977 0.0000000000
144619  -49.968  -61.609  7.053 0.0000000000
138281  -48.266  -62.052  4.890 0.0000000000
14324  -48.371  -61.602  3.838 0.0000000000
12902  -47.739  -63.542  1.579 0.0000000000
12167  -47.879  -64.901  -1.118 0.0000000000
144741  -44.063  -63.421  0.744 0.0000000000
22982  -53.409  -50.729  18.064 0.0000000000
22124  -53.847  -51.525  18.769 0.0000000000
11371  -46.471  -67.009  12.289 0.0000000000
10712  -47.081  -67.447  13.014 0.0000000000
12888  -45.690  -63.804  3.379 0.0000000000
12107  -45.730  -64.897  2.845 0.0000000000
12125  -46.499  -64.912  2.104 0.0000000000
11476  -47.174  -66.418  0.346 0.0000000000
12126  -47.251  -65.435  1.194 0.0000000000
16603  -51.677  -59.380  18.548 0.0000000000
14930  -51.691  -60.532  18.083 0.0000000000
15744  -52.126  -59.939  18.524 0.0000000000
16634  -52.852  -58.700  14.118 0.0000000000
16651  -52.805  -58.581  13.001 0.0000000000
15837  -52.581  -59.578  11.050 0.0000000000
16673  -52.987  -58.637  11.943 0.0000000000
16670  -46.278  -57.842  12.619 0.0000000000
16672  -47.242  -58.794  13.129 0.0000000000
15804  -48.053  -59.173  13.671 0.0000000000
141913  -47.996  -58.334  12.956 0.0000000000
21365  -49.609  -52.503  13.875 0.0000000000
22193  -49.866  -51.787  14.217 0.0000000000
22194  -50.475  -51.325  14.636 0.0000000000
23016  -49.968  -50.892  14.404 0.0000000000
29064  -40.392  -42.840  16.116 0.0000000000
29941  -39.577  -42.728  16.502 0.0000000000
144205  -40.781  -43.399  16.297 0.0000000000
28174  -40.514  -44.807  16.770 0.0000000000
28175  -41.377  -44.637  16.434 0.0000000000
27278  -42.526  -45.414  16.072 0.0000000000
29058  -42.099  -44.052  16.144 0.0000000000
28202  -47.555  -44.078  15.515 0.0000000000
28191  -47.071  -44.733  16.583 0.0000000000
27268  -48.893  -45.187  16.626 0.0000000000
142573  -48.869  -44.438  15.861 0.0000000000
12045  -46.718  -64.975  9.922 0.0000000000
11390  -46.688  -66.164  8.874 0.0000000000
15142  -47.708  -60.763  0.535 0.0000000000
155257  -48.188  -61.745  -1.497 0.0000000000
14402  -47.994  -61.091  -2.115 0.0000000000
19691  -53.166  -54.956  17.947 0.0000000000
18152  -52.937  -57.054  18.926 0.0000000000
18911  -53.639  -55.595  19.170 0.0000000000
18897  -54.500  -55.441  19.775 0.0000000000
18135  -54.163  -55.942  19.683 0.0000000000
18154  -54.437  -56.722  18.693 0.0000000000
17397  -54.543  -57.058  17.037 0.0000000000
152697  -54.831  -56.196  18.131 0.0000000000
140591  -47.366  -50.861  13.239 0.0000000000
23021  -46.590  -50.339  13.268 0.0000000000
30853  -40.422  -41.177  14.861 0.0000000000
30854  -41.144  -41.380  14.311 0.0000000000
29956  -41.782  -42.130  14.519 0.0000000000
30865  -42.435  -41.942  13.921 0.0000000000
29098  -45.817  -43.108  13.932 0.0000000000
8893  -45.779  -70.601  6.952 0.0000000000
12074  -45.485  -64.241  6.841 0.0000000000
11419  -45.083  -65.637  5.283 0.0000000000
141708  -44.952  -64.853  4.926 0.0000000000
10815  -46.194  -67.711  0.589 0.0000000000
10801  -45.906  -67.344  2.386 0.0000000000
10242  -44.423  -68.434  0.542 0.0000000000
10227  -43.395  -67.850  1.462 0.0000000000
10812  -41.616  -67.045  2.563 0.0000000000
12124  -43.534  -64.916  1.677 0.0000000000
135297  -42.752  -65.066  2.127 0.0000000000
12123  -42.660  -64.192  1.947 0.0000000000
12898  -41.208  -63.930  2.326 0.0000000000
12899  -41.926  -63.690  1.977 0.0000000000
13437  -50.094  -63.426  16.983 0.0000000000
11975  -49.099  -64.900  15.351 0.0000000000
13479  -49.261  -63.239  12.959 0.0000000000
148052  -50.061  -62.411  13.264 0.0000000000
15755  -53.178  -59.184  17.838 0.0000000000
15754  -52.696  -59.697  17.498 0.0000000000
15764  -52.619  -59.659  16.268 0.0000000000
14234  -50.794  -61.138  12.782 0.0000000000
14249  -50.914  -61.208  11.886 0.0000000000
13505  -50.018  -62.135  11.823 0.0000000000
13504  -49.479  -62.282  11.090 0.0000000000
147576  -47.942  -62.370  9.962 0.0000000000
14272  -50.939  -61.626  8.886 0.0000000000
13542  -49.911  -62.039  9.041 0.0000000000
13563  -48.889  -62.405  8.134 0.0000000000
139531  -47.560  -62.523  6.650 0.0000000000
13581  -48.929  -62.375  7.238 0.0000000000
15783  -49.376  -59.257  14.866 0.0000000000
15762  -49.584  -59.756  16.058 0.0000000000
16620  -50.103  -58.957  15.612 0.0000000000
15763  -50.221  -59.578  16.960 0.0000000000
16633  -50.618  -58.168  15.562 0.0000000000
18967  -48.457  -55.781  12.950 0.0000000000
18223  -48.449  -56.616  13.021 0.0000000000
149056  -49.102  -55.454  13.285 0.0000000000
19758  -50.661  -54.602  14.583 0.0000000000
18950  -50.544  -55.521  14.620 0.0000000000
18936  -51.211  -55.860  15.383 0.0000000000
18185  -51.433  -56.807  15.941 0.0000000000
18937  -51.650  -55.364  15.791 0.0000000000
18920  -52.083  -55.789  16.601 0.0000000000
19732  -52.022  -54.180  15.955 0.0000000000
22185  -51.689  -51.276  15.699 0.0000000000
21350  -52.250  -52.716  16.168 0.0000000000
22165  -52.286  -51.284  16.390 0.0000000000
22143  -52.880  -51.328  17.281 0.0000000000
22996  -52.455  -50.454  16.841 0.0000000000
25511  -42.141  -47.539  16.112 0.0000000000
140462  -43.892  -46.635  15.061 0.0000000000
25541  -44.233  -47.568  14.591 0.0000000000
25542  -44.928  -47.371  14.250 0.0000000000
24689  -46.523  -48.738  13.530 0.0000000000
25543  -46.375  -47.354  14.042 0.0000000000
146073  -44.266  -43.699  15.472 0.0000000000
28188  -44.245  -44.191  15.789 0.0000000000
145468  -44.792  -44.508  15.919 0.0000000000
26383  -47.510  -45.827  16.341 0.0000000000
26382  -46.581  -45.558  16.080 0.0000000000
26404  -47.974  -46.573  15.625 0.0000000000
24679  -48.310  -47.771  14.409 0.0000000000
25545  -49.063  -47.595  14.996 0.0000000000
24680  -49.575  -48.557  14.745 0.0000000000
24659  -49.752  -47.821  15.420 0.0000000000
26364  -50.540  -46.253  16.660 0.0000000000
24643  -50.779  -48.016  16.436 0.0000000000
25514  -51.295  -47.605  16.972 0.0000000000
24635  -51.779  -48.026  17.278 0.0000000000
11363  -47.975  -66.762  13.251 0.0000000000
10719  -47.351  -67.557  11.973 0.0000000000
135809  -47.529  -67.138  11.113 0.0000000000
10179  -46.569  -68.776  7.410 0.0000000000
10169  -46.628  -68.723  8.236 0.0000000000
9535  -46.238  -70.228  6.629 0.0000000000
8908  -45.491  -70.696  5.827 0.0000000000
8318  -45.138  -70.843  5.197 0.0000000000
10785  -45.524  -67.399  4.889 0.0000000000
10203  -45.577  -68.275  4.234 0.0000000000
9563  -45.402  -69.033  3.639 0.0000000000
8362  -41.396  -71.608  2.107 0.0000000000
8365  -42.802  -70.947  1.924 0.0000000000
16706  -53.307  -58.728  9.666 0.0000000000
16726  -53.072  -58.589  8.800 0.0000000000
15078  -49.779  -61.243  6.817 0.0000000000
13603  -48.659  -62.081  5.692 0.0000000000
14315  -48.548  -61.523  5.218 0.0000000000
14348  -48.220  -61.605  1.791 0.0000000000
14336  -48.310  -61.623  2.939 0.0000000000
13634  -48.209  -62.170  2.155 0.0000000000
13633  -47.875  -62.585  2.310 0.0000000000
12918  -48.298  -63.964  0.427 0.0000000000
12147  -48.146  -65.046  -0.200 0.0000000000
12940  -48.367  -64.407  -0.717 0.0000000000
13656  -45.577  -62.880  -0.440 0.0000000000
12937  -44.922  -63.318  0.333 0.0000000000
13655  -44.060  -63.064  0.325 0.0000000000
20508  -53.570  -53.499  18.471 0.0000000000
19692  -53.650  -54.505  18.766 0.0000000000
21293  -53.822  -52.634  18.834 0.0000000000
21275  -54.575  -53.018  19.785 0.0000000000
142126  -54.856  -53.850  20.117 0.0000000000
154636  -42.415  -41.373  13.555 0.0000000000
30875  -42.753  -40.967  13.142 0.0000000000
10150  -46.389  -68.160  10.455 0.0000000000
144939  -45.095  -64.046  5.108 0.0000000000
12093  -45.122  -64.471  3.993 0.0000000000
141834  -46.411  -66.999  1.556 0.0000000000
135948  -45.461  -67.311  0.098 0.0000000000
144967  -44.652  -66.995  0.766 0.0000000000
10831  -46.159  -67.223  -0.105 0.0000000000
11475  -45.873  -66.571  -0.203 0.0000000000
12146  -46.307  -65.745  -0.366 0.0000000000
14177  -50.756  -61.616  17.862 0.0000000000
14178  -51.268  -61.258  17.763 0.0000000000
14187  -51.316  -61.617  17.253 0.0000000000
14195  -51.204  -61.671  16.125 0.0000000000
16623  -53.040  -58.931  15.337 0.0000000000
15785  -52.500  -59.509  14.980 0.0000000000
15807  -52.250  -59.341  13.763 0.0000000000
15821  -51.753  -59.783  13.203 0.0000000000
15006  -51.390  -60.620  11.891 0.0000000000
14262  -51.428  -60.956  10.758 0.0000000000
14273  -51.742  -61.160  9.301 0.0000000000
15805  -48.849  -59.022  14.088 0.0000000000
16650  -49.443  -58.495  14.161 0.0000000000
20571  -49.309  -53.773  13.504 0.0000000000
19785  -49.432  -54.711  13.502 0.0000000000
20554  -49.835  -53.181  13.886 0.0000000000
20555  -50.443  -53.291  14.325 0.0000000000
20556  -50.871  -53.803  14.645 0.0000000000
20536  -51.545  -53.710  15.340 0.0000000000
21367  -51.080  -52.874  14.790 0.0000000000
22184  -51.065  -51.301  15.094 0.0000000000
23009  -51.305  -50.536  15.495 0.0000000000
27264  -40.926  -45.530  16.641 0.0000000000
26359  -41.274  -46.301  16.559 0.0000000000
151431  -42.578  -46.911  15.718 0.0000000000
26378  -42.886  -46.108  15.764 0.0000000000
138362  -43.636  -45.929  15.489 0.0000000000
26380  -44.368  -45.901  15.306 0.0000000000
29069  -45.898  -43.954  15.836 0.0000000000
28189  -45.488  -44.515  16.102 0.0000000000
28190  -46.302  -44.619  16.313 0.0000000000
27283  -47.217  -45.155  16.737 0.0000000000
26384  -48.265  -46.082  16.467 0.0000000000
25527  -49.472  -47.067  15.897 0.0000000000
26362  -48.614  -45.563  16.707 0.0000000000
26363  -49.554  -45.727  16.620 0.0000000000
27269  -50.483  -45.524  16.520 0.0000000000
11380  -47.490  -65.985  11.607 0.0000000000
10725  -47.286  -67.265  10.421 0.0000000000
11385  -46.879  -66.147  9.742 0.0000000000
10741  -46.787  -67.308  8.708 0.0000000000
10754  -46.449  -67.963  6.759 0.0000000000
8941  -43.434  -70.228  1.569 0.0000000000
15124  -46.058  -60.434  3.008 0.0000000000
15107  -47.063  -60.642  3.579 0.0000000000
15093  -47.159  -60.620  4.379 0.0000000000
15126  -47.586  -60.813  2.323 0.0000000000
156103  -48.123  -61.234  0.977 0.0000000000
13658  -48.512  -62.549  0.074 0.0000000000
12959  -48.302  -63.758  -1.232 0.0000000000
13670  -47.558  -62.576  -1.587 0.0000000000
13669  -46.398  -62.407  -1.492 0.0000000000
17395  -52.180  -57.418  18.137 0.0000000000
135167  -52.480  -59.299  18.953 0.0000000000
17376  -52.850  -58.004  19.162 0.0000000000
17360  -53.326  -58.188  19.218 0.0000000000
17377  -53.727  -58.153  18.690 0.0000000000
18904  -53.869  -56.090  19.766 0.0000000000
17361  -53.803  -57.334  19.123 0.0000000000
17396  -54.149  -57.883  17.684 0.0000000000
130867  -53.864  -58.083  16.848 0.0000000000
17413  -54.199  -57.480  15.672 0.0000000000
17435  -54.045  -57.512  14.577 0.0000000000
146832  -47.915  -57.331  12.731 0.0000000000
19783  -47.900  -54.280  12.708 0.0000000000
20569  -47.585  -53.314  12.772 0.0000000000
20570  -48.505  -53.538  13.074 0.0000000000
21376  -48.272  -52.712  13.115 0.0000000000
22203  -48.235  -51.246  13.411 0.0000000000
143792  -48.683  -50.484  13.747 0.0000000000
29946  -40.707  -42.390  15.573 0.0000000000
131501  -41.885  -43.235  15.836 0.0000000000
29080  -42.294  -42.798  15.221 0.0000000000
29081  -43.112  -43.039  15.141 0.0000000000
29082  -43.908  -43.130  15.082 0.0000000000
29974  -43.032  -42.250  13.967 0.0000000000
29959  -44.214  -42.698  14.380 0.0000000000
145727  -44.651  -43.288  14.995 0.0000000000
29083  -45.449  -43.446  14.980 0.0000000000
29084  -46.309  -43.590  15.019 0.0000000000
29085  -47.094  -43.789  14.920 0.0000000000
12050  -46.172  -63.913  8.581 0.0000000000
12062  -46.252  -65.058  8.291 0.0000000000
142199  -45.523  -65.230  6.746 0.0000000000
10215  -45.573  -68.192  2.842 0.0000000000
9587  -44.562  -68.805  0.535 0.0000000000
149072  -41.355  -68.798  2.502 0.0000000000
11459  -42.655  -66.001  2.124 0.0000000000
11457  -41.029  -65.956  2.906 0.0000000000
12106  -39.788  -64.960  3.122 0.0000000000
12121  -39.341  -64.209  2.720 0.0000000000
12897  -39.797  -63.755  2.229 0.0000000000
11988  -48.142  -65.413  15.165 0.0000000000
10700  -47.641  -66.909  14.200 0.0000000000
11989  -48.534  -65.530  14.931 0.0000000000
12006  -48.845  -65.471  14.446 0.0000000000
12019  -48.720  -65.170  13.745 0.0000000000
13459  -49.780  -63.829  14.341 0.0000000000
12018  -48.100  -65.363  13.108 0.0000000000
12761  -48.070  -64.254  12.481 0.0000000000
12029  -47.340  -64.342  11.264 0.0000000000
13523  -47.317  -63.299  10.990 0.0000000000
15745  -52.747  -59.516  18.439 0.0000000000
14953  -52.218  -60.322  17.104 0.0000000000
15784  -51.916  -60.002  14.668 0.0000000000
14215  -50.855  -61.110  13.819 0.0000000000
13480  -49.803  -62.523  12.701 0.0000000000
13503  -48.639  -62.893  11.674 0.0000000000
12806  -46.640  -63.109  9.771 0.0000000000
12823  -46.359  -62.940  8.881 0.0000000000
12822  -45.974  -63.027  8.046 0.0000000000
12840  -45.822  -63.295  7.249 0.0000000000
13541  -48.959  -62.318  9.026 0.0000000000
13561  -46.707  -62.509  8.055 0.0000000000
13578  -46.246  -62.783  6.770 0.0000000000
13591  -46.250  -62.765  6.047 0.0000000000
12869  -46.156  -62.820  4.641 0.0000000000
13609  -46.993  -62.591  4.391 0.0000000000
12723  -48.279  -64.669  15.580 0.0000000000
13436  -49.442  -63.004  16.834 0.0000000000
14184  -49.628  -62.263  17.140 0.0000000000
152457  -48.744  -60.628  15.778 0.0000000000
14951  -49.279  -60.594  16.382 0.0000000000
14939  -49.845  -61.405  17.385 0.0000000000
15753  -50.542  -60.258  17.928 0.0000000000
16602  -50.838  -59.461  17.938 0.0000000000
16611  -51.278  -58.674  17.896 0.0000000000
153539  -48.501  -57.174  13.083 0.0000000000
18224  -49.062  -57.104  13.439 0.0000000000
17433  -49.793  -57.593  14.097 0.0000000000
18949  -49.764  -55.652  13.846 0.0000000000
140298  -50.204  -56.219  14.377 0.0000000000
17434  -50.386  -57.689  14.793 0.0000000000
17412  -50.857  -57.336  15.330 0.0000000000
17394  -51.659  -57.956  17.729 0.0000000000
18170  -52.436  -56.385  17.716 0.0000000000
18921  -52.550  -55.381  17.261 0.0000000000
20537  -52.156  -53.461  16.060 0.0000000000
20517  -52.634  -53.164  16.794 0.0000000000
21308  -53.188  -52.620  17.614 0.0000000000
25525  -43.571  -47.508  15.037 0.0000000000
24676  -44.591  -48.397  14.308 0.0000000000
138661  -45.224  -48.750  13.862 0.0000000000
23840  -47.214  -49.365  13.378 0.0000000000
23841  -48.230  -49.732  13.615 0.0000000000
28187  -43.641  -44.509  15.807 0.0000000000
27280  -44.134  -45.001  15.668 0.0000000000
152395  -44.996  -46.017  15.109 0.0000000000
27282  -45.902  -45.053  16.305 0.0000000000
26381  -45.664  -45.760  15.395 0.0000000000
26402  -46.292  -46.498  14.661 0.0000000000
25544  -47.024  -47.133  14.288 0.0000000000
24690  -48.099  -48.622  13.770 0.0000000000
23831  -48.907  -49.103  14.079 0.0000000000
139815  -50.160  -50.060  14.627 0.0000000000
23833  -50.233  -49.228  14.939 0.0000000000
152660  -50.638  -49.085  15.417 0.0000000000
130761  -50.171  -47.494  16.097 0.0000000000
24661  -51.095  -48.904  15.939 0.0000000000
154357  -51.688  -49.081  16.463 0.0000000000
140983  -52.085  -49.680  16.611 0.0000000000
23803  -52.647  -49.615  17.215 0.0000000000
10713  -47.371  -67.317  13.063 0.0000000000
10144  -47.066  -68.141  11.646 0.0000000000
10157  -46.661  -68.513  9.909 0.0000000000
138370  -46.921  -68.155  9.427 0.0000000000
10163  -46.544  -68.678  9.021 0.0000000000
8865  -46.134  -69.881  8.042 0.0000000000
8317  -44.906  -70.931  5.557 0.0000000000
136735  -46.086  -66.920  6.513 0.0000000000
136525  -46.078  -67.707  5.909 0.0000000000
9553  -45.748  -69.326  4.997 0.0000000000
8942  -44.162  -69.930  1.927 0.0000000000
149863  -43.963  -70.524  2.628 0.0000000000
8915  -44.926  -70.446  4.349 0.0000000000
21276  -55.207  -53.182  20.196 0.0000000000
18922  -55.158  -55.829  17.170 0.0000000000
17436  -54.593  -56.737  14.708 0.0000000000
17455  -53.889  -57.528  13.530 0.0000000000
16692  -53.581  -58.097  11.417 0.0000000000
16691  -53.184  -58.890  10.829 0.0000000000
15869  -52.731  -59.802  8.727 0.0000000000
14285  -51.684  -61.087  8.241 0.0000000000
15893  -51.734  -59.795  7.868 0.0000000000
15054  -51.305  -60.774  7.767 0.0000000000
14300  -50.346  -61.740  7.514 0.0000000000
13594  -48.947  -62.206  6.377 0.0000000000
136356  -47.694  -62.377  4.861 0.0000000000
13621  -47.121  -62.705  3.508 0.0000000000
15094  -47.975  -60.764  4.722 0.0000000000
15095  -48.371  -61.153  4.426 0.0000000000
15085  -48.799  -61.053  5.670 0.0000000000
13611  -48.235  -61.967  4.048 0.0000000000
13632  -47.316  -63.056  2.573 0.0000000000
12901  -46.953  -64.114  1.990 0.0000000000
12917  -47.809  -64.735  0.871 0.0000000000
12166  -47.164  -65.620  -0.697 0.0000000000
12165  -45.653  -64.318  0.266 0.0000000000
12916  -44.599  -63.942  0.884 0.0000000000
150558  -42.839  -63.391  1.179 0.0000000000
7785  -42.640  -71.862  2.130 0.0000000000
8336  -44.650  -71.202  4.762 0.0000000000
8352  -43.586  -71.064  2.615 0.0000000000
8364  -42.103  -71.300  1.855 0.0000000000
8880  -46.050  -70.487  7.424 0.0000000000
8894  -45.876  -70.721  6.585 0.0000000000
8927  -44.477  -70.475  3.445 0.0000000000
8940  -42.823  -70.184  1.555 0.0000000000
9515  -46.209  -68.946  9.052 0.0000000000
9517  -46.085  -69.502  8.453 0.0000000000
9518  -46.331  -69.275  8.496 0.0000000000
9524  -46.435  -69.362  7.953 0.0000000000
9547  -45.914  -70.268  5.840 0.0000000000
9573  -44.676  -69.264  1.209 0.0000000000
10140  -47.093  -67.812  12.364 0.0000000000
10143  -46.668  -68.036  11.274 0.0000000000
10151  -46.991  -68.307  10.840 0.0000000000
10158  -47.159  -68.094  10.266 0.0000000000
10178  -46.427  -68.998  6.455 0.0000000000
10192  -45.981  -68.545  5.395 0.0000000000
10202  -45.466  -67.227  3.775 0.0000000000
10229  -45.732  -68.293  1.154 0.0000000000
10243  -44.946  -68.440  0.285 0.0000000000
10244  -45.459  -67.945  0.271 0.0000000000
10699  -47.420  -67.138  13.807 0.0000000000
10717  -46.213  -67.264  11.498 0.0000000000
10748  -46.589  -67.516  7.651 0.0000000000
10816  -46.634  -67.049  0.427 0.0000000000
10830  -44.949  -67.997  0.204 0.0000000000
10832  -46.730  -66.762  -0.181 0.0000000000
11333  -47.906  -66.288  14.649 0.0000000000
11334  -48.132  -66.416  14.379 0.0000000000
11372  -47.677  -66.990  12.531 0.0000000000
11379  -47.196  -66.085  10.573 0.0000000000
11397  -46.020  -66.115  7.098 0.0000000000
11408  -45.425  -65.884  6.242 0.0000000000
11474  -44.721  -65.948  0.883 0.0000000000
11477  -47.657  -65.719  0.123 0.0000000000
11493  -46.619  -66.499  -0.337 0.0000000000
11495  -47.659  -65.472  -0.627 0.0000000000
11990  -49.154  -65.097  15.002 0.0000000000
12005  -48.346  -66.258  13.928 0.0000000000
12030  -47.672  -64.876  12.155 0.0000000000
12051  -46.559  -65.012  9.092 0.0000000000
12084  -45.135  -64.829  5.936 0.0000000000
12122  -41.968  -64.389  2.323 0.0000000000
12143  -43.290  -64.070  1.624 0.0000000000
12145  -45.274  -65.144  0.538 0.0000000000
12186  -48.127  -64.504  -1.206 0.0000000000
12716  -49.507  -63.792  16.518 0.0000000000
12724  -48.811  -64.230  16.021 0.0000000000
12725  -49.394  -64.248  15.911 0.0000000000
12776  -47.852  -63.648  11.726 0.0000000000
12777  -48.406  -63.567  12.285 0.0000000000
12790  -46.912  -63.583  10.542 0.0000000000
12856  -45.694  -63.299  6.420 0.0000000000
12868  -45.722  -63.141  5.424 0.0000000000
12879  -46.169  -62.971  3.800 0.0000000000
12900  -46.131  -64.146  2.649 0.0000000000
12913  -42.026  -63.384  1.403 0.0000000000
12914  -42.669  -63.663  1.563 0.0000000000
12915  -43.547  -63.653  1.225 0.0000000000
12919  -48.578  -63.465  -0.421 0.0000000000
12938  -46.115  -63.675  -0.261 0.0000000000
13444  -49.923  -63.766  16.514 0.0000000000
13522  -47.131  -62.767  10.296 0.0000000000
13524  -47.808  -62.764  10.958 0.0000000000
13560  -46.227  -62.746  7.467 0.0000000000
13562  -47.801  -62.383  8.182 0.0000000000
13564  -49.785  -62.243  8.149 0.0000000000
13580  -47.915  -62.500  7.087 0.0000000000
13582  -49.703  -62.165  7.367 0.0000000000
13592  -47.102  -62.534  6.234 0.0000000000
13595  -49.535  -61.727  6.690 0.0000000000
13601  -46.837  -62.576  5.309 0.0000000000
13602  -47.966  -62.379  5.517 0.0000000000
13610  -47.808  -62.312  4.180 0.0000000000
13622  -47.890  -62.351  3.309 0.0000000000
13623  -48.286  -62.038  3.175 0.0000000000
13638  -48.107  -62.939  1.323 0.0000000000
13639  -48.331  -62.360  1.115 0.0000000000
13668  -45.132  -62.651  -0.809 0.0000000000
13688  -47.828  -61.701  -1.856 0.0000000000
14185  -50.382  -62.285  17.498 0.0000000000
14186  -50.921  -62.053  17.416 0.0000000000
14247  -50.233  -61.845  10.959 0.0000000000
14260  -50.063  -61.813  10.065 0.0000000000
14284  -51.028  -61.484  7.852 0.0000000000
14301  -50.706  -61.215  7.510 0.0000000000
14308  -49.065  -61.582  6.020 0.0000000000
14357  -48.355  -61.753  0.665 0.0000000000
14929  -51.049  -60.916  18.152 0.0000000000
14931  -52.250  -60.202  18.039 0.0000000000
14938  -48.959  -61.434  16.473 0.0000000000
14940  -50.418  -60.948  17.839 0.0000000000
14952  -51.668  -60.915  16.656 0.0000000000
14975  -51.410  -60.429  14.101 0.0000000000
15007  -52.133  -60.220  10.884 0.0000000000
15021  -52.311  -60.481  9.626 0.0000000000
15036  -52.256  -60.523  8.524 0.0000000000
15055  -51.933  -60.372  8.015 0.0000000000
15071  -50.195  -61.111  7.127 0.0000000000
15092  -46.366  -60.461  4.892 0.0000000000
15106  -46.176  -60.458  4.051 0.0000000000
15108  -47.790  -60.821  3.168 0.0000000000
15109  -48.227  -61.136  3.541 0.0000000000
15143  -47.913  -61.031  1.654 0.0000000000
15199  -47.885  -60.662  -1.930 0.0000000000
15200  -48.254  -61.087  -1.534 0.0000000000
15746  -53.212  -59.089  18.568 0.0000000000
15822  -52.345  -59.184  12.573 0.0000000000
15894  -52.900  -59.124  8.156 0.0000000000
16604  -52.895  -58.704  19.173 0.0000000000
16605  -53.326  -58.745  18.929 0.0000000000
16612  -53.632  -58.653  18.086 0.0000000000
16621  -50.693  -58.773  16.776 0.0000000000
16624  -53.598  -58.295  15.772 0.0000000000
16671  -46.588  -58.488  12.885 0.0000000000
16674  -53.420  -58.052  12.374 0.0000000000
16742  -52.349  -59.056  7.914 0.0000000000
17453  -48.586  -57.729  13.154 0.0000000000
17454  -49.180  -57.902  13.579 0.0000000000
17456  -54.403  -56.957  13.692 0.0000000000
17467  -53.775  -57.614  12.750 0.0000000000
18144  -53.843  -56.597  19.469 0.0000000000
18145  -54.204  -56.428  19.384 0.0000000000
18153  -53.596  -56.544  19.337 0.0000000000
18171  -54.728  -56.582  17.597 0.0000000000
18186  -55.072  -56.234  16.243 0.0000000000
18202  -50.312  -56.968  14.541 0.0000000000
18241  -46.935  -57.097  12.418 0.0000000000
18905  -54.579  -55.889  19.372 0.0000000000
18968  -49.109  -56.194  13.385 0.0000000000
19671  -54.400  -55.422  19.844 0.0000000000
19672  -54.815  -54.918  19.953 0.0000000000
19705  -52.090  -54.917  16.278 0.0000000000
19731  -51.602  -54.583  15.565 0.0000000000
19757  -50.127  -54.032  14.040 0.0000000000
19759  -51.136  -55.039  15.140 0.0000000000
20486  -54.706  -54.680  19.953 0.0000000000
20496  -54.278  -53.965  19.451 0.0000000000
21256  -55.619  -52.514  20.158 0.0000000000
21348  -51.411  -52.036  15.266 0.0000000000
21349  -52.075  -52.033  15.880 0.0000000000
21364  -48.917  -52.048  13.579 0.0000000000
21366  -50.713  -51.980  14.693 0.0000000000
22109  -54.980  -52.201  20.003 0.0000000000
22202  -47.314  -51.643  13.060 0.0000000000
23014  -48.968  -49.857  13.987 0.0000000000
23015  -49.414  -50.345  14.185 0.0000000000
23022  -48.017  -50.508  13.443 0.0000000000
23791  -52.180  -48.774  17.052 0.0000000000
23820  -50.827  -49.748  15.296 0.0000000000
23821  -51.528  -49.729  15.962 0.0000000000
23832  -49.553  -49.534  14.415 0.0000000000
23838  -45.357  -49.558  13.754 0.0000000000
23839  -46.153  -49.543  13.420 0.0000000000
24658  -43.204  -48.380  15.434 0.0000000000
24677  -45.945  -48.130  13.758 0.0000000000
24678  -46.799  -47.922  13.785 0.0000000000
24688  -45.804  -48.952  13.598 0.0000000000
25513  -50.687  -47.106  16.634 0.0000000000
25524  -42.817  -47.621  15.538 0.0000000000
26360  -42.075  -46.430  16.148 0.0000000000
26361  -47.917  -45.382  16.789 0.0000000000
26385  -49.074  -46.267  16.460 0.0000000000
26400  -44.546  -46.710  14.723 0.0000000000
27267  -48.268  -45.128  16.801 0.0000000000
28176  -42.163  -44.815  16.246 0.0000000000
28177  -48.443  -44.809  16.577 0.0000000000
28186  -42.890  -44.464  15.984 0.0000000000
29056  -40.179  -43.467  16.552 0.0000000000
29065  -41.152  -42.976  15.973 0.0000000000
29066  -42.678  -43.530  15.746 0.0000000000
29947  -41.466  -42.579  15.347 0.0000000000
29957  -42.681  -42.467  14.521 0.0000000000
30864  -41.842  -41.411  13.903 0.0000000000
31783  -42.608  -40.250  13.179 0.0000000000
130411  -49.359  -62.666  12.146 0.0000000000
131404  -45.842  -65.136  7.489 0.0000000000
132200  -53.491  -58.714  17.085 0.0000000000
132667  -47.069  -60.660  2.824 0.0000000000
132715  -48.035  -52.018  13.173 0.0000000000
132881  -50.141  -62.893  17.227 0.0000000000
134127  -48.437  -61.008  5.090 0.0000000000
134689  -47.393  -60.715  1.504 0.0000000000
134842  -47.891  -60.795  3.975 0.0000000000
135672  -48.618  -54.948  12.936 0.0000000000
136045  -45.433  -70.112  4.760 0.0000000000
137521  -45.706  -47.263  14.104 0.0000000000
139878  -40.734  -44.025  16.555 0.0000000000
139884  -45.339  -70.614  6.257 0.0000000000
140108  -47.998  -62.302  8.959 0.0000000000
140117  -47.762  -47.136  14.698 0.0000000000
140409  -51.712  -56.087  16.047 0.0000000000
140945  -46.620  -64.855  -0.504 0.0000000000
141203  -42.494  -67.711  2.062 0.0000000000
142246  -40.340  -64.276  2.620 0.0000000000
142363  -54.693  -56.089  18.936 0.0000000000
142901  -54.295  -57.462  16.592 0.0000000000
144027  -40.394  -41.818  15.308 0.0000000000
144755  -45.305  -65.349  3.499 0.0000000000
145131  -47.573  -47.823  13.999 0.0000000000
145604  -51.684  -57.322  17.016 0.0000000000
145622  -46.686  -64.005  10.063 0.0000000000
146369  -46.789  -68.184  8.651 0.0000000000
146481  -52.611  -59.213  11.666 0.0000000000
149046  -48.383  -47.171  15.061 0.0000000000
149684  -48.435  -61.664  4.513 0.0000000000
149733  -53.055  -59.177  8.937 0.0000000000
151317  -48.098  -64.983  -0.937 0.0000000000
151356  -42.093  -65.233  2.446 0.0000000000
151801  -40.583  -63.735  2.190 0.0000000000
151805  -49.234  -64.216  13.828 0.0000000000
153010  -44.699  -62.894  -0.102 0.0000000000
153644  -48.429  -61.638  -1.107 0.0000000000
153822  -47.410  -67.021  14.088 0.0000000000
154626  -40.534  -65.161  2.965 0.0000000000
155069  -44.046  -47.084  14.773 0.0000000000
156370  -49.771  -58.750  14.793 0.0000000000
156862  -50.878  -61.764  15.341 0.0000000000
