#!ascii label  , from subject sub-v2s4x29615_ses-1 vox2ras=TkReg
897
66623  20.014  -10.857  71.415 0.0000000000
76208  41.907  -2.809  54.729 0.0000000000
86637  48.519  6.913  53.032 0.0000000000
144336  40.211  -4.030  64.960 0.0000000000
62674  26.535  -13.886  68.619 0.0000000000
61381  23.150  -14.358  72.232 0.0000000000
81091  45.140  1.480  53.544 0.0000000000
77465  47.442  -1.504  57.650 0.0000000000
139530  34.177  -6.350  67.118 0.0000000000
62653  30.585  -13.726  69.353 0.0000000000
88759  59.315  8.503  39.352 0.0000000000
88643  49.773  8.370  47.791 0.0000000000
77366  35.251  -1.785  62.807 0.0000000000
78700  41.137  -0.639  60.583 0.0000000000
64022  23.105  -11.928  70.074 0.0000000000
64001  21.559  -12.670  72.419 0.0000000000
78770  44.289  -1.256  53.986 0.0000000000
79982  46.233  0.383  55.126 0.0000000000
77481  44.945  -1.377  56.354 0.0000000000
137022  36.033  -11.751  65.657 0.0000000000
60251  27.324  -15.442  70.760 0.0000000000
61423  28.725  -14.657  68.971 0.0000000000
59104  29.546  -16.371  70.452 0.0000000000
91530  55.942  11.415  41.105 0.0000000000
87789  57.256  7.769  41.557 0.0000000000
140853  54.870  10.863  43.621 0.0000000000
86663  45.817  6.604  50.639 0.0000000000
86707  46.110  7.003  47.622 0.0000000000
88599  49.221  8.331  50.181 0.0000000000
86687  53.247  6.751  48.345 0.0000000000
85544  51.435  5.535  49.479 0.0000000000
73746  37.177  -5.382  65.599 0.0000000000
77282  34.923  -2.795  64.981 0.0000000000
77323  37.717  -1.241  65.117 0.0000000000
78681  37.834  -0.762  61.902 0.0000000000
77342  41.254  -1.158  63.513 0.0000000000
76084  42.796  -3.816  60.491 0.0000000000
73780  40.893  -3.839  61.719 0.0000000000
62629  25.195  -13.956  71.122 0.0000000000
83264  43.631  2.794  50.989 0.0000000000
84401  45.904  4.163  53.460 0.0000000000
82114  46.315  1.851  53.548 0.0000000000
78767  47.770  -0.660  54.615 0.0000000000
66648  32.220  -10.219  68.552 0.0000000000
67911  33.992  -9.529  67.665 0.0000000000
133762  36.311  -7.972  65.711 0.0000000000
71602  38.882  -6.042  65.019 0.0000000000
143986  38.988  -4.940  62.871 0.0000000000
65335  30.711  -11.439  68.406 0.0000000000
62650  32.793  -13.536  69.118 0.0000000000
84636  60.594  4.595  36.573 0.0000000000
88696  51.564  8.693  45.015 0.0000000000
89626  53.483  9.366  46.423 0.0000000000
85633  54.220  6.108  44.385 0.0000000000
77471  41.769  -1.826  57.622 0.0000000000
77424  43.544  -2.334  58.956 0.0000000000
73821  47.272  -4.710  59.179 0.0000000000
136384  19.947  -11.633  72.594 0.0000000000
66613  20.300  -11.349  71.893 0.0000000000
63990  20.339  -12.379  72.979 0.0000000000
77503  43.138  -2.207  54.033 0.0000000000
77492  44.332  -1.774  55.668 0.0000000000
77493  43.672  -2.310  56.004 0.0000000000
60250  27.989  -15.931  70.685 0.0000000000
90695  54.176  10.100  41.431 0.0000000000
91497  55.597  11.268  42.541 0.0000000000
90668  53.879  10.616  43.239 0.0000000000
133271  47.113  6.731  52.430 0.0000000000
87668  47.075  7.447  50.927 0.0000000000
87646  48.424  7.591  52.307 0.0000000000
86647  50.661  6.905  50.671 0.0000000000
151065  38.466  -4.581  66.145 0.0000000000
76003  36.968  -3.485  65.400 0.0000000000
76019  39.247  -3.028  65.521 0.0000000000
137020  39.699  -1.001  64.423 0.0000000000
77296  40.566  -2.367  64.500 0.0000000000
76040  40.410  -2.823  62.408 0.0000000000
73771  39.538  -3.454  63.011 0.0000000000
64020  24.474  -12.984  70.505 0.0000000000
61396  24.559  -13.966  71.610 0.0000000000
61395  25.140  -14.518  71.458 0.0000000000
80034  44.294  0.438  52.441 0.0000000000
81117  43.542  1.239  51.330 0.0000000000
82135  44.197  2.148  52.382 0.0000000000
140077  44.421  4.025  51.825 0.0000000000
83233  45.219  3.000  53.394 0.0000000000
83231  46.522  3.792  53.683 0.0000000000
82124  45.924  2.118  53.982 0.0000000000
78750  46.915  -0.508  56.530 0.0000000000
79980  47.343  0.092  55.369 0.0000000000
133586  48.086  -0.789  56.002 0.0000000000
77499  47.990  -1.877  54.967 0.0000000000
74976  48.588  -3.044  56.964 0.0000000000
65351  33.157  -11.607  68.290 0.0000000000
67912  33.448  -9.774  68.098 0.0000000000
66665  34.369  -10.826  67.679 0.0000000000
67945  36.213  -9.963  65.998 0.0000000000
69140  37.729  -7.266  65.198 0.0000000000
143734  29.481  -14.623  69.368 0.0000000000
62654  29.915  -13.439  68.706 0.0000000000
64052  30.399  -12.875  68.954 0.0000000000
64034  31.364  -12.444  69.058 0.0000000000
142223  31.421  -14.190  69.687 0.0000000000
90707  58.627  10.236  38.824 0.0000000000
85718  59.968  6.525  37.898 0.0000000000
87790  56.732  7.423  42.017 0.0000000000
131109  48.107  7.688  48.095 0.0000000000
87739  46.965  7.006  46.913 0.0000000000
87738  48.622  7.230  46.519 0.0000000000
87753  49.587  7.137  45.390 0.0000000000
88662  51.013  8.832  46.506 0.0000000000
90607  52.817  10.043  45.968 0.0000000000
89629  51.797  9.351  47.374 0.0000000000
85578  53.436  5.531  47.326 0.0000000000
86721  54.132  6.006  46.888 0.0000000000
71552  33.120  -6.602  68.261 0.0000000000
73750  33.285  -5.410  66.490 0.0000000000
77346  34.498  -1.918  64.083 0.0000000000
77328  33.246  -2.538  64.337 0.0000000000
78679  39.749  -0.335  61.571 0.0000000000
77407  38.271  -1.232  60.281 0.0000000000
78719  39.921  -0.751  59.859 0.0000000000
77453  39.659  -1.444  58.559 0.0000000000
78732  41.159  -0.898  59.065 0.0000000000
77449  43.198  -1.864  58.408 0.0000000000
140580  42.225  -1.276  59.513 0.0000000000
73804  44.116  -5.280  60.993 0.0000000000
74937  44.995  -4.177  59.979 0.0000000000
71646  45.226  -5.271  59.542 0.0000000000
72770  45.809  -4.915  57.659 0.0000000000
65316  22.367  -12.259  71.141 0.0000000000
62611  22.488  -13.376  72.902 0.0000000000
61382  22.618  -14.412  72.814 0.0000000000
62612  21.677  -13.280  73.094 0.0000000000
80020  44.868  0.452  53.235 0.0000000000
140173  45.903  0.826  54.326 0.0000000000
154051  45.125  -0.552  54.969 0.0000000000
78751  45.630  -0.705  56.159 0.0000000000
78742  46.436  -1.144  57.027 0.0000000000
61425  27.095  -14.452  69.654 0.0000000000
61424  27.763  -14.568  69.003 0.0000000000
145702  27.931  -14.828  69.633 0.0000000000
61407  28.782  -14.975  69.804 0.0000000000
60265  30.521  -15.241  70.110 0.0000000000
60279  31.409  -15.037  70.028 0.0000000000
59103  31.011  -16.618  70.199 0.0000000000
90691  58.037  10.376  39.908 0.0000000000
88745  58.137  8.654  40.508 0.0000000000
89717  57.368  9.701  41.387 0.0000000000
89706  56.292  9.706  42.897 0.0000000000
88706  55.838  8.250  43.318 0.0000000000
85550  44.180  5.489  49.378 0.0000000000
86674  46.123  7.219  49.393 0.0000000000
87684  47.596  7.694  49.403 0.0000000000
88621  49.722  8.555  48.752 0.0000000000
88620  51.085  8.959  48.733 0.0000000000
87682  50.957  7.909  49.919 0.0000000000
86672  52.268  6.468  49.475 0.0000000000
72670  35.752  -5.806  65.709 0.0000000000
74874  35.012  -4.587  65.628 0.0000000000
150546  36.246  -4.136  65.077 0.0000000000
140804  36.285  -1.728  64.972 0.0000000000
77344  36.117  -1.511  63.416 0.0000000000
77387  36.492  -1.715  61.670 0.0000000000
78661  37.730  -0.820  62.811 0.0000000000
78659  39.570  -0.237  62.451 0.0000000000
134896  41.603  0.148  62.059 0.0000000000
78656  41.004  -1.365  60.949 0.0000000000
77340  40.477  -1.743  62.052 0.0000000000
74914  42.019  -4.097  61.069 0.0000000000
72722  43.317  -5.706  60.699 0.0000000000
64037  23.681  -12.164  69.437 0.0000000000
64035  25.180  -12.954  69.268 0.0000000000
62657  25.570  -13.388  69.858 0.0000000000
134434  25.918  -14.412  71.054 0.0000000000
135243  26.654  -15.714  71.144 0.0000000000
84431  44.315  4.548  50.927 0.0000000000
85519  45.746  5.507  52.005 0.0000000000
86624  47.518  5.872  53.693 0.0000000000
84381  47.557  4.755  53.873 0.0000000000
135690  46.662  2.749  53.006 0.0000000000
81089  46.518  1.118  53.462 0.0000000000
81069  46.538  0.776  54.581 0.0000000000
151139  47.050  0.322  54.315 0.0000000000
67897  31.261  -9.770  68.415 0.0000000000
69109  32.333  -8.744  68.514 0.0000000000
69107  33.287  -7.905  68.319 0.0000000000
70384  33.855  -7.706  67.617 0.0000000000
66681  35.419  -10.331  67.070 0.0000000000
69143  35.321  -8.969  66.787 0.0000000000
135971  35.465  -6.945  66.173 0.0000000000
153108  37.160  -6.262  65.537 0.0000000000
72678  38.594  -5.995  66.450 0.0000000000
72676  40.101  -5.318  65.848 0.0000000000
72688  39.442  -5.125  64.173 0.0000000000
71610  38.889  -5.964  64.503 0.0000000000
65334  31.293  -11.419  68.720 0.0000000000
65352  32.528  -11.593  68.593 0.0000000000
62671  33.385  -13.340  68.544 0.0000000000
60277  32.647  -15.325  69.458 0.0000000000
60276  33.297  -15.019  69.008 0.0000000000
84635  61.228  4.704  36.277 0.0000000000
132201  51.811  8.547  43.250 0.0000000000
90653  53.279  10.230  44.491 0.0000000000
90637  54.416  10.066  44.713 0.0000000000
88695  55.145  8.540  44.697 0.0000000000
155406  53.627  8.136  47.468 0.0000000000
86719  54.807  7.008  45.637 0.0000000000
86751  55.019  7.042  44.250 0.0000000000
76008  33.205  -3.549  65.330 0.0000000000
76149  40.260  -2.132  56.976 0.0000000000
77484  42.009  -2.335  56.830 0.0000000000
77469  43.302  -2.113  57.656 0.0000000000
132955  44.851  -2.140  57.787 0.0000000000
77446  46.306  -2.425  58.580 0.0000000000
77384  42.726  -2.594  60.037 0.0000000000
77422  45.593  -3.496  58.793 0.0000000000
76129  47.380  -2.459  58.748 0.0000000000
73855  46.890  -3.700  57.120 0.0000000000
73792  39.820  -4.067  62.143 0.0000000000
71635  42.114  -5.717  60.915 0.0000000000
66614  19.515  -10.948  72.221 0.0000000000
155972  19.000  -10.936  72.605 0.0000000000
66624  19.267  -10.427  71.465 0.0000000000
76207  42.701  -2.572  54.703 0.0000000000
76206  43.408  -2.237  54.769 0.0000000000
76185  42.295  -2.688  55.308 0.0000000000
90682  53.966  10.403  42.322 0.0000000000
136922  53.134  9.717  42.671 0.0000000000
86638  47.659  6.563  53.171 0.0000000000
153561  47.804  7.308  52.510 0.0000000000
87645  49.206  7.307  52.290 0.0000000000
86649  49.996  6.693  51.810 0.0000000000
86636  49.407  6.264  52.524 0.0000000000
73765  39.694  -4.518  65.768 0.0000000000
74897  38.950  -3.904  65.943 0.0000000000
144548  39.844  -3.778  65.287 0.0000000000
76018  40.244  -3.097  64.918 0.0000000000
74896  40.083  -3.616  64.182 0.0000000000
74905  39.938  -3.147  63.171 0.0000000000
73763  39.908  -3.867  63.989 0.0000000000
62622  23.069  -13.764  72.204 0.0000000000
62630  23.805  -13.490  71.757 0.0000000000
62621  23.946  -14.086  71.942 0.0000000000
132197  24.102  -14.894  72.001 0.0000000000
81102  44.567  1.326  52.770 0.0000000000
81103  43.952  1.279  52.083 0.0000000000
82134  44.799  2.197  53.129 0.0000000000
149419  44.488  2.817  52.717 0.0000000000
143620  45.880  2.782  53.885 0.0000000000
82125  45.487  2.255  53.738 0.0000000000
78741  47.245  -0.965  57.141 0.0000000000
78749  47.575  -0.467  56.453 0.0000000000
78740  47.934  -0.891  57.086 0.0000000000
157911  48.189  -1.642  56.398 0.0000000000
77464  48.101  -1.648  57.412 0.0000000000
64050  33.594  -12.443  68.201 0.0000000000
65350  33.945  -11.558  67.939 0.0000000000
64049  34.254  -12.285  67.739 0.0000000000
61405  30.180  -14.552  69.663 0.0000000000
61422  29.885  -14.100  69.178 0.0000000000
62652  31.389  -13.321  69.362 0.0000000000
90706  59.214  9.877  38.855 0.0000000000
90705  59.682  9.624  38.323 0.0000000000
89746  59.680  9.220  38.866 0.0000000000
87833  60.381  7.925  38.171 0.0000000000
87834  59.822  7.623  38.599 0.0000000000
87720  48.357  7.580  47.404 0.0000000000
88663  49.865  8.096  46.973 0.0000000000
88679  50.307  8.135  46.365 0.0000000000
88642  50.539  8.676  47.315 0.0000000000
89648  51.722  9.405  46.662 0.0000000000
89649  51.264  9.180  47.219 0.0000000000
85599  52.869  4.829  46.850 0.0000000000
85598  53.590  5.364  46.430 0.0000000000
72661  32.913  -6.451  68.081 0.0000000000
73741  34.200  -5.677  66.623 0.0000000000
151338  34.620  -1.873  63.417 0.0000000000
77367  34.232  -1.999  62.694 0.0000000000
78678  40.942  -0.123  61.358 0.0000000000
78701  39.820  -0.553  60.676 0.0000000000
154157  40.519  -0.601  60.469 0.0000000000
78718  40.765  -0.761  59.788 0.0000000000
78717  41.416  -0.859  59.737 0.0000000000
78716  41.864  -1.002  59.565 0.0000000000
78699  41.184  -0.839  60.362 0.0000000000
71632  44.390  -5.824  60.762 0.0000000000
71647  44.945  -5.367  60.151 0.0000000000
71664  44.663  -5.839  59.613 0.0000000000
144798  44.851  -5.846  58.907 0.0000000000
65309  21.361  -12.172  71.811 0.0000000000
65317  21.697  -11.828  71.134 0.0000000000
65308  21.921  -12.541  71.702 0.0000000000
64000  22.207  -13.021  72.416 0.0000000000
63988  21.943  -12.887  72.968 0.0000000000
77511  43.675  -1.702  53.490 0.0000000000
77525  43.538  -1.575  52.688 0.0000000000
78781  44.124  -1.049  52.972 0.0000000000
78792  44.461  -0.272  52.812 0.0000000000
78780  44.703  -0.497  53.477 0.0000000000
80002  45.112  0.036  53.895 0.0000000000
78769  44.906  -0.569  54.277 0.0000000000
78759  45.022  -0.956  55.595 0.0000000000
77480  45.641  -1.203  56.794 0.0000000000
61408  27.228  -14.887  70.280 0.0000000000
132498  28.892  -15.669  70.287 0.0000000000
61406  29.616  -15.070  70.004 0.0000000000
60266  29.789  -15.671  70.226 0.0000000000
136988  30.422  -16.140  70.292 0.0000000000
90693  55.551  11.043  40.673 0.0000000000
91541  56.201  11.118  40.355 0.0000000000
91539  57.293  10.737  39.622 0.0000000000
90692  57.074  10.997  40.387 0.0000000000
90679  57.738  10.170  40.590 0.0000000000
91510  56.680  11.237  41.200 0.0000000000
91488  55.034  11.247  43.074 0.0000000000
152164  55.946  11.076  42.733 0.0000000000
90650  55.888  10.490  43.135 0.0000000000
88713  56.350  8.700  42.845 0.0000000000
90636  55.293  10.447  43.680 0.0000000000
133248  44.605  5.622  50.002 0.0000000000
85549  44.832  6.190  49.371 0.0000000000
86675  45.575  6.709  49.838 0.0000000000
87667  47.796  7.868  50.542 0.0000000000
87685  46.896  7.500  49.912 0.0000000000
87683  48.394  8.069  49.825 0.0000000000
87704  48.222  7.926  48.840 0.0000000000
88598  49.794  8.601  49.641 0.0000000000
153849  50.172  8.613  49.784 0.0000000000
147266  49.906  8.448  50.366 0.0000000000
86661  50.550  6.295  50.563 0.0000000000
86660  51.100  6.463  50.144 0.0000000000
86673  51.669  6.042  49.788 0.0000000000
85561  52.472  5.360  48.590 0.0000000000
85562  51.728  5.083  48.923 0.0000000000
73747  36.358  -5.376  65.458 0.0000000000
74873  35.836  -4.833  65.378 0.0000000000
74872  36.681  -4.797  65.360 0.0000000000
77299  37.099  -1.936  65.675 0.0000000000
76021  36.575  -2.829  65.253 0.0000000000
77324  36.870  -1.406  65.168 0.0000000000
77325  36.090  -1.705  64.328 0.0000000000
78647  36.870  -1.368  63.946 0.0000000000
77343  36.946  -1.187  63.077 0.0000000000
78646  37.572  -0.869  63.753 0.0000000000
77321  40.516  -1.491  64.213 0.0000000000
78644  39.367  -0.327  63.245 0.0000000000
78630  40.261  -0.619  63.666 0.0000000000
78658  40.725  0.117  62.315 0.0000000000
78643  41.236  -0.262  62.756 0.0000000000
78657  41.734  -0.210  62.260 0.0000000000
78642  41.601  -0.854  62.697 0.0000000000
76060  41.139  -3.100  61.709 0.0000000000
73779  42.050  -4.160  61.087 0.0000000000
73790  42.554  -4.888  60.954 0.0000000000
72696  41.897  -4.654  61.320 0.0000000000
64055  23.461  -12.310  68.619 0.0000000000
62639  25.118  -13.452  70.592 0.0000000000
62638  25.828  -13.862  70.518 0.0000000000
82159  43.376  1.985  50.859 0.0000000000
83277  43.390  3.357  50.228 0.0000000000
83263  43.904  3.683  51.010 0.0000000000
84402  45.098  4.234  52.652 0.0000000000
84420  44.943  4.928  51.762 0.0000000000
84419  45.779  4.809  52.773 0.0000000000
85505  46.464  5.388  52.990 0.0000000000
84400  46.559  4.650  53.727 0.0000000000
86625  47.145  5.254  53.944 0.0000000000
84382  46.964  4.463  53.911 0.0000000000
83217  46.146  2.784  53.711 0.0000000000
83216  46.407  3.124  53.507 0.0000000000
145186  46.625  1.837  52.819 0.0000000000
79981  46.899  0.331  55.317 0.0000000000
78757  47.740  -0.318  55.188 0.0000000000
80000  47.218  0.218  54.878 0.0000000000
157547  47.404  0.042  54.927 0.0000000000
79999  47.546  -0.265  54.244 0.0000000000
78778  47.796  -0.729  53.935 0.0000000000
67896  31.822  -9.578  68.528 0.0000000000
69110  31.574  -8.968  68.349 0.0000000000
151431  32.435  -9.532  68.551 0.0000000000
137987  34.016  -10.235  67.726 0.0000000000
69126  33.416  -8.881  68.216 0.0000000000
69125  33.915  -8.622  67.645 0.0000000000
65369  35.080  -11.549  67.057 0.0000000000
65368  35.461  -10.956  66.732 0.0000000000
67929  36.404  -9.161  65.874 0.0000000000
67930  35.840  -9.548  66.423 0.0000000000
69142  35.924  -8.846  66.177 0.0000000000
69123  35.549  -8.185  66.239 0.0000000000
70401  35.937  -7.444  65.762 0.0000000000
140148  36.548  -6.773  65.609 0.0000000000
70400  36.940  -7.186  65.582 0.0000000000
69171  38.014  -6.836  64.934 0.0000000000
71581  37.963  -6.161  65.643 0.0000000000
71594  39.071  -6.510  66.159 0.0000000000
72677  39.585  -6.016  66.266 0.0000000000
150379  39.536  -6.278  65.768 0.0000000000
72689  39.788  -5.918  64.928 0.0000000000
154461  39.306  -6.104  65.177 0.0000000000
61441  28.251  -14.755  68.205 0.0000000000
149038  30.267  -12.362  68.394 0.0000000000
65353  30.264  -11.447  67.882 0.0000000000
66668  30.710  -10.811  68.153 0.0000000000
66650  31.004  -10.607  68.479 0.0000000000
62651  32.084  -12.922  69.176 0.0000000000
64033  31.994  -11.979  68.849 0.0000000000
64051  32.781  -12.482  68.739 0.0000000000
61420  32.093  -14.749  69.735 0.0000000000
61438  33.682  -14.631  68.404 0.0000000000
142955  60.666  6.177  37.243 0.0000000000
84618  60.798  5.366  36.857 0.0000000000
83449  60.296  3.951  36.161 0.0000000000
144154  57.675  7.891  40.909 0.0000000000
156321  45.563  6.840  48.136 0.0000000000
86708  44.662  6.246  47.288 0.0000000000
141629  45.403  6.592  47.448 0.0000000000
87752  50.252  7.398  44.794 0.0000000000
88697  50.984  8.020  44.465 0.0000000000
88707  51.143  7.992  43.564 0.0000000000
142948  51.637  8.560  44.135 0.0000000000
89695  52.677  9.671  44.135 0.0000000000
89683  52.201  9.304  44.689 0.0000000000
89647  53.042  9.899  46.261 0.0000000000
90623  53.249  10.044  45.713 0.0000000000
89666  54.049  9.796  45.300 0.0000000000
89665  54.596  9.269  45.030 0.0000000000
88676  54.712  8.355  45.364 0.0000000000
88595  52.359  8.171  48.962 0.0000000000
88618  52.499  8.827  48.195 0.0000000000
135608  53.031  7.854  48.415 0.0000000000
85597  54.259  5.877  46.019 0.0000000000
86720  54.447  6.569  46.243 0.0000000000
86735  54.700  6.397  45.521 0.0000000000
139897  54.991  6.907  45.019 0.0000000000
85632  54.740  6.711  43.930 0.0000000000
76006  34.628  -3.258  65.237 0.0000000000
75995  34.076  -3.881  65.659 0.0000000000
76007  33.809  -3.368  65.379 0.0000000000
77386  37.285  -1.377  61.381 0.0000000000
77428  38.530  -1.472  59.507 0.0000000000
77472  40.882  -1.703  57.683 0.0000000000
77473  39.942  -1.744  57.800 0.0000000000
155958  40.769  -2.435  56.633 0.0000000000
77470  42.543  -2.128  57.457 0.0000000000
77425  43.154  -1.819  58.826 0.0000000000
77448  43.861  -2.193  58.343 0.0000000000
77447  44.647  -2.525  58.419 0.0000000000
131851  45.624  -2.462  57.960 0.0000000000
144140  45.367  -2.918  58.477 0.0000000000
156893  41.791  -2.738  60.783 0.0000000000
143166  42.649  -3.094  60.431 0.0000000000
73813  46.417  -4.029  60.192 0.0000000000
76095  45.004  -3.803  59.273 0.0000000000
74944  46.480  -3.377  59.977 0.0000000000
76130  46.621  -2.502  59.201 0.0000000000
73833  47.793  -4.147  58.668 0.0000000000
73846  48.189  -4.165  58.054 0.0000000000
73834  47.497  -4.541  58.479 0.0000000000
72773  45.725  -5.296  56.407 0.0000000000
72698  39.159  -4.579  63.000 0.0000000000
73782  39.409  -3.982  62.875 0.0000000000
73793  39.356  -4.412  62.218 0.0000000000
130762  20.959  -11.600  71.516 0.0000000000
64002  20.790  -12.087  72.296 0.0000000000
63989  21.229  -12.688  72.854 0.0000000000
147788  43.706  -1.829  54.213 0.0000000000
77501  44.618  -1.170  54.871 0.0000000000
77502  43.999  -1.744  54.808 0.0000000000
156439  43.703  -2.173  55.356 0.0000000000
150808  27.335  -16.053  71.036 0.0000000000
59105  28.624  -16.527  70.663 0.0000000000
90694  54.847  10.648  41.049 0.0000000000
91512  55.771  11.468  41.831 0.0000000000
90681  54.625  11.021  41.925 0.0000000000
90667  54.554  11.111  42.813 0.0000000000
133336  54.494  10.866  43.529 0.0000000000
86651  46.498  6.811  51.358 0.0000000000
86662  46.267  7.130  50.331 0.0000000000
86650  47.279  7.257  51.783 0.0000000000
87657  47.891  7.857  51.692 0.0000000000
87656  48.783  8.076  51.705 0.0000000000
87665  50.123  8.107  50.956 0.0000000000
87655  49.713  7.696  51.601 0.0000000000
86648  50.294  6.629  51.107 0.0000000000
73757  37.399  -4.760  65.692 0.0000000000
74886  36.841  -4.121  65.344 0.0000000000
74885  37.685  -4.059  65.880 0.0000000000
76020  38.071  -3.245  65.970 0.0000000000
77298  38.322  -2.123  65.526 0.0000000000
77322  38.798  -1.126  64.800 0.0000000000
77297  39.686  -1.949  64.999 0.0000000000
77320  41.225  -2.064  63.977 0.0000000000
77341  41.288  -1.710  63.241 0.0000000000
76041  40.714  -2.582  63.229 0.0000000000
74904  40.153  -3.361  62.272 0.0000000000
64021  23.769  -12.500  70.277 0.0000000000
64010  23.831  -12.998  71.074 0.0000000000
62640  24.496  -13.527  71.187 0.0000000000
80035  43.762  0.428  51.754 0.0000000000
82147  43.741  2.090  51.601 0.0000000000
82146  43.957  3.071  51.962 0.0000000000
83247  44.647  3.517  52.661 0.0000000000
154579  45.351  3.707  53.256 0.0000000000
84383  46.523  4.100  53.805 0.0000000000
83232  46.026  3.489  53.785 0.0000000000
82115  46.177  1.916  53.808 0.0000000000
79959  46.449  -0.145  55.912 0.0000000000
79958  47.235  -0.024  55.998 0.0000000000
136314  47.835  -0.205  55.850 0.0000000000
136913  47.856  -1.187  55.083 0.0000000000
77509  47.899  -1.279  54.412 0.0000000000
77491  47.944  -1.693  55.765 0.0000000000
76184  47.894  -2.464  55.630 0.0000000000
74985  48.068  -2.821  56.313 0.0000000000
66667  32.719  -10.848  68.393 0.0000000000
67913  32.903  -10.019  68.395 0.0000000000
66666  33.510  -10.687  68.035 0.0000000000
66701  36.206  -10.608  65.767 0.0000000000
69158  37.189  -8.413  65.454 0.0000000000
69141  36.991  -7.644  65.573 0.0000000000
69157  37.798  -7.921  65.030 0.0000000000
61440  28.951  -14.470  68.203 0.0000000000
61439  29.428  -14.236  68.683 0.0000000000
64053  29.827  -13.014  68.043 0.0000000000
149643  30.764  -12.203  68.814 0.0000000000
149165  30.850  -12.886  69.157 0.0000000000
136871  32.109  -13.858  69.456 0.0000000000
87848  60.646  7.904  37.644 0.0000000000
85717  60.647  6.939  37.432 0.0000000000
85733  60.111  5.783  37.484 0.0000000000
87809  57.169  7.089  41.458 0.0000000000
87722  46.832  7.290  47.993 0.0000000000
133406  47.865  7.230  46.924 0.0000000000
87755  47.795  6.921  46.260 0.0000000000
87754  48.429  6.724  45.735 0.0000000000
137268  49.041  7.031  45.815 0.0000000000
156844  50.111  7.649  45.662 0.0000000000
88678  50.838  8.212  45.520 0.0000000000
142478  52.018  9.381  45.437 0.0000000000
88677  51.546  9.092  45.887 0.0000000000
150712  52.465  9.653  46.659 0.0000000000
89627  52.916  9.487  46.932 0.0000000000
86706  53.766  6.315  47.640 0.0000000000
71554  32.883  -6.474  68.845 0.0000000000
77327  34.410  -2.228  64.595 0.0000000000
77302  33.727  -2.580  64.668 0.0000000000
139168  33.828  -2.212  64.273 0.0000000000
157811  33.296  -2.284  63.942 0.0000000000
78680  38.739  -0.562  61.722 0.0000000000
77385  38.004  -0.842  61.054 0.0000000000
78702  38.863  -0.639  60.830 0.0000000000
77406  39.062  -0.840  60.028 0.0000000000
77427  39.350  -1.141  59.277 0.0000000000
77454  38.812  -1.643  58.742 0.0000000000
77426  40.227  -0.941  59.115 0.0000000000
77452  40.580  -1.298  58.424 0.0000000000
77451  41.540  -1.250  58.412 0.0000000000
77450  42.428  -1.560  58.362 0.0000000000
78731  41.959  -0.920  59.029 0.0000000000
78730  42.552  -1.293  59.008 0.0000000000
78715  42.731  -1.686  59.275 0.0000000000
73789  43.340  -4.512  60.450 0.0000000000
76083  43.450  -3.944  60.136 0.0000000000
73803  44.200  -4.955  60.313 0.0000000000
73802  45.312  -4.908  60.195 0.0000000000
73822  46.757  -5.080  59.584 0.0000000000
72758  46.437  -4.322  58.208 0.0000000000
72759  45.644  -4.847  58.449 0.0000000000
65321  22.409  -11.894  70.584 0.0000000000
65315  23.072  -12.447  70.882 0.0000000000
64012  22.608  -12.838  71.590 0.0000000000
63999  22.860  -13.330  72.061 0.0000000000
61368  22.761  -13.984  72.987 0.0000000000
61369  22.178  -13.929  73.090 0.0000000000
78793  43.932  -0.470  52.227 0.0000000000
80001  45.430  0.788  53.987 0.0000000000
78768  45.532  0.114  54.603 0.0000000000
78758  45.659  -0.271  55.431 0.0000000000
136655  46.220  -0.662  56.546 0.0000000000
135281  34.694  -12.110  67.282 0.0000000000
62655  27.027  -14.183  69.083 0.0000000000
60267  28.008  -15.316  70.204 0.0000000000
61421  30.851  -14.530  69.852 0.0000000000
60264  31.226  -15.888  70.180 0.0000000000
59121  31.706  -16.569  69.926 0.0000000000
148044  58.147  10.409  39.348 0.0000000000
89730  58.989  9.350  39.528 0.0000000000
88744  58.629  8.490  39.932 0.0000000000
89731  58.361  9.673  40.124 0.0000000000
89716  57.824  9.384  40.737 0.0000000000
88728  57.591  8.628  41.172 0.0000000000
91511  56.320  11.274  41.994 0.0000000000
90665  56.853  10.545  41.832 0.0000000000
88729  57.172  8.677  41.755 0.0000000000
88712  56.772  8.186  42.220 0.0000000000
87773  56.326  7.811  42.660 0.0000000000
87774  55.789  7.595  43.060 0.0000000000
135384  44.307  5.880  48.707 0.0000000000
135990  45.473  6.807  48.909 0.0000000000
86689  46.100  7.184  48.485 0.0000000000
87706  46.808  7.446  48.935 0.0000000000
87705  47.524  7.539  48.474 0.0000000000
88644  48.843  8.156  48.150 0.0000000000
133839  50.481  8.906  48.375 0.0000000000
144218  50.322  8.798  49.157 0.0000000000
88596  51.531  8.277  49.343 0.0000000000
87681  52.110  7.423  49.514 0.0000000000
87664  50.559  7.648  50.552 0.0000000000
151415  51.547  7.516  49.832 0.0000000000
87703  52.768  7.122  49.059 0.0000000000
86688  52.848  6.097  48.968 0.0000000000
85579  52.711  5.084  47.754 0.0000000000
72659  35.192  -6.329  66.290 0.0000000000
73748  35.141  -5.299  65.872 0.0000000000
156825  35.778  -5.350  65.560 0.0000000000
149179  35.547  -4.063  65.240 0.0000000000
77281  35.783  -3.076  64.878 0.0000000000
76004  36.344  -3.385  65.034 0.0000000000
149395  35.501  -2.597  64.913 0.0000000000
77326  35.182  -1.920  64.520 0.0000000000
77345  35.293  -1.763  63.818 0.0000000000
77388  35.608  -1.934  61.873 0.0000000000
77365  36.253  -1.542  62.520 0.0000000000
77364  37.064  -1.119  62.205 0.0000000000
78645  38.431  -0.588  63.482 0.0000000000
78660  38.593  -0.525  62.588 0.0000000000
78677  41.464  -0.228  61.416 0.0000000000
78676  41.215  -0.729  61.116 0.0000000000
152655  41.936  -0.103  61.809 0.0000000000
139385  40.889  -1.923  61.164 0.0000000000
77363  41.485  -2.826  61.268 0.0000000000
76061  40.427  -2.348  62.456 0.0000000000
74923  42.459  -4.064  60.738 0.0000000000
138576  42.742  -4.626  60.760 0.0000000000
72707  43.412  -5.460  60.709 0.0000000000
62692  25.865  -13.505  68.030 0.0000000000
62675  25.844  -13.338  68.986 0.0000000000
62656  26.363  -13.876  69.626 0.0000000000
61409  26.518  -14.372  70.404 0.0000000000
61394  26.631  -14.927  70.939 0.0000000000
84445  44.201  5.009  50.109 0.0000000000
85534  44.719  5.309  50.734 0.0000000000
86652  45.776  6.147  51.294 0.0000000000
85518  46.442  6.105  52.192 0.0000000000
86639  47.019  6.080  53.295 0.0000000000
86623  48.153  6.029  53.549 0.0000000000
85504  48.899  5.817  53.199 0.0000000000
85492  47.796  5.317  53.864 0.0000000000
84380  48.038  4.857  53.840 0.0000000000
83229  47.803  4.489  53.643 0.0000000000
83230  47.074  4.035  53.610 0.0000000000
81090  45.746  1.586  54.016 0.0000000000
81080  46.192  1.451  54.055 0.0000000000
81079  46.447  1.121  54.020 0.0000000000
81068  46.823  0.518  54.749 0.0000000000
81078  46.760  0.618  54.087 0.0000000000
157255  31.484  -8.604  68.093 0.0000000000
135053  32.762  -7.687  68.513 0.0000000000
67895  32.961  -9.184  68.520 0.0000000000
69108  33.016  -8.219  68.549 0.0000000000
70366  33.005  -7.237  68.665 0.0000000000
70365  33.198  -7.052  68.415 0.0000000000
71569  33.863  -6.947  67.554 0.0000000000
71568  34.634  -6.794  66.779 0.0000000000
65370  34.582  -11.497  67.547 0.0000000000
66682  35.032  -10.846  67.376 0.0000000000
66664  34.824  -10.117  67.511 0.0000000000
158164  35.715  -10.013  66.657 0.0000000000
67931  35.401  -9.687  67.033 0.0000000000
67910  34.761  -9.237  67.350 0.0000000000
69124  34.711  -8.263  66.998 0.0000000000
70383  34.596  -7.379  66.920 0.0000000000
71583  36.141  -6.347  65.657 0.0000000000
72669  36.758  -5.865  65.530 0.0000000000
72668  37.660  -5.878  65.703 0.0000000000
70399  37.719  -6.786  65.274 0.0000000000
156477  37.922  -6.123  65.621 0.0000000000
73756  38.076  -5.330  66.158 0.0000000000
136581  39.113  -5.268  66.387 0.0000000000
73764  40.148  -4.904  64.841 0.0000000000
154805  40.085  -5.096  64.701 0.0000000000
72699  39.057  -5.475  63.817 0.0000000000
70442  38.530  -6.732  63.851 0.0000000000
71615  38.551  -6.473  63.561 0.0000000000
62673  27.347  -14.538  68.333 0.0000000000
61451  28.735  -14.536  67.527 0.0000000000
147308  30.901  -10.086  68.199 0.0000000000
66649  31.537  -10.408  68.589 0.0000000000
65333  32.016  -11.053  68.627 0.0000000000
62670  34.095  -13.301  67.980 0.0000000000
61419  32.750  -14.448  69.331 0.0000000000
61418  33.345  -14.180  68.900 0.0000000000
154895  61.252  3.615  35.715 0.0000000000
89707  52.522  9.305  43.324 0.0000000000
90669  53.212  10.096  43.667 0.0000000000
90652  53.850  10.558  44.036 0.0000000000
89668  52.569  9.893  45.441 0.0000000000
152962  53.687  10.311  44.659 0.0000000000
157453  54.776  10.411  44.117 0.0000000000
89681  55.131  9.615  44.321 0.0000000000
88694  55.497  8.688  43.990 0.0000000000
87765  55.361  7.872  43.995 0.0000000000
89614  51.756  9.135  48.078 0.0000000000
88641  52.884  9.090  47.543 0.0000000000
88640  53.478  8.786  47.164 0.0000000000
86705  54.163  6.915  47.041 0.0000000000
87718  54.005  7.901  47.114 0.0000000000
88661  54.393  8.187  45.914 0.0000000000
87751  55.023  7.599  45.010 0.0000000000
86750  55.088  7.350  44.405 0.0000000000
85664  55.378  6.233  42.177 0.0000000000
146125  41.079  -2.878  54.901 0.0000000000
74866  33.860  -5.153  66.341 0.0000000000
74887  33.408  -3.983  65.730 0.0000000000
77474  39.063  -1.851  58.018 0.0000000000
76167  40.377  -2.625  56.272 0.0000000000
76166  41.271  -2.653  56.294 0.0000000000
76186  41.585  -2.786  55.507 0.0000000000
76165  42.211  -2.611  56.042 0.0000000000
77483  43.035  -2.464  56.631 0.0000000000
77482  44.145  -1.991  56.743 0.0000000000
133371  44.101  -2.062  57.682 0.0000000000
77468  44.919  -1.701  57.129 0.0000000000
77467  45.715  -1.774  57.421 0.0000000000
77466  46.564  -1.760  57.751 0.0000000000
78675  41.584  -1.481  60.384 0.0000000000
78696  42.800  -2.163  59.617 0.0000000000
77405  43.545  -2.833  59.486 0.0000000000
76096  44.307  -4.134  59.620 0.0000000000
77404  44.432  -3.608  59.262 0.0000000000
77423  44.486  -3.070  58.833 0.0000000000
77445  47.090  -1.930  58.501 0.0000000000
77444  47.927  -2.016  58.127 0.0000000000
76148  48.386  -2.764  57.525 0.0000000000
74977  47.674  -3.303  56.637 0.0000000000
73862  47.081  -4.003  56.051 0.0000000000
72769  46.413  -4.383  57.434 0.0000000000
72772  46.405  -4.646  56.444 0.0000000000
73772  39.635  -4.216  63.799 0.0000000000
73781  39.897  -3.687  62.284 0.0000000000
73791  40.480  -4.109  61.738 0.0000000000
73806  39.975  -4.477  61.401 0.0000000000
73805  40.871  -4.547  61.410 0.0000000000
131770  41.704  -5.053  61.220 0.0000000000
72723  42.467  -5.496  60.917 0.0000000000
65385  35.883  -11.109  65.893 0.0000000000
66680  35.786  -10.477  66.376 0.0000000000
70382  35.227  -7.619  66.392 0.0000000000
70487  44.528  -6.345  58.255 0.0000000000
71553  33.091  -6.545  68.912 0.0000000000
71582  37.503  -6.534  65.451 0.0000000000
71593  38.838  -6.435  65.653 0.0000000000
71676  45.040  -5.750  58.220 0.0000000000
71677  44.489  -6.419  59.035 0.0000000000
71690  45.292  -5.525  57.723 0.0000000000
71702  45.394  -5.492  57.085 0.0000000000
72660  34.897  -5.894  66.315 0.0000000000
72682  40.072  -5.715  65.221 0.0000000000
72697  41.130  -4.143  61.610 0.0000000000
72708  42.584  -5.278  60.945 0.0000000000
72709  41.833  -4.991  61.251 0.0000000000
72710  40.928  -4.505  61.412 0.0000000000
72719  45.352  -5.226  60.237 0.0000000000
72720  44.671  -5.605  60.589 0.0000000000
72721  44.159  -5.805  60.811 0.0000000000
72734  46.029  -5.350  60.023 0.0000000000
72747  47.052  -5.059  59.075 0.0000000000
72748  46.139  -4.940  59.096 0.0000000000
73742  33.411  -5.842  67.086 0.0000000000
73749  34.500  -5.016  66.060 0.0000000000
73814  46.247  -4.848  60.244 0.0000000000
73847  48.010  -4.471  57.951 0.0000000000
73854  48.158  -3.790  57.506 0.0000000000
74875  34.291  -4.486  65.865 0.0000000000
74876  33.631  -4.552  66.046 0.0000000000
74915  41.088  -3.648  61.700 0.0000000000
74930  44.938  -4.489  60.156 0.0000000000
74931  44.248  -4.591  59.873 0.0000000000
74936  45.820  -3.688  60.324 0.0000000000
74943  47.192  -3.901  59.510 0.0000000000
74957  48.198  -3.657  58.245 0.0000000000
74958  47.708  -3.343  58.813 0.0000000000
74968  48.313  -3.432  57.795 0.0000000000
74986  47.548  -3.255  55.593 0.0000000000
75994  34.826  -3.930  65.451 0.0000000000
76005  35.352  -3.443  65.088 0.0000000000
76042  40.589  -2.965  63.992 0.0000000000
76073  42.177  -3.365  60.730 0.0000000000
76074  41.887  -3.542  60.988 0.0000000000
76109  46.913  -2.897  59.494 0.0000000000
76110  46.290  -3.332  59.633 0.0000000000
76128  48.083  -2.749  58.214 0.0000000000
76163  48.267  -2.404  56.391 0.0000000000
76164  43.025  -2.513  55.547 0.0000000000
77300  34.980  -2.294  64.777 0.0000000000
77301  34.246  -2.741  64.979 0.0000000000
77362  41.757  -2.179  60.532 0.0000000000
77383  43.453  -3.369  59.833 0.0000000000
77479  48.167  -1.184  56.826 0.0000000000
77485  41.158  -2.118  56.965 0.0000000000
78631  39.125  -0.598  64.055 0.0000000000
78632  38.151  -0.768  64.309 0.0000000000
78633  37.315  -1.027  64.578 0.0000000000
78634  36.736  -1.422  64.663 0.0000000000
78641  41.171  -0.468  61.973 0.0000000000
78674  42.195  -1.997  60.078 0.0000000000
78697  42.217  -1.580  59.828 0.0000000000
78698  41.642  -1.156  60.082 0.0000000000
78748  47.932  -0.554  56.301 0.0000000000
79957  47.646  -0.087  55.918 0.0000000000
79979  47.530  -0.042  55.424 0.0000000000
85491  48.374  5.283  53.535 0.0000000000
85529  51.006  5.950  50.020 0.0000000000
85533  45.182  6.055  50.438 0.0000000000
85543  52.121  5.648  49.287 0.0000000000
85560  53.187  5.776  48.171 0.0000000000
85614  54.343  5.851  45.206 0.0000000000
85648  55.023  6.604  43.006 0.0000000000
86659  51.715  6.789  49.900 0.0000000000
86690  44.858  6.416  48.259 0.0000000000
86752  54.802  6.440  44.843 0.0000000000
86762  55.346  7.385  43.608 0.0000000000
86776  56.794  6.990  41.827 0.0000000000
86819  60.305  7.368  37.981 0.0000000000
87654  50.250  7.300  51.187 0.0000000000
87663  51.116  7.190  50.186 0.0000000000
87666  48.647  8.200  50.800 0.0000000000
87702  53.639  7.441  47.716 0.0000000000
87719  49.114  7.920  47.159 0.0000000000
87721  47.610  7.369  47.626 0.0000000000
87735  54.683  7.643  45.635 0.0000000000
87736  54.384  7.499  46.303 0.0000000000
87737  49.562  7.515  46.292 0.0000000000
88557  49.445  8.233  51.023 0.0000000000
88574  50.379  8.257  50.200 0.0000000000
88597  50.663  8.502  49.468 0.0000000000
88617  53.219  8.396  47.783 0.0000000000
88619  51.838  8.816  48.690 0.0000000000
88622  49.026  8.279  49.229 0.0000000000
88639  54.022  8.495  46.493 0.0000000000
88758  59.981  8.387  38.614 0.0000000000
88769  60.541  8.440  37.770 0.0000000000
89628  52.367  9.319  47.451 0.0000000000
89630  51.170  9.157  47.922 0.0000000000
89667  53.537  9.864  45.785 0.0000000000
89669  52.224  9.743  46.094 0.0000000000
89682  52.775  10.008  44.837 0.0000000000
89694  55.800  9.408  43.490 0.0000000000
89696  52.096  9.096  43.871 0.0000000000
89705  56.786  9.415  42.251 0.0000000000
90638  53.727  10.124  45.124 0.0000000000
90639  53.191  10.180  45.252 0.0000000000
90651  55.425  11.030  43.160 0.0000000000
90666  56.387  10.525  42.530 0.0000000000
90680  57.189  10.745  41.062 0.0000000000
90690  58.596  10.092  39.406 0.0000000000
90710  55.161  10.250  40.265 0.0000000000
90723  59.267  9.963  38.111 0.0000000000
91498  55.176  11.352  42.338 0.0000000000
91513  55.327  11.311  41.510 0.0000000000
91528  57.636  10.661  39.743 0.0000000000
91529  56.477  11.245  40.767 0.0000000000
91538  57.949  10.457  39.054 0.0000000000
91540  56.756  10.954  40.037 0.0000000000
131741  40.310  -0.077  62.980 0.0000000000
131765  48.490  -2.164  57.050 0.0000000000
134694  56.240  11.416  41.391 0.0000000000
135301  33.495  -6.279  67.454 0.0000000000
136165  33.004  -7.000  68.776 0.0000000000
136462  54.277  10.469  44.220 0.0000000000
137271  35.714  -2.007  64.852 0.0000000000
137368  45.238  5.604  51.225 0.0000000000
138604  48.238  -2.247  57.681 0.0000000000
139592  45.983  -5.047  56.985 0.0000000000
140158  37.260  -2.755  65.790 0.0000000000
140855  45.013  -5.071  60.655 0.0000000000
142233  36.411  -2.031  65.429 0.0000000000
145815  43.380  -4.903  60.672 0.0000000000
147816  38.288  -6.402  65.240 0.0000000000
149002  36.100  -2.578  64.993 0.0000000000
149254  54.104  9.092  45.766 0.0000000000
149867  45.284  -5.245  58.871 0.0000000000
150236  45.866  -4.209  60.467 0.0000000000
151913  44.503  -6.171  60.079 0.0000000000
153219  37.994  -7.641  64.743 0.0000000000
153332  46.978  -4.623  59.864 0.0000000000
153387  60.767  8.218  37.266 0.0000000000
155386  35.901  -3.595  64.936 0.0000000000
155512  56.747  11.040  41.515 0.0000000000
155655  48.269  8.095  51.257 0.0000000000
156502  24.974  -13.057  69.983 0.0000000000
157042  58.593  9.072  40.052 0.0000000000
157242  36.570  -8.455  65.675 0.0000000000
157801  57.505  10.662  40.307 0.0000000000
157996  35.246  -2.992  64.939 0.0000000000
158175  35.605  -9.309  66.632 0.0000000000
