#!ascii label  , from subject sub-v2s4x29595_ses-1 vox2ras=TkReg
829
11406  -32.285  -71.014  -5.462 0.5000000000
124715  -31.417  -71.820  -6.017 0.8000000119
10733  -29.560  -71.031  -5.545 0.8000000119
10750  -30.302  -71.703  -5.694 0.8000000119
125272  -30.785  -71.570  -6.167 0.8000000119
11389  -33.189  -70.805  -4.603 0.5000000000
10771  -32.173  -71.754  -5.780 0.5000000000
112882  -31.387  -71.449  -6.087 0.6000000238
12103  -28.391  -69.019  -4.758 0.6999999881
11405  -29.182  -70.408  -5.284 0.6999999881
111894  -29.911  -70.669  -6.066 0.8000000119
12134  -30.449  -70.301  -6.112 0.6999999881
12106  -33.891  -70.510  -4.387 0.6000000238
11388  -32.426  -70.736  -5.119 0.5000000000
12105  -31.896  -70.012  -5.187 0.6000000238
12903  -27.007  -67.736  -4.407 0.6999999881
12123  -31.825  -70.398  -5.683 0.6000000238
12905  -31.468  -69.051  -5.244 0.6000000238
12916  -27.210  -67.783  -4.596 0.6999999881
12084  -28.192  -68.912  -4.530 0.6999999881
12132  -29.270  -69.952  -5.615 0.6999999881
12135  -31.216  -70.272  -5.958 0.6000000238
12921  -31.159  -68.946  -5.623 0.6000000238
12133  -29.802  -69.997  -5.914 0.8000000119
127927  -30.342  -69.506  -5.956 0.8000000119
12926  -30.887  -69.520  -5.858 0.6999999881
12894  -32.481  -69.798  -3.336 0.4000000060
12086  -31.848  -69.732  -4.257 0.6000000238
13719  -26.171  -67.043  -4.390 0.6999999881
13710  -31.598  -68.024  -5.007 0.6000000238
14506  -26.497  -66.947  -4.661 0.6999999881
12917  -27.960  -68.408  -4.746 0.6999999881
130676  -28.518  -69.031  -4.998 0.6999999881
117158  -28.966  -69.395  -5.242 0.6999999881
12919  -29.694  -68.410  -5.635 0.6000000238
12920  -30.764  -68.714  -5.805 0.6999999881
111488  -31.453  -66.082  -5.352 0.5000000000
129565  -28.104  -68.011  -5.026 0.6000000238
14509  -29.271  -67.022  -5.297 0.6000000238
112223  -29.982  -67.689  -5.633 0.6000000238
14510  -30.558  -66.789  -5.474 0.6000000238
118561  -29.570  -66.095  -5.222 0.6000000238
15277  -30.490  -65.847  -5.315 0.5000000000
12879  -32.140  -69.047  -2.558 0.4000000060
15268  -24.880  -65.949  -3.985 0.6999999881
12893  -31.726  -69.228  -3.384 0.6000000238
116833  -31.567  -68.979  -4.324 0.6000000238
14507  -27.066  -67.051  -4.898 0.6999999881
113168  -31.849  -67.001  -5.169 0.6000000238
13721  -27.523  -67.844  -4.833 0.6999999881
14511  -32.250  -66.221  -5.167 0.5000000000
14508  -28.086  -67.251  -5.057 0.6999999881
118137  -28.639  -66.372  -5.127 0.6000000238
15278  -30.948  -65.085  -5.284 0.5000000000
15279  -32.108  -65.412  -5.280 0.5000000000
118613  -29.797  -65.182  -5.179 0.5000000000
15259  -22.297  -65.374  -3.563 0.6000000238
16036  -22.973  -65.050  -4.107 0.6000000238
12861  -31.894  -68.315  -2.016 0.5000000000
13683  -31.485  -67.882  -2.528 0.5000000000
116225  -23.870  -65.081  -4.257 0.6999999881
14488  -24.392  -66.543  -3.408 0.6999999881
12878  -31.650  -68.663  -2.755 0.5000000000
13694  -31.444  -68.288  -3.701 0.5000000000
14490  -31.430  -67.208  -3.450 0.4000000060
15269  -25.659  -65.905  -4.193 0.6999999881
14491  -31.989  -66.257  -4.313 0.5000000000
14503  -26.135  -66.538  -4.424 0.6999999881
15274  -26.820  -66.350  -4.724 0.6999999881
15271  -27.271  -65.498  -4.715 0.6999999881
15275  -27.713  -66.136  -4.972 0.6000000238
14512  -32.711  -65.421  -5.074 0.5000000000
15276  -28.698  -65.380  -5.050 0.6000000238
15280  -32.904  -65.233  -5.149 0.5000000000
16840  -28.842  -63.816  -4.784 0.5000000000
16841  -29.474  -63.656  -4.969 0.5000000000
117780  -30.047  -64.328  -5.186 0.5000000000
16843  -31.909  -63.669  -5.133 0.5000000000
123713  -31.192  -63.812  -5.210 0.5000000000
17681  -32.734  -62.499  -4.557 0.3000000119
120158  -31.012  -66.134  -1.748 0.3000000119
16827  -21.755  -64.892  -3.307 0.6000000238
16828  -22.507  -64.501  -4.013 0.6000000238
14477  -31.256  -66.816  -2.264 0.4000000060
15252  -31.104  -65.925  -2.490 0.4000000060
111575  -24.491  -64.176  -4.080 0.6000000238
16040  -25.164  -65.238  -4.151 0.6999999881
16041  -26.189  -65.003  -3.949 0.6999999881
125921  -33.072  -64.794  -4.766 0.5000000000
16044  -27.775  -64.648  -4.493 0.5000000000
15273  -32.896  -64.749  -4.690 0.5000000000
16839  -28.404  -64.051  -4.513 0.5000000000
16048  -32.734  -64.196  -4.671 0.4000000060
16844  -32.364  -63.373  -5.164 0.3000000119
17682  -33.213  -62.333  -4.282 0.4000000060
17679  -31.025  -62.338  -4.703 0.5000000000
17680  -31.939  -62.874  -4.856 0.4000000060
16820  -21.694  -63.958  -3.808 0.6000000238
16821  -23.326  -63.368  -3.930 0.6000000238
16822  -24.423  -63.377  -3.576 0.6000000238
16038  -32.301  -64.759  -3.883 0.3000000119
15263  -32.668  -65.222  -4.615 0.4000000060
16037  -25.311  -64.433  -3.935 0.6000000238
114279  -32.592  -64.196  -3.818 0.3000000119
16831  -26.313  -63.942  -3.531 0.6000000238
16042  -27.013  -65.078  -4.263 0.6999999881
17672  -33.491  -62.239  -3.948 0.3000000119
15264  -32.750  -64.044  -4.314 0.3000000119
16835  -27.233  -64.428  -3.818 0.6000000238
18598  -34.120  -61.531  -4.051 0.3000000119
124831  -32.999  -62.861  -4.178 0.3000000119
17670  -28.305  -62.907  -3.616 0.5000000000
16836  -28.135  -63.913  -4.092 0.5000000000
18601  -34.654  -61.155  -4.133 0.3000000119
17676  -33.448  -62.164  -4.144 0.3000000119
16837  -28.777  -63.479  -4.353 0.5000000000
113626  -29.648  -62.606  -4.484 0.5000000000
124084  -33.600  -61.435  -4.382 0.3000000119
17674  -29.300  -62.772  -4.271 0.5000000000
18603  -31.932  -61.997  -4.670 0.4000000060
19564  -32.796  -61.543  -4.564 0.3000000119
17660  -21.250  -62.845  -3.840 0.5000000000
17661  -23.094  -62.529  -3.761 0.6000000238
18589  -24.006  -61.972  -2.599 0.5000000000
17668  -25.527  -63.283  -3.246 0.6000000238
118156  -25.841  -62.921  -2.690 0.5000000000
19553  -35.183  -60.839  -3.648 0.3000000119
17669  -26.625  -63.163  -3.070 0.6000000238
20425  -36.059  -59.965  -3.591 0.3000000119
19556  -35.268  -60.842  -4.123 0.3000000119
17664  -27.592  -62.749  -3.118 0.6000000238
17673  -28.641  -63.258  -3.972 0.5000000000
18597  -30.064  -61.512  -4.131 0.5000000000
110667  -30.925  -61.423  -4.479 0.4000000060
19558  -31.310  -60.703  -4.409 0.4000000060
18588  -22.811  -61.588  -3.544 0.5000000000
18578  -24.475  -61.605  -1.647 0.5000000000
17662  -24.143  -62.612  -3.050 0.5000000000
17650  -24.634  -62.347  -2.004 0.5000000000
22164  -35.667  -58.545  -2.279 0.3000000119
21268  -35.658  -59.523  -2.712 0.3000000119
17652  -26.709  -62.644  -2.232 0.6000000238
18595  -28.430  -62.299  -3.403 0.5000000000
109265  -29.672  -62.134  -4.180 0.5000000000
19560  -33.364  -60.865  -4.532 0.4000000060
20434  -32.883  -59.891  -4.545 0.4000000060
18577  -23.830  -61.181  -2.337 0.5000000000
18579  -25.189  -61.926  -1.299 0.5000000000
21260  -34.847  -58.775  -2.021 0.4000000060
22165  -36.460  -57.194  -2.106 0.4000000060
17651  -25.521  -62.616  -1.878 0.5000000000
18581  -27.266  -61.853  -1.648 0.5000000000
22175  -36.489  -58.182  -2.514 0.4000000060
21269  -36.505  -59.229  -3.180 0.3000000119
19539  -27.604  -60.932  -1.228 0.4000000060
20426  -36.504  -59.681  -3.910 0.3000000119
18590  -27.822  -62.119  -2.617 0.5000000000
122896  -28.453  -61.654  -3.086 0.4000000060
18591  -28.838  -61.080  -3.108 0.4000000060
20433  -31.734  -59.871  -4.362 0.4000000060
129529  -24.041  -59.978  -1.609 0.5000000000
19536  -24.240  -60.776  -1.521 0.5000000000
19526  -25.458  -60.397  -0.597 0.5000000000
23092  -35.837  -56.524  -1.407 0.4000000060
19538  -25.759  -61.301  -0.789 0.5000000000
127322  -26.243  -60.640  -0.520 0.4000000060
124959  -37.159  -57.829  -2.699 0.4000000060
19527  -27.009  -60.413  -0.505 0.4000000060
21271  -37.297  -58.517  -3.457 0.4000000060
19548  -28.201  -61.306  -2.221 0.4000000060
19550  -29.239  -60.447  -2.987 0.4000000060
20427  -29.952  -60.268  -3.469 0.4000000060
125553  -30.371  -60.805  -3.995 0.4000000060
20428  -30.629  -59.849  -3.764 0.4000000060
21274  -31.771  -59.121  -4.285 0.4000000060
21279  -33.925  -58.609  -4.609 0.4000000060
110237  -32.958  -58.931  -4.490 0.4000000060
21255  -24.229  -59.224  -1.543 0.5000000000
20408  -24.626  -60.000  -1.000 0.4000000060
23995  -36.063  -55.716  -1.125 0.4000000060
23093  -36.661  -56.338  -1.741 0.4000000060
20399  -25.328  -59.566  -0.597 0.5000000000
20400  -26.198  -59.736  -0.290 0.4000000060
23104  -38.436  -57.015  -2.957 0.4000000060
19540  -28.386  -60.511  -1.616 0.4000000060
20422  -29.553  -59.773  -2.730 0.4000000060
117279  -35.249  -58.786  -4.766 0.3000000119
20429  -31.267  -59.490  -4.109 0.4000000060
112710  -24.879  -58.959  -1.025 0.4000000060
21241  -25.677  -58.817  -0.502 0.5000000000
21242  -26.565  -58.736  -0.081 0.4000000060
110984  -37.646  -55.436  -1.698 0.4000000060
21243  -27.461  -58.588  0.080 0.4000000060
20401  -27.215  -59.499  -0.195 0.4000000060
21244  -28.315  -58.428  -0.106 0.4000000060
20409  -27.854  -60.086  -0.773 0.4000000060
20410  -28.645  -59.752  -1.198 0.4000000060
20411  -29.296  -59.366  -1.815 0.4000000060
123288  -30.102  -59.599  -3.210 0.4000000060
21273  -30.990  -58.953  -3.774 0.4000000060
22185  -34.419  -57.700  -4.634 0.4000000060
21275  -32.276  -58.496  -4.276 0.4000000060
22184  -33.554  -57.636  -4.412 0.4000000060
22146  -26.114  -57.972  -0.462 0.4000000060
112548  -26.944  -57.900  0.106 0.4000000060
22148  -27.774  -57.781  0.243 0.4000000060
22149  -28.623  -57.664  0.019 0.4000000060
21257  -28.897  -58.967  -0.841 0.4000000060
21258  -29.623  -58.508  -1.523 0.4000000060
22187  -36.644  -57.601  -4.795 0.4000000060
22173  -30.885  -57.914  -2.768 0.4000000060
22177  -31.283  -58.243  -3.534 0.4000000060
22174  -31.568  -57.538  -3.151 0.4000000060
22178  -31.955  -57.967  -3.835 0.4000000060
22180  -33.446  -57.117  -4.088 0.4000000060
121205  -27.389  -57.274  0.089 0.4000000060
23073  -28.137  -56.865  0.304 0.4000000060
23074  -29.172  -56.959  0.028 0.4000000060
23075  -30.087  -56.380  -0.360 0.4000000060
22150  -29.492  -57.744  -0.646 0.4000000060
23090  -30.593  -57.021  -1.181 0.4000000060
22163  -30.321  -57.735  -1.640 0.4000000060
23099  -31.201  -57.183  -2.105 0.4000000060
23100  -31.957  -56.887  -2.733 0.4000000060
23117  -34.923  -56.951  -4.534 0.3000000119
23110  -33.806  -56.566  -3.860 0.4000000060
23116  -34.062  -56.998  -4.331 0.4000000060
23072  -27.324  -56.539  -0.098 0.4000000060
113921  -27.869  -55.850  0.237 0.4000000060
23979  -28.936  -55.961  0.339 0.4000000060
24003  -31.720  -56.528  -2.030 0.4000000060
128762  -32.270  -56.358  -2.391 0.4000000060
121850  -37.457  -57.311  -4.725 0.4000000060
122058  -35.677  -57.410  -4.759 0.3000000119
23101  -32.642  -56.520  -3.079 0.4000000060
111572  -34.532  -56.384  -4.063 0.5000000000
23111  -35.217  -56.244  -4.223 0.4000000060
24010  -34.230  -56.042  -3.634 0.5000000000
125897  -28.898  -54.537  0.322 0.4000000060
23966  -29.282  -55.054  0.377 0.4000000060
23967  -30.145  -54.875  0.304 0.4000000060
122827  -29.817  -55.544  0.135 0.4000000060
117637  -33.580  -55.606  -2.677 0.4000000060
24011  -34.992  -55.686  -3.744 0.5000000000
25787  -28.984  -53.875  0.220 0.4000000060
24869  -29.562  -54.309  0.380 0.4000000060
24870  -30.396  -54.071  0.367 0.4000000060
24005  -34.246  -55.570  -3.166 0.4000000060
24919  -35.762  -55.023  -3.646 0.5000000000
25804  -29.126  -53.150  -0.107 0.4000000060
25788  -29.817  -53.452  0.322 0.4000000060
25789  -30.757  -53.287  0.363 0.4000000060
24914  -36.067  -54.467  -3.205 0.5000000000
27681  -30.990  -51.184  -0.204 0.4000000060
26728  -29.349  -52.484  -0.501 0.4000000060
26729  -29.993  -52.191  -0.102 0.4000000060
26716  -29.719  -52.799  0.099 0.4000000060
129259  -31.324  -52.098  0.400 0.4000000060
129052  -32.577  -52.198  0.477 0.5000000000
27679  -29.654  -51.793  -0.885 0.4000000060
17675  -29.732  -62.199  -4.259 0.5000000000
123293  -30.604  -60.901  -4.222 0.5000000000
19559  -32.317  -60.672  -4.563 0.4000000060
11407  -33.295  -71.212  -5.098 0.5000000000
10735  -30.385  -71.891  -5.029 0.8000000119
10722  -29.371  -71.092  -4.733 0.8000000119
121373  -28.552  -69.564  -4.246 0.6999999881
12107  -34.845  -70.148  -4.631 0.5000000000
12064  -28.146  -68.810  -3.865 0.6999999881
12896  -34.603  -69.246  -3.519 0.5000000000
12891  -26.881  -67.741  -3.950 0.6999999881
12880  -32.930  -69.291  -2.418 0.4000000060
12895  -33.475  -69.786  -3.176 0.4000000060
13692  -25.610  -67.109  -3.777 0.6999999881
15260  -23.103  -65.886  -3.635 0.6999999881
12862  -32.564  -68.570  -1.817 0.4000000060
13670  -32.273  -67.853  -1.274 0.4000000060
15250  -22.453  -65.895  -2.761 0.6000000238
14465  -31.286  -66.570  -1.429 0.4000000060
120342  -20.668  -63.909  -3.014 0.6000000238
17659  -20.135  -63.319  -2.627 0.5000000000
19547  -23.019  -60.691  -3.011 0.5000000000
19535  -23.640  -60.348  -2.155 0.4000000060
20420  -23.839  -58.808  -1.843 0.4000000060
21266  -24.496  -58.270  -1.728 0.4000000060
21256  -25.322  -58.089  -1.215 0.4000000060
22162  -25.772  -57.261  -1.272 0.4000000060
123290  -26.704  -56.299  -0.750 0.4000000060
23977  -27.126  -55.747  -0.606 0.4000000060
24881  -27.590  -54.941  -0.485 0.4000000060
25803  -28.433  -53.570  -0.498 0.4000000060
26727  -28.693  -52.839  -0.963 0.4000000060
27700  -30.123  -51.236  -1.367 0.4000000060
10105  -30.837  -72.169  -5.612 0.8000000119
10749  -29.844  -71.229  -5.837 0.8000000119
11373  -32.492  -70.377  -4.343 0.5000000000
11371  -29.018  -70.210  -4.715 0.6999999881
13724  -31.364  -68.028  -5.476 0.6999999881
13725  -30.317  -68.330  -5.800 0.6999999881
14504  -31.933  -67.006  -4.780 0.6000000238
108948  -31.587  -67.013  -5.415 0.6000000238
13723  -30.932  -67.779  -5.704 0.6000000238
122021  -24.641  -64.821  -4.200 0.6999999881
130380  -32.255  -66.505  -5.077 0.5000000000
13669  -31.653  -67.381  -1.510 0.5000000000
15262  -31.746  -65.644  -3.530 0.3000000119
17678  -30.253  -62.746  -4.749 0.5000000000
17663  -24.948  -62.785  -2.745 0.6000000238
18596  -29.227  -61.788  -3.698 0.5000000000
18602  -30.118  -61.974  -4.398 0.5000000000
20432  -30.846  -60.379  -4.160 0.4000000060
19555  -29.670  -61.031  -3.649 0.4000000060
20435  -33.733  -59.516  -4.573 0.4000000060
119765  -31.589  -58.718  -4.033 0.4000000060
22172  -30.323  -58.442  -2.537 0.4000000060
22147  -26.617  -57.107  -0.447 0.4000000060
23108  -32.329  -57.224  -3.474 0.4000000060
109495  -31.133  -52.553  0.390 0.4000000060
7096  -33.898  -76.246  3.388 0.4000000060
130047  -35.043  -75.680  3.371 0.4000000060
8547  -35.394  -74.309  3.825 0.4000000060
9249  -35.508  -73.507  3.606 0.4000000060
8535  -34.182  -74.256  4.222 0.4000000060
8536  -34.742  -73.894  4.040 0.4000000060
9986  -35.186  -73.001  3.104 0.4000000060
10013  -34.859  -72.831  2.262 0.4000000060
128955  -35.200  -72.385  1.358 0.5000000000
9235  -33.965  -73.776  4.003 0.4000000060
9260  -34.310  -73.059  3.038 0.4000000060
111278  -33.995  -73.129  2.286 0.5000000000
9274  -34.134  -73.029  1.261 0.5000000000
9290  -33.870  -73.096  0.102 0.6000000238
9234  -33.029  -73.641  4.031 0.4000000060
9247  -33.691  -73.391  3.512 0.4000000060
9259  -33.472  -73.166  2.827 0.4000000060
10027  -34.660  -72.651  0.376 0.5000000000
12881  -33.997  -68.976  -2.607 0.3000000119
13684  -33.448  -68.491  -1.844 0.4000000060
13655  -32.023  -67.258  -0.819 0.3000000119
10042  -35.015  -72.315  -0.274 0.5000000000
12125  -36.134  -69.909  -5.078 0.5000000000
12897  -35.704  -68.515  -4.086 0.4000000060
9985  -32.370  -72.797  3.187 0.4000000060
9273  -33.216  -73.386  1.719 0.5000000000
9258  -32.937  -73.237  2.362 0.4000000060
10041  -34.448  -72.674  -0.601 0.6000000238
10055  -35.071  -72.147  -1.096 0.6000000238
10067  -35.495  -72.313  -2.806 0.6999999881
12124  -35.348  -70.309  -4.976 0.5000000000
112091  -35.373  -72.083  -1.908 0.6999999881
10068  -36.380  -71.900  -3.513 0.6999999881
121786  -35.865  -71.116  -5.137 0.6999999881
10079  -35.606  -72.380  -3.696 0.6999999881
10080  -35.988  -72.026  -4.409 0.6999999881
9289  -33.277  -73.449  0.633 0.6000000238
9331  -33.687  -73.086  -1.930 0.6000000238
9995  -32.582  -72.924  2.336 0.4000000060
10012  -32.588  -73.125  1.341 0.5000000000
110763  -32.828  -73.341  -0.064 0.6000000238
9308  -33.767  -73.038  -0.932 0.6000000238
9353  -34.163  -73.028  -2.654 0.6000000238
9372  -34.832  -72.851  -3.291 0.6000000238
14450  -31.593  -66.656  -0.841 0.3000000119
9332  -34.551  -72.608  -1.929 0.6000000238
10093  -35.217  -72.662  -4.221 0.6999999881
10753  -35.026  -71.460  -5.301 0.6000000238
11390  -34.272  -70.752  -4.853 0.5000000000
10668  -32.168  -71.671  1.522 0.6000000238
10679  -31.945  -71.770  0.489 0.6000000238
10025  -32.107  -72.596  0.008 0.6999999881
9306  -32.330  -73.057  -0.426 0.6000000238
113153  -32.522  -73.175  -0.928 0.6000000238
129069  -33.657  -73.227  -2.660 0.6000000238
10669  -32.388  -72.576  1.668 0.5000000000
9288  -32.847  -73.421  0.969 0.6000000238
9371  -34.058  -73.220  -3.318 0.6000000238
112866  -34.546  -73.060  -4.067 0.6999999881
10109  -34.433  -72.542  -5.187 0.6999999881
110558  -35.338  -72.454  -4.732 0.6999999881
10752  -33.899  -71.580  -5.325 0.6000000238
10130  -34.797  -72.067  -5.390 0.6999999881
10688  -31.663  -71.812  -0.554 0.6999999881
109608  -31.587  -72.191  -1.316 0.6999999881
10040  -31.900  -72.674  -0.856 0.6999999881
9330  -32.378  -73.212  -1.874 0.6000000238
10772  -33.328  -71.912  -5.557 0.5000000000
9369  -32.658  -73.412  -3.707 0.6999999881
122417  -33.610  -73.201  -4.660 0.6999999881
10129  -33.910  -72.247  -5.437 0.6000000238
10710  -30.730  -71.659  -2.832 0.6999999881
123215  -30.643  -72.041  -4.410 0.6999999881
10700  -31.297  -71.642  -1.350 0.6999999881
10065  -31.129  -72.319  -3.093 0.6000000238
110824  -31.548  -72.843  -3.374 0.5000000000
10054  -31.743  -72.695  -1.686 0.6999999881
120212  -31.935  -73.131  -2.714 0.6000000238
9387  -32.153  -73.263  -4.177 0.6999999881
10107  -32.506  -72.697  -5.353 0.5000000000
9351  -32.472  -73.333  -2.870 0.6000000238
9404  -33.099  -73.125  -5.035 0.6999999881
10108  -33.506  -72.698  -5.281 0.6000000238
10709  -30.216  -71.207  -3.555 0.6999999881
10723  -30.084  -71.486  -4.546 0.6999999881
11372  -29.580  -70.731  -4.209 0.6999999881
9403  -32.090  -73.046  -4.881 0.6000000238
10091  -30.927  -72.354  -4.656 0.6999999881
12906  -35.269  -69.396  -4.386 0.5000000000
9386  -31.558  -72.870  -4.245 0.6000000238
8546  -34.687  -74.611  4.074 0.4000000060
9246  -32.844  -73.175  3.231 0.4000000060
9272  -32.841  -73.282  1.721 0.4000000060
123092  -36.515  -71.568  -4.705 0.6999999881
10754  -35.566  -71.704  -5.145 0.6999999881
9307  -33.046  -73.322  -1.148 0.6000000238
115828  -33.061  -73.326  -2.253 0.6000000238
10011  -32.290  -72.547  0.921 0.6999999881
10026  -32.518  -73.130  0.460 0.6000000238
9329  -31.914  -73.067  -2.013 0.6000000238
10711  -31.282  -72.081  -2.099 0.6999999881
9368  -31.983  -73.212  -3.531 0.6000000238
109430  -30.656  -71.899  -3.755 0.6000000238
11326  -31.122  -70.850  -0.931 0.5000000000
117772  -31.820  -70.992  0.928 0.5000000000
11342  -30.583  -70.444  -1.737 0.6000000238
10658  -32.122  -71.288  2.548 0.4000000060
11299  -31.891  -70.479  1.743 0.5000000000
12032  -31.281  -69.963  -0.178 0.5000000000
11325  -30.728  -69.839  -0.992 0.5000000000
12049  -30.211  -68.974  -1.149 0.5000000000
11309  -31.566  -70.915  0.087 0.5000000000
10699  -30.839  -71.296  -1.892 0.6000000238
11341  -30.099  -70.037  -2.391 0.5000000000
111445  -30.317  -69.688  -1.669 0.5000000000
12066  -29.416  -69.660  -2.918 0.6999999881
12048  -29.768  -69.263  -2.049 0.6000000238
12877  -29.061  -68.878  -2.582 0.6000000238
11291  -31.854  -70.338  2.652 0.5000000000
11993  -31.559  -69.545  1.419 0.5000000000
12013  -31.227  -69.195  0.580 0.5000000000
12031  -30.763  -69.152  -0.327 0.5000000000
11356  -29.784  -70.448  -3.251 0.6000000238
12860  -29.379  -68.410  -1.652 0.6000000238
13682  -28.488  -68.180  -2.308 0.5000000000
12876  -27.708  -68.105  -3.228 0.6000000238
130730  -31.518  -69.140  1.798 0.5000000000
12827  -30.965  -68.424  0.921 0.5000000000
13638  -30.445  -67.747  0.752 0.5000000000
12826  -30.641  -68.493  0.239 0.5000000000
12842  -29.791  -68.185  -0.786 0.5000000000
12065  -28.728  -69.281  -3.442 0.6000000238
12859  -28.830  -67.796  -1.576 0.5000000000
129015  -27.956  -67.830  -2.429 0.6000000238
129235  -31.460  -68.988  2.796 0.5000000000
12803  -31.029  -67.958  1.676 0.5000000000
14437  -29.454  -66.644  0.470 0.5000000000
14436  -28.694  -65.988  0.178 0.6000000238
13637  -29.804  -67.336  0.280 0.4000000060
15225  -27.843  -65.803  -0.379 0.4000000060
14449  -29.073  -66.757  -0.252 0.5000000000
13653  -28.758  -67.191  -1.031 0.5000000000
13654  -29.477  -67.460  -0.415 0.4000000060
109267  -26.293  -65.498  -0.698 0.4000000060
15224  -27.065  -65.882  -0.863 0.5000000000
14446  -27.050  -66.544  -1.550 0.5000000000
15223  -25.420  -65.201  -0.523 0.4000000060
13667  -27.481  -67.093  -1.900 0.6000000238
13668  -28.138  -67.495  -1.829 0.6000000238
13680  -26.294  -67.338  -3.524 0.6000000238
14489  -25.141  -66.819  -3.738 0.6000000238
14447  -27.663  -66.279  -0.946 0.5000000000
15241  -25.491  -65.811  -1.238 0.5000000000
113541  -24.748  -66.321  -1.849 0.5000000000
15242  -26.273  -66.100  -1.363 0.5000000000
15222  -23.534  -65.416  -1.026 0.4000000060
15239  -22.897  -65.929  -1.866 0.5000000000
14462  -25.148  -66.657  -2.509 0.6000000238
14463  -26.091  -66.639  -2.103 0.6000000238
14475  -24.925  -66.836  -3.314 0.6000000238
15240  -23.795  -66.219  -1.833 0.5000000000
16818  -20.658  -63.950  -1.957 0.3000000119
16808  -21.387  -64.423  -1.507 0.4000000060
16012  -22.120  -64.871  -1.160 0.4000000060
15238  -22.198  -65.492  -1.901 0.5000000000
15251  -23.259  -66.344  -2.692 0.5000000000
119184  -23.710  -66.412  -3.286 0.6000000238
20407  -23.627  -59.514  -1.958 0.3000000119
109054  -22.921  -59.743  -2.713 0.3000000119
18587  -20.731  -62.101  -3.582 0.4000000060
21265  -23.794  -58.201  -2.053 0.3000000119
23087  -25.486  -56.616  -1.753 0.3000000119
22170  -24.375  -57.494  -2.036 0.3000000119
23098  -25.872  -55.901  -1.772 0.3000000119
23992  -26.971  -55.170  -1.323 0.3000000119
24900  -27.181  -54.548  -1.655 0.3000000119
25824  -28.121  -53.335  -1.646 0.3000000119
26750  -29.191  -52.285  -1.482 0.3000000119
16819  -21.207  -64.620  -2.591 0.5000000000
20419  -23.263  -58.917  -2.149 0.3000000119
11357  -30.384  -70.865  -2.610 0.5000000000
111621  -31.572  -70.166  0.759 0.5000000000
109126  -29.273  -67.784  -1.100 0.5000000000
14476  -26.747  -67.098  -2.511 0.6000000238
12907  -36.007  -68.865  -4.688 0.3000000119
10724  -36.847  -71.484  -4.311 0.6000000238
11410  -36.368  -70.507  -5.085 0.6000000238
14467  -35.124  -65.856  -1.274 0.3000000119
14478  -35.134  -66.645  -1.956 0.3000000119
13686  -35.632  -67.203  -2.833 0.3000000119
13685  -34.541  -67.877  -2.262 0.3000000119
14479  -36.045  -66.511  -2.506 0.3000000119
13695  -35.131  -68.230  -3.176 0.3000000119
11411  -36.981  -70.499  -4.839 0.6000000238
12126  -36.798  -69.776  -5.025 0.5000000000
15244  -34.972  -65.289  -0.736 0.3000000119
127206  -34.414  -66.602  -1.190 0.3000000119
13672  -33.970  -67.521  -1.451 0.3000000119
13696  -36.175  -67.593  -3.694 0.3000000119
12109  -36.504  -69.051  -4.922 0.4000000060
10659  -32.294  -72.152  2.211 0.4000000060
15214  -35.163  -65.090  0.129 0.3000000119
14453  -34.188  -65.981  -0.628 0.3000000119
14466  -33.555  -67.100  -0.825 0.3000000119
128596  -36.522  -72.451  3.022 0.5000000000
10661  -36.729  -71.615  2.325 0.5000000000
116492  -35.229  -75.130  3.664 0.4000000060
8548  -36.146  -74.081  3.515 0.4000000060
9250  -36.376  -73.352  3.349 0.4000000060
9251  -37.111  -73.328  3.038 0.5000000000
10681  -36.702  -70.668  0.017 0.5000000000
126852  -36.389  -71.040  0.801 0.5000000000
10660  -36.311  -72.219  2.722 0.5000000000
10671  -36.515  -71.245  1.569 0.5000000000
9987  -36.042  -72.743  3.228 0.4000000060
126368  -37.876  -70.460  -2.650 0.6000000238
11343  -37.243  -70.803  -2.177 0.6000000238
10690  -36.173  -71.160  -0.744 0.5000000000
129659  -35.424  -72.434  2.079 0.3000000119
10670  -35.928  -71.940  2.005 0.4000000060
10680  -35.886  -71.624  1.068 0.5000000000
124895  -37.494  -70.866  -4.064 0.6000000238
10713  -36.848  -71.388  -2.812 0.6000000238
10701  -35.762  -71.665  -1.376 0.6000000238
10028  -35.371  -72.002  0.386 0.4000000060
118953  -35.989  -71.353  0.185 0.5000000000
11391  -37.503  -70.394  -4.399 0.6000000238
13697  -37.019  -67.283  -3.870 0.3000000119
12908  -37.113  -68.473  -4.539 0.4000000060
10714  -37.112  -71.375  -3.705 0.6000000238
10689  -35.541  -71.753  -0.478 0.4000000060
14480  -36.770  -66.469  -2.463 0.3000000119
14468  -35.894  -66.016  -1.863 0.3000000119
13711  -36.606  -68.157  -4.353 0.3000000119
12110  -37.475  -69.686  -4.567 0.5000000000
10712  -36.085  -71.797  -2.351 0.6000000238
11358  -37.517  -70.938  -3.233 0.6000000238
13712  -37.369  -67.757  -4.146 0.3000000119
114813  -38.117  -70.362  -3.467 0.5000000000
12067  -38.838  -69.668  -3.388 0.5000000000
11374  -38.094  -70.073  -3.929 0.5000000000
12112  -38.900  -68.666  -3.781 0.4000000060
12111  -38.230  -69.117  -4.062 0.5000000000
113712  -39.454  -69.414  -2.596 0.5000000000
11359  -38.530  -69.946  -2.638 0.5000000000
120979  -39.780  -68.972  -3.181 0.4000000060
12898  -39.347  -68.132  -3.629 0.4000000060
12910  -38.427  -68.330  -3.962 0.4000000060
12127  -37.701  -68.864  -4.365 0.5000000000
11327  -36.921  -70.638  -1.116 0.5000000000
11344  -37.821  -70.145  -1.595 0.5000000000
12909  -37.656  -68.277  -4.247 0.4000000060
117841  -37.066  -77.315  -2.998 0.3000000119
6612  -37.300  -77.488  -3.147 0.3000000119
7165  -37.891  -76.095  -2.915 0.3000000119
7865  -38.189  -75.408  -2.585 0.3000000119
7866  -38.925  -74.855  -2.632 0.4000000060
7155  -37.649  -75.933  -2.417 0.3000000119
7145  -37.676  -75.476  -1.666 0.3000000119
8622  -39.706  -74.268  -2.355 0.4000000060
7846  -39.027  -74.235  -2.010 0.4000000060
7845  -38.308  -74.785  -1.936 0.3000000119
7827  -37.783  -74.990  -0.684 0.3000000119
9309  -40.191  -73.293  -1.449 0.4000000060
10029  -40.406  -72.377  -0.017 0.4000000060
7828  -38.375  -74.288  -1.021 0.4000000060
7133  -37.241  -75.766  -0.360 0.4000000060
8578  -37.995  -74.546  0.407 0.4000000060
10692  -42.246  -71.144  -0.621 0.3000000119
9293  -40.616  -72.921  -0.916 0.4000000060
10015  -40.672  -71.712  0.187 0.4000000060
130724  -39.874  -72.500  0.504 0.4000000060
9276  -39.350  -72.717  1.127 0.4000000060
8579  -38.446  -73.984  0.999 0.4000000060
12036  -42.167  -69.292  -1.053 0.3000000119
10682  -40.872  -70.938  0.310 0.4000000060
10674  -40.123  -71.236  0.986 0.4000000060
10673  -39.474  -71.405  1.635 0.4000000060
11294  -39.189  -70.972  1.933 0.4000000060
10000  -39.212  -72.017  1.876 0.4000000060
120244  -38.632  -71.917  2.368 0.4000000060
9275  -38.668  -73.361  1.619 0.4000000060
113878  -37.960  -74.370  1.563 0.4000000060
12015  -40.672  -69.669  -0.224 0.4000000060
11995  -40.244  -69.998  0.468 0.4000000060
11293  -38.602  -70.903  2.136 0.4000000060
10663  -38.282  -71.453  2.443 0.4000000060
9261  -37.934  -73.177  2.545 0.4000000060
9999  -38.647  -72.563  2.164 0.4000000060
7791  -37.548  -74.939  1.608 0.4000000060
12014  -39.714  -69.730  0.186 0.4000000060
11302  -39.004  -70.506  1.586 0.4000000060
11301  -38.069  -70.554  1.577 0.4000000060
11292  -37.933  -70.970  2.258 0.4000000060
9998  -37.345  -72.692  2.936 0.4000000060
10662  -37.516  -71.504  2.524 0.4000000060
12033  -39.005  -69.578  -0.434 0.4000000060
11311  -38.085  -69.923  0.066 0.4000000060
11310  -37.403  -70.285  0.305 0.4000000060
12050  -38.196  -69.793  -0.739 0.4000000060
13701  -39.989  -67.838  -3.133 0.3000000119
14495  -38.999  -67.242  -3.111 0.3000000119
10672  -37.275  -70.981  1.974 0.4000000060
13699  -38.499  -67.414  -3.593 0.3000000119
11328  -37.468  -70.190  -0.495 0.4000000060
8610  -39.661  -73.727  -1.890 0.4000000060
8596  -39.384  -73.452  -0.863 0.4000000060
9291  -39.091  -73.463  0.440 0.4000000060
8595  -38.654  -73.905  -0.231 0.4000000060
10683  -41.543  -70.752  -0.273 0.4000000060
10691  -41.534  -71.568  -0.402 0.4000000060
11329  -42.836  -70.373  -0.764 0.3000000119
10014  -39.880  -71.983  0.997 0.4000000060
12016  -41.504  -69.670  -0.594 0.3000000119
11313  -41.043  -70.160  0.134 0.4000000060
11303  -39.625  -70.833  1.415 0.4000000060
11312  -38.744  -70.025  0.720 0.4000000060
117875  -37.964  -72.181  2.748 0.4000000060
113857  -37.863  -70.235  0.780 0.4000000060
109988  -39.624  -69.399  -1.485 0.4000000060
9311  -41.794  -73.136  -0.824 0.3000000119
8611  -40.809  -74.188  -1.529 0.3000000119
7867  -39.680  -74.993  -2.411 0.3000000119
7848  -40.180  -74.367  -2.138 0.3000000119
9310  -40.994  -73.376  -1.267 0.3000000119
9333  -40.284  -73.810  -1.968 0.3000000119
10043  -42.103  -72.302  -0.667 0.3000000119
10030  -41.247  -72.546  -0.710 0.3000000119
12035  -41.284  -69.174  -1.334 0.3000000119
119617  -41.237  -68.691  -2.084 0.3000000119
12052  -40.516  -69.056  -2.198 0.3000000119
12091  -40.048  -68.305  -3.206 0.3000000119
12034  -40.157  -69.419  -0.862 0.3000000119
7775  -34.493  -75.515  3.759 0.4000000060
8563  -38.169  -73.886  1.959 0.4000000060
9248  -34.579  -73.462  3.568 0.4000000060
9292  -39.859  -72.924  -0.226 0.4000000060
9305  -32.094  -73.063  -1.273 0.6000000238
9352  -33.249  -73.379  -3.134 0.6000000238
9370  -33.637  -73.328  -4.013 0.6999999881
9388  -32.839  -73.340  -4.461 0.6999999881
9389  -34.318  -73.049  -4.566 0.6999999881
9390  -34.875  -72.840  -4.559 0.6999999881
9405  -34.015  -72.951  -4.965 0.6999999881
9406  -34.776  -72.754  -4.866 0.6999999881
9988  -36.724  -72.749  3.124 0.5000000000
9996  -35.639  -72.501  2.641 0.3000000119
9997  -37.018  -72.151  2.897 0.5000000000
10066  -31.590  -72.726  -2.517 0.6999999881
10078  -31.082  -72.431  -3.942 0.6999999881
10092  -31.233  -72.555  -5.016 0.8000000119
10106  -31.583  -72.479  -5.461 0.6000000238
10110  -35.207  -72.309  -5.110 0.6999999881
10111  -35.874  -71.895  -4.874 0.6999999881
10126  -31.128  -72.071  -5.957 0.8000000119
10127  -31.906  -72.163  -5.705 0.8000000119
10128  -32.905  -72.268  -5.547 0.5000000000
10664  -38.944  -71.422  2.178 0.4000000060
10702  -36.491  -71.238  -1.750 0.6000000238
10734  -29.863  -71.394  -5.397 0.8000000119
10736  -36.388  -71.236  -4.931 0.6999999881
10737  -37.029  -71.076  -4.616 0.6000000238
10748  -29.545  -70.804  -5.709 0.8000000119
10751  -32.736  -71.499  -5.491 0.5000000000
10769  -29.830  -71.037  -5.989 0.8000000119
10770  -30.181  -71.440  -6.055 0.8000000119
10773  -34.233  -71.887  -5.438 0.6000000238
11300  -37.119  -70.620  1.059 0.4000000060
11304  -40.231  -70.557  0.767 0.4000000060
11314  -41.990  -70.203  -0.598 0.4000000060
11392  -37.977  -69.752  -4.125 0.5000000000
11408  -34.673  -71.002  -5.113 0.5000000000
11409  -35.672  -70.680  -5.126 0.6999999881
11420  -29.307  -70.361  -5.532 0.6999999881
11421  -29.643  -70.405  -6.180 0.8000000119
11422  -30.267  -71.069  -6.217 0.8000000119
11423  -30.965  -70.960  -6.201 0.6000000238
11424  -31.785  -71.028  -5.927 0.6000000238
11972  -31.659  -69.549  2.258 0.5000000000
11994  -39.595  -70.213  0.946 0.4000000060
12051  -38.772  -69.627  -1.518 0.4000000060
12085  -29.120  -69.998  -3.844 0.6999999881
12087  -33.185  -70.427  -3.850 0.6000000238
12088  -34.160  -70.036  -3.949 0.5000000000
12089  -38.752  -69.256  -3.700 0.5000000000
12090  -39.405  -68.623  -3.529 0.4000000060
12104  -28.689  -69.662  -4.837 0.6999999881
12108  -35.748  -69.539  -4.922 0.5000000000
12121  -28.916  -69.772  -5.145 0.6999999881
12122  -31.371  -69.660  -5.644 0.6000000238
12782  -31.425  -68.733  2.114 0.5000000000
12804  -31.329  -68.810  1.409 0.5000000000
12825  -30.099  -67.944  -0.066 0.4000000060
12843  -30.315  -68.539  -0.418 0.5000000000
12875  -27.026  -67.529  -3.167 0.6000000238
12892  -27.570  -68.267  -4.245 0.6999999881
12904  -27.747  -68.290  -4.590 0.6999999881
12918  -29.206  -68.881  -5.435 0.6999999881
12922  -37.155  -69.078  -4.753 0.5000000000
12924  -29.432  -69.542  -5.640 0.6000000238
12925  -29.926  -69.064  -5.851 0.6999999881
13625  -29.968  -67.068  0.868 0.5000000000
13679  -25.754  -66.967  -3.030 0.6000000238
13681  -27.512  -67.520  -2.477 0.6000000238
13693  -26.256  -67.402  -4.136 0.6999999881
13700  -39.244  -67.615  -3.394 0.3000000119
13708  -25.842  -67.091  -4.088 0.6999999881
13709  -26.499  -67.376  -4.401 0.6999999881
13714  -38.753  -67.793  -3.752 0.4000000060
13720  -26.734  -67.356  -4.641 0.6999999881
13722  -28.917  -68.011  -5.258 0.6000000238
14448  -28.357  -66.440  -0.641 0.5000000000
14461  -24.180  -66.563  -2.728 0.6000000238
14464  -27.928  -66.816  -1.318 0.5000000000
14492  -36.546  -66.867  -3.204 0.3000000119
14501  -24.770  -66.454  -3.733 0.6999999881
14502  -25.465  -66.662  -4.070 0.6999999881
14505  -32.517  -65.925  -5.029 0.5000000000
15221  -22.665  -65.354  -1.282 0.4000000060
15261  -24.121  -65.946  -3.740 0.6999999881
15270  -26.496  -65.751  -4.395 0.6999999881
15272  -32.888  -65.069  -4.885 0.5000000000
16020  -21.690  -65.010  -1.922 0.5000000000
16028  -21.893  -65.251  -2.669 0.6000000238
16039  -24.473  -65.381  -4.112 0.6999999881
16043  -32.776  -64.358  -4.618 0.5000000000
16045  -28.403  -64.509  -4.855 0.5000000000
16046  -29.150  -64.427  -5.044 0.5000000000
16047  -31.782  -64.495  -5.287 0.5000000000
16829  -23.587  -64.165  -4.173 0.6000000238
16830  -25.181  -63.776  -3.678 0.6000000238
16832  -27.605  -63.496  -3.537 0.5000000000
16833  -32.898  -63.057  -3.977 0.3000000119
16834  -33.046  -63.698  -4.103 0.3000000119
16838  -32.712  -63.730  -4.404 0.4000000060
16842  -30.318  -63.528  -5.068 0.5000000000
16845  -32.855  -62.971  -4.726 0.4000000060
17671  -29.053  -62.592  -3.930 0.5000000000
17677  -29.261  -63.202  -4.585 0.5000000000
18580  -26.212  -62.083  -1.330 0.5000000000
18594  -34.771  -61.236  -3.944 0.3000000119
18599  -29.963  -61.808  -4.218 0.5000000000
18600  -33.865  -61.615  -4.159 0.3000000119
18604  -33.310  -61.788  -4.375 0.3000000119
19537  -24.844  -61.088  -0.944 0.5000000000
19549  -28.728  -60.677  -2.444 0.4000000060
19554  -35.727  -60.507  -3.971 0.3000000119
19557  -30.408  -61.029  -4.145 0.5000000000
19561  -34.225  -61.106  -4.346 0.3000000119
19563  -31.859  -61.250  -4.584 0.4000000060
20402  -28.102  -59.254  -0.389 0.4000000060
20421  -29.019  -60.112  -2.110 0.4000000060
20424  -35.474  -60.301  -3.156 0.3000000119
21245  -29.036  -58.281  -0.536 0.4000000060
21267  -30.756  -58.474  -3.258 0.4000000060
21270  -37.000  -59.195  -3.948 0.3000000119
21272  -30.438  -59.036  -3.258 0.4000000060
21278  -32.243  -59.190  -4.423 0.4000000060
22153  -34.928  -58.039  -1.628 0.4000000060
22154  -35.540  -57.473  -1.675 0.4000000060
22171  -25.069  -57.404  -1.828 0.4000000060
22176  -37.869  -57.762  -3.296 0.4000000060
22179  -32.782  -57.618  -4.083 0.4000000060
22186  -35.210  -57.764  -4.769 0.4000000060
23088  -26.131  -56.460  -1.338 0.3000000119
23089  -29.978  -57.196  -0.685 0.4000000060
23091  -31.128  -56.445  -1.247 0.4000000060
23102  -33.505  -56.144  -3.258 0.4000000060
23103  -37.347  -57.063  -2.464 0.4000000060
23109  -33.072  -56.834  -3.686 0.4000000060
23118  -35.811  -56.694  -4.584 0.3000000119
23978  -28.438  -55.106  0.317 0.4000000060
23991  -26.478  -55.666  -1.449 0.3000000119
24004  -32.875  -55.971  -2.505 0.4000000060
24882  -28.307  -54.330  -0.077 0.4000000060
24901  -27.748  -54.033  -0.984 0.3000000119
25823  -27.512  -53.776  -2.074 0.3000000119
26717  -30.355  -52.706  0.274 0.4000000060
26718  -31.908  -52.263  0.426 0.5000000000
27667  -30.791  -51.977  0.224 0.4000000060
27668  -31.544  -51.639  0.329 0.4000000060
27680  -30.319  -51.522  -0.462 0.4000000060
28599  -30.550  -50.916  -0.868 0.4000000060
108067  -24.581  -65.641  -1.144 0.4000000060
108354  -30.231  -61.364  -4.209 0.5000000000
110094  -34.077  -60.368  -4.533 0.4000000060
111417  -26.720  -61.273  -0.916 0.4000000060
116170  -31.111  -63.152  -4.986 0.5000000000
116252  -28.383  -68.583  -5.014 0.6000000238
116367  -28.402  -68.666  -3.070 0.6000000238
116458  -36.029  -58.285  -4.802 0.4000000060
116688  -32.525  -64.309  -5.032 0.3000000119
117040  -27.895  -65.156  -4.925 0.5000000000
117350  -21.886  -61.127  -3.522 0.4000000060
117491  -38.273  -57.368  -4.578 0.4000000060
118596  -37.526  -76.766  -2.984 0.3000000119
119574  -29.886  -59.090  -2.543 0.4000000060
119939  -38.967  -73.824  -1.300 0.4000000060
121370  -30.690  -72.160  -5.238 0.6999999881
121886  -33.317  -73.327  -0.246 0.6000000238
121973  -31.402  -66.414  -3.184 0.4000000060
122057  -32.924  -62.920  -4.260 0.3000000119
123201  -33.031  -58.195  -4.415 0.4000000060
124563  -29.453  -67.064  0.028 0.4000000060
126717  -25.541  -66.339  -1.796 0.5000000000
126840  -29.714  -63.095  -4.775 0.5000000000
127053  -32.531  -64.939  -5.150 0.5000000000
127193  -37.385  -68.671  -4.522 0.4000000060
127549  -41.554  -72.957  -0.891 0.3000000119
129255  -30.562  -71.831  -5.995 0.8000000119
130122  -30.835  -64.243  -5.261 0.5000000000
