#!ascii label  , from subject sub-v2s4x29595_ses-1 vox2ras=TkReg
981
49153  14.668  -29.308  73.201 0.0000000000
46281  7.441  -32.185  62.138 0.0000000000
44056  7.853  -33.129  74.922 0.0000000000
51154  7.555  -27.693  73.575 0.0000000000
110160  8.040  -26.062  66.119 0.0000000000
47262  11.930  -30.991  76.277 0.0000000000
52095  9.657  -27.081  77.411 0.0000000000
47299  16.991  -30.459  70.575 0.0000000000
116131  13.975  -33.624  74.218 0.0000000000
131142  10.814  -36.476  73.405 0.0000000000
114773  8.328  -22.185  71.673 0.0000000000
52188  8.333  -25.845  70.242 0.0000000000
55902  8.593  -22.312  67.290 0.0000000000
42011  6.943  -36.004  70.967 0.0000000000
126517  5.988  -33.054  70.097 0.0000000000
48228  6.455  -30.599  74.723 0.0000000000
54981  8.729  -23.823  75.344 0.0000000000
49214  8.097  -30.808  67.962 0.0000000000
49221  11.394  -29.362  66.180 0.0000000000
51236  13.257  -26.886  63.524 0.0000000000
53306  8.227  -25.172  61.222 0.0000000000
129330  13.197  -30.150  75.386 0.0000000000
51139  12.498  -27.895  76.006 0.0000000000
49151  15.717  -30.359  71.965 0.0000000000
46176  15.229  -32.288  72.978 0.0000000000
118922  14.268  -31.688  74.412 0.0000000000
46162  13.308  -32.579  75.277 0.0000000000
56814  8.990  -22.270  68.689 0.0000000000
43016  7.440  -34.726  73.377 0.0000000000
119530  7.185  -33.039  73.273 0.0000000000
46173  6.995  -32.373  75.315 0.0000000000
54136  11.972  -24.820  75.538 0.0000000000
54125  9.132  -25.529  76.491 0.0000000000
41986  9.653  -35.203  74.389 0.0000000000
38988  9.463  -37.779  72.995 0.0000000000
39897  8.053  -36.710  73.371 0.0000000000
39920  7.264  -37.247  71.375 0.0000000000
49177  7.275  -30.227  71.862 0.0000000000
47311  6.595  -31.906  69.029 0.0000000000
50196  7.836  -29.457  71.722 0.0000000000
52220  8.256  -25.960  68.186 0.0000000000
51178  10.596  -27.270  69.244 0.0000000000
122658  11.233  -26.592  67.090 0.0000000000
50259  12.263  -28.304  65.076 0.0000000000
112765  11.201  -26.090  65.088 0.0000000000
46165  9.723  -32.017  75.770 0.0000000000
130574  8.897  -30.203  76.446 0.0000000000
49129  10.752  -28.866  77.730 0.0000000000
52104  11.994  -26.624  76.021 0.0000000000
46194  18.868  -31.077  69.425 0.0000000000
117698  17.005  -32.543  68.873 0.0000000000
44077  16.210  -32.710  71.226 0.0000000000
43018  14.644  -33.962  72.406 0.0000000000
41990  12.862  -35.079  74.030 0.0000000000
44047  11.882  -33.131  75.074 0.0000000000
55000  6.762  -23.622  72.488 0.0000000000
52166  8.016  -26.141  72.247 0.0000000000
55006  6.616  -23.538  70.903 0.0000000000
127832  6.708  -23.489  68.380 0.0000000000
54195  7.019  -24.386  66.527 0.0000000000
51168  15.611  -27.753  70.776 0.0000000000
110850  22.058  -32.308  69.077 0.0000000000
115442  23.733  -31.498  71.418 0.0000000000
48263  19.518  -30.256  69.609 0.0000000000
49188  18.358  -29.482  69.580 0.0000000000
41005  6.464  -37.450  69.351 0.0000000000
43064  6.746  -35.716  68.512 0.0000000000
126008  6.486  -34.603  70.961 0.0000000000
47303  6.926  -31.608  71.860 0.0000000000
123572  7.125  -29.160  73.604 0.0000000000
50154  7.775  -28.022  76.694 0.0000000000
52106  6.960  -26.568  75.716 0.0000000000
54155  7.139  -25.013  74.385 0.0000000000
55846  8.215  -22.689  73.537 0.0000000000
118935  6.458  -34.203  67.633 0.0000000000
46234  6.594  -32.748  65.816 0.0000000000
47337  7.085  -31.639  64.777 0.0000000000
50212  9.120  -28.599  70.304 0.0000000000
112794  9.077  -30.293  67.000 0.0000000000
117668  8.774  -31.212  64.142 0.0000000000
49251  9.788  -30.330  63.246 0.0000000000
49280  11.399  -29.365  62.018 0.0000000000
55911  8.775  -22.645  65.536 0.0000000000
55046  7.513  -24.024  64.218 0.0000000000
55066  7.242  -23.335  62.006 0.0000000000
52268  7.828  -25.892  63.721 0.0000000000
53287  10.865  -25.582  63.033 0.0000000000
49149  13.961  -29.196  73.969 0.0000000000
50158  13.295  -28.514  74.688 0.0000000000
50163  14.130  -28.379  73.279 0.0000000000
49152  15.234  -30.034  72.746 0.0000000000
48229  14.963  -31.167  73.067 0.0000000000
115249  14.680  -30.022  73.565 0.0000000000
48226  13.707  -30.620  74.928 0.0000000000
45262  7.746  -33.151  60.954 0.0000000000
47360  7.462  -31.651  62.033 0.0000000000
128254  7.349  -33.863  74.094 0.0000000000
44060  7.243  -33.337  74.153 0.0000000000
45118  7.308  -32.688  75.089 0.0000000000
44114  19.068  -32.364  68.104 0.0000000000
43007  8.942  -34.768  74.488 0.0000000000
40935  9.002  -35.854  73.963 0.0000000000
41988  8.157  -34.655  74.356 0.0000000000
41995  7.596  -35.307  73.458 0.0000000000
50177  7.505  -29.638  72.588 0.0000000000
49176  7.506  -29.899  71.824 0.0000000000
50176  7.766  -29.206  72.591 0.0000000000
109810  7.769  -25.924  66.830 0.0000000000
52219  9.169  -26.139  67.863 0.0000000000
52229  9.164  -26.196  66.690 0.0000000000
110924  11.434  -26.444  66.413 0.0000000000
126174  9.415  -26.153  65.112 0.0000000000
46159  11.126  -31.762  76.243 0.0000000000
47264  10.303  -30.689  76.527 0.0000000000
48214  11.432  -29.863  76.722 0.0000000000
124746  12.277  -27.188  76.057 0.0000000000
53143  13.334  -25.378  75.345 0.0000000000
115639  18.202  -30.742  69.903 0.0000000000
45139  16.786  -32.103  70.817 0.0000000000
46196  16.419  -31.834  71.306 0.0000000000
45123  14.867  -32.869  73.306 0.0000000000
44068  14.889  -33.550  72.672 0.0000000000
44069  14.323  -34.049  73.203 0.0000000000
43011  13.422  -34.441  74.155 0.0000000000
46156  12.711  -31.765  75.688 0.0000000000
110830  12.591  -32.646  75.390 0.0000000000
45104  11.687  -32.121  75.891 0.0000000000
45111  10.849  -32.666  75.625 0.0000000000
56748  7.198  -22.564  72.110 0.0000000000
55003  6.667  -23.546  71.712 0.0000000000
55870  6.925  -22.740  71.041 0.0000000000
55893  8.493  -22.382  68.013 0.0000000000
113126  7.631  -22.651  68.833 0.0000000000
111149  7.510  -22.770  68.045 0.0000000000
54191  6.837  -24.365  67.388 0.0000000000
55903  7.749  -22.682  66.781 0.0000000000
130230  20.983  -30.451  69.717 0.0000000000
119537  6.890  -36.912  70.387 0.0000000000
110866  6.560  -35.946  70.073 0.0000000000
43036  6.795  -35.250  71.247 0.0000000000
47281  6.624  -31.842  74.083 0.0000000000
46197  7.038  -32.504  72.805 0.0000000000
47289  6.757  -31.421  73.385 0.0000000000
49154  7.108  -29.820  73.091 0.0000000000
121685  6.743  -29.204  74.019 0.0000000000
49132  9.435  -28.599  77.684 0.0000000000
49137  8.233  -29.007  76.742 0.0000000000
51135  8.645  -27.473  77.076 0.0000000000
54963  9.106  -24.301  75.707 0.0000000000
53146  7.600  -26.220  76.140 0.0000000000
54142  7.435  -24.971  75.318 0.0000000000
53159  6.974  -26.019  75.149 0.0000000000
54983  7.412  -24.143  74.819 0.0000000000
55834  7.322  -23.330  73.847 0.0000000000
55832  8.684  -23.076  74.219 0.0000000000
43050  15.811  -33.310  69.578 0.0000000000
43060  16.051  -32.979  68.763 0.0000000000
39905  11.246  -36.668  72.764 0.0000000000
39927  10.843  -37.551  71.861 0.0000000000
39919  10.233  -37.736  72.526 0.0000000000
38999  8.880  -38.344  72.846 0.0000000000
38107  9.148  -39.300  72.155 0.0000000000
114428  7.133  -36.911  70.958 0.0000000000
40978  6.924  -37.807  70.431 0.0000000000
44109  6.299  -34.373  69.355 0.0000000000
44130  6.663  -34.845  68.076 0.0000000000
45172  6.191  -33.731  68.981 0.0000000000
111865  7.613  -31.181  68.524 0.0000000000
110246  6.713  -32.293  67.386 0.0000000000
47318  7.055  -31.711  67.055 0.0000000000
47332  6.688  -31.958  65.298 0.0000000000
48290  7.868  -31.350  66.156 0.0000000000
52179  8.191  -25.915  71.184 0.0000000000
51160  8.496  -26.787  71.629 0.0000000000
52178  8.786  -26.516  70.760 0.0000000000
50238  11.065  -28.896  68.019 0.0000000000
50239  10.322  -29.260  68.351 0.0000000000
124043  9.678  -29.898  66.940 0.0000000000
49234  9.099  -30.813  65.619 0.0000000000
117247  9.451  -30.751  64.947 0.0000000000
49252  9.225  -30.760  63.591 0.0000000000
49241  10.599  -29.951  64.546 0.0000000000
50258  12.666  -27.312  64.867 0.0000000000
50268  11.849  -28.948  63.495 0.0000000000
50280  12.707  -28.233  63.303 0.0000000000
55921  8.869  -22.248  63.835 0.0000000000
55044  8.164  -23.204  64.789 0.0000000000
55053  8.185  -23.091  63.603 0.0000000000
54248  6.706  -24.264  60.675 0.0000000000
53308  7.396  -25.018  61.670 0.0000000000
53290  7.185  -25.058  62.763 0.0000000000
52302  7.489  -25.545  62.059 0.0000000000
111264  8.989  -26.048  63.045 0.0000000000
52283  9.180  -25.832  62.324 0.0000000000
48218  12.610  -30.672  75.929 0.0000000000
49139  12.058  -29.581  76.724 0.0000000000
116880  12.492  -29.240  76.182 0.0000000000
48249  16.488  -30.218  71.022 0.0000000000
47287  15.814  -31.232  71.808 0.0000000000
47288  15.424  -31.276  72.410 0.0000000000
123675  15.038  -31.834  73.217 0.0000000000
46172  14.280  -32.493  74.271 0.0000000000
45116  13.577  -32.969  74.896 0.0000000000
47270  14.038  -31.966  74.980 0.0000000000
48217  13.019  -31.374  75.640 0.0000000000
56780  10.028  -21.970  70.817 0.0000000000
56782  7.960  -22.482  70.404 0.0000000000
110488  10.281  -21.804  69.065 0.0000000000
56813  9.684  -21.950  68.465 0.0000000000
56828  9.797  -21.839  67.643 0.0000000000
117877  7.169  -35.015  72.010 0.0000000000
43027  7.104  -34.764  71.955 0.0000000000
44064  7.298  -33.872  73.337 0.0000000000
46177  7.038  -32.595  74.131 0.0000000000
47277  6.651  -31.310  75.257 0.0000000000
124001  10.030  -26.113  76.783 0.0000000000
53132  9.276  -26.141  76.836 0.0000000000
54138  10.065  -24.853  75.966 0.0000000000
54962  9.787  -24.248  75.585 0.0000000000
55814  9.981  -23.343  74.719 0.0000000000
55830  10.422  -22.901  74.219 0.0000000000
40932  10.516  -36.060  73.870 0.0000000000
39893  10.328  -37.009  73.280 0.0000000000
40940  9.843  -36.597  73.828 0.0000000000
38989  9.083  -37.470  73.259 0.0000000000
118454  8.108  -37.372  73.141 0.0000000000
39012  7.545  -38.588  71.825 0.0000000000
39909  7.732  -37.126  72.764 0.0000000000
40950  7.388  -35.932  72.278 0.0000000000
47306  6.560  -31.432  71.146 0.0000000000
47309  6.304  -31.929  69.841 0.0000000000
48269  6.900  -30.813  70.425 0.0000000000
49196  7.369  -30.206  70.283 0.0000000000
49195  7.902  -29.794  69.883 0.0000000000
113989  8.352  -25.848  69.235 0.0000000000
52187  9.186  -26.317  70.000 0.0000000000
52203  9.285  -26.149  68.981 0.0000000000
52201  10.964  -27.067  68.517 0.0000000000
51210  11.849  -27.643  67.143 0.0000000000
50253  12.056  -28.540  65.927 0.0000000000
51217  12.150  -27.254  66.341 0.0000000000
52236  12.294  -26.602  65.393 0.0000000000
124270  12.636  -26.588  64.721 0.0000000000
54264  7.722  -24.571  60.006 0.0000000000
109518  8.775  -25.051  61.157 0.0000000000
54262  9.221  -24.016  60.248 0.0000000000
44051  9.115  -33.311  75.209 0.0000000000
46169  7.941  -32.010  75.587 0.0000000000
125888  9.313  -31.463  75.933 0.0000000000
48211  10.096  -29.998  76.843 0.0000000000
51130  10.173  -27.898  77.852 0.0000000000
115995  11.907  -28.438  76.993 0.0000000000
51131  11.581  -27.879  77.213 0.0000000000
123896  10.930  -26.876  76.821 0.0000000000
53144  12.202  -25.701  75.675 0.0000000000
119143  19.808  -31.698  68.779 0.0000000000
44096  18.000  -32.133  68.874 0.0000000000
45150  17.521  -31.914  69.991 0.0000000000
45129  15.776  -32.268  71.969 0.0000000000
44079  15.344  -33.486  71.823 0.0000000000
43035  15.215  -33.772  70.909 0.0000000000
109678  12.083  -36.024  73.273 0.0000000000
40937  11.645  -36.004  73.629 0.0000000000
44055  12.784  -33.777  74.841 0.0000000000
43005  12.575  -34.303  74.525 0.0000000000
41983  11.571  -35.222  74.286 0.0000000000
43000  10.800  -34.131  74.787 0.0000000000
44050  9.826  -33.311  75.287 0.0000000000
53172  7.435  -25.068  73.190 0.0000000000
51153  7.810  -26.851  73.162 0.0000000000
52167  7.536  -25.333  72.397 0.0000000000
118488  7.130  -24.857  71.486 0.0000000000
54174  6.764  -24.443  70.235 0.0000000000
56795  7.428  -22.600  70.135 0.0000000000
54175  6.574  -24.228  69.533 0.0000000000
53209  6.945  -24.877  69.652 0.0000000000
53229  6.963  -24.951  67.906 0.0000000000
53240  7.386  -25.354  67.198 0.0000000000
52231  7.505  -25.319  65.848 0.0000000000
50166  14.903  -28.295  71.945 0.0000000000
113138  21.325  -32.173  68.862 0.0000000000
45137  24.695  -32.622  71.250 0.0000000000
127563  24.448  -31.844  71.470 0.0000000000
124875  24.048  -32.536  71.053 0.0000000000
46201  22.620  -32.060  70.530 0.0000000000
45147  22.037  -32.013  69.887 0.0000000000
45148  21.197  -31.743  69.108 0.0000000000
117407  19.683  -30.164  69.452 0.0000000000
48247  18.144  -30.228  69.838 0.0000000000
49173  18.916  -29.853  69.564 0.0000000000
49156  17.029  -30.017  70.571 0.0000000000
121118  16.915  -29.883  70.779 0.0000000000
50173  15.852  -28.870  71.058 0.0000000000
117626  6.438  -35.155  69.743 0.0000000000
127830  6.206  -33.395  70.650 0.0000000000
45151  6.939  -33.760  72.002 0.0000000000
46204  6.611  -33.042  71.444 0.0000000000
111032  6.500  -32.142  71.240 0.0000000000
48264  6.988  -30.945  71.830 0.0000000000
49160  7.305  -29.971  72.516 0.0000000000
51155  7.381  -28.252  73.670 0.0000000000
47273  7.271  -31.806  75.790 0.0000000000
48224  7.098  -30.159  76.086 0.0000000000
49144  6.736  -29.418  75.721 0.0000000000
52101  8.407  -26.912  76.881 0.0000000000
124944  6.755  -27.697  76.098 0.0000000000
50159  6.249  -28.780  75.366 0.0000000000
51144  6.558  -27.282  75.040 0.0000000000
113602  7.053  -27.120  74.166 0.0000000000
52141  7.114  -26.398  74.120 0.0000000000
54158  7.130  -24.195  73.952 0.0000000000
55848  7.056  -22.960  73.223 0.0000000000
56731  8.065  -22.276  72.368 0.0000000000
56729  9.911  -22.394  73.054 0.0000000000
56745  9.522  -22.081  72.232 0.0000000000
56762  10.156  -21.959  71.673 0.0000000000
39030  9.833  -38.882  71.149 0.0000000000
38997  9.894  -38.069  72.538 0.0000000000
115919  6.550  -33.106  67.765 0.0000000000
45198  6.446  -33.637  67.240 0.0000000000
47347  7.085  -31.858  63.381 0.0000000000
50175  8.251  -28.552  72.379 0.0000000000
50213  8.278  -29.006  70.482 0.0000000000
49194  8.453  -29.407  69.632 0.0000000000
50211  9.884  -28.244  69.884 0.0000000000
50228  9.271  -29.071  69.427 0.0000000000
113905  8.411  -30.358  68.120 0.0000000000
49225  8.556  -31.074  66.310 0.0000000000
114740  8.556  -31.331  65.026 0.0000000000
48301  7.826  -31.397  63.426 0.0000000000
48311  8.071  -31.089  62.755 0.0000000000
49249  11.228  -29.480  64.046 0.0000000000
49266  10.722  -29.842  62.421 0.0000000000
56845  9.979  -21.769  66.020 0.0000000000
130298  10.016  -21.768  65.256 0.0000000000
109645  8.190  -22.692  66.296 0.0000000000
55036  7.626  -23.264  65.701 0.0000000000
54201  7.129  -24.431  65.756 0.0000000000
52242  7.449  -25.362  65.155 0.0000000000
55055  7.436  -23.886  63.021 0.0000000000
52270  7.377  -25.429  63.788 0.0000000000
52252  7.813  -25.859  64.604 0.0000000000
52250  9.589  -26.097  64.358 0.0000000000
52264  10.730  -25.878  63.698 0.0000000000
53271  12.699  -25.855  63.513 0.0000000000
53286  11.974  -25.460  62.929 0.0000000000
49145  14.187  -30.236  74.303 0.0000000000
45263  7.644  -32.727  62.402 0.0000000000
122959  7.629  -32.603  61.548 0.0000000000
46280  7.423  -32.042  61.264 0.0000000000
43009  7.865  -34.002  74.452 0.0000000000
44057  7.396  -33.183  74.517 0.0000000000
45165  20.348  -32.164  68.525 0.0000000000
44105  20.052  -32.402  68.265 0.0000000000
44106  19.213  -32.159  68.384 0.0000000000
43008  8.274  -33.976  74.673 0.0000000000
131864  7.649  -34.468  74.152 0.0000000000
50167  7.627  -28.784  73.240 0.0000000000
52239  9.807  -26.208  65.846 0.0000000000
110161  8.820  -26.154  65.581 0.0000000000
113839  11.524  -30.930  76.441 0.0000000000
112037  11.623  -30.352  76.503 0.0000000000
46183  16.763  -31.074  70.885 0.0000000000
132242  14.147  -33.603  73.994 0.0000000000
44062  14.494  -33.501  73.458 0.0000000000
44063  14.002  -34.012  73.912 0.0000000000
43014  13.835  -34.423  73.634 0.0000000000
43015  13.503  -34.640  73.854 0.0000000000
44058  13.854  -33.955  74.123 0.0000000000
130557  12.275  -31.335  75.993 0.0000000000
45103  12.214  -32.158  75.720 0.0000000000
46158  11.839  -31.580  76.098 0.0000000000
45105  11.116  -32.133  75.997 0.0000000000
56747  7.634  -22.356  71.954 0.0000000000
56765  7.266  -22.535  71.496 0.0000000000
56764  7.836  -22.380  71.219 0.0000000000
119718  7.992  -22.547  68.213 0.0000000000
55894  7.957  -22.524  67.454 0.0000000000
55895  7.453  -22.829  67.250 0.0000000000
129128  8.178  -22.468  66.878 0.0000000000
110867  6.739  -36.027  70.638 0.0000000000
118131  7.029  -35.366  71.510 0.0000000000
113707  6.376  -31.064  74.012 0.0000000000
48231  6.492  -30.336  73.991 0.0000000000
49148  6.488  -29.761  74.347 0.0000000000
51133  9.677  -27.512  77.680 0.0000000000
122288  8.761  -28.076  77.200 0.0000000000
122213  9.353  -27.166  77.435 0.0000000000
54964  8.483  -24.434  75.639 0.0000000000
54141  7.872  -24.662  75.496 0.0000000000
54149  7.487  -24.495  75.122 0.0000000000
54982  7.924  -24.062  75.164 0.0000000000
54992  7.615  -23.707  74.486 0.0000000000
54991  8.297  -23.492  74.743 0.0000000000
40948  11.092  -36.521  73.141 0.0000000000
39906  10.705  -37.069  72.749 0.0000000000
39892  10.640  -36.860  73.095 0.0000000000
38109  8.482  -39.053  72.388 0.0000000000
38117  8.653  -39.577  71.963 0.0000000000
42003  7.100  -35.913  71.347 0.0000000000
40968  7.004  -36.665  70.711 0.0000000000
45166  6.095  -33.733  69.879 0.0000000000
116632  6.054  -33.107  69.447 0.0000000000
48285  7.624  -31.304  67.237 0.0000000000
121323  7.297  -31.523  66.470 0.0000000000
53208  7.628  -25.275  70.466 0.0000000000
50247  11.195  -29.171  67.118 0.0000000000
49210  10.410  -29.563  67.451 0.0000000000
49222  10.319  -29.802  66.440 0.0000000000
49233  9.686  -30.221  65.604 0.0000000000
122265  9.983  -30.255  64.940 0.0000000000
49232  10.601  -29.908  65.473 0.0000000000
51237  12.984  -27.463  63.888 0.0000000000
56851  9.280  -21.814  63.807 0.0000000000
55929  8.484  -22.421  63.232 0.0000000000
53323  7.362  -24.724  60.955 0.0000000000
54234  6.936  -24.464  61.382 0.0000000000
53307  7.783  -25.162  61.398 0.0000000000
52301  7.963  -25.657  61.852 0.0000000000
52300  8.614  -25.583  61.737 0.0000000000
49143  12.829  -29.968  75.798 0.0000000000
49142  12.917  -29.438  75.626 0.0000000000
50161  13.687  -27.964  73.958 0.0000000000
48233  15.896  -30.653  71.670 0.0000000000
47280  14.613  -31.475  73.805 0.0000000000
47274  14.515  -31.997  73.959 0.0000000000
46171  14.685  -32.461  73.639 0.0000000000
46167  13.918  -32.637  74.775 0.0000000000
48222  13.216  -30.929  75.475 0.0000000000
110085  10.094  -21.939  69.926 0.0000000000
56812  10.456  -21.656  68.222 0.0000000000
56827  10.564  -21.593  67.359 0.0000000000
113076  7.338  -34.738  72.672 0.0000000000
43021  7.290  -34.350  72.678 0.0000000000
43017  7.336  -34.163  73.315 0.0000000000
45120  7.131  -32.826  74.716 0.0000000000
45121  7.148  -32.923  74.177 0.0000000000
46174  6.906  -32.534  74.737 0.0000000000
121492  6.668  -32.140  74.600 0.0000000000
121453  6.616  -32.044  75.069 0.0000000000
54123  10.366  -25.524  76.320 0.0000000000
54137  10.963  -24.823  75.757 0.0000000000
54961  10.643  -24.214  75.384 0.0000000000
54979  10.322  -23.720  75.054 0.0000000000
55813  10.855  -23.254  74.541 0.0000000000
41985  10.230  -35.545  74.216 0.0000000000
40933  10.097  -36.215  74.003 0.0000000000
40934  9.689  -35.931  74.111 0.0000000000
40941  8.579  -36.351  73.682 0.0000000000
39895  9.253  -36.669  73.618 0.0000000000
39896  8.580  -37.055  73.387 0.0000000000
39000  8.444  -37.816  73.082 0.0000000000
41996  7.443  -35.295  72.754 0.0000000000
42000  7.259  -35.447  72.067 0.0000000000
48267  6.848  -30.777  71.242 0.0000000000
111016  6.517  -31.383  70.502 0.0000000000
49191  7.432  -29.893  71.093 0.0000000000
49192  7.148  -30.298  71.098 0.0000000000
49190  7.764  -29.552  70.773 0.0000000000
52204  7.573  -25.642  68.242 0.0000000000
52217  10.776  -26.547  67.703 0.0000000000
52200  11.437  -27.048  67.619 0.0000000000
51194  11.421  -27.705  68.067 0.0000000000
50245  12.150  -27.882  66.441 0.0000000000
52227  11.811  -26.895  66.838 0.0000000000
52238  10.868  -26.159  65.853 0.0000000000
52226  12.068  -26.732  66.094 0.0000000000
52237  11.729  -26.303  65.683 0.0000000000
132231  12.551  -26.856  65.169 0.0000000000
120456  12.061  -26.111  64.992 0.0000000000
54263  8.383  -24.423  60.075 0.0000000000
45113  9.389  -32.633  75.513 0.0000000000
121316  8.902  -31.975  75.642 0.0000000000
48210  10.898  -29.681  77.087 0.0000000000
116030  10.453  -29.276  77.479 0.0000000000
49131  10.032  -28.733  77.829 0.0000000000
50146  10.704  -28.396  77.738 0.0000000000
50152  12.287  -28.506  76.494 0.0000000000
130173  11.988  -28.808  76.816 0.0000000000
52098  11.631  -27.221  76.722 0.0000000000
51137  10.910  -27.398  77.310 0.0000000000
53129  11.395  -26.435  76.272 0.0000000000
45149  18.667  -31.506  69.243 0.0000000000
45158  18.416  -31.787  69.107 0.0000000000
44087  16.581  -32.491  70.618 0.0000000000
46175  15.621  -31.964  72.289 0.0000000000
45122  15.359  -32.612  72.650 0.0000000000
44067  15.489  -32.990  72.219 0.0000000000
43025  14.967  -33.856  71.629 0.0000000000
122795  14.605  -34.120  71.460 0.0000000000
42009  13.303  -34.964  71.644 0.0000000000
41994  12.824  -35.286  73.701 0.0000000000
40946  12.287  -35.729  73.652 0.0000000000
40936  12.337  -35.437  74.064 0.0000000000
44054  13.357  -33.417  74.744 0.0000000000
44045  13.191  -33.103  75.014 0.0000000000
117635  12.480  -33.098  75.073 0.0000000000
42998  12.845  -33.631  74.785 0.0000000000
42999  12.274  -33.708  74.717 0.0000000000
43006  11.950  -34.497  74.543 0.0000000000
118527  11.588  -33.875  74.746 0.0000000000
41977  11.255  -34.699  74.485 0.0000000000
45112  10.142  -32.669  75.615 0.0000000000
44049  10.511  -33.338  75.260 0.0000000000
54163  7.028  -24.183  72.784 0.0000000000
54167  6.666  -23.970  71.341 0.0000000000
54170  6.833  -24.399  71.013 0.0000000000
53196  7.053  -24.853  70.697 0.0000000000
54171  6.594  -24.019  70.482 0.0000000000
56794  8.676  -22.314  69.743 0.0000000000
55874  7.870  -22.555  69.591 0.0000000000
55886  6.980  -22.981  68.800 0.0000000000
55017  6.580  -23.574  69.159 0.0000000000
53210  6.797  -24.696  68.809 0.0000000000
53228  7.140  -25.161  68.599 0.0000000000
54183  6.584  -24.210  68.414 0.0000000000
55030  6.899  -23.814  66.826 0.0000000000
53241  7.157  -24.737  67.006 0.0000000000
118838  7.469  -25.248  66.509 0.0000000000
53248  7.277  -24.718  66.148 0.0000000000
50174  15.433  -28.307  71.148 0.0000000000
51159  15.292  -27.661  71.359 0.0000000000
52177  15.648  -27.203  70.941 0.0000000000
45154  22.742  -32.441  69.550 0.0000000000
45163  21.709  -32.438  68.687 0.0000000000
45155  21.928  -32.104  69.353 0.0000000000
48242  24.582  -31.230  71.541 0.0000000000
111955  23.894  -32.104  71.238 0.0000000000
46200  23.368  -32.263  70.833 0.0000000000
113491  23.024  -32.020  71.030 0.0000000000
46202  21.881  -31.776  70.005 0.0000000000
46203  20.724  -31.241  69.244 0.0000000000
48246  21.098  -30.107  69.832 0.0000000000
49187  19.641  -29.570  69.377 0.0000000000
49155  17.981  -30.052  69.865 0.0000000000
49174  17.617  -29.819  70.079 0.0000000000
50192  15.954  -28.184  70.331 0.0000000000
50172  16.517  -29.246  70.683 0.0000000000
50165  15.517  -29.094  71.694 0.0000000000
122521  6.223  -38.081  69.177 0.0000000000
42029  6.603  -36.654  69.655 0.0000000000
43045  6.502  -35.283  70.534 0.0000000000
44099  6.297  -34.529  70.181 0.0000000000
131296  6.279  -34.031  70.587 0.0000000000
44070  7.294  -33.890  72.846 0.0000000000
44080  7.188  -34.190  72.372 0.0000000000
45141  7.228  -33.666  72.736 0.0000000000
47300  6.963  -31.843  72.711 0.0000000000
118903  7.051  -33.089  72.395 0.0000000000
110205  6.948  -32.358  72.034 0.0000000000
50168  7.424  -29.210  73.222 0.0000000000
50164  7.140  -28.685  73.847 0.0000000000
46166  8.493  -31.436  75.902 0.0000000000
47272  7.843  -31.417  75.937 0.0000000000
47269  8.184  -31.045  76.128 0.0000000000
49140  7.756  -28.740  76.541 0.0000000000
48221  7.783  -29.694  76.341 0.0000000000
49141  7.227  -29.114  76.169 0.0000000000
48227  6.713  -30.388  75.532 0.0000000000
53133  8.999  -26.027  76.757 0.0000000000
52100  8.849  -26.507  76.916 0.0000000000
129007  8.605  -26.026  76.597 0.0000000000
52105  7.171  -26.685  76.178 0.0000000000
51140  6.848  -27.084  76.105 0.0000000000
50157  6.377  -27.929  75.577 0.0000000000
111492  6.379  -28.161  74.839 0.0000000000
53162  7.045  -25.771  74.845 0.0000000000
52130  6.905  -26.625  74.587 0.0000000000
111223  7.081  -25.827  74.403 0.0000000000
53167  7.214  -25.473  73.964 0.0000000000
55847  7.535  -22.756  73.411 0.0000000000
55857  7.405  -22.528  72.684 0.0000000000
130650  7.907  -22.468  72.985 0.0000000000
55844  9.993  -22.703  73.787 0.0000000000
44107  18.079  -32.442  68.387 0.0000000000
39008  10.294  -38.090  72.161 0.0000000000
39020  10.323  -38.187  71.675 0.0000000000
39908  9.936  -37.512  72.981 0.0000000000
124887  6.387  -38.098  69.659 0.0000000000
43077  6.868  -35.551  67.716 0.0000000000
43087  6.647  -34.742  67.112 0.0000000000
117963  6.412  -34.070  66.756 0.0000000000
46212  6.239  -32.509  69.212 0.0000000000
46219  6.562  -32.468  68.338 0.0000000000
46226  6.546  -32.913  66.816 0.0000000000
44152  6.406  -33.998  65.947 0.0000000000
47331  7.221  -31.574  65.678 0.0000000000
46245  6.787  -32.609  64.788 0.0000000000
128927  6.773  -31.930  64.540 0.0000000000
47338  6.838  -32.107  63.985 0.0000000000
123783  6.996  -31.749  64.007 0.0000000000
131757  7.738  -26.012  72.834 0.0000000000
51161  8.277  -27.352  72.535 0.0000000000
50194  8.793  -28.136  70.987 0.0000000000
52186  10.025  -26.698  69.532 0.0000000000
51179  10.044  -27.425  69.828 0.0000000000
50210  10.604  -28.001  69.430 0.0000000000
49211  9.613  -29.819  67.695 0.0000000000
49199  9.484  -29.564  68.588 0.0000000000
49212  8.852  -30.060  67.838 0.0000000000
49200  8.710  -29.838  68.774 0.0000000000
49213  8.521  -30.697  67.126 0.0000000000
49244  9.020  -31.218  64.975 0.0000000000
49245  8.189  -31.378  64.254 0.0000000000
48312  7.648  -31.355  62.568 0.0000000000
49253  8.311  -31.248  63.543 0.0000000000
49267  9.868  -30.289  62.478 0.0000000000
49231  11.557  -29.313  65.100 0.0000000000
119123  11.898  -28.847  64.388 0.0000000000
49265  11.400  -29.339  62.722 0.0000000000
49281  10.875  -29.914  61.698 0.0000000000
56850  9.736  -21.833  64.568 0.0000000000
55910  9.481  -22.148  65.569 0.0000000000
55913  7.747  -22.903  66.243 0.0000000000
55912  8.167  -22.973  65.574 0.0000000000
55045  7.831  -23.574  64.517 0.0000000000
55037  7.287  -23.872  65.417 0.0000000000
54207  7.316  -24.507  64.939 0.0000000000
53254  7.322  -24.802  65.423 0.0000000000
53262  7.332  -24.918  64.643 0.0000000000
117524  6.906  -23.584  61.786 0.0000000000
55939  7.038  -22.557  61.739 0.0000000000
55065  7.580  -23.073  62.333 0.0000000000
52269  7.442  -25.619  63.366 0.0000000000
52287  7.278  -25.428  63.250 0.0000000000
52253  7.518  -25.574  64.153 0.0000000000
52251  8.188  -26.018  64.205 0.0000000000
125507  8.782  -26.105  64.693 0.0000000000
110158  8.841  -26.052  63.855 0.0000000000
52282  9.879  -25.890  63.081 0.0000000000
52265  10.034  -26.049  63.791 0.0000000000
53272  11.724  -25.732  63.656 0.0000000000
53304  10.226  -24.974  61.718 0.0000000000
49146  13.438  -29.614  74.887 0.0000000000
51148  14.166  -27.435  73.410 0.0000000000
49158  15.755  -29.882  71.978 0.0000000000
48234  15.360  -30.731  72.443 0.0000000000
48235  14.955  -30.571  73.094 0.0000000000
48230  14.623  -30.778  73.729 0.0000000000
48225  14.232  -31.080  74.402 0.0000000000
47367  7.598  -31.555  61.057 0.0000000000
43013  7.338  -34.103  73.913 0.0000000000
41980  9.587  -34.448  74.671 0.0000000000
118474  9.227  -35.478  74.250 0.0000000000
41987  8.627  -35.356  74.211 0.0000000000
41991  8.429  -35.788  73.930 0.0000000000
120523  7.998  -35.955  73.641 0.0000000000
41992  7.921  -35.211  74.001 0.0000000000
116962  7.433  -34.592  73.814 0.0000000000
128221  7.637  -25.888  67.556 0.0000000000
52230  8.198  -26.063  67.205 0.0000000000
52218  9.994  -26.252  67.524 0.0000000000
52228  10.491  -26.301  66.750 0.0000000000
110080  10.220  -26.133  65.104 0.0000000000
45106  10.454  -32.094  75.908 0.0000000000
46160  10.073  -31.579  76.059 0.0000000000
47263  10.942  -30.973  76.548 0.0000000000
47260  11.268  -30.133  76.689 0.0000000000
49134  11.339  -29.242  77.152 0.0000000000
110819  12.664  -26.320  75.518 0.0000000000
46195  17.350  -31.357  70.432 0.0000000000
45138  17.764  -31.586  70.012 0.0000000000
45130  15.064  -33.133  72.900 0.0000000000
41989  13.210  -34.838  73.931 0.0000000000
43012  13.053  -34.682  74.182 0.0000000000
46163  12.876  -32.519  75.677 0.0000000000
45108  12.942  -32.639  75.367 0.0000000000
46164  12.680  -32.250  75.578 0.0000000000
45109  11.842  -32.746  75.417 0.0000000000
44048  11.219  -33.274  75.201 0.0000000000
45110  11.493  -32.628  75.572 0.0000000000
55858  6.958  -22.816  72.507 0.0000000000
55859  6.749  -23.144  72.145 0.0000000000
55867  6.711  -23.084  71.356 0.0000000000
55885  8.297  -22.467  68.835 0.0000000000
55024  6.777  -23.689  67.649 0.0000000000
55029  7.109  -23.243  67.051 0.0000000000
116011  22.943  -31.086  71.443 0.0000000000
48262  20.925  -29.893  69.715 0.0000000000
49189  17.301  -29.477  70.165 0.0000000000
113883  6.645  -37.302  69.927 0.0000000000
42020  6.695  -36.590  70.195 0.0000000000
44089  6.864  -34.444  71.676 0.0000000000
46185  6.934  -32.202  73.451 0.0000000000
48250  6.991  -31.100  72.609 0.0000000000
48236  6.780  -30.544  73.308 0.0000000000
49150  6.805  -29.781  73.687 0.0000000000
48215  9.276  -29.672  76.822 0.0000000000
48216  8.516  -29.590  76.615 0.0000000000
49136  8.875  -28.822  77.196 0.0000000000
122821  8.308  -28.432  76.880 0.0000000000
127215  8.332  -27.884  76.886 0.0000000000
54140  8.880  -24.952  76.031 0.0000000000
54126  8.708  -25.540  76.360 0.0000000000
117789  8.328  -25.067  75.896 0.0000000000
125005  7.530  -25.592  75.639 0.0000000000
53147  7.237  -26.042  75.669 0.0000000000
52118  6.849  -26.510  75.235 0.0000000000
53158  7.251  -25.361  75.191 0.0000000000
54151  7.145  -25.155  74.899 0.0000000000
125537  7.229  -24.728  74.687 0.0000000000
54154  7.234  -24.332  74.373 0.0000000000
54993  7.234  -23.997  74.343 0.0000000000
55833  7.859  -23.093  74.068 0.0000000000
44098  16.218  -32.928  69.577 0.0000000000
123768  16.277  -32.813  68.987 0.0000000000
39917  11.261  -36.919  72.429 0.0000000000
39918  10.719  -37.333  72.496 0.0000000000
38998  9.444  -38.456  72.600 0.0000000000
39928  7.131  -37.728  70.866 0.0000000000
40991  6.680  -38.010  70.089 0.0000000000
119531  6.551  -34.995  68.924 0.0000000000
119303  6.406  -34.281  68.513 0.0000000000
45185  6.390  -33.729  68.132 0.0000000000
48272  7.131  -31.490  69.016 0.0000000000
47319  7.039  -31.731  68.067 0.0000000000
47325  6.704  -31.978  66.333 0.0000000000
53195  7.588  -25.326  71.437 0.0000000000
51170  8.856  -27.268  70.938 0.0000000000
50193  9.452  -27.698  70.467 0.0000000000
51195  11.068  -27.806  68.840 0.0000000000
50226  10.883  -28.505  68.809 0.0000000000
49224  8.817  -30.773  66.306 0.0000000000
49223  9.335  -30.232  66.282 0.0000000000
49243  9.260  -30.974  64.344 0.0000000000
49242  9.786  -30.412  64.158 0.0000000000
49250  10.441  -29.983  63.679 0.0000000000
50267  12.540  -28.199  64.214 0.0000000000
50281  12.077  -28.851  62.592 0.0000000000
55922  8.595  -22.766  64.468 0.0000000000
54249  6.544  -23.703  61.285 0.0000000000
54235  6.878  -24.108  61.771 0.0000000000
54225  7.141  -24.148  62.361 0.0000000000
53309  7.110  -24.738  62.019 0.0000000000
52286  7.301  -25.579  62.683 0.0000000000
52285  7.696  -25.819  62.714 0.0000000000
52267  8.263  -26.023  63.295 0.0000000000
52284  8.412  -25.964  62.415 0.0000000000
53288  10.030  -25.474  62.373 0.0000000000
48212  12.171  -30.796  76.277 0.0000000000
48213  11.817  -30.176  76.490 0.0000000000
49138  12.285  -29.830  76.304 0.0000000000
50156  12.670  -28.661  75.885 0.0000000000
129315  13.000  -28.867  75.320 0.0000000000
51143  12.919  -28.030  75.323 0.0000000000
48232  16.360  -30.523  71.127 0.0000000000
47286  16.349  -31.104  71.269 0.0000000000
47279  15.445  -31.749  72.534 0.0000000000
45119  14.244  -33.074  74.118 0.0000000000
44053  13.630  -33.597  74.532 0.0000000000
45115  14.045  -32.857  74.714 0.0000000000
46168  13.571  -32.651  75.114 0.0000000000
121722  13.445  -32.273  75.308 0.0000000000
47276  13.819  -31.550  74.981 0.0000000000
47271  13.408  -31.802  75.384 0.0000000000
47266  13.059  -32.010  75.532 0.0000000000
47267  12.505  -31.260  75.908 0.0000000000
128055  8.568  -22.202  70.835 0.0000000000
56781  9.339  -22.052  70.370 0.0000000000
56793  9.523  -22.072  69.378 0.0000000000
56829  9.123  -22.160  67.846 0.0000000000
56838  9.260  -22.054  67.102 0.0000000000
119415  7.260  -33.529  73.086 0.0000000000
44061  7.264  -33.624  73.830 0.0000000000
45124  7.247  -33.340  73.759 0.0000000000
47278  6.474  -31.537  74.647 0.0000000000
53126  9.777  -26.863  77.219 0.0000000000
53127  9.411  -26.644  77.102 0.0000000000
53131  9.642  -26.410  76.951 0.0000000000
54124  9.617  -25.626  76.558 0.0000000000
54139  9.369  -24.914  76.059 0.0000000000
54980  9.498  -23.750  75.274 0.0000000000
55815  9.135  -23.389  74.843 0.0000000000
40938  10.629  -36.518  73.496 0.0000000000
40939  10.232  -36.622  73.705 0.0000000000
123415  10.034  -37.037  73.510 0.0000000000
39894  9.674  -37.181  73.417 0.0000000000
129528  9.514  -36.281  73.898 0.0000000000
130685  8.306  -38.467  72.715 0.0000000000
39001  7.886  -38.037  72.658 0.0000000000
114856  7.482  -37.660  71.972 0.0000000000
40949  7.631  -36.141  72.945 0.0000000000
39910  7.426  -36.720  72.143 0.0000000000
40959  7.241  -36.303  71.615 0.0000000000
111031  6.255  -31.969  70.533 0.0000000000
46210  6.050  -32.506  69.951 0.0000000000
109747  6.739  -31.423  69.768 0.0000000000
48271  7.299  -30.960  69.579 0.0000000000
49202  7.783  -30.516  69.221 0.0000000000
53227  7.636  -25.354  69.395 0.0000000000
131331  10.519  -26.822  69.039 0.0000000000
52202  10.231  -26.432  68.549 0.0000000000
50237  11.572  -28.381  67.634 0.0000000000
50246  11.819  -28.531  66.783 0.0000000000
50252  12.329  -27.656  65.747 0.0000000000
51224  12.432  -27.013  65.638 0.0000000000
51228  12.982  -26.906  64.212 0.0000000000
54265  7.183  -24.492  60.212 0.0000000000
53322  7.827  -24.785  60.673 0.0000000000
53321  8.284  -24.765  60.589 0.0000000000
46268  7.355  -32.348  62.809 0.0000000000
44052  8.344  -33.317  75.047 0.0000000000
45117  7.728  -32.702  75.241 0.0000000000
45114  8.553  -32.656  75.371 0.0000000000
47268  8.911  -30.912  76.204 0.0000000000
46161  9.767  -31.089  76.239 0.0000000000
47265  9.559  -30.434  76.487 0.0000000000
49135  9.685  -29.200  77.423 0.0000000000
50148  9.669  -28.111  77.857 0.0000000000
113341  10.050  -27.467  77.656 0.0000000000
125242  11.605  -29.513  76.819 0.0000000000
49133  11.539  -29.058  77.081 0.0000000000
50149  11.464  -28.446  77.310 0.0000000000
51136  12.086  -27.863  76.715 0.0000000000
125298  11.023  -28.263  77.597 0.0000000000
51132  10.599  -27.779  77.660 0.0000000000
52099  10.230  -26.808  77.038 0.0000000000
53130  10.639  -26.251  76.563 0.0000000000
54122  11.204  -25.610  75.981 0.0000000000
45157  19.424  -31.821  68.725 0.0000000000
44097  17.216  -32.231  69.760 0.0000000000
129183  16.864  -32.507  69.459 0.0000000000
43043  15.351  -33.669  70.208 0.0000000000
46184  16.048  -31.540  71.608 0.0000000000
45140  16.025  -32.531  71.562 0.0000000000
44078  15.805  -33.022  71.631 0.0000000000
44088  15.585  -33.523  71.046 0.0000000000
42001  13.972  -34.599  71.982 0.0000000000
40958  11.883  -36.263  72.893 0.0000000000
40947  11.658  -36.206  73.324 0.0000000000
44059  13.482  -34.002  74.408 0.0000000000
43003  13.316  -34.030  74.469 0.0000000000
43004  12.917  -34.155  74.550 0.0000000000
44046  12.808  -33.096  75.091 0.0000000000
41981  12.756  -34.782  74.281 0.0000000000
41982  12.218  -35.029  74.384 0.0000000000
40930  11.823  -35.568  74.105 0.0000000000
40931  11.111  -35.745  73.906 0.0000000000
41984  10.889  -35.395  74.125 0.0000000000
41978  10.662  -34.914  74.378 0.0000000000
41979  10.175  -34.735  74.535 0.0000000000
43001  10.097  -33.982  74.907 0.0000000000
119597  9.551  -33.824  74.969 0.0000000000
43002  8.981  -33.947  74.791 0.0000000000
52140  7.301  -26.137  73.752 0.0000000000
128653  7.435  -26.765  73.654 0.0000000000
52151  7.530  -25.994  73.255 0.0000000000
127395  6.724  -23.944  72.049 0.0000000000
54166  6.994  -24.481  72.019 0.0000000000
56783  7.345  -22.560  70.771 0.0000000000
55871  6.709  -23.065  70.556 0.0000000000
55875  7.213  -22.736  69.578 0.0000000000
55876  6.776  -23.059  69.743 0.0000000000
55008  6.569  -23.569  70.050 0.0000000000
52205  7.280  -25.431  67.864 0.0000000000
52221  7.524  -25.697  67.400 0.0000000000
53247  7.542  -25.580  66.471 0.0000000000
52240  7.733  -25.869  66.045 0.0000000000
128417  14.567  -28.572  72.692 0.0000000000
51151  15.012  -27.368  72.110 0.0000000000
45156  20.821  -31.882  68.833 0.0000000000
46190  24.918  -32.272  71.474 0.0000000000
45146  22.886  -32.275  70.182 0.0000000000
46193  20.034  -30.647  69.368 0.0000000000
49171  21.398  -29.718  69.848 0.0000000000
49172  20.275  -29.737  69.460 0.0000000000
48248  17.067  -30.163  70.485 0.0000000000
49157  16.290  -30.011  71.270 0.0000000000
49175  16.211  -29.676  71.325 0.0000000000
49159  15.089  -29.243  72.429 0.0000000000
43054  6.608  -35.858  69.315 0.0000000000
126872  6.538  -33.896  71.234 0.0000000000
46207  6.184  -32.654  70.634 0.0000000000
128752  7.172  -30.476  71.957 0.0000000000
116999  7.108  -30.448  72.525 0.0000000000
51149  7.254  -27.183  73.900 0.0000000000
46170  7.311  -32.363  75.484 0.0000000000
48223  7.579  -30.880  76.105 0.0000000000
126193  6.872  -31.825  75.518 0.0000000000
49147  6.323  -29.644  75.118 0.0000000000
52096  9.244  -26.786  77.208 0.0000000000
51138  8.004  -27.400  76.776 0.0000000000
53134  8.204  -26.374  76.565 0.0000000000
116996  7.229  -27.395  76.477 0.0000000000
50155  7.188  -28.229  76.379 0.0000000000
117775  6.736  -28.516  75.909 0.0000000000
50160  6.324  -28.988  74.628 0.0000000000
50162  6.798  -28.469  74.078 0.0000000000
51146  6.775  -27.563  74.370 0.0000000000
51150  7.083  -27.852  73.964 0.0000000000
53173  7.213  -24.540  73.655 0.0000000000
54159  6.982  -23.845  73.273 0.0000000000
54996  7.082  -23.658  73.729 0.0000000000
54999  6.821  -23.274  72.923 0.0000000000
55831  9.594  -23.028  74.291 0.0000000000
55845  9.189  -22.746  73.606 0.0000000000
56730  8.743  -22.366  72.812 0.0000000000
56746  8.729  -22.114  72.078 0.0000000000
56763  9.208  -22.001  71.399 0.0000000000
51152  14.452  -27.828  72.664 0.0000000000
44115  18.033  -32.593  68.049 0.0000000000
44108  17.023  -32.628  68.419 0.0000000000
39907  10.198  -37.294  73.009 0.0000000000
39009  9.818  -38.655  72.225 0.0000000000
38136  9.501  -39.450  71.435 0.0000000000
116631  6.300  -33.148  68.639 0.0000000000
44151  6.589  -34.451  65.703 0.0000000000
47361  7.260  -31.935  62.767 0.0000000000
51162  8.117  -28.045  72.996 0.0000000000
51171  8.680  -27.805  71.806 0.0000000000
50195  8.335  -28.821  71.463 0.0000000000
49201  8.165  -30.139  68.936 0.0000000000
51169  9.515  -26.912  70.352 0.0000000000
50227  10.150  -28.781  69.170 0.0000000000
49226  8.226  -31.081  66.709 0.0000000000
49235  8.381  -31.258  65.832 0.0000000000
111718  8.726  -31.149  65.681 0.0000000000
48296  7.909  -31.412  65.131 0.0000000000
113382  7.541  -31.537  64.153 0.0000000000
47346  7.361  -31.637  63.368 0.0000000000
126951  7.353  -31.673  62.823 0.0000000000
48323  7.730  -31.177  61.661 0.0000000000
115571  7.894  -30.943  62.065 0.0000000000
123830  10.992  -29.617  63.215 0.0000000000
114657  10.339  -29.998  63.002 0.0000000000
49282  10.143  -30.283  61.756 0.0000000000
56836  10.592  -21.591  66.460 0.0000000000
56837  9.915  -21.790  66.843 0.0000000000
55901  9.499  -22.020  66.426 0.0000000000
115212  8.832  -22.366  66.483 0.0000000000
55904  7.438  -22.997  66.563 0.0000000000
112198  7.149  -23.452  66.290 0.0000000000
113983  6.980  -23.947  66.149 0.0000000000
127021  7.752  -25.884  65.423 0.0000000000
55054  7.823  -23.549  63.343 0.0000000000
54214  7.392  -24.535  63.977 0.0000000000
126117  7.234  -24.551  63.174 0.0000000000
53273  7.260  -24.984  63.734 0.0000000000
52254  7.406  -25.370  64.424 0.0000000000
116043  7.491  -25.575  64.923 0.0000000000
110159  8.116  -26.010  65.101 0.0000000000
52266  9.462  -26.028  63.611 0.0000000000
52249  10.532  -26.066  64.382 0.0000000000
52248  11.478  -25.953  64.367 0.0000000000
53261  12.400  -26.034  64.266 0.0000000000
52247  13.013  -26.431  63.962 0.0000000000
53305  9.329  -25.301  61.727 0.0000000000
43010  13.725  -34.317  73.993 0.0000000000
45107  13.161  -33.074  75.198 0.0000000000
45212  6.458  -33.513  66.325 0.0000000000
46157  12.210  -31.724  75.902 0.0000000000
47261  10.789  -30.270  76.741 0.0000000000
47275  14.088  -32.121  74.664 0.0000000000
48209  10.992  -29.567  77.242 0.0000000000
48219  12.138  -30.417  76.294 0.0000000000
48220  8.259  -30.437  76.302 0.0000000000
49130  10.605  -28.814  77.728 0.0000000000
50147  10.265  -28.366  77.888 0.0000000000
50150  11.175  -28.745  77.440 0.0000000000
50151  9.134  -28.226  77.573 0.0000000000
50153  12.061  -29.072  76.702 0.0000000000
50225  11.307  -28.233  68.350 0.0000000000
51134  9.163  -27.624  77.508 0.0000000000
51141  6.619  -27.167  75.711 0.0000000000
52094  10.184  -27.236  77.429 0.0000000000
52097  8.956  -27.028  77.267 0.0000000000
52102  7.706  -26.815  76.550 0.0000000000
52241  7.539  -25.572  65.628 0.0000000000
53128  9.162  -26.441  76.966 0.0000000000
53145  8.102  -25.719  76.136 0.0000000000
53289  7.270  -25.321  62.221 0.0000000000
54150  7.252  -24.655  74.810 0.0000000000
55016  7.061  -23.109  67.848 0.0000000000
55866  6.938  -22.786  71.791 0.0000000000
112023  6.968  -31.147  75.894 0.0000000000
113982  6.994  -22.738  70.299 0.0000000000
115436  11.136  -27.941  77.515 0.0000000000
115574  10.909  -29.216  77.446 0.0000000000
119679  10.726  -31.629  76.241 0.0000000000
119817  10.382  -31.237  76.344 0.0000000000
131694  7.976  -25.028  75.796 0.0000000000
