#!ascii label  , from subject sub-v2s4x29595_ses-1 vox2ras=TkReg
805
53018  22.252  -26.347  0.511 0.1428571492
53019  20.791  -26.342  0.156 0.1428571492
54868  21.724  -25.258  -1.275 0.1428571492
52993  22.990  -26.137  0.940 0.1428571492
54040  22.174  -25.629  -0.728 0.2857142985
54024  21.692  -26.064  -0.102 0.1428571492
54022  23.469  -25.747  0.187 0.1428571492
118948  22.692  -24.548  -1.705 0.5714285970
54866  23.398  -24.993  -1.138 0.1428571492
110338  24.872  -24.019  -1.120 0.2857142985
54865  24.344  -24.678  -0.804 0.2857142985
55722  25.393  -23.303  -1.399 0.1428571492
130407  25.888  -21.534  -2.252 0.2857142985
56649  25.398  -21.945  -2.184 0.1428571492
58526  26.359  -20.248  -3.730 0.2857142985
58515  26.810  -20.545  -2.795 0.2857142985
59480  26.819  -19.678  -4.424 0.2857142985
58539  25.936  -20.113  -4.920 0.2857142985
60474  27.199  -18.956  -6.596 0.2857142985
62245  28.682  -16.809  -6.604 0.8571428657
61367  27.640  -18.357  -6.660 0.4285714328
60439  27.937  -18.842  -5.840 0.2857142985
63958  29.463  -14.936  -6.906 0.7142857313
63134  29.545  -15.793  -7.031 0.7142857313
63135  28.775  -16.071  -6.630 0.7142857313
62246  27.875  -17.342  -6.646 0.7142857313
109152  30.667  -13.655  -8.065 0.8571428657
64826  29.890  -14.472  -7.223 0.5714285970
64815  29.358  -14.051  -6.692 0.8571428657
114640  28.840  -15.270  -6.601 0.7142857313
112319  28.095  -16.337  -6.424 0.7142857313
67670  31.334  -11.403  -8.987 0.4285714328
131636  30.816  -13.060  -8.143 0.7142857313
124379  30.028  -13.571  -7.153 0.8571428657
69380  31.551  -9.141  -10.623 0.2857142985
68514  31.690  -9.428  -9.559 0.5714285970
67659  31.053  -11.159  -7.868 0.8571428657
68525  31.502  -10.608  -9.348 0.7142857313
108964  30.695  -11.892  -7.703 0.8571428657
70189  31.728  -7.949  -11.073 0.1428571492
69391  31.361  -8.861  -11.570 0.1428571492
125817  31.735  -8.391  -10.456 0.4285714328
68515  31.724  -9.879  -8.780 0.5714285970
115596  31.439  -10.487  -8.320 0.8571428657
72831  31.805  -4.984  -11.276 0.1428571492
71043  31.524  -7.464  -11.911 0.1428571492
71028  31.942  -6.905  -10.341 0.1428571492
70190  31.877  -7.674  -9.781 0.4285714328
68503  31.484  -9.629  -7.765 0.8571428657
73736  31.508  -3.309  -10.876 0.1428571492
72832  31.576  -4.289  -11.322 0.1428571492
73725  32.036  -4.058  -10.279 0.1428571492
71896  32.077  -5.928  -10.282 0.1428571492
122127  32.010  -5.371  -9.289 0.4285714328
71029  31.916  -6.907  -9.021 0.5714285970
70168  31.527  -7.850  -7.817 0.7142857313
69363  30.752  -8.952  -7.110 0.8571428657
111633  31.612  -2.333  -10.019 0.1428571492
74616  31.912  -3.111  -9.769 0.1428571492
72820  32.076  -4.488  -9.256 0.5714285970
71013  31.531  -6.960  -7.937 0.8571428657
69362  31.542  -8.651  -7.701 0.8571428657
70169  30.841  -7.486  -7.307 0.8571428657
75480  30.594  -1.654  -11.203 0.1428571492
76299  31.297  -0.880  -10.090 0.2857142985
115734  31.984  -2.441  -8.852 0.8571428657
72809  31.822  -4.942  -8.326 0.8571428657
123561  31.711  -6.351  -8.432 0.7142857313
71885  31.291  -5.371  -7.562 0.8571428657
77134  31.488  0.483  -9.835 0.1428571492
77942  31.256  1.254  -10.193 0.1428571492
76294  31.491  -0.391  -9.448 0.4285714328
75450  31.442  -1.891  -7.420 0.8571428657
130675  31.930  -2.315  -7.973 0.8571428657
72810  31.403  -4.412  -7.409 0.8571428657
72794  30.542  -5.032  -6.872 0.8571428657
120865  31.539  0.323  -8.623 0.4285714328
74595  31.034  -2.523  -6.935 0.8571428657
73700  31.094  -3.442  -6.956 0.8571428657
73701  29.956  -3.588  -6.610 0.8571428657
77932  31.498  1.235  -9.279 0.1428571492
111005  31.422  2.130  -8.805 0.2857142985
77919  31.472  1.217  -8.086 0.5714285970
77110  31.351  0.721  -7.258 0.8571428657
117619  31.474  -0.088  -7.507 0.8571428657
76273  31.314  -0.556  -6.947 0.8571428657
123353  30.912  -1.847  -6.826 0.8571428657
76274  30.910  -0.555  -6.672 0.8571428657
74596  30.304  -2.220  -6.649 0.8571428657
79824  31.257  3.053  -8.824 0.2857142985
78814  31.289  2.693  -8.020 0.7142857313
112719  31.343  1.995  -7.844 0.5714285970
77908  31.224  1.539  -7.226 0.8571428657
76263  30.028  -0.297  -6.571 0.8571428657
120004  28.882  -0.099  -6.505 0.8571428657
75440  29.393  -1.910  -6.604 0.8571428657
78798  31.121  2.377  -7.241 0.8571428657
78786  30.201  2.204  -6.457 0.8571428657
77097  29.586  0.597  -6.487 0.8571428657
119786  28.641  0.829  -6.497 0.7142857313
79795  30.786  3.792  -7.039 0.8571428657
111472  29.992  2.984  -6.360 0.8571428657
77894  29.358  1.417  -6.412 0.8571428657
79781  29.138  3.131  -6.357 0.8571428657
111647  29.003  3.919  -6.328 0.8571428657
114282  28.565  1.715  -6.488 0.7142857313
82488  30.162  6.021  -7.334 0.7142857313
80715  29.720  4.410  -6.515 0.8571428657
81571  29.377  5.291  -6.636 0.8571428657
81572  28.552  5.464  -6.601 0.8571428657
82472  27.438  6.364  -6.943 0.7142857313
78787  29.370  2.259  -6.363 0.8571428657
111990  28.300  4.150  -6.422 0.8571428657
84823  30.148  9.233  -10.374 0.1428571492
82470  29.097  6.064  -6.743 0.8571428657
83319  28.866  6.842  -6.989 0.7142857313
83332  28.618  7.759  -7.305 0.7142857313
82471  28.275  6.231  -6.824 0.8571428657
86167  29.145  11.221  -10.853 0.1428571492
84093  28.754  8.639  -7.682 0.5714285970
84785  28.767  9.273  -8.080 0.5714285970
109414  27.353  9.817  -8.161 0.5714285970
85481  28.632  10.444  -8.780 0.1428571492
86189  27.760  11.639  -12.742 0.1428571492
109040  26.863  10.583  -8.153 0.5714285970
109413  27.169  12.769  -12.066 0.1428571492
86891  26.139  12.563  -13.518 0.1428571492
86856  27.707  12.304  -9.996 0.1428571492
86903  24.835  12.132  -14.013 0.1428571492
109319  27.702  10.500  -8.494 0.5714285970
87527  25.853  13.376  -13.031 0.1428571492
109052  25.659  13.399  -12.272 0.1428571492
86904  24.114  12.377  -13.898 0.1428571492
127017  25.254  13.636  -12.828 0.1428571492
52994  22.349  -26.713  1.100 0.1428571492
111548  21.559  -26.662  0.600 0.1428571492
54039  23.024  -25.545  -0.649 0.2857142985
54038  23.890  -25.247  -0.368 0.1428571492
54845  24.785  -25.083  -0.125 0.2857142985
56648  26.185  -21.814  -1.883 0.2857142985
56629  25.832  -22.511  -1.622 0.2857142985
56630  24.944  -22.696  -1.879 0.1428571492
59509  27.150  -19.220  -6.307 0.2857142985
59495  26.607  -19.567  -5.592 0.2857142985
61366  28.551  -17.469  -6.527 0.4285714328
124534  30.884  -13.349  -8.979 0.2857142985
62247  27.350  -16.427  -6.288 0.7142857313
67681  31.246  -11.238  -10.075 0.1428571492
109516  30.110  -11.833  -7.062 0.8571428657
118688  31.794  -8.310  -8.296 0.7142857313
74625  30.925  -2.418  -10.949 0.1428571492
73726  32.068  -3.510  -8.917 0.8571428657
119221  31.941  -4.185  -8.306 0.8571428657
71871  30.608  -5.886  -7.020 0.8571428657
109908  30.539  -4.225  -6.784 0.8571428657
79794  31.091  3.195  -7.413 0.8571428657
81570  30.147  5.161  -6.992 0.8571428657
82489  29.609  6.495  -7.115 0.8571428657
84092  29.448  8.159  -7.662 0.7142857313
84800  29.166  9.735  -8.544 0.2857142985
86155  27.969  11.085  -9.017 0.1428571492
109192  27.582  12.715  -11.294 0.1428571492
122473  24.650  11.704  -14.908 0.1428571492
51987  20.722  -27.050  0.691 0.1428571492
55723  24.492  -23.443  -1.675 0.2857142985
54881  23.812  -24.183  -1.510 0.4285714328
57569  26.363  -21.196  -2.341 0.2857142985
57581  25.951  -20.784  -3.098 0.2857142985
57582  25.206  -21.199  -3.398 0.2857142985
129883  27.463  -17.873  -6.725 0.7142857313
72837  31.301  -5.904  -12.084 0.1428571492
74630  30.725  -3.255  -11.687 0.1428571492
76300  30.852  -0.776  -10.870 0.1428571492
123229  31.268  -0.156  -10.367 0.2857142985
126339  31.056  0.546  -10.539 0.1428571492
75464  31.835  -1.619  -8.173 0.8571428657
71000  30.733  -6.692  -7.179 0.8571428657
70989  30.096  -7.268  -6.700 1.0000000000
130871  31.021  2.369  -10.076 0.1428571492
78838  30.682  2.832  -10.222 0.1428571492
80745  31.000  3.949  -8.735 0.2857142985
76264  28.140  -0.798  -6.566 0.8571428657
80724  31.054  3.958  -7.737 0.5714285970
81586  30.663  5.484  -7.804 0.5714285970
82495  30.532  6.886  -8.298 0.5714285970
83331  29.490  7.288  -7.394 0.7142857313
84799  29.783  9.111  -8.763 0.4285714328
84118  30.322  8.457  -9.170 0.2857142985
84813  30.100  9.191  -9.593 0.2857142985
84814  29.635  9.819  -9.237 0.1428571492
86159  29.442  10.492  -9.663 0.1428571492
129427  29.153  11.204  -10.091 0.1428571492
109653  26.359  11.974  -8.818 0.2857142985
86179  28.363  11.872  -11.297 0.1428571492
109154  26.915  13.324  -11.240 0.1428571492
109066  26.528  13.538  -9.927 0.1428571492
109483  25.939  13.503  -10.709 0.1428571492
86890  26.819  12.176  -13.400 0.1428571492
87539  23.513  12.622  -13.735 0.1428571492
87529  23.997  13.173  -13.443 0.1428571492
86905  23.599  12.130  -14.509 0.1428571492
81598  30.879  4.850  -9.067 0.4285714328
81599  30.873  5.378  -8.619 0.4285714328
82504  30.843  6.808  -9.280 0.4285714328
83342  30.482  7.666  -8.742 0.4285714328
83330  30.089  7.578  -7.908 0.5714285970
84108  29.970  8.359  -8.307 0.5714285970
54023  22.632  -25.999  -0.055 0.1428571492
54041  21.358  -25.478  -0.729 0.2857142985
54867  22.438  -25.197  -1.295 0.5714285970
63136  28.163  -15.461  -6.347 0.7142857313
124551  30.933  -12.536  -8.246 0.8571428657
109138  30.457  -12.707  -7.551 0.8571428657
128609  31.590  -10.087  -9.748 0.5714285970
70180  31.849  -7.657  -8.627 0.5714285970
72819  32.093  -5.055  -10.301 0.2857142985
71911  31.931  -5.778  -11.235 0.1428571492
114668  31.947  -6.172  -9.265 0.1428571492
121016  31.664  -1.401  -9.315 0.5714285970
71014  31.276  -6.151  -7.717 0.8571428657
73713  31.814  -3.542  -7.807 0.8571428657
76285  31.638  -0.698  -8.381 0.8571428657
77094  30.966  1.016  -6.764 0.8571428657
77095  31.123  0.123  -6.810 0.8571428657
115692  29.193  -1.029  -6.565 0.8571428657
77892  30.793  1.903  -6.765 0.8571428657
80714  30.394  4.341  -6.840 0.8571428657
125821  29.660  3.638  -6.369 0.8571428657
85500  29.549  10.537  -10.414 0.1428571492
84801  28.289  9.811  -8.357 0.5714285970
84786  27.889  9.049  -8.017 0.5714285970
86201  26.397  11.706  -14.124 0.1428571492
109208  27.000  11.301  -8.430 0.4285714328
126268  27.258  13.267  -10.609 0.1428571492
86902  25.610  12.075  -14.086 0.1428571492
86859  27.779  12.572  -10.623 0.1428571492
109387  27.257  13.349  -9.959 0.1428571492
86893  24.691  13.133  -13.580 0.1428571492
56628  26.812  -22.311  -1.440 0.1428571492
55724  23.009  -23.834  -2.071 0.4285714328
58527  25.518  -20.662  -4.048 0.5714285970
109473  26.155  12.787  -9.567 0.1428571492
58528  24.801  -21.165  -4.267 0.5714285970
57594  23.500  -21.379  -4.424 0.5714285970
57595  22.637  -21.235  -4.448 0.2857142985
58540  25.106  -20.623  -4.888 0.5714285970
58541  24.196  -20.934  -4.830 0.5714285970
56661  22.349  -22.283  -3.473 0.4285714328
57596  21.794  -21.002  -4.400 0.2857142985
58543  22.254  -20.617  -4.839 0.4285714328
59511  26.017  -19.644  -5.751 0.4285714328
119017  25.180  -19.673  -5.488 0.5714285970
59512  24.200  -19.538  -5.408 0.5714285970
59513  23.181  -19.390  -5.409 0.4285714328
60452  26.476  -19.193  -6.146 0.5714285970
60453  25.610  -18.560  -5.801 0.5714285970
61355  24.684  -17.930  -5.624 0.4285714328
61369  26.419  -18.349  -6.186 0.4285714328
58542  23.183  -20.788  -4.870 0.4285714328
127275  21.501  -20.421  -4.750 0.2857142985
62248  26.423  -16.339  -6.051 0.7142857313
63137  25.422  -15.883  -6.040 0.4285714328
110490  25.969  -15.290  -6.062 0.7142857313
63962  25.082  -15.010  -6.259 0.5714285970
63961  25.777  -13.878  -6.375 0.7142857313
109889  24.939  -14.176  -6.528 0.2857142985
61368  27.118  -17.284  -6.434 0.5714285970
117165  26.837  -13.721  -6.262 0.7142857313
108982  25.977  -13.032  -6.507 0.7142857313
109523  26.887  -12.698  -6.392 0.7142857313
108978  26.182  -12.314  -6.628 0.7142857313
108975  25.321  -12.416  -6.956 0.4285714328
109415  25.971  -11.680  -6.862 0.4285714328
127299  28.888  -14.517  -6.514 0.5714285970
63960  27.412  -14.779  -6.181 0.5714285970
64816  28.524  -13.748  -6.298 0.5714285970
108980  27.795  -12.198  -6.367 0.5714285970
108983  27.524  -11.256  -6.586 0.7142857313
68499  27.478  -9.588  -6.894 0.7142857313
108979  26.631  -11.072  -6.855 0.7142857313
67662  26.374  -10.389  -7.227 0.5714285970
69366  26.528  -8.990  -7.617 0.5714285970
132425  30.476  -11.319  -7.285 0.7142857313
108981  29.260  -11.646  -6.705 0.5714285970
109433  28.400  -11.485  -6.535 0.5714285970
67652  28.938  -10.363  -6.745 0.7142857313
116845  28.882  -11.019  -6.717 0.7142857313
124650  28.876  -8.635  -6.657 0.8571428657
128239  25.820  -11.027  -7.247 0.4285714328
121380  28.427  -8.096  -6.780 0.7142857313
69364  27.772  -8.109  -7.101 0.7142857313
70170  28.012  -7.496  -7.013 0.7142857313
70172  26.619  -8.127  -7.772 0.5714285970
70171  27.298  -7.618  -7.445 0.7142857313
126244  29.718  -10.989  -6.895 0.5714285970
109305  28.179  -10.704  -6.611 0.7142857313
70161  29.334  -7.910  -6.579 0.8571428657
70990  29.266  -7.031  -6.537 0.8571428657
71003  27.695  -6.850  -7.207 0.7142857313
71004  27.038  -6.846  -7.578 0.5714285970
72798  26.703  -5.121  -7.454 0.2857142985
70160  30.282  -8.090  -6.898 0.7142857313
71002  29.017  -6.291  -6.621 0.7142857313
73704  26.623  -4.247  -7.326 0.7142857313
71001  29.942  -6.454  -6.622 0.7142857313
130095  28.842  -5.839  -6.642 0.8571428657
117365  27.394  -6.265  -7.346 0.8571428657
74587  28.550  -2.462  -6.496 0.8571428657
112006  28.686  -5.342  -6.615 0.8571428657
72797  27.406  -4.770  -7.112 0.5714285970
73703  27.359  -3.740  -6.692 0.8571428657
74597  27.708  -2.899  -6.403 0.8571428657
74598  26.777  -2.717  -6.746 0.7142857313
72795  29.458  -4.570  -6.529 0.8571428657
73702  28.658  -3.521  -6.401 0.8571428657
74588  27.597  -2.136  -6.566 0.8571428657
75441  28.392  -1.636  -6.589 0.8571428657
75442  27.458  -1.429  -6.673 0.7142857313
114232  27.885  2.037  -6.682 0.7142857313
77896  27.171  1.908  -6.861 0.7142857313
78789  27.503  2.803  -6.688 0.5714285970
77112  25.201  0.691  -7.355 0.7142857313
78790  26.603  2.544  -6.962 0.7142857313
79783  27.431  3.906  -6.574 0.7142857313
80717  27.944  4.792  -6.533 0.8571428657
79784  26.487  4.003  -6.979 0.7142857313
78791  25.820  2.341  -7.256 0.7142857313
79798  24.317  3.350  -8.167 0.7142857313
109638  24.792  4.006  -7.881 0.7142857313
81574  26.872  5.816  -6.961 0.7142857313
81588  25.669  5.429  -7.439 0.7142857313
79799  23.713  3.356  -9.150 0.5714285970
80728  24.264  4.805  -8.088 0.5714285970
80729  23.763  3.992  -8.803 0.5714285970
127906  26.761  6.475  -7.097 0.5714285970
110298  23.153  2.322  -10.744 0.5714285970
82491  25.424  6.718  -7.639 0.5714285970
130172  23.173  4.333  -9.921 0.5714285970
78815  23.421  3.362  -11.469 0.4285714328
77933  22.039  2.129  -11.096 0.5714285970
77922  21.370  1.482  -10.297 0.4285714328
79837  23.169  4.388  -12.338 0.5714285970
78827  23.223  3.809  -12.155 0.5714285970
82492  24.455  6.349  -8.051 0.5714285970
77912  19.601  1.051  -7.991 0.4285714328
76279  19.065  -0.324  -7.674 0.4285714328
117070  20.073  2.507  -9.341 0.5714285970
77934  20.832  2.332  -10.415 0.5714285970
116958  20.137  2.271  -7.361 0.4285714328
61394  29.257  -16.688  -6.630 0.2857142985
108966  29.685  -12.496  -6.802 0.5714285970
79815  20.526  4.036  -9.479 0.2857142985
120483  20.037  2.596  -8.359 0.4285714328
77899  20.049  1.557  -6.762 0.2857142985
113803  23.743  -21.786  -3.839 0.5714285970
56660  23.289  -22.263  -3.424 0.5714285970
59496  26.085  -19.738  -5.671 0.2857142985
58550  25.494  -20.031  -5.350 0.5714285970
57585  22.120  -21.571  -3.903 0.2857142985
58553  22.686  -20.071  -5.192 0.4285714328
60454  23.652  -18.586  -5.496 0.4285714328
126068  24.176  -18.212  -5.477 0.5714285970
58554  21.707  -19.972  -5.164 0.2857142985
59514  22.170  -19.316  -5.445 0.2857142985
62249  24.934  -16.479  -5.959 0.5714285970
62269  29.774  -16.131  -7.048 0.2857142985
110030  23.589  -15.218  -6.826 0.2857142985
109360  25.064  -13.335  -6.767 0.7142857313
71872  29.602  -5.633  -6.614 0.8571428657
71873  27.387  -5.587  -7.271 0.7142857313
130393  27.328  0.686  -6.853 0.7142857313
120720  26.944  1.120  -6.991 0.7142857313
77099  26.838  0.228  -6.984 0.7142857313
79797  25.277  3.350  -7.757 0.7142857313
77923  20.131  1.712  -9.687 0.2857142985
118163  26.273  6.967  -7.336 0.5714285970
83333  27.581  7.757  -7.284 0.5714285970
80747  23.486  4.940  -9.086 0.5714285970
81612  22.750  5.051  -10.158 0.2857142985
108970  29.179  -13.145  -6.492 0.7142857313
127815  27.579  -15.687  -6.235 0.5714285970
68504  30.732  -9.894  -7.208 0.7142857313
69356  29.691  -8.756  -6.758 0.7142857313
67661  29.819  -10.147  -6.915 0.7142857313
80718  26.949  4.901  -6.794 0.8571428657
60475  27.055  -18.920  -6.681 0.5714285970
120654  26.389  -17.395  -6.141 0.5714285970
76265  27.214  -0.673  -6.800 0.7142857313
112348  27.750  -13.991  -6.183 0.5714285970
132283  24.164  -21.430  -4.268 0.4285714328
57584  22.945  -21.782  -3.944 0.5714285970
58552  23.704  -20.203  -5.195 0.5714285970
58551  24.679  -20.239  -5.223 0.5714285970
128002  25.656  -19.267  -5.745 0.5714285970
111653  24.736  -18.866  -5.583 0.5714285970
60455  22.682  -18.657  -5.670 0.4285714328
61354  25.485  -17.485  -5.815 0.5714285970
62238  24.405  -17.043  -5.754 0.4285714328
125076  25.742  -16.701  -5.927 0.7142857313
63138  24.402  -15.635  -6.332 0.4285714328
128174  24.150  -16.342  -6.146 0.4285714328
110083  26.864  -15.504  -6.111 0.7142857313
125642  26.411  -14.599  -6.171 0.7142857313
63963  24.237  -14.687  -6.669 0.2857142985
64817  27.706  -13.186  -6.249 0.7142857313
109740  26.832  -11.844  -6.578 0.7142857313
127529  28.407  -12.879  -6.295 0.5714285970
67653  27.299  -10.356  -6.804 0.7142857313
68506  26.814  -9.697  -7.192 0.7142857313
115679  29.034  -9.457  -6.713 0.5714285970
69357  27.989  -8.911  -6.839 0.7142857313
117561  25.791  -9.227  -7.957 0.2857142985
71874  26.690  -6.041  -7.563 0.5714285970
71875  25.771  -6.174  -7.790 0.2857142985
72796  28.239  -4.560  -6.586 0.8571428657
110503  26.794  3.286  -6.836 0.7142857313
79785  26.044  3.191  -7.319 0.7142857313
80726  26.082  4.749  -7.238 0.8571428657
81600  23.919  5.630  -8.535 0.7142857313
80758  23.017  5.040  -12.135 0.5714285970
60456  21.826  -18.775  -5.897 0.1428571492
130075  23.039  -18.027  -5.772 0.4285714328
58525  27.258  -19.931  -3.324 0.1428571492
59479  27.696  -19.274  -3.905 0.1428571492
122620  27.654  -18.691  -6.453 0.1428571492
60473  28.522  -18.050  -6.476 0.1428571492
59494  27.402  -19.262  -5.173 0.1428571492
60450  28.906  -18.093  -6.017 0.1428571492
59493  28.258  -18.782  -4.583 0.1428571492
120373  30.149  -15.813  -8.081 0.2857142985
109536  30.391  -14.536  -9.188 0.1428571492
77098  27.811  0.186  -6.658 0.5714285970
86224  20.725  11.420  -14.926 0.1428571492
74600  25.675  -2.547  -7.664 0.4285714328
86203  19.937  11.113  -13.433 0.1428571492
125702  25.111  13.563  -12.402 0.1428571492
76276  24.848  -0.668  -7.466 0.4285714328
77100  26.135  0.901  -7.091 0.5714285970
77113  24.543  0.096  -7.681 0.4285714328
124472  23.502  9.417  -10.260 0.2857142985
113800  23.667  8.341  -8.792 0.2857142985
121788  24.685  7.161  -7.908 0.2857142985
84787  24.402  8.900  -8.199 0.2857142985
74620  20.010  -2.443  -9.533 0.1428571492
125554  24.255  0.893  -7.910 0.5714285970
118952  25.444  2.806  -7.616 0.5714285970
112454  22.602  6.913  -9.183 0.2857142985
83335  25.529  7.638  -7.624 0.4285714328
132427  21.027  -0.759  -9.066 0.4285714328
77920  22.931  1.471  -9.884 0.5714285970
83343  23.149  7.638  -8.874 0.2857142985
113432  19.682  -0.972  -8.744 0.4285714328
76289  20.010  -0.129  -8.940 0.2857142985
80748  21.094  4.782  -10.240 0.1428571492
81613  22.596  5.284  -11.073 0.1428571492
81602  22.199  5.842  -10.352 0.1428571492
75458  18.598  -0.971  -7.747 0.1428571492
77127  19.783  0.376  -8.853 0.4285714328
127302  21.869  5.730  -10.502 0.1428571492
82498  21.787  6.454  -10.143 0.1428571492
76280  18.296  -0.656  -6.991 0.2857142985
78803  20.386  3.109  -7.720 0.2857142985
77873  19.759  1.869  -4.710 0.1428571492
80730  20.694  4.696  -8.815 0.1428571492
115417  21.545  6.005  -9.845 0.1428571492
79800  20.453  3.925  -8.213 0.1428571492
79786  20.785  3.735  -7.110 0.1428571492
79777  21.164  3.607  -6.158 0.1428571492
55726  20.970  -24.312  -2.340 0.4285714328
55744  20.541  -23.582  -2.406 0.2857142985
60438  28.829  -18.331  -5.336 0.1428571492
61365  29.402  -17.004  -6.465 0.1428571492
123926  25.275  -1.270  -7.413 0.2857142985
84094  28.009  8.359  -7.547 0.4285714328
109405  25.331  9.439  -7.883 0.2857142985
83344  22.310  7.548  -9.861 0.2857142985
109286  24.319  9.981  -9.409 0.2857142985
55721  26.325  -23.162  -1.176 0.1428571492
57568  27.275  -21.015  -2.100 0.1428571492
58514  27.724  -20.339  -2.500 0.1428571492
63970  30.185  -15.280  -8.777 0.1428571492
62244  29.245  -16.365  -6.748 0.1428571492
127412  18.458  -1.608  -7.846 0.1428571492
75453  26.006  -1.571  -7.434 0.4285714328
75474  20.215  -1.605  -9.282 0.2857142985
84095  26.137  8.301  -7.547 0.4285714328
109462  22.935  8.671  -10.480 0.2857142985
84802  23.763  9.015  -9.444 0.2857142985
124496  25.217  10.556  -8.582 0.2857142985
109449  24.878  10.900  -9.376 0.2857142985
109031  23.807  10.386  -10.237 0.2857142985
109621  24.541  12.415  -11.278 0.1428571492
109416  23.635  12.382  -11.617 0.1428571492
88125  23.882  13.418  -13.091 0.1428571492
81590  21.041  5.906  -8.663 0.2857142985
130285  22.414  8.054  -10.137 0.2857142985
109039  24.328  12.898  -11.717 0.1428571492
109054  23.735  13.264  -12.558 0.1428571492
131851  25.907  13.239  -10.101 0.1428571492
113673  25.094  13.108  -11.417 0.1428571492
124403  30.513  -14.027  -10.011 0.2857142985
109496  26.098  11.007  -8.115 0.4285714328
125141  23.216  10.390  -11.010 0.2857142985
124493  25.544  11.811  -9.380 0.2857142985
109232  25.380  12.328  -10.099 0.1428571492
55725  22.001  -24.126  -2.303 0.4285714328
54882  21.556  -24.858  -1.901 0.4285714328
63971  30.055  -15.263  -7.609 0.4285714328
109595  27.069  8.499  -7.602 0.4285714328
109585  26.143  9.020  -7.689 0.2857142985
109055  25.643  11.344  -8.645 0.2857142985
76277  24.039  -0.580  -7.982 0.4285714328
77898  25.540  1.551  -7.255 0.5714285970
77909  24.035  1.744  -8.167 0.5714285970
78801  23.909  2.655  -8.451 0.5714285970
84096  25.248  8.593  -7.715 0.2857142985
79828  20.548  3.242  -10.083 0.4285714328
80759  22.034  4.716  -11.360 0.2857142985
76266  26.409  -0.691  -7.146 0.5714285970
77125  21.158  0.726  -9.501 0.5714285970
82496  23.319  6.313  -8.924 0.2857142985
60451  28.336  -18.458  -6.150 0.1428571492
59478  28.646  -19.021  -3.469 0.1428571492
75456  23.542  -1.356  -8.214 0.2857142985
84110  22.985  8.177  -9.642 0.2857142985
83336  24.274  7.953  -8.074 0.2857142985
75473  21.038  -1.396  -9.396 0.2857142985
121946  22.509  0.208  -9.035 0.4285714328
82497  22.333  6.337  -9.954 0.1428571492
76287  21.893  0.139  -9.086 0.4285714328
75468  20.483  -0.816  -8.988 0.2857142985
77123  22.931  0.638  -9.061 0.5714285970
77124  22.293  0.987  -9.724 0.5714285970
76290  19.502  -0.210  -8.523 0.4285714328
121993  30.098  -16.970  -6.318 0.1428571492
74601  24.665  -2.468  -7.706 0.2857142985
109265  24.647  11.396  -10.083 0.2857142985
109491  24.626  11.886  -10.730 0.2857142985
111740  23.582  12.912  -12.000 0.1428571492
68507  26.064  -9.756  -7.618 0.4285714328
71005  26.274  -6.862  -7.781 0.2857142985
84120  21.591  8.118  -10.008 0.1428571492
109030  21.965  9.644  -10.727 0.1428571492
125975  21.134  5.118  -7.011 0.1428571492
84111  20.893  8.114  -9.346 0.1428571492
84119  22.177  8.285  -10.433 0.1428571492
109445  22.359  8.900  -10.741 0.1428571492
81576  21.022  5.836  -7.489 0.1428571492
82493  20.995  6.450  -7.973 0.1428571492
122863  21.472  6.939  -9.486 0.1428571492
83338  20.848  7.511  -9.002 0.1428571492
117687  21.372  9.530  -10.196 0.1428571492
121177  21.042  6.970  -8.499 0.1428571492
84097  21.487  8.338  -7.521 0.1428571492
118760  21.190  8.802  -9.763 0.1428571492
126609  26.657  -7.438  -7.750 0.2857142985
82476  21.468  6.411  -7.016 0.1428571492
84804  21.024  8.892  -8.786 0.1428571492
109316  21.862  10.678  -10.681 0.1428571492
59532  26.978  -19.194  -6.516 0.2857142985
83352  22.003  7.649  -10.206 0.1428571492
109029  22.935  9.532  -10.891 0.1428571492
109527  22.519  10.347  -11.067 0.1428571492
83337  21.047  7.625  -7.904 0.1428571492
59510  26.597  -19.381  -6.076 0.4285714328
56651  23.704  -22.558  -2.787 0.4285714328
56659  24.088  -21.987  -3.116 0.2857142985
56650  24.522  -22.266  -2.479 0.1428571492
57583  24.467  -21.542  -3.603 0.2857142985
55741  23.356  -23.216  -2.483 0.2857142985
77921  22.605  1.848  -10.750 0.4285714328
56652  22.881  -22.820  -3.037 0.4285714328
57570  24.844  -21.640  -2.825 0.1428571492
55740  24.149  -22.955  -2.222 0.1428571492
76278  23.124  -0.394  -8.681 0.2857142985
55742  22.468  -23.420  -2.633 0.2857142985
122493  22.119  -22.933  -3.061 0.2857142985
61356  23.767  -17.642  -5.605 0.2857142985
61370  23.565  -16.775  -6.104 0.2857142985
62250  23.540  -16.008  -6.532 0.2857142985
109442  24.571  -12.940  -7.374 0.1428571492
67663  25.570  -10.438  -7.652 0.1428571492
71015  25.511  -6.914  -8.140 0.1428571492
71886  25.245  -5.412  -8.065 0.1428571492
73705  25.869  -3.816  -7.674 0.1428571492
116399  24.569  -5.075  -8.400 0.1428571492
73714  25.324  -3.454  -8.057 0.1428571492
116471  24.777  -3.911  -8.448 0.1428571492
131126  23.210  -2.006  -8.534 0.1428571492
75465  22.847  -1.327  -8.917 0.1428571492
74618  21.377  -1.976  -9.770 0.1428571492
74617  22.013  -2.249  -9.714 0.1428571492
77115  19.804  1.030  -8.990 0.1428571492
124721  19.343  0.359  -7.355 0.1428571492
75436  17.543  -0.963  -6.019 0.1428571492
77101  19.285  0.402  -6.564 0.1428571492
115766  18.724  -0.019  -6.186 0.1428571492
121571  19.766  1.566  -7.535 0.1428571492
125244  20.768  -24.711  -1.969 0.2857142985
131736  25.967  -2.916  -7.659 0.2857142985
73715  23.867  -3.893  -8.519 0.1428571492
75466  22.238  -1.475  -9.327 0.1428571492
65781  24.592  -12.259  -7.704 0.1428571492
68509  25.307  -9.830  -8.077 0.1428571492
68508  25.078  -9.014  -8.303 0.1428571492
69367  25.902  -8.541  -8.062 0.1428571492
70183  23.917  -7.513  -8.855 0.1428571492
122055  25.115  -6.281  -8.226 0.1428571492
71887  24.378  -5.938  -8.528 0.1428571492
71897  23.826  -5.241  -8.652 0.1428571492
74608  25.147  -3.097  -7.999 0.1428571492
119553  21.321  -2.604  -9.881 0.1428571492
76259  18.064  -0.431  -6.222 0.1428571492
76267  18.782  -0.109  -6.756 0.1428571492
61371  22.921  -17.363  -6.164 0.2857142985
66803  25.237  -11.641  -7.375 0.1428571492
72799  25.877  -4.720  -7.655 0.1428571492
75444  17.724  -1.047  -6.501 0.1428571492
130514  25.567  -3.009  -7.846 0.1428571492
75455  24.457  -1.534  -7.587 0.1428571492
55743  21.420  -23.388  -2.683 0.2857142985
62251  22.700  -16.518  -6.653 0.1428571492
72811  25.146  -4.321  -8.262 0.1428571492
71017  23.705  -6.693  -8.850 0.1428571492
55705  20.235  -23.883  -0.963 0.1428571492
110008  20.279  -24.127  -2.009 0.1428571492
56653  21.472  -22.491  -3.087 0.1428571492
109264  31.152  -12.385  -9.151 0.1428571492
115947  30.833  -13.045  -10.368 0.1428571492
120661  30.765  5.038  -9.771 0.1428571492
54042  20.569  -25.238  -0.616 0.1428571492
56631  19.918  -23.158  -2.117 0.1428571492
113362  20.532  -22.613  -2.605 0.1428571492
57586  21.351  -21.267  -3.776 0.1428571492
80756  30.713  4.265  -9.640 0.1428571492
82510  30.924  6.355  -10.031 0.1428571492
58529  21.004  -20.509  -4.247 0.1428571492
79825  30.909  3.418  -9.578 0.1428571492
54055  21.080  -25.000  -1.358 0.1428571492
108962  31.071  -12.005  -10.285 0.1428571492
56662  21.612  -21.886  -3.493 0.1428571492
129098  20.504  -24.501  -0.963 0.1428571492
55727  19.859  -23.375  -1.504 0.1428571492
63959  28.254  -14.611  -6.312 0.7142857313
64825  30.377  -14.517  -7.930 0.5714285970
67660  30.561  -10.674  -7.225 0.5714285970
68498  28.133  -9.881  -6.691 0.7142857313
68505  30.003  -9.452  -6.903 0.7142857313
69365  27.218  -8.465  -7.323 0.7142857313
69372  31.761  -9.050  -8.486 0.7142857313
69381  31.810  -8.493  -9.354 0.5714285970
70162  28.654  -7.476  -6.652 0.8571428657
70181  25.217  -7.509  -8.356 0.1428571492
71016  24.651  -6.950  -8.525 0.1428571492
71884  31.709  -5.724  -8.394 0.7142857313
72812  24.245  -4.523  -8.524 0.1428571492
73693  29.544  -2.775  -6.537 0.8571428657
73699  31.611  -2.770  -7.525 0.8571428657
74571  17.244  -1.926  -5.758 0.1428571492
74589  26.876  -1.922  -6.809 0.7142857313
74599  26.301  -2.153  -7.339 0.4285714328
74602  23.794  -2.286  -7.935 0.1428571492
74607  31.977  -2.904  -8.177 0.8571428657
74611  22.645  -2.155  -9.156 0.1428571492
74619  20.752  -2.152  -9.720 0.1428571492
75443  26.673  -1.418  -7.006 0.7142857313
75451  31.201  -1.193  -6.865 0.8571428657
75452  30.334  -1.302  -6.629 0.8571428657
75454  25.272  -1.948  -7.483 0.2857142985
75457  19.117  -0.750  -8.251 0.2857142985
75467  21.646  -0.792  -9.151 0.4285714328
75469  19.447  -1.906  -8.984 0.2857142985
75472  21.687  -1.592  -9.543 0.1428571492
75479  31.159  -1.579  -10.411 0.1428571492
76258  18.149  -0.263  -5.910 0.1428571492
76275  25.656  -0.698  -7.325 0.2857142985
76286  22.425  -0.627  -9.035 0.2857142985
76288  20.907  -0.088  -9.017 0.4285714328
77084  19.790  0.917  -6.349 0.2857142985
77096  30.468  0.452  -6.600 0.8571428657
77111  25.938  0.058  -7.211 0.7142857313
77114  23.660  0.296  -8.289 0.5714285970
77116  19.493  0.390  -8.304 0.1428571492
77126  20.243  0.582  -9.183 0.4285714328
77893  30.202  1.342  -6.514 0.8571428657
77895  27.756  1.210  -6.723 0.7142857313
77897  26.351  1.733  -7.020 0.7142857313
77910  23.339  2.048  -9.320 0.5714285970
77911  19.816  1.821  -8.528 0.4285714328
77943  30.550  1.169  -10.692 0.1428571492
78788  28.453  2.557  -6.501 0.8571428657
78799  30.697  2.898  -6.738 0.8571428657
78800  24.927  2.223  -7.663 0.7142857313
78802  23.442  2.928  -9.966 0.5714285970
78816  20.210  3.255  -8.838 0.2857142985
78826  31.137  2.641  -9.606 0.1428571492
78828  22.938  2.836  -11.506 0.4285714328
78829  21.892  3.131  -11.226 0.5714285970
78837  31.327  1.967  -9.838 0.1428571492
78840  22.839  3.479  -11.984 0.5714285970
79780  30.304  3.694  -6.556 0.8571428657
79782  28.294  3.407  -6.474 0.8571428657
79796  25.714  3.996  -7.516 0.8571428657
79813  31.200  3.379  -8.118 0.8571428657
79814  23.592  3.909  -10.648 0.5714285970
79826  23.371  4.302  -12.086 0.5714285970
79827  21.266  4.046  -10.931 0.4285714328
79838  22.673  4.206  -12.091 0.5714285970
80716  28.835  4.685  -6.448 0.8571428657
80725  30.685  4.593  -7.398 0.8571428657
80727  25.249  4.745  -7.629 0.7142857313
80746  30.916  4.711  -8.215 0.4285714328
80757  23.318  4.804  -11.436 0.5714285970
81573  27.662  5.603  -6.736 0.8571428657
81587  26.347  5.407  -7.141 0.5714285970
81589  24.799  5.500  -7.812 0.5714285970
81601  22.892  5.655  -9.444 0.1428571492
81603  21.169  5.435  -9.591 0.1428571492
81611  30.931  5.746  -9.391 0.4285714328
81614  22.002  5.299  -10.922 0.1428571492
82469  29.708  5.838  -6.884 0.7142857313
82473  26.114  6.126  -7.316 0.5714285970
82490  27.096  7.074  -7.094 0.5714285970
83320  27.984  7.004  -7.072 0.5714285970
83323  21.258  7.024  -7.430 0.1428571492
83334  26.622  7.722  -7.359 0.4285714328
83345  21.978  6.952  -10.105 0.2857142985
83346  21.490  7.477  -9.764 0.1428571492
84098  20.914  8.237  -8.378 0.1428571492
84109  29.359  8.935  -8.064 0.4285714328
84127  21.726  8.840  -10.428 0.1428571492
84824  29.894  9.897  -9.970 0.1428571492
85480  29.239  10.341  -9.058 0.1428571492
85491  28.894  10.918  -9.362 0.1428571492
85521  20.140  10.980  -13.055 0.1428571492
85532  19.722  11.117  -13.061 0.1428571492
85541  20.265  11.103  -13.596 0.1428571492
86160  28.307  11.555  -9.708 0.1428571492
86168  28.497  11.777  -10.490 0.1428571492
86202  20.596  11.044  -13.173 0.1428571492
86204  19.489  11.634  -13.003 0.1428571492
86214  20.039  11.416  -14.029 0.1428571492
86878  27.818  12.144  -12.082 0.1428571492
86879  26.661  12.748  -12.848 0.1428571492
86892  25.416  12.974  -13.619 0.1428571492
87528  25.070  13.564  -13.235 0.1428571492
108973  24.089  -12.648  -8.229 0.1428571492
108976  28.791  -12.269  -6.468 0.5714285970
109032  21.520  10.225  -10.334 0.1428571492
109033  26.296  9.956  -7.888 0.2857142985
109038  25.287  12.779  -10.754 0.1428571492
109047  23.823  11.707  -11.238 0.1428571492
109053  25.461  13.315  -11.725 0.1428571492
109065  26.843  12.901  -9.541 0.2857142985
109069  27.328  12.203  -12.816 0.1428571492
109184  26.745  13.652  -10.475 0.1428571492
109227  24.753  9.689  -8.510 0.2857142985
109375  27.288  11.980  -9.268 0.1428571492
109410  24.576  13.369  -12.111 0.1428571492
110004  31.061  -11.863  -8.351 0.8571428657
110716  30.414  -2.924  -6.691 0.8571428657
111239  27.947  -5.286  -6.858 0.8571428657
112417  30.747  1.984  -10.399 0.1428571492
113499  29.870  9.876  -10.656 0.1428571492
113563  18.015  -1.304  -7.234 0.1428571492
113614  25.225  -0.094  -7.335 0.5714285970
114250  23.778  7.052  -8.496 0.2857142985
114588  31.143  -10.374  -7.628 0.8571428657
115361  28.110  -6.056  -6.823 0.8571428657
115439  31.511  -1.011  -7.480 0.8571428657
115803  20.435  1.173  -9.583 0.4285714328
117108  30.817  6.109  -8.532 0.4285714328
119153  30.979  -8.179  -7.359 0.8571428657
119426  24.861  2.873  -7.906 0.7142857313
119592  30.115  6.775  -7.626 0.8571428657
119769  23.364  1.201  -8.682 0.5714285970
120301  27.194  -9.123  -7.158 0.7142857313
120979  22.978  12.989  -12.839 0.1428571492
122273  28.408  -6.856  -6.745 0.7142857313
122790  25.314  6.032  -7.629 0.5714285970
123183  31.917  -6.493  -11.181 0.1428571492
123423  24.751  -3.560  -8.286 0.1428571492
124404  26.383  13.159  -12.093 0.1428571492
124431  26.178  13.463  -11.330 0.1428571492
124568  25.537  10.163  -8.116 0.2857142985
124575  26.980  9.223  -7.930 0.5714285970
124597  24.611  13.630  -12.844 0.1428571492
125414  27.247  12.737  -9.686 0.1428571492
125641  30.512  6.271  -7.882 0.5714285970
126298  18.964  -1.393  -8.376 0.4285714328
126806  24.491  13.489  -13.222 0.1428571492
127098  24.336  -12.765  -7.868 0.1428571492
127642  25.597  -21.337  -2.636 0.2857142985
127653  26.001  -5.477  -7.616 0.2857142985
129197  27.049  -18.114  -6.608 0.7142857313
129390  30.684  -0.070  -6.648 0.8571428657
129465  19.557  1.002  -7.074 0.1428571492
130336  31.494  0.539  -7.822 0.8571428657
130705  29.799  1.802  -6.404 0.8571428657
130738  20.424  11.224  -14.085 0.1428571492
131026  26.470  -3.420  -7.215 0.7142857313
131044  30.361  -3.221  -12.218 0.1428571492
131439  24.802  1.416  -7.611 0.5714285970
131888  30.860  -0.019  -10.894 0.1428571492
131996  25.623  -14.568  -6.257 0.7142857313
