#Insight Transform File V1.0
#Transform 0
Transform: AffineTransform_float_3_3
Parameters: 0.999999 -0.00121883 0.000246679 0.00121894 0.999999 -0.000186133 -0.000247301 0.000186768 1 0.00295487 0.0435737 0.277446
FixedParameters: 0 0 0

#Transform 1
Transform: AffineTransform_float_3_3
Parameters: 0.999999 -0.0012378 0.000212435 0.00123789 0.999999 -0.000248997 -0.000212896 0.000248557 1 0.0119327 0.044855 0.254934
FixedParameters: 0 0 0

#Transform 2
Transform: AffineTransform_float_3_3
Parameters: 0.999999 -0.00132655 0.000183753 0.00132654 0.999999 -9.544e-05 -0.000183581 9.49623e-05 1 0.0130399 0.0105161 0.246699
FixedParameters: 0 0 0

#Transform 3
Transform: AffineTransform_float_3_3
Parameters: 0.999999 -0.00129601 0.000254393 0.00129569 0.999999 0.000587454 -0.000254998 -0.000586759 1 0.000775353 -0.0539625 0.224371
FixedParameters: 0 0 0

#Transform 4
Transform: AffineTransform_float_3_3
Parameters: 0.999999 -0.00129868 0.000192897 0.00129862 0.999999 0.00015588 -0.00019338 -0.000155345 1 0.00972584 -0.0468206 0.23329
FixedParameters: 0 0 0

#Transform 5
Transform: AffineTransform_float_3_3
Parameters: 0.999999 -0.000566364 0.000473217 0.000566833 0.999999 0.000543464 -0.000472819 -0.000542967 0.999999 -0.000994089 0.0143568 0.328502
FixedParameters: 0 0 0

#Transform 6
Transform: AffineTransform_float_3_3
Parameters: 1 -0.00052666 0.000350754 0.000526079 0.999999 0.000804124 -0.000350604 -0.000803754 0.999999 0.0102683 0.0605908 0.335609
FixedParameters: 0 0 0

#Transform 7
Transform: AffineTransform_float_3_3
Parameters: 0.999999 -0.000677414 0.000617912 0.000675915 0.999999 0.00119787 -0.000618457 -0.00119703 0.999999 -0.00480078 -0.0232342 0.271265
FixedParameters: 0 0 0

#Transform 8
Transform: AffineTransform_float_3_3
Parameters: 1 -0.00047825 0.000453955 0.000478156 1 0.000103587 -0.000454054 -0.000103153 1 0.000415086 -0.00884128 0.171563
FixedParameters: 0 0 0

#Transform 9
Transform: AffineTransform_float_3_3
Parameters: 1 -0.000487577 0.000231413 0.000487176 0.999999 0.000830544 -0.000231226 -0.000830317 0.999999 0.0128095 -0.0289192 0.175231
FixedParameters: 0 0 0

#Transform 10
Transform: AffineTransform_float_3_3
Parameters: 1 -0.000295746 9.29485e-05 0.000295695 1 0.000273547 -9.31103e-05 -0.000273492 1 0.00614341 0.00682083 0.168106
FixedParameters: 0 0 0

#Transform 11
Transform: AffineTransform_float_3_3
Parameters: 1 -0.000254831 0.000158482 0.000255505 1 0.000974769 -0.000157966 -0.000974692 0.999999 -0.0103746 -0.293754 0.0787521
FixedParameters: 0 0 0

#Transform 12
Transform: AffineTransform_float_3_3
Parameters: 1 -7.95576e-05 0.00023865 7.92776e-05 1 0.000586484 -0.000238743 -0.000586446 1 -0.0121273 -0.117225 0.139116
FixedParameters: 0 0 0

#Transform 13
Transform: AffineTransform_float_3_3
Parameters: 1 -4.58755e-05 0.000239271 4.59975e-05 1 -0.000254857 -0.000239247 0.000254879 1 -0.0119396 0.0692567 0.147179
FixedParameters: 0 0 0

#Transform 14
Transform: AffineTransform_float_3_3
Parameters: 1 -0.000433007 -8.56839e-05 0.000432771 0.999999 -0.00135938 8.69402e-05 0.00135931 0.999999 0.00723602 0.0595006 -0.0135271
FixedParameters: 0 0 0

#Transform 15
Transform: AffineTransform_float_3_3
Parameters: 1 -5.40042e-05 -0.000179919 5.3895e-05 1 -0.000303515 0.000179952 0.000303496 1 0.0240327 0.0267282 0.0551744
FixedParameters: 0 0 0

#Transform 16
Transform: AffineTransform_float_3_3
Parameters: 1 3.24224e-05 -5.14587e-05 -3.2416e-05 1 6.23057e-05 5.14627e-05 -6.23024e-05 1 0.012558 0.0708758 0.0327054
FixedParameters: 0 0 0

#Transform 17
Transform: AffineTransform_float_3_3
Parameters: 1 8.26614e-05 -0.00010955 -8.2472e-05 0.999999 0.000863902 0.000109693 -0.000863884 0.999999 0.0168662 0.00461362 -0.0213498
FixedParameters: 0 0 0

#Transform 18
Transform: AffineTransform_float_3_3
Parameters: 1 0.000116785 -0.000536087 -0.000116584 1 0.000187493 0.000536131 -0.000187367 1 0.0245728 -0.00715315 -0.0619734
FixedParameters: 0 0 0

#Transform 19
Transform: AffineTransform_float_3_3
Parameters: 1 0.000115347 -0.00102016 -0.000114455 1 0.000437334 0.00102026 -0.000437133 1 0.0590543 0.0159317 -0.0014808
FixedParameters: 0 0 0

#Transform 20
Transform: AffineTransform_float_3_3
Parameters: 1 -0.000275368 -0.000145203 0.000274922 0.999999 -0.00152528 0.000146121 0.0015252 0.999999 0.0104416 0.0682951 -0.00753932
FixedParameters: 0 0 0

#Transform 21
Transform: AffineTransform_float_3_3
Parameters: 1 -7.3263e-05 3.09229e-05 7.33611e-05 0.999998 -0.00161617 -3.06064e-05 0.00161617 0.999998 0.00296575 0.0774666 0.00106579
FixedParameters: 0 0 0

#Transform 22
Transform: AffineTransform_float_3_3
Parameters: 1 8.47097e-05 -0.000412593 -8.43256e-05 1 0.000465488 0.000412672 -0.000465418 1 0.0126127 -0.0286639 -0.0107304
FixedParameters: 0 0 0

#Transform 23
Transform: AffineTransform_float_3_3
Parameters: 1 0.000379482 -0.000249638 -0.000379481 1 2.01918e-06 0.00024964 -1.82971e-06 1 0.036571 -0.010993 0.0502439
FixedParameters: 0 0 0

#Transform 24
Transform: AffineTransform_float_3_3
Parameters: 1 0.00034734 -0.00016718 -0.000347351 1 -3.02658e-05 0.000167159 3.03819e-05 1 0.0156514 -0.0114204 -0.0680669
FixedParameters: 0 0 0

#Transform 25
Transform: AffineTransform_float_3_3
Parameters: 1 0.000358087 -0.000158906 -0.000358015 1 0.000225366 0.000159068 -0.000225253 1 0.0232517 0.00333514 -0.0391993
FixedParameters: 0 0 0

#Transform 26
Transform: AffineTransform_float_3_3
Parameters: 1 0.000368501 -0.000219824 -0.000368506 1 -1.14218e-05 0.000219816 1.15838e-05 1 0.0369683 -0.00517607 -0.0446003
FixedParameters: 0 0 0

#Transform 27
Transform: AffineTransform_float_3_3
Parameters: 1 0.000363374 -0.000433861 -0.000363192 1 0.00021048 0.000434014 -0.000210164 1 0.0651749 -0.0448995 -0.0350635
FixedParameters: 0 0 0

#Transform 28
Transform: AffineTransform_float_3_3
Parameters: 0.999999 0.000346571 -0.000637003 -0.000346682 0.999999 0.000727174 0.000637489 -0.000727691 0.999999 0.0868712 -0.0040496 0.0544215
FixedParameters: 0 0 0

#Transform 29
Transform: AffineTransform_float_3_3
Parameters: 0.999999 0.000501543 -0.000586367 -0.000501919 0.999999 0.000531293 0.000586883 -0.000530665 0.999999 0.0449747 -0.0625733 -0.106644
FixedParameters: 0 0 0

#Transform 30
Transform: AffineTransform_float_3_3
Parameters: 1 0.000376258 -0.000486762 -0.00037639 1 -9.52522e-05 0.00048669 9.46199e-05 1 0.0530492 0.000295463 -0.0665681
FixedParameters: 0 0 0

#Transform 31
Transform: AffineTransform_float_3_3
Parameters: 0.999999 0.000400099 -0.00118158 -0.000401127 1 -0.000410726 0.00118225 0.000410642 0.999999 0.0962684 0.028706 -0.0193476
FixedParameters: 0 0 0

#Transform 32
Transform: AffineTransform_float_3_3
Parameters: 1 0.000316939 -0.000495246 -0.000316517 0.999999 0.00141856 0.000495211 -0.00141821 0.999999 0.0539086 -0.0574645 0.0661121
FixedParameters: 0 0 0

#Transform 33
Transform: AffineTransform_float_3_3
Parameters: 1 -0.000275393 -3.04405e-05 0.000275624 0.999991 0.00406723 2.88351e-05 -0.00406725 0.999991 0.0622503 -0.0761888 0.32431
FixedParameters: 0 0 0

#Transform 34
Transform: AffineTransform_float_3_3
Parameters: 0.999999 7.83471e-05 -0.00094648 -7.51476e-05 0.999996 0.00274771 0.000947186 -0.00274748 0.999996 0.0917303 -0.020608 0.221451
FixedParameters: 0 0 0

#Transform 35
Transform: AffineTransform_float_3_3
Parameters: 0.999999 0.000143191 -0.000963123 -0.000140163 0.999995 0.00312266 0.000963358 -0.00312226 0.999994 0.0903196 -0.0939992 0.156212
FixedParameters: 0 0 0

#Transform 36
Transform: AffineTransform_float_3_3
Parameters: 0.999999 0.000153018 -0.000965019 -0.000149713 0.999996 0.00274173 0.000965136 -0.00274136 0.999996 0.0852862 -0.0803758 0.143771
FixedParameters: 0 0 0

#Transform 37
Transform: AffineTransform_float_3_3
Parameters: 1 0.000241826 -0.000891282 -0.000239746 0.999996 0.0028405 0.000891841 -0.00283995 0.999995 0.0788137 -0.130912 0.14458
FixedParameters: 0 0 0

#Transform 38
Transform: AffineTransform_float_3_3
Parameters: 1 0.000245951 -0.000976288 -0.000243979 0.999996 0.00254538 0.000977722 -0.00254482 0.999997 0.0919581 -0.0715158 0.172398
FixedParameters: 0 0 0

#Transform 39
Transform: AffineTransform_float_3_3
Parameters: 0.999999 -0.000591047 -0.00144982 0.000594592 0.999996 0.00294603 0.00144856 -0.00294655 0.999994 0.12402 -0.111517 0.146828
FixedParameters: 0 0 0

#Transform 40
Transform: AffineTransform_float_3_3
Parameters: 0.999999 -3.46966e-05 -0.00132175 3.88707e-05 0.999995 0.00309312 0.00132185 -0.00309309 0.999995 0.133752 -0.09121 0.10284
FixedParameters: 0 0 0

#Transform 41
Transform: AffineTransform_float_3_3
Parameters: 0.999999 6.10932e-05 -0.00131979 -5.62941e-05 0.999995 0.00333423 0.00132059 -0.00333395 0.999994 0.116028 -0.226548 0.0228692
FixedParameters: 0 0 0

#Transform 42
Transform: AffineTransform_float_3_3
Parameters: 0.999999 6.10319e-05 -0.00174392 -5.55702e-05 0.999994 0.00329695 0.0017446 -0.00329757 0.999993 0.157112 -0.132301 0.103052
FixedParameters: 0 0 0

#Transform 43
Transform: AffineTransform_float_3_3
Parameters: 0.999999 -0.000136721 -0.0013428 0.000140188 0.999995 0.00315399 0.00134224 -0.0031542 0.999994 0.134537 -0.089657 0.0987377
FixedParameters: 0 0 0

#Transform 44
Transform: AffineTransform_float_3_3
Parameters: 0.999999 -0.000153198 -0.00155319 0.000158575 0.999994 0.00366853 0.00155349 -0.00366881 0.999992 0.15126 -0.178725 0.054623
FixedParameters: 0 0 0

#Transform 45
Transform: AffineTransform_float_3_3
Parameters: 0.999999 -0.00015838 -0.00155327 0.000163716 0.999995 0.00333303 0.00155358 -0.00333336 0.999993 0.152746 -0.120508 0.133036
FixedParameters: 0 0 0

#Transform 46
Transform: AffineTransform_float_3_3
Parameters: 0.999998 0.000150367 -0.00189607 -0.000143803 0.999993 0.0035828 0.00189649 -0.00358303 0.999992 0.155462 -0.323546 -0.014307
FixedParameters: 0 0 0

#Transform 47
Transform: AffineTransform_float_3_3
Parameters: 0.999999 0.000475714 -0.00162945 -0.000469336 0.999994 0.00349231 0.00163107 -0.00349161 0.999992 0.131898 -0.270454 -0.00286217
FixedParameters: 0 0 0

#Transform 48
Transform: AffineTransform_float_3_3
Parameters: 0.999998 0.000348555 -0.00158412 -0.000343415 0.999995 0.00320687 0.00158565 -0.0032066 0.999993 0.138685 -0.239901 -0.0243961
FixedParameters: 0 0 0

#Transform 49
Transform: AffineTransform_float_3_3
Parameters: 0.999999 0.000580566 -0.00159902 -0.000574158 0.999993 0.00387598 0.00160096 -0.00387493 0.999992 0.135129 -0.259867 -0.00400493
FixedParameters: 0 0 0

#Transform 50
Transform: AffineTransform_float_3_3
Parameters: 0.999999 0.000297364 -0.00146078 -0.000291663 0.999992 0.00400744 0.00146168 -0.00400737 0.999991 0.137182 -0.267151 -0.0366051
FixedParameters: 0 0 0

#Transform 51
Transform: AffineTransform_float_3_3
Parameters: 0.999998 0.000540017 -0.00145571 -0.0005343 0.999992 0.00402045 0.00145757 -0.00401968 0.999991 0.117309 -0.225247 -0.0307998
FixedParameters: 0 0 0

#Transform 52
Transform: AffineTransform_float_3_3
Parameters: 0.999999 0.00022466 -0.00146231 -0.000219011 0.999992 0.00397341 0.00146261 -0.00397256 0.999991 0.112774 -0.201987 -0.0648065
FixedParameters: 0 0 0

#Transform 53
Transform: AffineTransform_float_3_3
Parameters: 0.999998 0.000750104 -0.00150368 -0.000745245 0.999993 0.00360581 0.00150653 -0.00360435 0.999993 0.125121 -0.214637 -0.0769348
FixedParameters: 0 0 0

#Transform 54
Transform: AffineTransform_float_3_3
Parameters: 0.999999 0.000518331 -0.00145603 -0.000512028 0.999991 0.0042207 0.001458 -0.00422 0.99999 0.141209 -0.206023 0.00573852
FixedParameters: 0 0 0

#Transform 55
Transform: AffineTransform_float_3_3
Parameters: 0.999999 0.000851848 -0.00144911 -0.000845831 0.999991 0.00413439 0.00145267 -0.00413272 0.999991 0.113728 -0.264715 -0.0716438
FixedParameters: 0 0 0

#Transform 56
Transform: AffineTransform_float_3_3
Parameters: 0.999998 0.00126194 -0.00144118 -0.00125643 0.999992 0.00364188 0.00144576 -0.00364009 0.999993 0.124507 -0.216117 -0.0596586
FixedParameters: 0 0 0

#Transform 57
Transform: AffineTransform_float_3_3
Parameters: 0.999998 0.00106514 -0.00108158 -0.00106037 0.999987 0.00494173 0.00108688 -0.00494016 0.999987 0.0994599 -0.27961 -0.0267849
FixedParameters: 0 0 0

#Transform 58
Transform: AffineTransform_float_3_3
Parameters: 0.999998 0.00131958 -0.000873753 -0.00131701 0.999992 0.00373904 0.000878039 -0.00373855 0.999992 0.0939292 -0.162243 0.027256
FixedParameters: 0 0 0

#Transform 59
Transform: AffineTransform_float_3_3
Parameters: 0.999998 0.00163869 -0.00125851 -0.0016336 0.999992 0.00361223 0.00126467 -0.00361091 0.999993 0.101147 -0.239055 -0.0790479
FixedParameters: 0 0 0

#Transform 60
Transform: AffineTransform_float_3_3
Parameters: 0.999998 0.00161155 -0.00120943 -0.00160687 0.999991 0.00397939 0.00121565 -0.00397726 0.999991 0.123963 -0.179499 0.00891135
FixedParameters: 0 0 0

#Transform 61
Transform: AffineTransform_float_3_3
Parameters: 0.999999 0.00130778 -0.00109912 -0.00130302 0.999989 0.00439818 0.00110417 -0.00439612 0.99999 0.118958 -0.189319 0.0274993
FixedParameters: 0 0 0

#Transform 62
Transform: AffineTransform_float_3_3
Parameters: 0.999997 0.00175363 -0.00110163 -0.00174903 0.999991 0.00387099 0.00110762 -0.00386894 0.999992 0.0998851 -0.286808 -0.151692
FixedParameters: 0 0 0

#Transform 63
Transform: AffineTransform_float_3_3
Parameters: 0.999998 0.00102591 -0.00173579 -0.00101937 0.999992 0.00390049 0.00174021 -0.00389869 0.999991 0.142725 -0.261099 -0.121078
FixedParameters: 0 0 0

#Transform 64
Transform: AffineTransform_float_3_3
Parameters: 0.999998 0.000781003 -0.00166828 -0.000772956 0.999989 0.00451075 0.00167198 -0.00450995 0.999989 0.138721 -0.341631 -0.126309
FixedParameters: 0 0 0

#Transform 65
Transform: AffineTransform_float_3_3
Parameters: 0.999998 0.00109501 -0.00166592 -0.00108781 0.999991 0.00425561 0.00167074 -0.00425369 0.999989 0.147144 -0.346423 -0.164985
FixedParameters: 0 0 0

#Transform 66
Transform: AffineTransform_float_3_3
Parameters: 0.999998 0.00135267 -0.00184069 -0.00134537 0.999991 0.00415734 0.00184634 -0.00415506 0.99999 0.171104 -0.276235 -0.0702046
FixedParameters: 0 0 0

#Transform 67
Transform: AffineTransform_float_3_3
Parameters: 0.999998 0.00109776 -0.00166602 -0.00109107 0.999991 0.0041046 0.00167054 -0.00410271 0.999991 0.155424 -0.247207 -0.027281
FixedParameters: 0 0 0

#Transform 68
Transform: AffineTransform_float_3_3
Parameters: 0.999997 0.00142785 -0.00216274 -0.00141683 0.999986 0.00508041 0.0021699 -0.00507685 0.999985 0.175164 -0.451063 -0.189774
FixedParameters: 0 0 0

#Transform 69
Transform: AffineTransform_float_3_3
Parameters: 0.999996 0.00152376 -0.00225192 -0.00151432 0.999989 0.00431089 0.0022585 -0.00430672 0.999989 0.199915 -0.295367 -0.0790762
FixedParameters: 0 0 0

#Transform 70
Transform: AffineTransform_float_3_3
Parameters: 0.999997 0.00120772 -0.00225804 -0.00119734 0.999988 0.00473296 0.00226405 -0.00473015 0.999987 0.184499 -0.344308 -0.125416
FixedParameters: 0 0 0

#Transform 71
Transform: AffineTransform_float_3_3
Parameters: 0.999996 0.00134669 -0.00260071 -0.00133361 0.999986 0.00501721 0.00260783 -0.00501382 0.999984 0.198725 -0.318579 -0.080071
FixedParameters: 0 0 0

#Transform 72
Transform: AffineTransform_float_3_3
Parameters: 0.999997 0.00143251 -0.00225205 -0.00141985 0.999984 0.00546196 0.00225948 -0.00545809 0.999982 0.172431 -0.310957 -0.0520598
FixedParameters: 0 0 0

#Transform 73
Transform: AffineTransform_float_3_3
Parameters: 0.999992 0.0013654 -0.00392248 -0.00135272 0.999994 0.00304026 0.0039268 -0.00303538 0.999987 0.241365 -0.335121 -0.275648
FixedParameters: 0 0 0

#Transform 74
Transform: AffineTransform_float_3_3
Parameters: 0.999994 0.00178622 -0.00266105 -0.00177238 0.999985 0.00504993 0.0026697 -0.005046 0.999984 0.200001 -0.360186 -0.129513
FixedParameters: 0 0 0

#Transform 75
Transform: AffineTransform_float_3_3
Parameters: 0.999995 0.00163618 -0.00263139 -0.00162182 0.999983 0.00556998 0.00264042 -0.00556487 0.999981 0.166114 -0.415015 -0.159374
FixedParameters: 0 0 0

#Transform 76
Transform: AffineTransform_float_3_3
Parameters: 0.999995 0.00152259 -0.00263236 -0.00150645 0.999981 0.00590637 0.0026413 -0.00590189 0.99998 0.197282 -0.393504 -0.11185
FixedParameters: 0 0 0

#Transform 77
Transform: AffineTransform_float_3_3
Parameters: 0.999996 0.00136204 -0.00254952 -0.00134618 0.999979 0.00624181 0.00255853 -0.00623833 0.999977 0.159153 -0.481548 -0.188109
FixedParameters: 0 0 0

#Transform 78
Transform: AffineTransform_float_3_3
Parameters: 0.999996 0.00158035 -0.00239575 -0.00156522 0.999981 0.00606477 0.00240489 -0.0060607 0.999979 0.170458 -0.387844 -0.0828402
FixedParameters: 0 0 0

#Transform 79
Transform: AffineTransform_float_3_3
Parameters: 0.999997 0.00131455 -0.00225327 -0.00129967 0.999979 0.00639171 0.00226128 -0.00638833 0.999977 0.160745 -0.372647 0.00189911
FixedParameters: 0 0 0

#Transform 80
Transform: AffineTransform_float_3_3
Parameters: 0.999995 0.00154662 -0.00258477 -0.00152793 0.999974 0.0070873 0.00259611 -0.0070837 0.999971 0.18308 -0.382838 -0.00508175
FixedParameters: 0 0 0

#Transform 81
Transform: AffineTransform_float_3_3
Parameters: 0.999996 0.00154816 -0.00252287 -0.00152975 0.999975 0.00700625 0.00253393 -0.00700284 0.999972 0.174976 -0.505475 -0.11447
FixedParameters: 0 0 0

#Transform 82
Transform: AffineTransform_float_3_3
Parameters: 0.999996 0.00156431 -0.00224744 -0.00154946 0.999979 0.00640123 0.00225768 -0.00639771 0.999977 0.178872 -0.399063 -0.0448542
FixedParameters: 0 0 0

#Transform 83
Transform: AffineTransform_float_3_3
Parameters: 0.999995 0.00226259 -0.00207109 -0.00224736 0.999971 0.00726002 0.00208745 -0.00725603 0.999972 0.159472 -0.385958 0.0374157
FixedParameters: 0 0 0

#Transform 84
Transform: AffineTransform_float_3_3
Parameters: 0.999995 0.00159252 -0.00236353 -0.00157583 0.999974 0.00711011 0.00237471 -0.00710697 0.999972 0.158386 -0.399611 -0.0147737
FixedParameters: 0 0 0
