#!ascii label  , from subject sub-v2s4x29609_ses-1 vox2ras=TkReg
1688
65542  -46.501  -15.708  44.733 0.0000000000
77392  -61.841  -5.782  35.092 0.0000000000
70507  -54.950  -11.588  40.241 0.0000000000
50019  -20.973  -29.034  69.295 0.0000000000
66669  -42.706  -15.217  49.414 0.0000000000
51115  -36.667  -27.477  67.143 0.0000000000
54559  -44.514  -24.987  64.243 0.0000000000
60949  -47.214  -19.299  56.796 0.0000000000
66609  -47.409  -14.544  55.135 0.0000000000
55901  -28.334  -23.814  61.814 0.0000000000
55801  -32.907  -24.231  68.070 0.0000000000
152254  -31.812  -24.828  62.048 0.0000000000
51211  -41.425  -27.722  60.030 0.0000000000
54626  -46.189  -24.916  58.966 0.0000000000
69206  -49.396  -12.235  49.619 0.0000000000
140727  -53.859  -14.178  47.226 0.0000000000
72915  -59.354  -9.643  37.533 0.0000000000
65606  -51.056  -15.779  41.233 0.0000000000
80760  -57.219  -2.317  30.661 0.0000000000
48905  -17.052  -30.221  70.058 0.0000000000
71585  -46.295  -10.217  52.199 0.0000000000
69237  -43.408  -14.552  47.393 0.0000000000
149083  -35.798  -28.121  62.018 0.0000000000
50099  -41.266  -29.033  65.829 0.0000000000
65552  -58.901  -15.256  45.185 0.0000000000
81894  -65.463  -1.422  26.552 0.0000000000
59743  -46.640  -20.903  55.657 0.0000000000
60964  -46.220  -19.306  54.692 0.0000000000
138642  -29.773  -23.309  61.770 0.0000000000
138934  -44.882  -26.004  57.338 0.0000000000
55991  -45.853  -24.353  56.234 0.0000000000
58490  -47.431  -21.855  57.881 0.0000000000
66710  -48.178  -14.180  47.403 0.0000000000
67952  -51.976  -13.202  48.190 0.0000000000
66754  -50.673  -15.212  45.867 0.0000000000
154038  -60.518  -7.608  36.234 0.0000000000
72889  -62.702  -9.723  39.678 0.0000000000
78538  -63.338  -4.217  34.281 0.0000000000
48947  -19.383  -29.705  67.207 0.0000000000
162077  -18.904  -29.652  69.788 0.0000000000
148823  -45.394  -15.137  52.297 0.0000000000
69158  -46.616  -12.917  53.490 0.0000000000
69190  -44.695  -12.941  51.517 0.0000000000
70424  -45.144  -11.184  48.904 0.0000000000
141888  -42.637  -13.966  48.185 0.0000000000
53310  -35.052  -25.853  68.043 0.0000000000
53277  -36.007  -26.219  70.903 0.0000000000
51065  -36.481  -28.575  69.658 0.0000000000
50027  -38.486  -29.252  69.018 0.0000000000
52280  -33.339  -27.051  59.439 0.0000000000
51233  -36.009  -28.119  58.874 0.0000000000
52248  -43.753  -26.866  62.028 0.0000000000
50136  -41.503  -28.999  63.031 0.0000000000
51164  -42.864  -27.108  64.446 0.0000000000
52186  -42.876  -26.623  67.879 0.0000000000
52192  -25.071  -27.012  65.981 0.0000000000
53283  -26.425  -25.342  69.101 0.0000000000
55747  -26.931  -24.007  72.545 0.0000000000
68048  -52.455  -13.508  40.486 0.0000000000
65570  -54.514  -15.230  43.686 0.0000000000
68017  -56.330  -13.370  42.791 0.0000000000
80807  -67.051  -2.734  24.915 0.0000000000
51016  -20.342  -27.495  73.374 0.0000000000
63159  -47.950  -17.556  58.464 0.0000000000
66577  -48.451  -14.787  57.871 0.0000000000
64258  -47.313  -16.816  55.716 0.0000000000
64297  -45.658  -16.528  53.170 0.0000000000
147815  -28.208  -23.973  65.017 0.0000000000
57089  -30.260  -22.950  67.521 0.0000000000
57138  -29.629  -23.482  64.248 0.0000000000
156854  -32.060  -24.530  65.012 0.0000000000
52207  -34.627  -26.593  65.036 0.0000000000
51236  -39.379  -27.856  58.375 0.0000000000
51255  -41.665  -27.203  57.626 0.0000000000
52283  -43.970  -26.661  59.376 0.0000000000
159934  -45.765  -25.273  61.152 0.0000000000
57219  -47.353  -22.824  60.685 0.0000000000
140839  -47.984  -20.013  60.202 0.0000000000
53380  -26.486  -25.861  62.474 0.0000000000
72760  -50.983  -9.458  51.562 0.0000000000
73860  -54.730  -8.648  52.746 0.0000000000
141916  -52.900  -10.809  50.884 0.0000000000
145885  -55.492  -12.708  49.452 0.0000000000
71752  -56.758  -10.372  38.521 0.0000000000
69291  -59.190  -12.493  41.646 0.0000000000
70510  -61.078  -11.439  40.893 0.0000000000
46515  -11.510  -31.891  73.507 0.0000000000
137541  -49.282  -16.089  43.157 0.0000000000
68059  -49.616  -13.975  38.761 0.0000000000
72908  -52.547  -9.387  37.042 0.0000000000
74053  -54.520  -7.999  35.975 0.0000000000
75189  -55.770  -6.720  35.117 0.0000000000
78532  -57.523  -4.577  34.182 0.0000000000
156637  -59.306  -3.222  33.412 0.0000000000
80734  -55.704  -2.859  31.979 0.0000000000
49966  -18.488  -28.347  73.365 0.0000000000
49971  -16.044  -29.363  73.413 0.0000000000
48874  -13.531  -30.082  73.333 0.0000000000
73803  -50.549  -8.508  56.559 0.0000000000
69126  -47.921  -12.683  56.452 0.0000000000
71539  -47.760  -10.868  55.166 0.0000000000
73854  -48.992  -8.801  52.912 0.0000000000
72789  -47.866  -10.063  50.297 0.0000000000
67946  -46.206  -13.144  48.586 0.0000000000
66748  -44.587  -15.326  46.005 0.0000000000
55768  -33.871  -24.414  71.203 0.0000000000
52245  -34.152  -27.014  62.288 0.0000000000
51161  -36.417  -27.977  64.560 0.0000000000
135946  -38.697  -29.008  61.362 0.0000000000
50134  -38.438  -29.469  64.057 0.0000000000
50078  -38.769  -28.905  66.520 0.0000000000
156190  -40.767  -28.188  69.225 0.0000000000
50071  -20.970  -29.236  66.512 0.0000000000
51126  -22.990  -28.403  66.436 0.0000000000
51060  -23.577  -27.951  70.441 0.0000000000
155293  -52.730  -16.029  44.739 0.0000000000
65511  -56.170  -15.926  46.442 0.0000000000
65487  -59.467  -15.318  49.034 0.0000000000
67995  -60.923  -13.170  44.863 0.0000000000
81806  -61.016  -2.335  32.781 0.0000000000
82880  -62.974  -1.170  31.092 0.0000000000
157893  -65.523  -0.852  29.935 0.0000000000
82942  -63.745  -1.294  27.724 0.0000000000
82904  -67.883  -0.730  28.600 0.0000000000
57297  -45.841  -22.367  55.009 0.0000000000
59748  -45.740  -20.809  54.321 0.0000000000
57313  -44.756  -22.090  53.495 0.0000000000
161332  -45.423  -24.673  55.800 0.0000000000
147835  -45.894  -23.085  55.405 0.0000000000
57298  -46.392  -22.416  55.813 0.0000000000
66750  -47.141  -14.967  46.169 0.0000000000
66731  -49.473  -14.452  46.519 0.0000000000
65526  -48.400  -15.188  45.392 0.0000000000
153837  -60.910  -6.991  35.880 0.0000000000
74022  -62.314  -8.336  37.419 0.0000000000
75155  -63.702  -7.125  36.778 0.0000000000
141508  -63.739  -6.621  36.206 0.0000000000
77393  -62.872  -5.645  35.017 0.0000000000
50053  -20.091  -29.492  67.947 0.0000000000
151965  -19.292  -29.705  68.023 0.0000000000
50018  -20.315  -29.228  69.874 0.0000000000
66656  -44.327  -14.883  50.949 0.0000000000
67912  -45.207  -13.919  52.022 0.0000000000
67930  -43.595  -14.169  50.209 0.0000000000
67931  -43.510  -13.377  50.239 0.0000000000
67936  -42.586  -14.158  48.798 0.0000000000
57041  -28.786  -23.123  70.644 0.0000000000
52184  -36.132  -26.855  67.472 0.0000000000
139741  -36.191  -27.072  68.861 0.0000000000
154684  -36.537  -27.727  68.705 0.0000000000
50026  -37.381  -29.145  69.150 0.0000000000
50042  -37.837  -28.874  68.528 0.0000000000
138037  -43.776  -26.566  62.952 0.0000000000
52232  -43.182  -27.028  63.251 0.0000000000
52220  -43.396  -26.684  63.835 0.0000000000
52210  -43.158  -26.189  65.702 0.0000000000
54493  -26.927  -24.790  66.919 0.0000000000
55784  -27.293  -24.217  68.913 0.0000000000
146082  -27.512  -23.857  70.360 0.0000000000
74950  -52.731  -7.255  55.395 0.0000000000
69306  -53.592  -12.303  40.470 0.0000000000
68033  -54.285  -12.981  41.830 0.0000000000
69289  -55.588  -12.293  41.544 0.0000000000
62094  -47.792  -18.397  58.083 0.0000000000
63165  -47.847  -17.282  57.604 0.0000000000
62104  -47.374  -18.043  56.242 0.0000000000
63194  -45.770  -17.969  53.849 0.0000000000
63209  -44.832  -17.746  52.647 0.0000000000
64316  -44.727  -16.327  52.027 0.0000000000
55867  -28.119  -24.101  63.468 0.0000000000
55851  -28.757  -23.733  64.657 0.0000000000
55885  -28.610  -23.765  62.821 0.0000000000
159598  -30.783  -23.826  62.337 0.0000000000
139646  -30.373  -23.618  62.785 0.0000000000
54551  -32.151  -24.940  63.656 0.0000000000
54515  -33.155  -25.477  64.923 0.0000000000
53350  -33.526  -25.961  64.177 0.0000000000
51253  -40.378  -27.251  57.205 0.0000000000
53460  -45.661  -25.444  57.655 0.0000000000
52298  -44.511  -26.436  58.856 0.0000000000
53452  -45.193  -26.045  59.170 0.0000000000
52272  -44.612  -26.487  60.568 0.0000000000
53423  -45.808  -25.427  60.422 0.0000000000
54593  -46.531  -24.155  61.334 0.0000000000
163353  -46.835  -24.074  59.847 0.0000000000
59725  -47.269  -20.670  57.281 0.0000000000
58477  -47.715  -21.317  59.140 0.0000000000
138466  -47.707  -19.788  58.380 0.0000000000
148235  -47.946  -18.925  59.347 0.0000000000
54571  -27.407  -24.697  62.403 0.0000000000
71612  -50.104  -10.502  50.604 0.0000000000
72782  -52.085  -9.943  51.259 0.0000000000
70428  -51.517  -11.341  50.242 0.0000000000
154268  -53.355  -13.693  47.721 0.0000000000
150798  -53.185  -12.738  48.972 0.0000000000
67954  -54.549  -13.319  48.423 0.0000000000
67939  -56.492  -13.639  49.741 0.0000000000
66696  -55.413  -14.189  48.183 0.0000000000
72896  -58.105  -10.107  38.181 0.0000000000
71741  -58.996  -10.873  39.359 0.0000000000
71755  -59.392  -10.480  38.758 0.0000000000
72882  -63.898  -8.867  41.227 0.0000000000
158499  -53.585  -8.569  36.457 0.0000000000
75168  -52.507  -7.446  35.342 0.0000000000
76278  -54.085  -6.235  34.745 0.0000000000
78530  -54.850  -4.712  34.352 0.0000000000
77406  -56.607  -5.633  34.746 0.0000000000
78551  -56.128  -3.996  34.027 0.0000000000
79624  -56.637  -3.526  33.382 0.0000000000
47830  -17.540  -30.316  68.204 0.0000000000
47803  -16.280  -30.524  70.291 0.0000000000
52077  -19.764  -26.548  74.868 0.0000000000
51028  -19.043  -28.163  73.074 0.0000000000
51007  -19.101  -27.210  74.404 0.0000000000
156278  -16.714  -28.289  75.061 0.0000000000
137758  -15.202  -28.824  74.558 0.0000000000
48875  -14.416  -29.783  73.346 0.0000000000
159000  -13.855  -29.038  74.573 0.0000000000
48860  -12.129  -29.753  74.840 0.0000000000
66593  -47.586  -14.709  55.890 0.0000000000
158625  -48.318  -13.667  57.420 0.0000000000
67866  -47.626  -14.008  55.857 0.0000000000
70390  -46.638  -11.508  53.467 0.0000000000
70374  -47.310  -11.325  54.674 0.0000000000
71573  -47.163  -10.200  53.559 0.0000000000
72710  -48.611  -9.341  54.242 0.0000000000
72723  -47.671  -9.543  53.054 0.0000000000
140742  -48.321  -9.142  51.656 0.0000000000
72756  -46.830  -9.731  50.742 0.0000000000
70442  -44.395  -12.562  48.237 0.0000000000
70435  -45.379  -11.818  48.768 0.0000000000
69239  -44.461  -13.446  47.863 0.0000000000
155335  -45.430  -14.244  47.503 0.0000000000
66727  -44.189  -14.924  46.730 0.0000000000
55799  -31.491  -23.471  67.314 0.0000000000
55774  -32.378  -23.659  69.557 0.0000000000
55789  -32.986  -24.091  69.067 0.0000000000
51206  -34.547  -27.671  60.522 0.0000000000
161771  -33.864  -27.085  60.809 0.0000000000
51188  -34.969  -27.634  62.099 0.0000000000
52246  -34.818  -27.324  63.019 0.0000000000
51190  -36.087  -28.216  62.845 0.0000000000
51221  -40.536  -27.853  59.479 0.0000000000
50176  -39.034  -28.385  59.893 0.0000000000
50169  -40.256  -28.452  60.903 0.0000000000
48992  -41.378  -29.321  64.561 0.0000000000
49013  -39.709  -29.811  62.888 0.0000000000
48990  -39.765  -29.840  64.697 0.0000000000
50098  -38.689  -29.068  65.615 0.0000000000
48961  -40.060  -29.369  66.052 0.0000000000
50062  -39.529  -28.812  67.899 0.0000000000
50064  -41.052  -28.427  67.233 0.0000000000
139933  -47.112  -22.001  62.685 0.0000000000
51128  -24.362  -27.658  66.220 0.0000000000
51092  -24.039  -27.781  68.000 0.0000000000
51091  -23.314  -28.286  68.114 0.0000000000
136724  -26.919  -23.803  74.388 0.0000000000
65585  -49.622  -16.189  42.287 0.0000000000
65567  -50.752  -16.373  43.715 0.0000000000
135765  -52.062  -16.105  42.726 0.0000000000
65550  -56.935  -15.583  44.972 0.0000000000
137358  -55.970  -15.684  44.994 0.0000000000
159628  -57.939  -16.091  46.313 0.0000000000
65500  -58.248  -16.092  47.725 0.0000000000
138768  -59.599  -15.777  47.116 0.0000000000
69260  -60.764  -12.575  43.288 0.0000000000
69259  -59.922  -13.065  43.034 0.0000000000
69252  -61.378  -12.487  44.786 0.0000000000
148702  -57.808  -2.764  32.330 0.0000000000
80718  -60.479  -2.766  33.256 0.0000000000
81812  -59.237  -2.201  32.102 0.0000000000
161168  -60.821  -1.496  30.590 0.0000000000
82887  -61.929  -1.143  30.362 0.0000000000
152655  -63.495  -0.889  30.368 0.0000000000
142289  -62.829  -1.038  29.209 0.0000000000
82973  -63.097  -1.433  25.693 0.0000000000
141306  -62.234  -1.269  25.961 0.0000000000
143831  -64.188  -1.346  27.200 0.0000000000
82944  -65.428  -0.891  27.714 0.0000000000
82962  -66.703  -0.795  26.953 0.0000000000
81897  -67.352  -1.284  26.583 0.0000000000
79701  -68.739  -3.189  24.932 0.0000000000
138402  -47.001  -20.087  56.768 0.0000000000
62118  -46.826  -19.093  55.461 0.0000000000
142054  -46.069  -20.187  54.717 0.0000000000
60981  -45.138  -19.915  53.460 0.0000000000
57190  -28.931  -23.432  61.306 0.0000000000
53467  -44.596  -25.869  56.419 0.0000000000
53468  -45.335  -25.469  56.742 0.0000000000
54644  -46.189  -24.634  57.612 0.0000000000
55959  -46.938  -23.535  58.498 0.0000000000
55992  -46.702  -23.341  57.022 0.0000000000
58516  -46.844  -21.965  56.519 0.0000000000
158653  -48.687  -13.229  48.571 0.0000000000
69225  -50.616  -12.825  48.909 0.0000000000
67965  -49.653  -13.633  47.774 0.0000000000
66713  -50.969  -14.213  47.072 0.0000000000
146772  -52.730  -14.699  46.654 0.0000000000
138233  -59.249  -8.731  36.546 0.0000000000
137407  -60.676  -9.846  38.273 0.0000000000
74007  -61.936  -8.957  37.950 0.0000000000
72890  -63.315  -9.147  39.417 0.0000000000
79613  -64.958  -3.687  34.258 0.0000000000
48934  -18.154  -30.027  68.116 0.0000000000
140129  -17.832  -29.936  69.777 0.0000000000
66629  -46.270  -14.586  53.064 0.0000000000
67890  -46.934  -13.553  53.759 0.0000000000
67900  -46.316  -13.715  53.083 0.0000000000
69172  -45.983  -12.723  52.867 0.0000000000
70405  -45.054  -11.351  51.606 0.0000000000
71598  -45.408  -10.463  50.874 0.0000000000
155391  -44.070  -11.979  50.528 0.0000000000
70421  -43.328  -12.846  48.337 0.0000000000
69231  -43.394  -14.195  47.539 0.0000000000
54467  -34.100  -25.009  68.282 0.0000000000
54458  -34.375  -24.994  69.532 0.0000000000
53295  -35.139  -25.718  68.844 0.0000000000
51064  -36.109  -27.804  70.423 0.0000000000
47797  -38.433  -31.094  70.372 0.0000000000
51217  -34.666  -27.785  59.561 0.0000000000
51208  -35.941  -28.287  60.555 0.0000000000
51201  -42.356  -27.649  61.163 0.0000000000
50159  -40.913  -28.515  61.419 0.0000000000
51192  -42.592  -27.780  62.448 0.0000000000
51163  -42.495  -27.997  64.013 0.0000000000
50100  -41.969  -28.610  64.721 0.0000000000
154480  -41.866  -27.896  66.430 0.0000000000
52197  -42.781  -26.572  66.414 0.0000000000
145299  -25.864  -26.456  63.978 0.0000000000
52206  -25.619  -26.516  65.346 0.0000000000
53282  -25.893  -25.854  69.530 0.0000000000
53262  -25.871  -25.684  71.351 0.0000000000
54449  -26.713  -24.782  70.445 0.0000000000
66832  -52.148  -14.351  40.824 0.0000000000
66794  -52.864  -14.995  42.047 0.0000000000
68014  -53.905  -13.709  42.206 0.0000000000
139448  -56.253  -14.292  43.609 0.0000000000
66783  -57.978  -14.301  43.901 0.0000000000
81843  -56.752  -1.891  29.847 0.0000000000
81844  -57.677  -1.970  30.101 0.0000000000
81858  -57.362  -1.755  29.363 0.0000000000
81904  -63.884  -1.643  25.278 0.0000000000
81919  -66.550  -2.258  25.519 0.0000000000
80805  -65.114  -2.423  24.199 0.0000000000
80818  -65.717  -2.974  23.629 0.0000000000
51058  -22.091  -28.374  70.960 0.0000000000
51045  -20.991  -28.243  71.905 0.0000000000
66570  -49.062  -14.847  59.260 0.0000000000
64246  -48.038  -16.643  58.197 0.0000000000
160958  -47.912  -15.770  57.000 0.0000000000
65388  -47.403  -15.886  55.669 0.0000000000
63176  -47.012  -17.661  55.431 0.0000000000
64266  -46.566  -16.672  54.355 0.0000000000
65400  -46.814  -15.810  54.226 0.0000000000
65429  -45.350  -15.896  52.562 0.0000000000
65438  -44.484  -15.855  51.427 0.0000000000
55813  -28.122  -23.807  66.412 0.0000000000
156892  -28.862  -23.167  67.589 0.0000000000
57087  -29.102  -23.174  66.837 0.0000000000
57105  -30.216  -23.094  66.569 0.0000000000
55815  -31.283  -23.525  66.581 0.0000000000
57172  -29.530  -23.348  62.448 0.0000000000
57140  -30.408  -23.725  64.412 0.0000000000
54495  -32.731  -24.640  66.433 0.0000000000
53322  -34.168  -25.572  66.949 0.0000000000
153981  -34.541  -25.998  66.395 0.0000000000
52194  -35.530  -26.747  66.222 0.0000000000
51237  -40.349  -27.651  58.032 0.0000000000
51222  -41.366  -27.605  59.039 0.0000000000
52308  -43.416  -26.722  57.837 0.0000000000
52296  -42.842  -26.942  58.582 0.0000000000
155289  -42.893  -27.093  60.040 0.0000000000
52261  -43.688  -26.923  61.183 0.0000000000
154367  -44.403  -26.511  61.434 0.0000000000
53388  -45.085  -25.287  62.603 0.0000000000
55876  -45.547  -24.006  63.905 0.0000000000
55907  -46.230  -24.090  62.130 0.0000000000
55908  -46.782  -23.488  61.845 0.0000000000
57197  -47.558  -22.095  61.160 0.0000000000
57260  -47.393  -22.795  58.998 0.0000000000
58469  -47.749  -21.380  59.950 0.0000000000
59696  -47.931  -20.384  61.113 0.0000000000
60915  -48.137  -19.405  60.844 0.0000000000
158019  -26.614  -25.733  63.245 0.0000000000
144427  -51.288  -8.738  52.656 0.0000000000
73880  -52.365  -9.188  52.119 0.0000000000
72763  -53.719  -9.609  51.650 0.0000000000
71602  -55.179  -10.504  51.304 0.0000000000
69209  -52.315  -12.425  49.308 0.0000000000
70430  -54.039  -11.858  49.917 0.0000000000
160474  -56.148  -10.974  39.441 0.0000000000
155557  -56.861  -11.945  41.104 0.0000000000
70520  -57.941  -11.233  39.980 0.0000000000
151896  -59.959  -12.110  41.370 0.0000000000
159759  -61.447  -11.626  42.202 0.0000000000
71743  -61.423  -10.578  39.769 0.0000000000
71717  -62.172  -10.699  41.621 0.0000000000
137544  -45.878  -15.949  42.995 0.0000000000
137543  -47.408  -15.789  43.384 0.0000000000
65582  -46.422  -15.647  42.213 0.0000000000
144486  -48.186  -15.821  41.664 0.0000000000
65622  -48.954  -15.562  40.000 0.0000000000
66831  -50.385  -15.124  40.064 0.0000000000
68061  -51.262  -13.646  39.400 0.0000000000
69316  -51.672  -12.858  39.090 0.0000000000
69335  -52.744  -11.844  39.062 0.0000000000
71750  -53.839  -10.569  38.385 0.0000000000
71773  -54.292  -9.932  37.978 0.0000000000
143353  -55.948  -9.503  37.392 0.0000000000
74037  -56.665  -8.540  36.386 0.0000000000
75187  -53.631  -6.834  35.079 0.0000000000
75171  -55.639  -7.352  35.463 0.0000000000
74056  -57.187  -7.996  36.011 0.0000000000
75174  -58.501  -7.377  35.654 0.0000000000
153020  -59.710  -6.518  35.367 0.0000000000
77409  -59.712  -5.186  34.478 0.0000000000
78535  -60.145  -4.395  34.143 0.0000000000
79607  -58.838  -3.730  33.750 0.0000000000
79643  -57.191  -3.085  32.856 0.0000000000
136706  -56.770  -2.832  31.993 0.0000000000
80758  -55.517  -2.156  30.547 0.0000000000
49985  -19.633  -28.874  71.562 0.0000000000
49984  -18.797  -29.100  71.777 0.0000000000
48886  -17.858  -29.433  71.908 0.0000000000
51005  -17.782  -27.720  74.912 0.0000000000
146121  -17.222  -28.871  73.686 0.0000000000
135615  -16.433  -29.989  71.760 0.0000000000
48892  -15.649  -30.253  71.915 0.0000000000
47789  -14.602  -30.866  71.521 0.0000000000
46534  -13.484  -31.648  71.410 0.0000000000
47773  -12.653  -31.017  72.747 0.0000000000
74948  -51.209  -8.040  55.176 0.0000000000
70324  -48.632  -11.606  57.454 0.0000000000
69143  -47.397  -12.868  55.132 0.0000000000
70337  -47.932  -11.805  56.338 0.0000000000
72700  -49.281  -9.420  55.913 0.0000000000
73825  -49.506  -8.884  54.348 0.0000000000
73838  -50.586  -8.575  53.160 0.0000000000
73877  -49.844  -8.981  51.789 0.0000000000
136567  -48.948  -9.636  50.886 0.0000000000
138584  -48.540  -10.943  50.051 0.0000000000
71622  -46.432  -10.442  49.679 0.0000000000
70437  -47.066  -11.633  49.299 0.0000000000
69222  -47.598  -12.573  49.032 0.0000000000
67963  -47.685  -13.834  48.147 0.0000000000
66728  -46.752  -14.663  46.898 0.0000000000
65524  -45.774  -15.659  45.246 0.0000000000
160818  -41.411  -15.458  48.082 0.0000000000
67943  -41.694  -14.514  47.396 0.0000000000
67958  -41.825  -14.391  46.984 0.0000000000
67984  -41.364  -14.828  46.237 0.0000000000
66746  -42.218  -15.153  45.918 0.0000000000
65521  -42.664  -15.637  45.521 0.0000000000
65540  -44.106  -16.082  44.771 0.0000000000
65561  -44.511  -16.311  43.843 0.0000000000
146497  -34.767  -25.245  70.702 0.0000000000
55921  -31.116  -24.478  60.375 0.0000000000
53398  -32.316  -25.886  60.945 0.0000000000
53381  -32.992  -25.899  62.553 0.0000000000
53367  -33.887  -26.386  63.568 0.0000000000
52218  -35.230  -27.125  64.649 0.0000000000
51133  -36.666  -27.645  66.289 0.0000000000
51219  -37.824  -28.270  59.008 0.0000000000
50174  -37.228  -28.466  59.710 0.0000000000
50156  -37.100  -28.825  61.158 0.0000000000
50158  -40.320  -28.991  61.699 0.0000000000
139525  -38.397  -29.470  62.241 0.0000000000
50144  -37.539  -29.157  62.676 0.0000000000
50115  -37.710  -28.865  64.473 0.0000000000
50097  -37.845  -28.673  65.318 0.0000000000
51116  -37.349  -28.155  66.791 0.0000000000
50043  -38.660  -28.860  68.118 0.0000000000
50029  -40.242  -28.993  69.341 0.0000000000
138340  -20.187  -29.462  66.867 0.0000000000
50037  -20.952  -29.170  68.414 0.0000000000
51141  -22.941  -28.189  64.826 0.0000000000
50092  -22.246  -28.557  65.122 0.0000000000
50056  -22.593  -28.605  66.851 0.0000000000
50039  -22.487  -28.663  68.509 0.0000000000
50001  -22.298  -28.588  70.209 0.0000000000
51048  -23.459  -27.820  71.232 0.0000000000
141724  -25.949  -25.035  72.707 0.0000000000
65545  -49.544  -15.749  44.617 0.0000000000
66755  -51.558  -15.409  45.737 0.0000000000
65509  -53.007  -15.208  46.115 0.0000000000
137102  -53.855  -15.724  43.943 0.0000000000
137477  -54.796  -15.802  45.883 0.0000000000
65498  -55.042  -15.162  47.032 0.0000000000
65485  -56.885  -15.477  48.027 0.0000000000
144524  -57.789  -12.853  42.131 0.0000000000
68005  -58.522  -13.770  43.408 0.0000000000
138363  -59.314  -14.607  44.713 0.0000000000
79610  -61.519  -3.721  33.975 0.0000000000
79629  -62.525  -2.947  33.556 0.0000000000
80721  -62.860  -2.550  33.058 0.0000000000
81830  -59.822  -1.875  31.539 0.0000000000
81832  -61.440  -1.579  31.836 0.0000000000
80741  -64.213  -2.346  32.489 0.0000000000
81819  -65.814  -2.167  31.798 0.0000000000
81837  -66.247  -1.485  31.129 0.0000000000
82940  -61.592  -1.301  27.498 0.0000000000
146977  -64.147  -1.075  28.492 0.0000000000
82901  -65.955  -0.706  28.928 0.0000000000
142906  -68.075  -2.194  25.398 0.0000000000
57308  -45.350  -22.287  54.244 0.0000000000
56014  -44.992  -23.987  54.770 0.0000000000
56031  -45.344  -23.193  54.677 0.0000000000
159923  -47.163  -15.531  44.978 0.0000000000
65525  -47.550  -15.238  45.487 0.0000000000
65543  -47.864  -15.476  44.820 0.0000000000
76263  -61.359  -6.426  35.490 0.0000000000
75154  -62.155  -7.248  36.301 0.0000000000
76244  -63.001  -6.937  36.227 0.0000000000
76265  -63.299  -6.279  35.677 0.0000000000
77394  -63.741  -5.651  35.320 0.0000000000
50036  -20.276  -29.371  68.939 0.0000000000
66655  -43.881  -15.168  50.419 0.0000000000
67922  -44.049  -14.490  50.684 0.0000000000
153318  -43.654  -14.714  50.174 0.0000000000
66682  -43.031  -14.574  49.585 0.0000000000
57056  -29.267  -22.972  70.008 0.0000000000
137451  -29.110  -22.983  69.140 0.0000000000
146937  -36.531  -27.389  68.039 0.0000000000
51098  -37.074  -28.186  68.217 0.0000000000
154375  -37.075  -27.967  67.569 0.0000000000
52249  -44.461  -25.872  62.846 0.0000000000
162829  -44.002  -25.810  63.827 0.0000000000
57054  -27.950  -23.560  69.711 0.0000000000
69319  -54.120  -11.750  40.040 0.0000000000
69288  -54.737  -12.393  41.400 0.0000000000
69308  -55.252  -11.912  40.928 0.0000000000
62105  -47.545  -18.877  57.396 0.0000000000
147001  -47.656  -18.036  57.219 0.0000000000
154428  -47.404  -18.628  56.757 0.0000000000
62150  -44.662  -18.621  52.613 0.0000000000
62137  -45.195  -18.331  53.217 0.0000000000
55887  -31.356  -24.289  62.344 0.0000000000
55870  -31.563  -24.406  63.277 0.0000000000
54572  -31.970  -24.856  62.782 0.0000000000
54534  -32.832  -25.463  63.968 0.0000000000
54552  -32.586  -25.416  63.104 0.0000000000
53453  -45.717  -25.556  58.626 0.0000000000
53441  -45.802  -25.515  59.519 0.0000000000
54609  -46.381  -24.777  59.892 0.0000000000
54627  -46.714  -24.242  59.155 0.0000000000
59726  -47.450  -19.765  57.516 0.0000000000
59714  -47.594  -20.528  57.996 0.0000000000
60934  -47.675  -19.168  58.012 0.0000000000
54585  -27.567  -24.392  61.778 0.0000000000
136020  -50.005  -11.218  50.260 0.0000000000
71625  -50.668  -11.092  50.415 0.0000000000
70427  -50.699  -11.789  49.903 0.0000000000
139449  -53.719  -13.260  48.355 0.0000000000
163056  -54.848  -13.767  48.061 0.0000000000
139286  -55.253  -13.552  48.612 0.0000000000
72914  -58.494  -9.732  37.505 0.0000000000
72897  -58.947  -10.059  38.167 0.0000000000
72873  -63.973  -9.040  42.263 0.0000000000
74051  -52.216  -8.120  35.880 0.0000000000
78531  -55.685  -4.663  34.399 0.0000000000
78550  -55.244  -3.990  34.050 0.0000000000
79623  -55.705  -3.518  33.414 0.0000000000
47817  -17.286  -30.323  69.107 0.0000000000
47816  -16.500  -30.647  69.362 0.0000000000
52070  -19.001  -26.565  75.299 0.0000000000
49955  -14.482  -28.761  74.783 0.0000000000
49949  -12.502  -28.871  75.932 0.0000000000
157969  -47.467  -15.181  55.596 0.0000000000
71572  -46.541  -10.767  53.069 0.0000000000
71556  -46.997  -11.018  53.892 0.0000000000
71586  -46.938  -9.870  52.655 0.0000000000
72738  -47.593  -9.362  52.111 0.0000000000
72737  -46.865  -9.668  51.675 0.0000000000
156540  -43.847  -13.739  47.683 0.0000000000
69232  -44.279  -13.031  47.935 0.0000000000
69238  -44.075  -13.860  47.617 0.0000000000
67977  -44.526  -14.201  47.416 0.0000000000
67976  -44.050  -14.779  47.095 0.0000000000
55800  -32.168  -23.808  67.677 0.0000000000
143949  -35.298  -27.977  61.151 0.0000000000
51197  -34.420  -27.415  61.405 0.0000000000
51189  -35.420  -27.835  62.682 0.0000000000
51210  -40.615  -27.980  60.297 0.0000000000
51209  -39.886  -28.162  60.107 0.0000000000
48975  -41.022  -29.484  65.238 0.0000000000
48991  -40.590  -29.747  64.552 0.0000000000
48974  -40.296  -29.665  65.324 0.0000000000
48973  -39.529  -29.521  65.458 0.0000000000
157224  -40.689  -29.351  65.800 0.0000000000
50080  -40.679  -28.964  66.567 0.0000000000
154840  -47.350  -21.444  62.880 0.0000000000
53261  -25.346  -26.428  70.846 0.0000000000
65586  -50.633  -16.241  42.071 0.0000000000
137315  -51.191  -16.368  42.816 0.0000000000
150621  -51.761  -15.990  41.914 0.0000000000
65551  -57.906  -15.449  45.057 0.0000000000
151438  -58.360  -15.801  45.796 0.0000000000
65513  -58.693  -16.040  46.627 0.0000000000
149733  -59.339  -15.497  46.086 0.0000000000
70462  -61.517  -11.979  43.663 0.0000000000
156753  -61.272  -12.446  44.135 0.0000000000
80752  -57.538  -2.556  31.491 0.0000000000
80753  -58.391  -2.391  31.830 0.0000000000
158645  -61.830  -1.184  29.383 0.0000000000
156408  -62.521  -0.987  29.868 0.0000000000
82918  -61.268  -1.394  28.443 0.0000000000
81893  -64.264  -1.480  26.377 0.0000000000
82960  -65.008  -1.279  27.162 0.0000000000
82963  -67.190  -0.883  26.906 0.0000000000
81895  -66.380  -1.249  26.563 0.0000000000
60965  -46.615  -20.037  55.355 0.0000000000
59742  -46.167  -20.853  55.007 0.0000000000
59753  -45.269  -20.700  53.728 0.0000000000
53479  -44.334  -25.519  55.538 0.0000000000
160625  -45.534  -24.944  56.313 0.0000000000
54658  -45.843  -24.854  56.903 0.0000000000
160398  -46.302  -24.117  56.913 0.0000000000
55975  -46.637  -23.893  57.669 0.0000000000
58527  -46.655  -21.592  55.938 0.0000000000
59733  -46.922  -21.004  56.490 0.0000000000
67964  -48.685  -13.662  48.043 0.0000000000
67949  -49.283  -13.233  48.459 0.0000000000
66711  -49.113  -14.004  47.180 0.0000000000
66753  -49.793  -14.994  45.925 0.0000000000
66712  -50.022  -14.040  47.083 0.0000000000
66732  -50.366  -14.595  46.472 0.0000000000
66714  -52.019  -14.328  46.989 0.0000000000
66733  -51.294  -14.783  46.405 0.0000000000
74039  -59.991  -8.306  36.545 0.0000000000
74020  -60.580  -8.822  37.129 0.0000000000
74021  -61.465  -8.609  37.254 0.0000000000
74002  -63.888  -8.571  39.152 0.0000000000
73995  -64.057  -8.685  40.183 0.0000000000
74003  -64.464  -8.164  39.704 0.0000000000
78539  -64.701  -4.411  34.818 0.0000000000
78540  -65.538  -3.816  35.013 0.0000000000
143992  -64.138  -4.202  34.383 0.0000000000
48924  -19.143  -29.636  69.333 0.0000000000
48935  -18.759  -29.799  68.595 0.0000000000
48923  -18.531  -29.783  69.448 0.0000000000
48922  -17.998  -29.982  68.877 0.0000000000
65430  -45.876  -15.197  52.791 0.0000000000
66628  -45.734  -14.398  52.458 0.0000000000
67924  -44.900  -13.568  51.665 0.0000000000
69171  -45.261  -13.014  52.140 0.0000000000
69183  -45.464  -12.070  52.313 0.0000000000
70398  -44.928  -12.295  51.829 0.0000000000
70404  -44.480  -12.081  51.191 0.0000000000
67945  -42.804  -13.530  48.590 0.0000000000
69204  -43.205  -12.983  49.312 0.0000000000
135560  -43.052  -13.869  47.921 0.0000000000
53309  -34.435  -25.510  67.721 0.0000000000
53294  -34.649  -25.458  68.357 0.0000000000
51079  -36.224  -27.629  69.475 0.0000000000
52153  -36.054  -26.809  69.564 0.0000000000
50007  -38.156  -29.762  69.416 0.0000000000
48912  -37.641  -30.175  70.001 0.0000000000
48913  -38.818  -30.100  69.812 0.0000000000
51218  -35.483  -28.034  59.435 0.0000000000
51207  -35.347  -28.018  60.168 0.0000000000
50173  -36.213  -28.308  59.727 0.0000000000
141865  -42.995  -27.352  61.720 0.0000000000
159737  -42.330  -27.849  61.823 0.0000000000
159280  -42.934  -27.277  63.740 0.0000000000
51180  -42.778  -27.618  63.183 0.0000000000
51149  -42.449  -27.790  65.036 0.0000000000
51134  -42.347  -27.480  65.950 0.0000000000
51150  -42.783  -26.861  65.362 0.0000000000
52198  -43.436  -25.833  66.458 0.0000000000
53348  -26.006  -26.145  64.656 0.0000000000
52216  -25.482  -26.750  64.524 0.0000000000
53333  -26.217  -25.848  65.466 0.0000000000
53293  -26.445  -25.385  68.224 0.0000000000
54456  -26.365  -25.312  69.963 0.0000000000
57030  -28.322  -23.328  71.266 0.0000000000
55757  -27.593  -23.728  71.248 0.0000000000
68031  -52.841  -13.797  41.189 0.0000000000
66812  -53.199  -14.122  41.855 0.0000000000
68032  -53.538  -13.336  41.535 0.0000000000
68016  -55.616  -13.208  42.575 0.0000000000
66797  -55.872  -13.805  43.178 0.0000000000
68003  -56.684  -13.822  43.189 0.0000000000
66782  -57.035  -14.402  43.725 0.0000000000
81903  -62.904  -1.524  24.685 0.0000000000
81916  -63.570  -1.784  24.244 0.0000000000
81917  -64.531  -1.998  24.738 0.0000000000
81929  -63.355  -1.679  23.297 0.0000000000
51032  -22.385  -27.714  72.289 0.0000000000
53219  -20.962  -25.963  75.042 0.0000000000
64239  -48.305  -16.883  59.052 0.0000000000
65369  -48.503  -16.070  58.761 0.0000000000
63170  -47.653  -17.200  56.626 0.0000000000
64253  -47.883  -16.473  57.284 0.0000000000
64259  -47.708  -16.258  56.419 0.0000000000
141791  -47.000  -18.398  55.650 0.0000000000
62117  -46.623  -18.412  55.014 0.0000000000
64281  -45.983  -17.050  53.822 0.0000000000
159223  -46.396  -17.594  54.554 0.0000000000
150734  -46.197  -16.188  53.715 0.0000000000
155955  -45.892  -15.813  53.151 0.0000000000
55814  -28.692  -23.492  66.381 0.0000000000
55834  -28.588  -23.709  65.594 0.0000000000
157195  -29.429  -23.451  64.789 0.0000000000
57120  -29.497  -23.347  65.464 0.0000000000
57121  -30.000  -23.286  65.751 0.0000000000
57122  -30.647  -23.448  66.042 0.0000000000
137600  -30.217  -23.556  65.164 0.0000000000
57171  -28.968  -23.394  62.184 0.0000000000
55853  -31.687  -24.440  64.238 0.0000000000
55852  -31.043  -23.962  64.372 0.0000000000
143852  -31.514  -24.135  65.080 0.0000000000
55836  -32.080  -24.279  65.747 0.0000000000
54497  -33.475  -25.172  66.714 0.0000000000
54496  -33.259  -25.238  65.864 0.0000000000
149017  -33.932  -26.004  64.923 0.0000000000
53335  -33.667  -25.716  65.522 0.0000000000
53337  -34.881  -26.473  65.889 0.0000000000
160061  -35.098  -26.340  66.531 0.0000000000
51254  -40.960  -27.374  57.611 0.0000000000
51238  -41.187  -27.526  58.231 0.0000000000
147678  -40.716  -27.710  58.707 0.0000000000
51239  -41.993  -27.323  58.422 0.0000000000
52323  -43.963  -26.424  57.023 0.0000000000
143809  -43.072  -26.681  57.049 0.0000000000
52297  -43.721  -26.685  58.671 0.0000000000
52282  -43.230  -26.894  59.391 0.0000000000
52271  -43.000  -27.218  60.784 0.0000000000
160642  -43.776  -26.828  60.240 0.0000000000
53422  -45.225  -25.926  61.080 0.0000000000
53404  -44.850  -25.922  62.014 0.0000000000
53405  -45.467  -25.347  61.816 0.0000000000
137838  -45.698  -24.723  62.391 0.0000000000
54592  -45.978  -24.727  61.603 0.0000000000
55926  -46.972  -23.512  61.025 0.0000000000
57196  -47.163  -22.796  61.493 0.0000000000
136827  -47.272  -22.659  58.165 0.0000000000
57261  -47.598  -22.016  58.650 0.0000000000
59705  -47.824  -20.618  59.621 0.0000000000
150131  -47.855  -20.750  60.334 0.0000000000
146648  -47.766  -21.350  60.774 0.0000000000
62084  -47.923  -18.316  58.973 0.0000000000
137684  -48.135  -18.412  59.752 0.0000000000
63153  -48.190  -17.670  59.399 0.0000000000
54513  -27.751  -24.375  64.864 0.0000000000
73878  -50.706  -9.116  51.968 0.0000000000
73857  -52.052  -8.830  52.561 0.0000000000
73879  -51.521  -9.188  52.108 0.0000000000
140042  -51.983  -10.581  50.854 0.0000000000
71614  -52.584  -10.215  51.166 0.0000000000
71600  -53.300  -10.214  51.241 0.0000000000
71601  -54.173  -10.262  51.276 0.0000000000
71615  -53.742  -10.826  50.900 0.0000000000
69226  -51.550  -12.778  48.940 0.0000000000
159105  -51.542  -12.137  49.610 0.0000000000
69211  -54.751  -12.363  49.477 0.0000000000
69210  -53.835  -12.373  49.407 0.0000000000
70415  -55.874  -11.746  50.516 0.0000000000
69199  -56.447  -12.319  50.464 0.0000000000
67940  -57.206  -13.702  50.501 0.0000000000
71737  -55.945  -10.712  38.909 0.0000000000
70519  -57.136  -11.250  39.980 0.0000000000
71739  -57.540  -10.929  39.513 0.0000000000
71728  -60.181  -11.064  40.002 0.0000000000
70521  -59.382  -11.276  40.078 0.0000000000
148988  -60.270  -11.618  40.671 0.0000000000
70493  -60.814  -11.882  41.600 0.0000000000
72888  -61.900  -9.958  39.284 0.0000000000
71757  -61.064  -10.189  39.011 0.0000000000
160896  -62.200  -10.293  40.093 0.0000000000
71718  -62.701  -10.062  41.834 0.0000000000
46522  -11.659  -32.002  72.818 0.0000000000
46532  -11.975  -32.265  72.095 0.0000000000
45332  -11.513  -32.730  72.523 0.0000000000
65603  -47.488  -15.663  41.020 0.0000000000
65604  -48.893  -15.852  40.928 0.0000000000
142502  -48.173  -15.737  40.410 0.0000000000
66830  -49.649  -15.146  39.734 0.0000000000
66845  -49.601  -14.528  39.208 0.0000000000
66847  -50.866  -14.428  39.756 0.0000000000
68060  -50.359  -14.010  39.084 0.0000000000
69333  -51.283  -12.402  38.481 0.0000000000
69334  -52.087  -12.145  38.767 0.0000000000
70529  -51.728  -11.678  38.173 0.0000000000
71749  -52.999  -10.698  38.210 0.0000000000
71772  -53.489  -9.992  37.860 0.0000000000
71751  -54.659  -10.451  38.441 0.0000000000
72909  -53.265  -9.463  37.266 0.0000000000
74034  -54.211  -8.508  36.458 0.0000000000
72930  -54.610  -9.017  37.004 0.0000000000
74035  -54.998  -8.492  36.407 0.0000000000
153370  -56.172  -8.923  36.817 0.0000000000
74036  -55.824  -8.447  36.369 0.0000000000
76279  -55.032  -6.291  34.840 0.0000000000
162378  -55.162  -6.988  35.151 0.0000000000
74055  -56.284  -7.828  35.884 0.0000000000
149264  -56.928  -7.450  35.652 0.0000000000
75173  -57.637  -7.427  35.647 0.0000000000
76259  -57.149  -6.872  35.330 0.0000000000
162181  -57.215  -5.278  34.521 0.0000000000
76282  -58.407  -6.014  34.813 0.0000000000
77407  -57.968  -5.291  34.462 0.0000000000
76283  -59.285  -5.922  34.880 0.0000000000
77408  -58.846  -5.239  34.424 0.0000000000
78534  -59.273  -4.404  34.073 0.0000000000
78533  -58.389  -4.470  34.096 0.0000000000
79642  -56.201  -3.129  32.763 0.0000000000
79625  -57.592  -3.481  33.362 0.0000000000
46558  -15.355  -31.394  69.276 0.0000000000
51030  -20.662  -27.882  72.623 0.0000000000
49986  -20.465  -28.692  71.366 0.0000000000
49976  -20.152  -28.404  72.120 0.0000000000
49975  -19.317  -28.578  72.353 0.0000000000
49974  -18.431  -28.798  72.698 0.0000000000
48894  -18.404  -29.497  71.162 0.0000000000
52075  -17.840  -27.173  75.451 0.0000000000
49964  -16.425  -28.959  73.869 0.0000000000
49957  -16.921  -28.622  74.437 0.0000000000
49972  -16.718  -29.306  73.146 0.0000000000
48885  -16.966  -29.601  72.335 0.0000000000
48884  -16.028  -29.741  72.649 0.0000000000
47791  -16.020  -30.427  71.142 0.0000000000
48883  -14.164  -30.221  72.815 0.0000000000
48891  -15.004  -30.506  71.934 0.0000000000
47775  -14.373  -30.579  72.230 0.0000000000
47788  -13.888  -31.082  71.846 0.0000000000
47774  -13.476  -30.663  72.622 0.0000000000
47787  -13.103  -31.314  72.144 0.0000000000
47762  -12.671  -30.539  73.358 0.0000000000
48843  -11.868  -29.827  76.225 0.0000000000
74934  -51.101  -8.057  56.136 0.0000000000
153891  -51.683  -7.717  55.840 0.0000000000
73816  -50.488  -8.525  55.685 0.0000000000
65376  -48.717  -15.222  58.603 0.0000000000
66578  -48.919  -14.278  58.604 0.0000000000
67867  -47.952  -13.616  56.647 0.0000000000
69105  -48.318  -12.982  57.230 0.0000000000
69106  -48.716  -12.425  57.776 0.0000000000
70323  -48.222  -12.170  57.063 0.0000000000
152922  -47.099  -12.997  53.985 0.0000000000
67891  -47.278  -13.296  54.489 0.0000000000
146060  -47.261  -12.746  54.513 0.0000000000
70355  -47.584  -11.630  55.462 0.0000000000
71522  -47.996  -11.079  55.953 0.0000000000
159202  -48.190  -10.481  55.602 0.0000000000
72684  -48.955  -9.915  56.464 0.0000000000
72699  -48.654  -9.950  55.706 0.0000000000
72724  -48.369  -9.178  53.403 0.0000000000
73836  -48.995  -8.915  53.663 0.0000000000
144129  -50.261  -8.549  53.930 0.0000000000
73837  -49.686  -8.680  53.397 0.0000000000
73855  -49.753  -8.747  52.571 0.0000000000
72758  -48.308  -9.462  51.003 0.0000000000
142401  -49.018  -9.174  51.384 0.0000000000
72778  -48.353  -9.862  50.569 0.0000000000
163919  -48.908  -10.015  50.520 0.0000000000
72790  -48.472  -10.248  50.321 0.0000000000
71609  -45.257  -10.478  49.994 0.0000000000
71610  -46.039  -10.050  50.194 0.0000000000
71621  -45.620  -10.619  49.475 0.0000000000
69220  -45.769  -12.335  48.703 0.0000000000
70436  -46.205  -11.594  48.921 0.0000000000
69221  -46.655  -12.409  48.885 0.0000000000
67947  -47.148  -13.258  48.682 0.0000000000
144925  -45.151  -14.859  46.718 0.0000000000
150862  -45.943  -14.636  47.005 0.0000000000
152701  -45.421  -15.399  45.894 0.0000000000
157916  -45.984  -15.422  45.752 0.0000000000
65523  -44.910  -15.773  45.283 0.0000000000
66680  -41.624  -14.927  47.965 0.0000000000
66693  -41.196  -15.085  47.210 0.0000000000
67973  -41.297  -14.787  46.557 0.0000000000
67974  -42.139  -14.530  46.713 0.0000000000
66745  -41.391  -15.017  45.732 0.0000000000
66765  -41.865  -15.449  45.446 0.0000000000
66764  -41.266  -15.383  44.942 0.0000000000
57088  -29.430  -22.975  67.602 0.0000000000
57072  -30.294  -22.951  68.964 0.0000000000
57073  -30.876  -23.044  69.071 0.0000000000
55775  -33.068  -23.993  69.973 0.0000000000
53276  -35.343  -25.747  70.599 0.0000000000
54451  -34.815  -25.337  70.049 0.0000000000
161406  -33.782  -26.894  61.528 0.0000000000
52260  -33.127  -26.486  61.110 0.0000000000
52244  -33.365  -26.464  62.018 0.0000000000
53382  -33.622  -26.432  62.819 0.0000000000
139073  -34.163  -26.832  63.086 0.0000000000
51160  -35.728  -27.626  64.201 0.0000000000
52231  -35.104  -27.229  63.867 0.0000000000
52219  -35.878  -27.468  65.025 0.0000000000
51147  -36.550  -27.818  65.422 0.0000000000
51235  -38.383  -27.951  58.344 0.0000000000
50167  -38.450  -28.704  60.507 0.0000000000
50175  -38.153  -28.471  59.763 0.0000000000
50166  -37.580  -28.700  60.420 0.0000000000
161097  -37.894  -28.903  61.028 0.0000000000
50147  -41.186  -28.839  62.218 0.0000000000
50146  -40.355  -29.479  62.432 0.0000000000
49003  -39.077  -29.871  63.434 0.0000000000
49012  -38.958  -29.781  62.720 0.0000000000
50145  -38.287  -29.624  63.104 0.0000000000
50133  -37.618  -29.061  63.591 0.0000000000
50077  -37.988  -28.596  66.165 0.0000000000
51148  -37.246  -28.190  65.828 0.0000000000
51117  -38.109  -28.632  66.884 0.0000000000
50060  -37.805  -28.580  67.623 0.0000000000
50061  -38.751  -28.833  67.339 0.0000000000
50045  -40.281  -28.440  68.535 0.0000000000
50044  -39.491  -28.822  68.614 0.0000000000
51081  -40.241  -28.463  69.007 0.0000000000
52196  -42.154  -27.182  66.857 0.0000000000
51119  -41.594  -27.823  67.203 0.0000000000
52168  -42.452  -27.228  68.346 0.0000000000
55877  -46.161  -23.339  63.585 0.0000000000
50054  -20.971  -29.258  67.445 0.0000000000
52205  -25.084  -26.981  65.117 0.0000000000
52215  -24.822  -27.180  64.432 0.0000000000
51143  -24.440  -27.488  65.258 0.0000000000
51127  -23.641  -28.108  66.386 0.0000000000
159638  -23.849  -27.906  65.704 0.0000000000
140224  -23.103  -28.280  65.654 0.0000000000
50073  -22.314  -28.660  66.097 0.0000000000
142696  -23.167  -28.372  69.082 0.0000000000
142204  -22.540  -28.634  67.593 0.0000000000
50021  -22.418  -28.678  69.398 0.0000000000
51075  -23.039  -28.367  69.932 0.0000000000
51059  -22.876  -28.221  70.718 0.0000000000
54433  -26.542  -24.673  72.245 0.0000000000
54432  -26.108  -25.200  71.992 0.0000000000
73843  -55.292  -8.194  53.435 0.0000000000
137542  -48.392  -15.866  43.276 0.0000000000
65565  -48.974  -15.923  43.967 0.0000000000
65547  -51.279  -16.233  44.385 0.0000000000
137232  -51.838  -15.943  44.989 0.0000000000
65508  -52.432  -15.599  45.554 0.0000000000
65530  -53.311  -15.753  45.412 0.0000000000
66780  -54.149  -14.772  43.104 0.0000000000
65589  -53.681  -15.407  43.257 0.0000000000
136571  -55.653  -15.876  45.731 0.0000000000
137869  -55.062  -15.845  45.080 0.0000000000
65510  -55.334  -15.694  46.463 0.0000000000
150409  -54.669  -15.438  46.492 0.0000000000
135641  -55.783  -15.546  47.104 0.0000000000
155272  -56.171  -15.359  47.699 0.0000000000
65499  -56.587  -15.859  47.214 0.0000000000
65486  -58.861  -15.917  48.299 0.0000000000
141639  -57.861  -15.790  48.459 0.0000000000
160556  -58.307  -12.575  41.691 0.0000000000
143260  -57.494  -12.348  41.468 0.0000000000
69273  -58.651  -12.919  42.237 0.0000000000
67994  -60.073  -13.610  44.289 0.0000000000
68020  -59.524  -13.550  43.632 0.0000000000
67993  -59.105  -14.098  44.152 0.0000000000
66769  -60.117  -14.008  44.690 0.0000000000
79608  -59.744  -3.550  33.757 0.0000000000
78536  -60.979  -4.425  34.298 0.0000000000
148533  -60.601  -3.676  33.856 0.0000000000
80737  -60.272  -2.404  32.793 0.0000000000
80719  -61.311  -2.627  33.196 0.0000000000
80720  -62.096  -2.521  33.145 0.0000000000
80738  -61.758  -2.214  32.743 0.0000000000
81829  -58.926  -2.009  31.256 0.0000000000
81846  -59.591  -1.859  30.512 0.0000000000
82879  -62.109  -1.263  31.168 0.0000000000
81848  -61.206  -1.355  31.042 0.0000000000
81833  -62.334  -1.503  31.899 0.0000000000
81816  -62.818  -1.749  32.228 0.0000000000
81817  -63.655  -1.721  32.077 0.0000000000
81818  -64.668  -1.913  31.904 0.0000000000
81835  -64.081  -1.384  31.343 0.0000000000
82889  -64.182  -0.829  30.215 0.0000000000
82882  -64.483  -1.074  30.596 0.0000000000
81849  -65.354  -1.109  30.447 0.0000000000
138591  -67.038  -1.283  30.653 0.0000000000
81850  -66.219  -1.035  30.211 0.0000000000
82958  -62.105  -1.290  26.735 0.0000000000
82941  -62.757  -1.323  27.589 0.0000000000
144556  -63.297  -1.190  28.444 0.0000000000
145771  -66.588  -0.559  28.259 0.0000000000
153883  -65.743  -0.696  28.336 0.0000000000
82903  -67.468  -0.613  28.970 0.0000000000
81862  -67.808  -0.838  29.357 0.0000000000
81863  -68.184  -0.993  28.945 0.0000000000
81920  -67.156  -2.231  25.586 0.0000000000
81921  -67.534  -2.147  25.442 0.0000000000
58526  -46.278  -21.627  55.320 0.0000000000
58534  -45.796  -21.580  54.624 0.0000000000
58540  -45.320  -21.477  53.960 0.0000000000
54687  -44.882  -24.727  55.194 0.0000000000
56015  -45.574  -23.955  55.425 0.0000000000
57286  -46.232  -23.447  56.172 0.0000000000
66729  -47.670  -14.588  46.785 0.0000000000
66730  -48.585  -14.462  46.627 0.0000000000
66751  -48.058  -14.851  46.053 0.0000000000
66752  -48.929  -14.858  45.973 0.0000000000
65527  -49.250  -15.289  45.318 0.0000000000
75153  -61.332  -7.477  36.309 0.0000000000
74042  -62.826  -7.666  36.907 0.0000000000
76238  -64.440  -7.075  37.438 0.0000000000
76245  -64.539  -6.491  36.668 0.0000000000
76246  -65.412  -5.880  37.111 0.0000000000
76266  -64.186  -6.056  35.854 0.0000000000
153899  -62.909  -4.825  34.576 0.0000000000
48936  -19.548  -29.594  68.706 0.0000000000
48908  -19.398  -29.480  70.067 0.0000000000
66641  -44.649  -15.099  51.395 0.0000000000
66642  -45.063  -14.701  51.931 0.0000000000
159244  -44.656  -14.269  51.313 0.0000000000
67923  -44.059  -13.812  50.820 0.0000000000
69189  -44.102  -12.919  50.884 0.0000000000
69196  -43.054  -13.821  49.519 0.0000000000
162069  -28.911  -23.066  71.314 0.0000000000
52183  -35.573  -26.318  67.728 0.0000000000
52166  -35.549  -26.161  68.408 0.0000000000
52167  -36.001  -26.651  68.273 0.0000000000
50006  -36.898  -29.454  69.755 0.0000000000
51080  -36.830  -28.413  68.903 0.0000000000
52247  -43.168  -27.182  62.593 0.0000000000
53355  -43.400  -26.227  64.786 0.0000000000
53338  -43.672  -25.621  65.643 0.0000000000
54476  -26.866  -24.800  67.780 0.0000000000
54464  -26.853  -24.772  68.625 0.0000000000
155201  -27.078  -24.264  70.175 0.0000000000
55773  -27.383  -24.001  69.623 0.0000000000
57040  -28.116  -23.450  70.511 0.0000000000
68049  -53.156  -12.993  40.870 0.0000000000
68050  -53.907  -12.598  41.195 0.0000000000
68034  -55.125  -12.792  41.987 0.0000000000
69271  -56.403  -12.902  42.310 0.0000000000
160956  -47.825  -17.814  57.842 0.0000000000
160296  -47.398  -17.439  55.974 0.0000000000
62138  -45.602  -19.015  53.818 0.0000000000
62125  -46.083  -18.449  54.413 0.0000000000
63193  -45.425  -17.409  53.214 0.0000000000
64296  -45.050  -16.838  52.637 0.0000000000
63208  -44.484  -17.217  52.081 0.0000000000
55850  -28.204  -24.021  64.316 0.0000000000
55868  -28.750  -23.749  63.766 0.0000000000
57137  -29.214  -23.518  64.166 0.0000000000
57191  -30.095  -23.388  61.518 0.0000000000
57173  -30.032  -23.413  62.198 0.0000000000
55886  -31.033  -23.921  63.001 0.0000000000
54533  -32.410  -24.956  64.540 0.0000000000
52309  -44.304  -26.448  57.985 0.0000000000
53459  -45.093  -26.034  58.264 0.0000000000
52284  -44.592  -26.480  59.709 0.0000000000
53440  -45.253  -26.046  60.076 0.0000000000
141031  -46.207  -24.768  60.819 0.0000000000
54610  -46.727  -24.173  60.529 0.0000000000
55942  -47.066  -23.493  60.232 0.0000000000
59713  -47.468  -21.165  57.733 0.0000000000
58491  -47.639  -21.242  58.351 0.0000000000
149287  -47.728  -20.532  58.797 0.0000000000
60923  -47.865  -19.722  59.293 0.0000000000
136856  -47.830  -19.046  58.682 0.0000000000
54570  -27.043  -25.251  62.804 0.0000000000
54550  -27.563  -24.675  63.194 0.0000000000
72780  -50.382  -9.869  51.132 0.0000000000
72781  -51.368  -9.945  51.202 0.0000000000
71613  -50.981  -10.590  50.833 0.0000000000
70413  -52.500  -11.364  50.343 0.0000000000
67953  -52.844  -13.260  48.275 0.0000000000
69227  -52.375  -12.870  48.725 0.0000000000
69228  -54.174  -12.837  48.922 0.0000000000
67937  -55.018  -12.967  48.963 0.0000000000
69212  -56.152  -12.843  49.864 0.0000000000
67938  -55.745  -13.270  49.251 0.0000000000
67955  -55.899  -14.005  48.966 0.0000000000
66683  -56.527  -14.388  49.179 0.0000000000
72895  -57.394  -10.104  38.191 0.0000000000
71740  -58.211  -10.883  39.383 0.0000000000
71754  -58.546  -10.531  38.759 0.0000000000
142403  -59.803  -10.824  39.401 0.0000000000
71729  -60.898  -11.072  40.241 0.0000000000
135824  -63.339  -9.358  40.349 0.0000000000
140846  -62.784  -9.884  40.451 0.0000000000
72881  -63.182  -9.549  41.393 0.0000000000
81807  -67.089  -2.105  32.891 0.0000000000
68075  -50.021  -13.370  38.505 0.0000000000
157783  -52.390  -8.789  36.525 0.0000000000
143810  -53.113  -8.916  36.734 0.0000000000
74033  -53.035  -8.427  36.157 0.0000000000
146334  -53.120  -7.888  35.665 0.0000000000
77404  -54.486  -5.500  34.548 0.0000000000
143185  -55.879  -5.973  34.860 0.0000000000
76280  -56.533  -6.401  35.082 0.0000000000
153229  -56.014  -5.289  34.637 0.0000000000
152790  -56.590  -4.758  34.369 0.0000000000
78552  -57.059  -3.991  33.874 0.0000000000
47815  -15.774  -30.943  69.692 0.0000000000
52094  -20.002  -26.987  74.055 0.0000000000
51015  -19.512  -27.612  73.578 0.0000000000
51014  -18.762  -27.847  73.740 0.0000000000
50998  -16.362  -27.510  76.359 0.0000000000
49956  -16.025  -28.632  74.686 0.0000000000
49963  -15.626  -29.081  73.970 0.0000000000
48876  -15.324  -29.581  73.356 0.0000000000
48862  -14.684  -29.246  74.076 0.0000000000
48861  -13.714  -29.545  73.969 0.0000000000
48873  -12.770  -29.920  74.031 0.0000000000
141343  -13.014  -29.379  74.654 0.0000000000
49940  -12.291  -29.168  76.426 0.0000000000
65382  -48.051  -15.071  57.133 0.0000000000
66584  -48.153  -14.285  57.257 0.0000000000
66594  -47.854  -14.509  56.508 0.0000000000
69125  -47.609  -13.164  55.817 0.0000000000
69173  -46.555  -12.167  53.428 0.0000000000
69159  -47.065  -12.452  53.983 0.0000000000
70373  -47.038  -11.771  54.024 0.0000000000
71557  -47.467  -10.512  54.390 0.0000000000
71558  -48.144  -9.998  54.913 0.0000000000
72709  -47.822  -9.734  53.975 0.0000000000
72739  -48.302  -9.041  52.519 0.0000000000
72757  -47.599  -9.479  51.224 0.0000000000
72777  -47.566  -9.776  50.505 0.0000000000
70434  -44.750  -11.977  48.570 0.0000000000
70443  -44.783  -12.463  48.454 0.0000000000
70444  -45.177  -12.456  48.557 0.0000000000
69234  -45.400  -12.998  48.393 0.0000000000
144772  -45.829  -13.701  48.045 0.0000000000
67961  -45.045  -13.547  47.899 0.0000000000
66747  -43.710  -15.290  46.000 0.0000000000
57090  -31.007  -23.133  67.803 0.0000000000
159952  -31.140  -23.163  68.504 0.0000000000
55787  -31.615  -23.425  68.173 0.0000000000
55776  -33.606  -24.319  70.383 0.0000000000
52130  -36.164  -26.978  71.318 0.0000000000
53267  -35.915  -26.239  71.687 0.0000000000
52270  -33.918  -27.356  59.988 0.0000000000
52269  -33.221  -26.849  60.259 0.0000000000
51177  -35.546  -27.757  63.390 0.0000000000
51178  -36.257  -28.133  63.705 0.0000000000
141078  -39.618  -28.023  59.301 0.0000000000
51220  -38.739  -28.188  59.103 0.0000000000
50168  -39.335  -28.632  60.658 0.0000000000
49005  -40.975  -29.538  63.662 0.0000000000
50135  -40.899  -29.396  62.863 0.0000000000
49004  -39.973  -29.922  63.775 0.0000000000
146410  -39.233  -29.825  64.160 0.0000000000
48989  -38.999  -29.486  64.804 0.0000000000
48960  -39.367  -29.192  66.121 0.0000000000
50079  -39.678  -29.048  66.914 0.0000000000
50063  -40.400  -28.661  67.615 0.0000000000
51099  -40.858  -27.895  68.949 0.0000000000
52178  -25.141  -26.881  67.364 0.0000000000
51110  -24.811  -27.281  66.862 0.0000000000
51109  -24.107  -27.834  67.136 0.0000000000
160754  -23.686  -28.059  67.607 0.0000000000
51108  -23.294  -28.329  67.163 0.0000000000
156268  -23.869  -27.878  68.820 0.0000000000
154288  -23.704  -27.955  69.653 0.0000000000
52137  -24.177  -27.551  70.874 0.0000000000
55740  -26.940  -23.881  73.419 0.0000000000
137540  -50.203  -16.342  42.996 0.0000000000
65568  -51.631  -16.353  43.513 0.0000000000
136565  -52.143  -16.242  44.126 0.0000000000
66766  -56.336  -15.019  44.237 0.0000000000
150979  -55.300  -15.421  44.322 0.0000000000
65531  -56.559  -15.913  45.699 0.0000000000
65512  -57.176  -16.077  46.524 0.0000000000
140116  -57.466  -16.024  47.475 0.0000000000
64379  -58.063  -16.213  47.012 0.0000000000
65501  -58.893  -16.085  47.488 0.0000000000
65502  -59.728  -15.638  48.124 0.0000000000
69275  -60.192  -12.531  42.226 0.0000000000
69274  -59.410  -12.896  42.376 0.0000000000
69251  -60.621  -13.084  44.039 0.0000000000
80717  -59.028  -3.014  32.996 0.0000000000
79627  -59.901  -3.028  33.443 0.0000000000
80735  -58.707  -2.645  32.535 0.0000000000
80736  -59.525  -2.502  32.697 0.0000000000
81813  -60.069  -2.094  32.272 0.0000000000
82886  -61.188  -1.386  30.140 0.0000000000
82881  -63.728  -1.084  30.839 0.0000000000
82888  -62.734  -1.004  30.467 0.0000000000
82898  -63.226  -0.836  29.850 0.0000000000
82899  -63.940  -0.755  29.789 0.0000000000
82972  -62.128  -1.325  25.053 0.0000000000
82959  -63.226  -1.372  26.769 0.0000000000
82943  -64.596  -1.158  27.808 0.0000000000
82945  -66.285  -0.646  27.601 0.0000000000
82946  -67.140  -0.620  27.545 0.0000000000
81886  -67.544  -0.947  27.173 0.0000000000
80820  -67.459  -3.040  24.305 0.0000000000
80808  -67.904  -2.753  24.707 0.0000000000
156600  -67.695  -3.054  24.215 0.0000000000
60956  -46.924  -19.598  56.103 0.0000000000
60971  -45.702  -19.989  54.084 0.0000000000
146385  -44.925  -19.189  53.122 0.0000000000
139375  -29.783  -23.301  61.181 0.0000000000
57192  -30.355  -23.536  61.239 0.0000000000
55920  -30.745  -23.949  60.868 0.0000000000
53466  -43.666  -26.099  56.077 0.0000000000
54670  -45.055  -25.236  55.979 0.0000000000
159537  -46.007  -24.963  58.251 0.0000000000
54645  -46.507  -24.396  58.344 0.0000000000
161391  -46.928  -23.189  57.730 0.0000000000
57276  -46.979  -22.457  57.302 0.0000000000
57287  -46.685  -22.751  56.538 0.0000000000
58506  -47.139  -21.510  57.204 0.0000000000
69223  -48.668  -12.686  49.084 0.0000000000
69207  -50.221  -12.375  49.511 0.0000000000
69224  -49.729  -12.769  48.957 0.0000000000
67950  -50.162  -13.235  48.329 0.0000000000
67951  -51.074  -13.232  48.267 0.0000000000
67966  -50.575  -13.650  47.668 0.0000000000
67967  -51.523  -13.670  47.600 0.0000000000
67968  -52.455  -13.675  47.618 0.0000000000
66715  -52.985  -14.221  47.164 0.0000000000
74018  -58.903  -9.272  36.921 0.0000000000
72916  -60.215  -9.461  37.618 0.0000000000
72917  -61.091  -9.277  37.722 0.0000000000
72900  -62.512  -9.325  38.756 0.0000000000
157937  -65.752  -5.163  36.853 0.0000000000
154598  -65.919  -3.211  34.707 0.0000000000
79631  -64.418  -3.286  33.545 0.0000000000
48946  -18.674  -29.900  67.642 0.0000000000
48945  -17.842  -30.226  67.219 0.0000000000
66608  -47.076  -14.906  54.220 0.0000000000
66619  -47.224  -14.031  54.348 0.0000000000
66618  -46.731  -14.345  53.614 0.0000000000
67899  -45.752  -13.548  52.463 0.0000000000
70389  -46.020  -11.632  52.935 0.0000000000
155868  -45.610  -11.308  52.287 0.0000000000
71584  -45.697  -10.618  51.831 0.0000000000
71597  -44.624  -11.109  50.449 0.0000000000
156797  -44.095  -11.548  49.685 0.0000000000
70412  -43.638  -12.432  50.022 0.0000000000
70422  -43.624  -12.095  49.033 0.0000000000
70423  -44.448  -11.597  48.912 0.0000000000
70433  -43.865  -12.146  48.564 0.0000000000
69219  -43.767  -13.099  47.854 0.0000000000
135884  -33.487  -24.729  67.965 0.0000000000
54466  -33.529  -24.572  68.655 0.0000000000
54468  -34.545  -25.203  68.892 0.0000000000
159346  -34.851  -25.396  69.400 0.0000000000
53285  -35.836  -26.263  70.052 0.0000000000
53296  -35.761  -26.343  69.110 0.0000000000
52142  -36.093  -26.892  70.298 0.0000000000
145171  -36.105  -28.043  71.337 0.0000000000
52281  -34.002  -27.438  59.266 0.0000000000
51198  -36.235  -28.462  61.240 0.0000000000
140317  -41.760  -27.781  60.788 0.0000000000
51199  -41.078  -28.020  60.850 0.0000000000
51200  -41.653  -28.118  61.514 0.0000000000
51191  -41.964  -28.278  62.282 0.0000000000
146255  -41.742  -28.651  62.641 0.0000000000
51179  -42.165  -28.344  63.063 0.0000000000
50117  -41.782  -28.839  63.840 0.0000000000
157343  -41.562  -29.056  65.221 0.0000000000
50081  -41.445  -28.512  66.506 0.0000000000
136169  -41.906  -28.411  65.676 0.0000000000
144682  -42.629  -26.685  67.319 0.0000000000
53297  -43.460  -26.269  67.767 0.0000000000
52193  -25.760  -26.266  66.314 0.0000000000
144087  -25.302  -26.790  66.756 0.0000000000
52149  -25.571  -26.406  69.131 0.0000000000
53273  -25.447  -26.463  69.915 0.0000000000
53274  -25.834  -25.827  70.387 0.0000000000
54448  -26.276  -25.304  70.704 0.0000000000
55756  -26.963  -24.156  71.717 0.0000000000
55765  -27.000  -24.201  70.878 0.0000000000
154472  -27.401  -23.784  72.048 0.0000000000
66810  -51.938  -15.204  41.221 0.0000000000
66793  -52.360  -15.295  41.724 0.0000000000
66795  -53.590  -14.673  42.527 0.0000000000
159048  -54.702  -14.497  43.254 0.0000000000
68015  -54.710  -13.406  42.423 0.0000000000
66796  -55.073  -13.847  43.050 0.0000000000
66781  -55.441  -14.580  43.627 0.0000000000
66767  -57.426  -14.982  44.367 0.0000000000
66768  -58.422  -14.849  44.497 0.0000000000
81828  -58.066  -2.198  30.966 0.0000000000
81859  -58.132  -1.826  29.380 0.0000000000
81905  -64.967  -1.787  25.749 0.0000000000
81906  -66.007  -1.817  26.059 0.0000000000
81918  -65.576  -2.186  25.192 0.0000000000
80806  -66.173  -2.670  24.615 0.0000000000
81930  -64.148  -2.125  23.753 0.0000000000
50000  -21.534  -28.707  70.451 0.0000000000
49987  -21.288  -28.527  71.176 0.0000000000
51046  -21.825  -28.081  71.698 0.0000000000
51031  -21.525  -27.816  72.463 0.0000000000
52078  -20.542  -26.522  74.577 0.0000000000
65375  -48.186  -15.718  57.851 0.0000000000
65389  -47.730  -15.344  56.309 0.0000000000
65401  -47.221  -15.433  54.966 0.0000000000
62111  -47.123  -18.835  56.171 0.0000000000
140032  -46.835  -17.000  55.014 0.0000000000
64267  -47.027  -16.274  54.986 0.0000000000
65418  -46.412  -15.268  53.520 0.0000000000
65439  -44.929  -15.480  51.956 0.0000000000
65451  -44.217  -15.479  50.941 0.0000000000
55786  -28.410  -23.352  68.040 0.0000000000
160108  -29.720  -22.994  66.933 0.0000000000
57103  -29.110  -23.332  65.933 0.0000000000
57104  -29.605  -23.154  66.235 0.0000000000
57106  -30.838  -23.179  66.972 0.0000000000
55816  -32.008  -23.906  66.686 0.0000000000
57153  -29.135  -23.526  63.130 0.0000000000
57154  -29.562  -23.445  63.420 0.0000000000
138638  -29.923  -23.439  62.893 0.0000000000
57155  -30.041  -23.560  63.673 0.0000000000
57139  -29.964  -23.550  64.485 0.0000000000
55835  -31.383  -23.851  65.896 0.0000000000
54478  -32.579  -24.274  67.245 0.0000000000
54479  -33.142  -24.714  67.326 0.0000000000
54480  -33.798  -25.112  67.492 0.0000000000
53321  -33.865  -25.657  66.193 0.0000000000
53323  -34.941  -25.987  67.183 0.0000000000
146482  -35.596  -26.514  66.962 0.0000000000
52195  -36.159  -27.012  66.646 0.0000000000
51252  -39.560  -27.516  57.467 0.0000000000
155950  -40.127  -27.830  58.774 0.0000000000
52306  -42.121  -26.804  56.832 0.0000000000
52307  -42.514  -26.951  57.718 0.0000000000
51223  -42.294  -27.325  59.402 0.0000000000
51212  -42.295  -27.486  60.360 0.0000000000
154544  -44.261  -26.365  62.254 0.0000000000
53372  -44.742  -25.216  63.416 0.0000000000
54560  -45.007  -24.623  63.838 0.0000000000
54578  -45.336  -24.659  63.178 0.0000000000
55891  -45.882  -24.021  62.954 0.0000000000
55892  -46.492  -23.394  62.688 0.0000000000
57179  -46.935  -22.729  62.317 0.0000000000
58445  -47.347  -22.091  61.951 0.0000000000
163619  -47.437  -21.567  62.351 0.0000000000
142626  -47.056  -23.497  59.432 0.0000000000
57239  -47.405  -22.822  59.855 0.0000000000
57240  -47.630  -22.091  59.480 0.0000000000
57220  -47.619  -22.110  60.321 0.0000000000
58458  -47.671  -21.269  61.724 0.0000000000
59688  -47.823  -20.329  62.177 0.0000000000
138152  -48.046  -19.171  60.005 0.0000000000
62078  -48.275  -18.587  60.563 0.0000000000
53364  -25.985  -26.296  63.170 0.0000000000
53365  -26.368  -25.909  63.923 0.0000000000
53349  -26.641  -25.562  64.666 0.0000000000
54549  -27.027  -25.228  63.808 0.0000000000
54494  -27.529  -24.289  66.589 0.0000000000
73840  -52.281  -8.401  53.177 0.0000000000
72761  -51.822  -9.561  51.626 0.0000000000
72762  -52.729  -9.663  51.589 0.0000000000
72740  -54.220  -9.026  52.077 0.0000000000
72764  -54.689  -9.703  51.708 0.0000000000
69208  -50.931  -12.432  49.405 0.0000000000
141213  -52.187  -11.868  49.830 0.0000000000
70429  -53.058  -12.053  49.779 0.0000000000
70414  -53.406  -11.393  50.402 0.0000000000
71616  -55.128  -11.220  50.734 0.0000000000
71617  -56.037  -11.121  51.077 0.0000000000
69213  -56.804  -12.916  50.466 0.0000000000
70517  -55.552  -11.167  39.637 0.0000000000
70508  -55.802  -11.556  40.384 0.0000000000
70489  -56.635  -11.610  40.504 0.0000000000
70490  -57.574  -11.738  40.642 0.0000000000
70491  -58.402  -12.089  41.127 0.0000000000
156537  -58.615  -11.142  39.861 0.0000000000
70492  -59.289  -11.869  40.867 0.0000000000
70474  -61.072  -12.050  42.653 0.0000000000
71756  -60.230  -10.355  38.845 0.0000000000
71742  -60.616  -10.724  39.514 0.0000000000
71730  -61.714  -10.892  40.676 0.0000000000
71731  -62.488  -10.306  40.957 0.0000000000
155007  -61.538  -11.331  41.504 0.0000000000
70494  -61.914  -10.989  42.396 0.0000000000
46544  -13.118  -32.276  71.001 0.0000000000
65563  -46.414  -15.895  43.821 0.0000000000
139360  -47.247  -15.710  44.307 0.0000000000
160910  -46.655  -15.836  43.001 0.0000000000
162106  -47.132  -15.727  42.603 0.0000000000
65583  -47.859  -15.789  42.554 0.0000000000
143634  -47.303  -15.615  41.900 0.0000000000
65584  -48.722  -15.965  42.455 0.0000000000
146845  -49.058  -16.027  41.726 0.0000000000
65605  -49.939  -15.977  41.318 0.0000000000
65624  -50.511  -15.588  40.666 0.0000000000
65623  -49.748  -15.619  40.408 0.0000000000
66809  -51.247  -14.929  40.547 0.0000000000
68047  -51.702  -14.035  40.101 0.0000000000
68076  -50.842  -13.165  38.786 0.0000000000
68062  -52.047  -13.200  39.775 0.0000000000
69305  -52.818  -12.723  40.126 0.0000000000
69318  -53.281  -11.959  39.656 0.0000000000
70515  -53.930  -11.450  39.438 0.0000000000
70530  -52.536  -11.440  38.489 0.0000000000
70531  -53.364  -11.264  38.913 0.0000000000
70516  -54.646  -11.301  39.556 0.0000000000
70533  -55.057  -10.824  39.012 0.0000000000
157996  -55.355  -10.428  38.464 0.0000000000
71775  -55.987  -10.118  38.171 0.0000000000
72910  -54.013  -9.477  37.422 0.0000000000
164012  -54.643  -9.560  37.513 0.0000000000
72912  -56.785  -9.847  37.795 0.0000000000
72932  -56.963  -9.240  37.010 0.0000000000
72933  -58.009  -9.309  36.899 0.0000000000
160583  -53.212  -7.319  35.335 0.0000000000
75169  -53.942  -7.512  35.537 0.0000000000
75188  -54.464  -6.907  35.120 0.0000000000
75170  -54.855  -7.455  35.505 0.0000000000
74054  -55.355  -7.914  35.937 0.0000000000
141190  -57.562  -8.687  36.414 0.0000000000
74038  -58.485  -8.747  36.418 0.0000000000
75151  -59.068  -8.039  36.128 0.0000000000
75152  -59.807  -7.664  36.093 0.0000000000
76260  -57.999  -6.745  35.252 0.0000000000
76261  -58.878  -6.641  35.273 0.0000000000
75176  -60.133  -7.088  35.781 0.0000000000
76262  -60.530  -6.450  35.434 0.0000000000
77391  -60.958  -5.805  35.076 0.0000000000
77411  -61.361  -5.122  34.723 0.0000000000
77410  -60.549  -5.140  34.620 0.0000000000
79606  -57.962  -3.864  33.781 0.0000000000
79626  -58.480  -3.382  33.376 0.0000000000
80716  -58.131  -3.037  32.960 0.0000000000
159919  -56.807  -2.572  31.159 0.0000000000
80751  -56.065  -2.584  31.217 0.0000000000
80759  -56.366  -2.255  30.540 0.0000000000
81842  -55.865  -1.775  29.953 0.0000000000
49999  -20.758  -28.855  70.604 0.0000000000
49998  -19.950  -29.092  70.747 0.0000000000
49997  -19.131  -29.317  70.947 0.0000000000
48906  -17.656  -29.815  70.825 0.0000000000
52069  -18.297  -26.632  75.730 0.0000000000
52076  -18.370  -27.146  74.986 0.0000000000
51013  -17.706  -28.342  74.247 0.0000000000
138943  -17.277  -28.169  74.869 0.0000000000
49965  -17.953  -28.666  73.473 0.0000000000
49973  -17.533  -29.131  72.879 0.0000000000
136775  -17.142  -29.804  71.564 0.0000000000
48893  -16.769  -30.128  70.945 0.0000000000
145667  -15.010  -30.101  72.614 0.0000000000
47790  -15.283  -30.638  71.298 0.0000000000
46523  -12.312  -31.604  72.466 0.0000000000
47772  -11.945  -31.224  73.287 0.0000000000
155183  -11.908  -30.510  74.209 0.0000000000
141318  -52.390  -7.264  56.107 0.0000000000
74949  -52.046  -7.580  55.264 0.0000000000
137521  -49.258  -14.148  59.636 0.0000000000
67840  -48.522  -14.081  57.846 0.0000000000
67879  -47.451  -13.626  55.142 0.0000000000
69144  -47.553  -12.377  55.690 0.0000000000
70354  -47.307  -12.147  54.839 0.0000000000
161116  -48.221  -11.672  56.934 0.0000000000
70338  -48.325  -11.145  56.790 0.0000000000
72685  -49.527  -9.403  56.700 0.0000000000
73815  -49.911  -8.929  56.196 0.0000000000
72711  -48.966  -9.403  55.087 0.0000000000
141692  -49.748  -8.947  55.331 0.0000000000
73826  -50.402  -8.557  54.752 0.0000000000
154607  -51.117  -8.262  54.096 0.0000000000
73856  -50.433  -8.828  52.378 0.0000000000
153910  -50.294  -9.339  51.522 0.0000000000
73876  -49.015  -8.867  52.093 0.0000000000
72759  -49.647  -9.472  51.242 0.0000000000
72779  -49.512  -9.972  50.755 0.0000000000
71611  -49.265  -10.536  50.340 0.0000000000
70426  -49.292  -11.454  50.014 0.0000000000
71599  -46.140  -9.967  51.228 0.0000000000
72776  -46.792  -9.918  50.149 0.0000000000
72788  -47.224  -10.130  50.024 0.0000000000
71629  -45.864  -10.961  49.040 0.0000000000
71630  -46.478  -11.013  49.298 0.0000000000
71623  -47.101  -10.787  49.678 0.0000000000
70425  -47.808  -11.321  49.775 0.0000000000
69205  -48.583  -11.841  49.757 0.0000000000
67948  -48.082  -13.273  48.659 0.0000000000
66709  -47.229  -14.292  47.529 0.0000000000
66708  -46.312  -14.296  47.575 0.0000000000
153936  -46.616  -15.411  45.533 0.0000000000
139361  -45.748  -15.888  44.514 0.0000000000
65464  -42.420  -15.870  49.462 0.0000000000
66681  -42.308  -14.765  48.764 0.0000000000
66694  -42.136  -14.386  48.174 0.0000000000
67944  -42.525  -14.295  47.564 0.0000000000
67959  -42.379  -14.349  47.117 0.0000000000
67960  -42.949  -14.636  47.167 0.0000000000
67975  -42.758  -14.830  46.805 0.0000000000
67985  -42.206  -14.773  46.416 0.0000000000
67986  -43.030  -15.065  46.709 0.0000000000
141816  -42.994  -15.249  46.161 0.0000000000
163604  -43.189  -15.523  45.792 0.0000000000
65522  -43.474  -15.758  45.406 0.0000000000
65538  -42.109  -15.814  44.674 0.0000000000
65539  -43.093  -15.976  44.713 0.0000000000
153660  -44.162  -15.690  45.493 0.0000000000
65541  -45.005  -16.048  44.542 0.0000000000
65562  -45.433  -16.106  43.785 0.0000000000
138391  -29.760  -22.930  69.369 0.0000000000
57057  -30.402  -22.964  69.621 0.0000000000
57059  -31.791  -23.329  70.115 0.0000000000
54457  -33.686  -24.515  69.562 0.0000000000
54450  -34.211  -24.835  70.363 0.0000000000
55903  -31.377  -24.516  61.349 0.0000000000
54573  -32.328  -25.374  62.291 0.0000000000
53366  -33.221  -25.948  63.371 0.0000000000
53351  -34.196  -26.437  64.285 0.0000000000
52230  -34.473  -26.850  63.691 0.0000000000
52217  -34.724  -26.847  64.307 0.0000000000
52208  -35.361  -26.946  65.447 0.0000000000
52209  -36.056  -27.229  65.839 0.0000000000
135923  -36.889  -28.269  58.944 0.0000000000
50165  -36.698  -28.550  60.463 0.0000000000
50143  -36.706  -28.749  62.116 0.0000000000
154980  -39.633  -28.918  61.316 0.0000000000
49025  -39.455  -29.458  62.053 0.0000000000
50157  -37.673  -29.114  61.755 0.0000000000
50132  -36.841  -28.670  63.167 0.0000000000
50114  -36.979  -28.520  64.074 0.0000000000
50116  -38.336  -29.105  64.850 0.0000000000
51162  -37.131  -28.316  64.941 0.0000000000
163419  -38.757  -28.968  68.705 0.0000000000
50028  -39.447  -28.969  69.068 0.0000000000
50008  -39.325  -29.558  69.404 0.0000000000
51118  -41.165  -27.941  68.155 0.0000000000
138106  -41.462  -27.863  69.195 0.0000000000
163502  -21.867  -28.788  65.610 0.0000000000
50055  -21.811  -28.915  66.935 0.0000000000
50038  -21.723  -28.892  67.963 0.0000000000
144223  -21.703  -28.892  68.883 0.0000000000
50020  -21.671  -28.836  69.711 0.0000000000
51047  -22.651  -27.954  71.484 0.0000000000
54424  -26.445  -24.483  73.079 0.0000000000
65564  -48.095  -15.727  44.076 0.0000000000
65544  -48.686  -15.554  44.707 0.0000000000
65528  -50.099  -15.510  45.262 0.0000000000
65546  -50.408  -16.007  44.533 0.0000000000
65529  -50.966  -15.772  45.173 0.0000000000
66734  -52.171  -14.997  46.250 0.0000000000
66735  -53.464  -14.786  46.713 0.0000000000
65588  -52.911  -15.685  42.740 0.0000000000
137476  -53.056  -16.032  43.775 0.0000000000
65548  -53.593  -15.889  44.590 0.0000000000
65549  -54.427  -15.741  44.469 0.0000000000
136779  -54.185  -15.835  45.273 0.0000000000
137103  -53.941  -15.479  46.153 0.0000000000
65497  -54.282  -14.879  46.843 0.0000000000
141605  -54.745  -14.351  47.515 0.0000000000
66716  -55.548  -14.894  47.655 0.0000000000
139780  -56.192  -14.766  48.394 0.0000000000
66697  -57.035  -15.064  48.911 0.0000000000
69309  -56.105  -11.896  41.060 0.0000000000
69272  -57.059  -12.738  42.039 0.0000000000
68018  -57.129  -13.275  42.611 0.0000000000
156529  -59.046  -13.341  42.864 0.0000000000
68019  -58.120  -13.358  42.731 0.0000000000
68004  -57.565  -13.820  43.256 0.0000000000
65533  -60.041  -14.661  45.393 0.0000000000
77412  -62.173  -5.021  34.690 0.0000000000
153710  -61.684  -4.491  34.425 0.0000000000
78537  -62.397  -4.162  34.255 0.0000000000
79609  -60.978  -3.081  33.585 0.0000000000
162366  -62.238  -3.425  33.877 0.0000000000
79611  -62.936  -3.524  33.902 0.0000000000
79612  -63.863  -3.667  33.908 0.0000000000
79630  -63.341  -3.060  33.496 0.0000000000
80722  -63.756  -2.713  33.010 0.0000000000
81814  -60.835  -2.032  32.311 0.0000000000
143928  -60.425  -1.630  30.969 0.0000000000
81831  -60.642  -1.719  31.743 0.0000000000
81815  -61.580  -1.896  32.354 0.0000000000
150228  -62.184  -1.861  32.397 0.0000000000
80740  -63.236  -2.170  32.564 0.0000000000
140217  -64.905  -3.145  33.018 0.0000000000
80742  -65.368  -2.689  32.429 0.0000000000
80743  -66.457  -2.446  32.732 0.0000000000
81836  -65.096  -1.492  31.182 0.0000000000
81820  -66.865  -1.822  32.135 0.0000000000
81821  -67.594  -1.637  32.300 0.0000000000
145987  -62.282  -1.232  28.429 0.0000000000
137903  -63.672  -0.906  29.204 0.0000000000
137527  -64.415  -0.799  29.159 0.0000000000
82919  -64.929  -0.888  28.442 0.0000000000
137526  -65.164  -0.743  29.046 0.0000000000
139352  -65.335  -0.759  29.550 0.0000000000
82892  -67.071  -0.836  29.695 0.0000000000
81907  -66.787  -1.788  26.178 0.0000000000
81909  -67.646  -1.685  26.010 0.0000000000
155781  -68.335  -2.795  24.962 0.0000000000
48851  -11.920  -29.576  75.708 0.0000000000
48907  -18.552  -29.663  70.303 0.0000000000
49014  -40.395  -29.720  63.104 0.0000000000
49953  -12.466  -29.249  75.295 0.0000000000
49954  -13.270  -28.826  75.246 0.0000000000
51004  -15.075  -28.368  75.331 0.0000000000
51006  -18.320  -27.745  74.343 0.0000000000
51061  -24.165  -27.652  70.161 0.0000000000
51232  -35.188  -27.932  58.802 0.0000000000
52185  -42.044  -27.169  67.861 0.0000000000
53284  -35.331  -25.792  69.687 0.0000000000
53311  -43.101  -26.008  67.132 0.0000000000
53336  -34.247  -26.076  65.662 0.0000000000
54441  -26.527  -24.875  71.347 0.0000000000
54514  -32.615  -24.852  65.421 0.0000000000
55788  -32.289  -23.725  68.608 0.0000000000
55869  -31.193  -24.092  63.694 0.0000000000
55902  -30.817  -23.910  61.665 0.0000000000
57071  -29.776  -22.918  68.456 0.0000000000
57074  -31.609  -23.295  69.123 0.0000000000
57119  -29.141  -23.496  65.100 0.0000000000
57156  -30.638  -23.808  63.641 0.0000000000
57174  -30.378  -23.574  61.920 0.0000000000
65532  -57.465  -15.914  45.699 0.0000000000
65566  -49.849  -16.153  43.861 0.0000000000
65569  -52.354  -16.173  43.339 0.0000000000
65587  -52.428  -15.656  42.187 0.0000000000
66670  -43.389  -15.092  49.890 0.0000000000
66695  -54.193  -13.726  47.847 0.0000000000
66726  -43.506  -15.079  46.651 0.0000000000
66749  -46.154  -15.095  46.299 0.0000000000
66811  -52.574  -14.614  41.469 0.0000000000
66846  -50.176  -14.668  39.553 0.0000000000
67962  -46.728  -13.837  48.164 0.0000000000
69197  -54.961  -11.762  50.117 0.0000000000
69198  -55.657  -12.255  49.902 0.0000000000
69218  -42.780  -14.425  47.430 0.0000000000
69233  -45.070  -13.166  48.143 0.0000000000
69270  -55.840  -12.662  42.054 0.0000000000
69290  -56.479  -12.375  41.666 0.0000000000
69307  -54.388  -12.009  40.771 0.0000000000
69317  -52.443  -12.470  39.405 0.0000000000
70438  -47.918  -12.078  49.487 0.0000000000
70509  -58.537  -11.611  40.388 0.0000000000
70518  -56.340  -11.218  39.886 0.0000000000
70532  -54.237  -10.947  38.993 0.0000000000
70549  -52.172  -10.916  37.909 0.0000000000
71620  -44.806  -10.921  49.436 0.0000000000
71624  -47.805  -10.515  50.055 0.0000000000
71738  -56.783  -10.830  39.311 0.0000000000
71753  -57.619  -10.539  38.834 0.0000000000
71774  -55.143  -9.867  37.941 0.0000000000
72898  -59.804  -9.961  38.202 0.0000000000
72899  -61.542  -9.630  38.456 0.0000000000
72901  -63.248  -8.837  38.699 0.0000000000
72911  -55.158  -9.407  37.318 0.0000000000
72913  -57.627  -9.753  37.560 0.0000000000
72929  -53.799  -8.928  36.935 0.0000000000
72931  -55.451  -8.960  36.878 0.0000000000
74019  -59.717  -9.033  37.055 0.0000000000
74040  -60.958  -8.133  36.709 0.0000000000
74041  -61.835  -7.901  36.830 0.0000000000
74052  -53.743  -8.154  36.021 0.0000000000
74057  -58.070  -8.056  36.043 0.0000000000
75172  -56.387  -7.130  35.383 0.0000000000
75175  -59.347  -7.234  35.708 0.0000000000
75177  -61.608  -6.922  35.937 0.0000000000
76264  -62.307  -6.489  35.653 0.0000000000
76281  -57.413  -6.048  34.887 0.0000000000
76284  -60.118  -5.827  35.022 0.0000000000
77379  -65.072  -5.667  36.256 0.0000000000
77405  -55.324  -5.420  34.616 0.0000000000
77413  -63.773  -4.931  34.756 0.0000000000
79628  -61.768  -2.985  33.592 0.0000000000
80739  -62.464  -2.156  32.658 0.0000000000
80809  -68.437  -3.398  24.259 0.0000000000
81834  -63.241  -1.403  31.614 0.0000000000
81896  -66.975  -1.224  26.535 0.0000000000
81908  -67.217  -1.744  26.107 0.0000000000
82890  -64.866  -0.818  30.060 0.0000000000
82891  -66.141  -0.774  29.522 0.0000000000
82900  -64.630  -0.743  29.688 0.0000000000
82902  -66.800  -0.579  28.934 0.0000000000
82920  -67.363  -0.562  28.340 0.0000000000
82961  -65.904  -0.913  27.038 0.0000000000
135733  -28.985  -23.040  68.292 0.0000000000
139905  -49.915  -11.916  49.989 0.0000000000
141001  -59.771  -2.813  33.148 0.0000000000
142667  -26.869  -24.659  69.552 0.0000000000
142857  -34.071  -24.816  68.971 0.0000000000
143059  -30.838  -23.781  65.174 0.0000000000
143441  -67.470  -2.651  24.919 0.0000000000
143452  -54.331  -14.069  42.806 0.0000000000
144904  -21.035  -28.912  69.987 0.0000000000
145677  -54.277  -11.321  50.503 0.0000000000
147087  -29.753  -23.472  64.988 0.0000000000
148749  -46.841  -20.317  56.062 0.0000000000
151854  -30.581  -22.980  68.375 0.0000000000
155273  -60.310  -3.146  33.593 0.0000000000
155406  -45.943  -10.843  52.541 0.0000000000
157430  -45.344  -15.857  44.912 0.0000000000
158933  -11.486  -32.430  72.924 0.0000000000
160058  -54.484  -10.828  50.940 0.0000000000
160486  -44.139  -26.719  60.859 0.0000000000
161583  -48.157  -15.778  41.037 0.0000000000
162329  -67.177  -1.519  31.533 0.0000000000
163271  -44.545  -13.545  51.238 0.0000000000
164116  -19.736  -29.485  69.385 0.0000000000
164261  -18.240  -28.187  73.826 0.0000000000
164275  -13.916  -28.729  74.954 0.0000000000
