#!ascii label  , from subject sub-v2s4x29586_ses-1 vox2ras=TkReg
834
122266  -26.600  -65.241  -0.513 0.5000000000
10367  -24.593  -63.587  -0.210 0.8000000119
110989  -24.488  -61.515  -0.444 0.8000000119
108372  -25.094  -62.460  -0.438 0.8000000119
10368  -25.775  -63.484  -0.548 0.8000000119
8357  -26.764  -65.855  -0.082 0.5000000000
9671  -25.638  -64.629  -0.385 0.5000000000
106952  -26.447  -64.397  -0.656 0.6000000238
12655  -25.438  -59.675  -0.570 0.6999999881
11905  -26.054  -60.487  -0.610 0.6999999881
11126  -26.209  -62.305  -0.580 0.8000000119
106960  -27.820  -62.930  -0.759 0.6999999881
8992  -27.427  -65.790  0.033 0.6000000238
9002  -28.434  -65.550  -0.498 0.5000000000
9672  -28.337  -64.849  -0.825 0.6000000238
14194  -24.320  -58.114  -0.283 0.6999999881
116551  -27.377  -64.736  -0.771 0.6000000238
10371  -28.948  -64.558  -0.592 0.6000000238
13377  -24.836  -58.881  -0.468 0.6999999881
12654  -24.443  -59.686  -0.472 0.6999999881
110595  -26.598  -61.293  -0.623 0.6999999881
10370  -28.095  -64.059  -0.873 0.6000000238
120379  -29.693  -63.697  -0.493 0.6000000238
116838  -27.187  -62.135  -0.671 0.8000000119
118078  -28.119  -62.030  -0.714 0.8000000119
11127  -28.690  -63.353  -0.767 0.6999999881
10359  -28.676  -64.534  0.378 0.4000000060
8995  -29.092  -65.254  -0.298 0.6000000238
14188  -25.444  -57.460  -0.065 0.6999999881
10372  -31.341  -63.488  -0.005 0.6000000238
14195  -26.022  -58.095  -0.445 0.6999999881
13378  -25.778  -58.872  -0.594 0.6999999881
11906  -27.053  -60.451  -0.736 0.6999999881
11907  -27.942  -60.901  -0.801 0.6000000238
11128  -29.618  -62.462  -0.717 0.6999999881
119048  -31.496  -61.073  -0.547 0.5000000000
12657  -27.786  -60.019  -0.981 0.6000000238
115074  -28.528  -60.412  -1.000 0.6000000238
11908  -29.155  -60.710  -0.954 0.6000000238
12659  -30.782  -60.381  -0.740 0.6000000238
12665  -29.744  -59.794  -1.129 0.6000000238
12660  -31.143  -59.534  -0.764 0.5000000000
11120  -29.530  -63.416  0.565 0.4000000060
10360  -29.761  -64.401  0.137 0.5000000000
14989  -25.727  -56.822  0.366 0.6999999881
10361  -30.334  -64.095  0.010 0.6000000238
128116  -31.471  -63.553  0.181 0.6000000238
13379  -26.785  -58.810  -0.705 0.6999999881
10373  -31.843  -63.175  -0.078 0.6000000238
13380  -27.700  -59.186  -0.964 0.6999999881
11131  -32.083  -62.438  -0.183 0.5000000000
11911  -32.451  -61.352  -0.159 0.6000000238
12658  -28.439  -59.607  -1.143 0.6000000238
12661  -31.987  -60.029  -0.530 0.5000000000
123222  -32.911  -60.270  -0.124 0.5000000000
16609  -24.406  -54.724  1.876 0.6000000238
16610  -25.292  -55.109  2.154 0.6000000238
11887  -30.009  -61.736  1.084 0.5000000000
11889  -31.824  -61.983  1.504 0.5000000000
15780  -25.699  -55.704  1.501 0.6999999881
15793  -25.150  -56.070  0.757 0.6999999881
114203  -30.711  -63.239  0.686 0.5000000000
11110  -32.043  -62.892  1.014 0.5000000000
11890  -33.244  -61.943  1.374 0.4000000060
14990  -26.635  -56.858  0.359 0.6999999881
11111  -32.776  -62.533  0.892 0.5000000000
14189  -26.266  -57.422  -0.104 0.6999999881
14196  -26.744  -57.961  -0.513 0.6999999881
11122  -32.809  -62.483  0.492 0.5000000000
14197  -27.630  -58.223  -0.713 0.6999999881
13381  -28.477  -58.800  -1.088 0.6000000238
11912  -33.390  -61.477  0.365 0.5000000000
13389  -29.177  -59.277  -1.249 0.6000000238
124724  -34.130  -60.273  0.425 0.5000000000
14205  -30.187  -58.215  -1.111 0.5000000000
13391  -30.637  -58.699  -1.014 0.5000000000
13392  -31.351  -58.360  -0.886 0.5000000000
13384  -32.466  -59.138  -0.539 0.5000000000
13383  -31.751  -58.963  -0.717 0.5000000000
13386  -34.824  -58.275  -0.255 0.3000000119
11870  -32.823  -60.279  2.306 0.3000000119
16595  -24.923  -54.246  2.609 0.6000000238
121004  -32.498  -61.272  1.809 0.4000000060
15781  -26.652  -55.880  1.616 0.6000000238
11891  -33.942  -61.575  1.455 0.5000000000
14991  -27.553  -56.846  0.276 0.6999999881
11123  -33.543  -61.959  0.649 0.5000000000
14997  -28.969  -57.286  -0.435 0.5000000000
121794  -34.744  -61.061  0.883 0.5000000000
14199  -29.612  -57.793  -0.866 0.5000000000
12662  -33.273  -59.362  -0.230 0.3000000119
13387  -35.874  -58.124  -0.085 0.4000000060
13393  -32.210  -58.095  -0.864 0.5000000000
13385  -33.101  -58.445  -0.607 0.4000000060
17395  -25.547  -53.705  3.096 0.6000000238
16596  -25.851  -54.551  2.683 0.6000000238
16597  -26.787  -54.666  2.654 0.6000000238
15768  -26.216  -55.300  2.226 0.6000000238
15769  -27.185  -55.376  2.229 0.6000000238
11872  -35.289  -60.909  1.919 0.3000000119
11892  -34.636  -61.257  1.382 0.4000000060
14975  -27.109  -56.398  0.976 0.6000000238
11873  -36.076  -60.629  1.871 0.3000000119
14976  -28.103  -56.395  0.959 0.6000000238
14191  -28.037  -57.392  -0.334 0.6999999881
12637  -36.791  -60.201  1.891 0.3000000119
11897  -35.285  -60.860  1.315 0.3000000119
14992  -28.480  -56.770  0.143 0.6000000238
13373  -36.708  -58.780  1.018 0.3000000119
112721  -35.397  -60.288  0.921 0.3000000119
14993  -30.117  -56.353  0.082 0.5000000000
14998  -29.871  -57.076  -0.500 0.5000000000
13388  -36.557  -57.932  0.217 0.3000000119
13372  -36.303  -58.787  0.632 0.3000000119
14200  -30.495  -57.493  -0.842 0.5000000000
14206  -31.024  -57.778  -0.950 0.5000000000
14203  -36.204  -57.249  -0.371 0.3000000119
118262  -31.471  -56.484  -0.731 0.5000000000
14209  -33.386  -56.781  -1.079 0.4000000060
14202  -34.966  -57.409  -0.616 0.3000000119
17386  -26.144  -53.062  3.346 0.5000000000
17396  -26.446  -53.888  3.012 0.6000000238
17397  -27.349  -53.886  2.769 0.5000000000
15782  -27.631  -55.921  1.636 0.6000000238
119221  -28.769  -55.163  1.852 0.5000000000
13359  -36.642  -58.470  1.679 0.3000000119
15783  -28.520  -55.767  1.495 0.6000000238
14979  -36.450  -57.447  0.967 0.3000000119
14192  -36.560  -57.746  0.495 0.3000000119
14977  -29.148  -56.204  0.756 0.6000000238
14994  -30.762  -56.690  -0.581 0.5000000000
15801  -32.318  -55.636  -0.994 0.5000000000
14208  -32.490  -57.135  -0.981 0.4000000060
15006  -32.884  -56.229  -1.186 0.4000000060
115241  -27.007  -53.099  2.973 0.5000000000
114962  -27.805  -53.028  2.459 0.5000000000
17398  -28.170  -53.801  2.357 0.5000000000
14967  -35.466  -57.184  2.472 0.3000000119
15784  -29.310  -55.361  1.390 0.6000000238
15794  -30.023  -55.523  0.786 0.6000000238
15795  -30.738  -55.627  0.172 0.5000000000
15799  -31.882  -55.827  -0.753 0.5000000000
15008  -34.974  -56.019  -1.268 0.4000000060
16627  -34.229  -54.718  -1.571 0.4000000060
18217  -27.476  -52.237  2.569 0.5000000000
18218  -28.064  -52.220  1.737 0.5000000000
18219  -28.349  -53.046  1.920 0.5000000000
15764  -35.475  -56.471  3.474 0.4000000060
15763  -33.979  -55.789  3.362 0.4000000060
17405  -28.853  -53.618  1.692 0.5000000000
17406  -29.499  -53.847  1.296 0.5000000000
15771  -33.734  -55.927  2.520 0.4000000060
15785  -33.879  -55.915  1.849 0.3000000119
17409  -29.305  -53.055  0.939 0.4000000060
15786  -34.847  -56.099  1.240 0.3000000119
16612  -29.865  -54.588  1.186 0.5000000000
16618  -30.585  -54.665  0.600 0.4000000060
16619  -31.271  -54.885  -0.044 0.4000000060
128024  -33.429  -54.351  -1.587 0.4000000060
18970  -27.546  -51.458  1.902 0.5000000000
18975  -27.850  -51.513  1.166 0.5000000000
18976  -28.347  -51.840  0.857 0.5000000000
16579  -33.966  -54.945  4.287 0.4000000060
18225  -28.960  -52.220  0.494 0.4000000060
15762  -32.956  -55.302  2.993 0.4000000060
16601  -33.153  -55.201  2.081 0.4000000060
18984  -29.251  -51.758  -0.155 0.4000000060
17410  -30.089  -53.618  0.712 0.4000000060
16615  -34.016  -55.233  1.266 0.4000000060
17411  -30.874  -53.777  0.057 0.4000000060
17415  -31.272  -53.305  -0.501 0.4000000060
16623  -31.683  -54.200  -0.571 0.4000000060
120384  -32.161  -54.957  -0.865 0.4000000060
16624  -32.299  -54.102  -1.094 0.4000000060
17421  -35.194  -53.712  -1.302 0.4000000060
111606  -34.531  -53.904  -1.636 0.4000000060
19779  -27.334  -50.920  1.033 0.5000000000
17378  -33.523  -53.989  4.847 0.4000000060
16589  -33.129  -55.064  3.726 0.4000000060
18982  -27.850  -51.199  0.457 0.5000000000
18983  -28.501  -51.480  0.129 0.4000000060
18226  -29.832  -52.609  0.235 0.4000000060
16613  -32.761  -54.243  1.879 0.4000000060
18227  -30.632  -52.850  -0.201 0.4000000060
18231  -31.217  -52.509  -0.846 0.4000000060
17422  -35.540  -54.519  -1.127 0.3000000119
119615  -32.770  -54.032  -1.486 0.4000000060
19784  -26.671  -49.944  -0.225 0.4000000060
19785  -27.248  -50.561  0.137 0.5000000000
19786  -27.985  -50.817  -0.187 0.4000000060
16588  -32.428  -54.583  3.542 0.4000000060
107110  -28.736  -51.051  -0.404 0.4000000060
18989  -29.000  -50.644  -0.771 0.4000000060
18990  -29.493  -51.216  -0.653 0.4000000060
18230  -30.231  -51.947  -0.470 0.4000000060
126596  -30.839  -51.777  -1.009 0.4000000060
17416  -31.874  -53.334  -0.968 0.4000000060
18232  -32.085  -52.630  -1.474 0.4000000060
115426  -34.815  -53.002  -1.731 0.4000000060
17420  -33.159  -53.509  -1.706 0.4000000060
18236  -34.079  -53.082  -1.889 0.4000000060
20554  -27.177  -49.482  -0.668 0.4000000060
19792  -27.486  -50.183  -0.503 0.4000000060
20555  -27.993  -49.730  -0.875 0.4000000060
19796  -28.852  -50.030  -1.132 0.4000000060
19797  -29.601  -50.640  -1.081 0.4000000060
19798  -30.427  -50.650  -1.438 0.4000000060
18233  -35.047  -52.537  -1.602 0.4000000060
114888  -31.048  -51.270  -1.427 0.4000000060
18995  -32.509  -51.909  -1.978 0.4000000060
18994  -31.989  -51.282  -1.978 0.4000000060
18238  -33.587  -51.680  -2.399 0.4000000060
20562  -27.901  -49.016  -0.946 0.4000000060
123677  -28.481  -49.352  -1.177 0.4000000060
20563  -29.213  -49.352  -1.456 0.4000000060
111058  -29.754  -50.037  -1.463 0.4000000060
20564  -30.078  -49.413  -1.746 0.4000000060
20565  -30.776  -49.957  -1.840 0.4000000060
117505  -32.101  -49.873  -2.456 0.4000000060
120423  -35.071  -51.658  -2.192 0.3000000119
18997  -34.022  -51.051  -2.768 0.4000000060
18999  -34.902  -51.589  -2.420 0.4000000060
21339  -27.069  -48.596  -0.638 0.4000000060
21340  -28.115  -48.217  -0.931 0.4000000060
22123  -28.466  -47.411  -1.041 0.4000000060
21346  -28.717  -48.628  -1.335 0.4000000060
117026  -29.153  -47.987  -1.602 0.4000000060
20571  -31.140  -49.070  -2.312 0.4000000060
18987  -34.398  -51.860  -0.528 0.4000000060
18992  -34.974  -51.804  -1.524 0.3000000119
19802  -32.688  -50.591  -2.540 0.4000000060
19804  -34.668  -50.670  -2.798 0.5000000000
19800  -34.926  -50.366  -2.643 0.4000000060
20572  -33.703  -49.877  -3.023 0.5000000000
22895  -28.171  -46.720  -0.758 0.4000000060
22900  -28.723  -46.655  -1.212 0.4000000060
22131  -29.114  -47.199  -1.576 0.4000000060
116260  -32.944  -49.045  -3.041 0.4000000060
113384  -34.604  -50.007  -2.948 0.5000000000
23719  -27.792  -46.003  -0.582 0.4000000060
23720  -28.518  -45.812  -1.019 0.4000000060
20573  -34.418  -48.787  -3.202 0.4000000060
24638  -27.846  -44.575  -0.518 0.4000000060
111039  -28.023  -45.289  -0.696 0.4000000060
24639  -28.515  -44.688  -1.009 0.4000000060
122507  -34.640  -47.486  -3.440 0.5000000000
25520  -27.662  -42.848  0.285 0.4000000060
116083  -27.345  -44.530  0.141 0.4000000060
122976  -27.754  -43.751  -0.222 0.4000000060
115397  -28.250  -43.921  -0.756 0.4000000060
25536  -28.805  -43.676  -1.199 0.5000000000
15000  -31.876  -56.507  -0.863 0.5000000000
113550  -32.363  -56.135  -1.013 0.5000000000
15007  -33.939  -56.071  -1.354 0.4000000060
8355  -25.321  -65.292  0.107 0.5000000000
108698  -23.955  -62.503  -0.293 0.8000000119
11903  -23.850  -60.587  -0.439 0.8000000119
124525  -23.074  -60.155  -0.383 0.6999999881
114637  -26.919  -65.180  0.651 0.5000000000
13376  -23.881  -58.907  -0.383 0.6999999881
10353  -27.178  -63.929  1.041 0.5000000000
14193  -23.291  -58.029  -0.216 0.6999999881
11119  -28.684  -63.317  0.651 0.4000000060
14187  -24.019  -57.317  -0.044 0.6999999881
110372  -24.841  -55.479  1.386 0.6999999881
11107  -28.703  -62.275  0.812 0.4000000060
12634  -29.883  -60.394  1.564 0.4000000060
16608  -23.463  -54.377  1.624 0.6000000238
11869  -31.865  -59.997  2.229 0.4000000060
17394  -24.617  -53.336  3.104 0.6000000238
17385  -25.244  -52.851  3.524 0.5000000000
18214  -26.766  -52.300  3.252 0.5000000000
18969  -27.127  -51.458  2.772 0.4000000060
122373  -26.534  -50.163  0.729 0.4000000060
20548  -26.050  -49.486  0.153 0.4000000060
20553  -26.372  -49.230  -0.355 0.4000000060
21338  -26.113  -48.551  -0.245 0.4000000060
22121  -26.587  -47.897  -0.346 0.4000000060
22122  -27.562  -47.571  -0.592 0.4000000060
22894  -27.415  -46.722  -0.411 0.4000000060
23713  -27.382  -45.364  -0.194 0.4000000060
26388  -27.274  -42.313  1.168 0.4000000060
9666  -28.912  -65.358  -0.136 0.5000000000
11904  -25.005  -60.538  -0.511 0.6999999881
12656  -26.406  -59.656  -0.689 0.6999999881
9667  -29.479  -64.698  -0.089 0.6000000238
11129  -30.506  -62.946  -0.485 0.6999999881
109479  -28.862  -61.460  -0.806 0.6999999881
10363  -31.737  -63.411  0.104 0.6000000238
113386  -30.546  -61.763  -0.665 0.6000000238
11909  -29.790  -61.476  -0.797 0.6000000238
14974  -26.149  -56.300  0.922 0.6999999881
11132  -32.821  -62.267  0.231 0.5000000000
11888  -30.814  -61.273  1.458 0.5000000000
124996  -33.489  -61.191  1.918 0.3000000119
14207  -31.735  -57.524  -0.941 0.5000000000
16599  -28.528  -54.557  2.141 0.6000000238
126921  -30.739  -56.176  -0.238 0.5000000000
15005  -32.103  -56.793  -0.958 0.5000000000
16626  -32.618  -54.758  -1.260 0.4000000060
120385  -31.731  -55.152  -0.537 0.4000000060
16628  -35.128  -54.650  -1.430 0.4000000060
18235  -33.150  -52.617  -1.921 0.4000000060
18234  -31.555  -51.923  -1.472 0.4000000060
18996  -33.077  -51.196  -2.499 0.4000000060
8323  -14.261  -65.848  4.361 0.4000000060
8316  -14.499  -65.706  5.227 0.4000000060
107468  -15.212  -64.845  6.490 0.4000000060
8288  -15.631  -64.976  7.214 0.4000000060
9614  -15.310  -63.898  4.731 0.4000000060
9602  -15.549  -63.950  5.880 0.4000000060
9589  -16.083  -63.658  6.541 0.4000000060
9603  -16.469  -63.099  5.774 0.4000000060
9573  -16.925  -63.231  7.558 0.5000000000
119742  -15.680  -63.197  4.454 0.4000000060
9615  -16.176  -63.144  4.986 0.4000000060
10298  -16.854  -62.589  5.283 0.5000000000
10299  -17.350  -62.464  5.795 0.5000000000
11044  -18.650  -61.576  5.481 0.6000000238
10326  -15.310  -62.643  4.216 0.4000000060
10311  -16.089  -62.542  4.577 0.4000000060
10312  -16.771  -62.326  4.853 0.4000000060
10286  -17.578  -62.482  6.849 0.5000000000
10354  -27.781  -63.154  0.840 0.3000000119
11106  -27.753  -62.154  0.967 0.4000000060
122290  -18.306  -61.922  6.682 0.5000000000
8956  -24.768  -64.481  2.784 0.5000000000
9658  -26.417  -64.464  1.297 0.4000000060
11852  -16.046  -60.403  3.518 0.4000000060
10313  -17.436  -62.025  5.100 0.5000000000
10314  -18.046  -61.782  5.365 0.5000000000
11851  -15.279  -60.600  3.702 0.4000000060
11062  -16.449  -61.682  4.475 0.4000000060
11025  -18.794  -61.588  6.204 0.6000000238
11026  -19.538  -61.447  6.510 0.6000000238
110443  -20.896  -61.276  5.212 0.6999999881
8981  -25.225  -65.166  1.111 0.5000000000
11027  -20.389  -61.516  6.864 0.6999999881
11067  -22.245  -61.884  4.774 0.6999999881
9629  -23.810  -63.801  3.219 0.6999999881
11047  -21.698  -61.620  5.459 0.6999999881
10315  -22.724  -62.451  4.128 0.6999999881
117156  -18.117  -61.365  4.619 0.5000000000
124345  -18.600  -61.460  4.970 0.6000000238
11064  -19.753  -61.180  4.087 0.6000000238
11853  -16.991  -60.385  3.255 0.4000000060
120405  -18.589  -60.953  3.585 0.6000000238
119648  -19.180  -61.324  4.892 0.6000000238
11065  -20.668  -61.195  4.219 0.6000000238
108032  -21.270  -61.416  3.435 0.6000000238
12635  -30.584  -60.226  1.776 0.3000000119
109957  -20.012  -61.189  4.989 0.6000000238
11084  -22.039  -61.730  3.741 0.6999999881
8955  -24.132  -64.422  2.227 0.6000000238
8346  -25.952  -65.493  0.351 0.5000000000
11881  -16.430  -60.365  1.117 0.6000000238
11864  -17.170  -60.402  2.115 0.6000000238
11865  -18.035  -60.729  1.659 0.6999999881
11093  -18.818  -60.885  2.363 0.6000000238
125147  -19.496  -61.235  3.075 0.6000000238
107597  -20.968  -61.516  2.235 0.6000000238
11863  -16.240  -60.207  2.511 0.5000000000
11081  -17.642  -60.914  3.888 0.6000000238
11083  -21.720  -61.691  2.808 0.6000000238
10328  -22.481  -62.376  2.875 0.6999999881
9642  -23.036  -63.317  1.456 0.6999999881
9628  -23.206  -63.335  2.456 0.6999999881
8345  -25.283  -65.300  0.399 0.6000000238
9643  -23.580  -64.006  1.857 0.6999999881
11882  -17.255  -60.649  0.780 0.6000000238
11114  -18.820  -61.193  0.091 0.6999999881
11101  -18.789  -61.220  1.109 0.6999999881
11095  -20.256  -61.496  1.302 0.6000000238
9670  -24.833  -64.736  0.010 0.5000000000
10327  -21.763  -61.963  1.845 0.6999999881
10343  -22.479  -62.632  1.713 0.6999999881
8979  -24.080  -64.507  0.792 0.6000000238
115372  -20.502  -60.984  -0.258 0.6999999881
11118  -21.835  -61.910  0.076 0.6999999881
11115  -19.561  -61.224  -0.112 0.6999999881
11117  -20.945  -61.483  0.110 0.6000000238
10350  -21.709  -62.004  0.333 0.5000000000
11102  -19.553  -61.369  0.658 0.6999999881
11104  -21.163  -61.720  0.453 0.6000000238
10351  -22.365  -62.491  0.609 0.6999999881
9669  -23.950  -63.744  0.183 0.5000000000
9656  -22.925  -63.193  0.815 0.6999999881
8990  -24.237  -64.366  0.409 0.6000000238
110325  -21.956  -61.299  -0.184 0.6999999881
110982  -23.455  -61.668  -0.302 0.6999999881
10358  -23.159  -63.016  0.232 0.6000000238
10365  -22.735  -62.429  0.145 0.6999999881
8982  -25.944  -64.938  1.248 0.5000000000
10357  -22.437  -62.371  0.322 0.6000000238
124781  -14.834  -64.782  5.451 0.4000000060
9590  -16.735  -63.086  6.641 0.4000000060
11061  -15.765  -61.829  4.369 0.4000000060
11063  -17.233  -61.542  4.556 0.4000000060
11080  -16.716  -60.889  4.063 0.4000000060
10329  -23.268  -63.149  3.580 0.6999999881
125568  -23.780  -63.997  2.543 0.6999999881
116295  -18.988  -61.195  4.270 0.6000000238
118199  -20.143  -61.396  2.274 0.6000000238
11854  -17.932  -60.580  2.872 0.6999999881
11094  -19.546  -61.276  1.750 0.6000000238
11116  -20.165  -61.252  -0.115 0.6999999881
114579  -21.025  -61.733  1.076 0.6000000238
11124  -21.217  -61.352  -0.038 0.6000000238
11894  -18.900  -60.871  -0.633 0.5000000000
12629  -15.126  -60.230  0.503 0.4000000060
12643  -15.417  -59.507  -0.179 0.5000000000
12630  -15.860  -60.215  0.324 0.5000000000
12631  -16.653  -60.218  -0.060 0.5000000000
12646  -17.915  -60.202  -0.948 0.5000000000
12648  -19.463  -59.315  -0.760 0.5000000000
11893  -17.463  -60.577  -0.292 0.5000000000
11895  -19.695  -60.905  -0.443 0.6000000238
12652  -20.711  -60.163  -0.459 0.5000000000
12651  -20.126  -59.693  -0.663 0.5000000000
12653  -21.613  -59.750  -0.343 0.6999999881
124853  -20.935  -59.259  -0.449 0.6000000238
118458  -21.762  -58.850  -0.261 0.6000000238
12644  -16.162  -59.438  -0.167 0.5000000000
13366  -17.291  -58.710  -0.386 0.5000000000
13367  -18.074  -58.456  -0.357 0.5000000000
118260  -17.777  -59.308  -0.698 0.5000000000
116272  -22.261  -60.365  -0.316 0.6000000238
13369  -20.322  -58.654  -0.373 0.6000000238
13374  -21.142  -58.556  -0.207 0.5000000000
13375  -22.400  -58.327  -0.160 0.6000000238
13364  -15.755  -58.371  -0.280 0.5000000000
13365  -16.553  -58.468  -0.303 0.5000000000
14182  -17.067  -57.552  -0.136 0.5000000000
127490  -17.716  -57.768  -0.146 0.5000000000
112577  -18.727  -58.206  -0.207 0.5000000000
115572  -23.608  -59.685  -0.410 0.6000000238
108163  -20.980  -57.890  0.122 0.5000000000
13370  -21.736  -58.076  0.008 0.6000000238
14180  -15.248  -57.135  -0.084 0.5000000000
14181  -16.211  -57.323  -0.168 0.5000000000
14982  -16.759  -56.436  0.282 0.5000000000
14972  -17.267  -55.475  0.780 0.5000000000
14973  -18.140  -55.418  0.732 0.6000000238
107924  -17.734  -56.661  0.202 0.4000000060
15777  -19.493  -54.080  0.927 0.4000000060
14983  -19.566  -56.465  0.576 0.5000000000
14184  -19.150  -57.453  0.157 0.4000000060
16605  -20.210  -53.706  1.135 0.4000000060
16616  -20.352  -54.651  0.975 0.5000000000
14984  -20.436  -56.378  0.597 0.5000000000
112439  -20.822  -53.519  1.371 0.4000000060
108177  -20.914  -57.052  0.364 0.6000000238
14186  -21.635  -57.221  0.274 0.6000000238
120959  -23.190  -57.056  0.194 0.6000000238
14987  -23.828  -56.565  0.346 0.6000000238
15788  -19.914  -55.410  0.861 0.5000000000
16617  -20.878  -54.287  1.106 0.5000000000
15790  -22.164  -54.904  1.081 0.5000000000
106736  -21.833  -55.559  0.780 0.5000000000
17403  -22.045  -53.020  1.848 0.4000000060
16607  -22.523  -54.107  1.456 0.5000000000
116249  -22.672  -55.733  0.746 0.6000000238
14985  -21.292  -56.203  0.584 0.6000000238
126136  -23.125  -56.357  0.488 0.6000000238
15778  -23.047  -55.099  1.119 0.5000000000
109835  -23.814  -52.919  3.147 0.3000000119
17393  -23.053  -52.752  2.785 0.4000000060
17404  -22.868  -53.359  2.070 0.4000000060
15779  -24.004  -55.374  1.168 0.5000000000
126578  -24.565  -55.747  0.929 0.6000000238
19774  -26.916  -50.657  2.011 0.3000000119
110101  -26.717  -50.811  3.085 0.3000000119
18213  -25.884  -52.156  3.735 0.4000000060
20547  -25.515  -48.995  0.490 0.3000000119
21337  -25.912  -47.951  -0.076 0.3000000119
21332  -25.791  -48.985  -0.017 0.3000000119
22113  -26.227  -47.331  -0.049 0.3000000119
116351  -26.911  -47.242  -0.278 0.3000000119
22893  -26.708  -46.671  -0.051 0.3000000119
111543  -26.839  -45.162  0.384 0.3000000119
24631  -26.778  -44.597  0.838 0.3000000119
25519  -27.297  -43.797  0.618 0.3000000119
16594  -23.862  -53.653  2.455 0.5000000000
20542  -25.865  -49.517  0.793 0.3000000119
11901  -21.343  -60.705  -0.265 0.5000000000
117927  -16.764  -59.385  -0.335 0.5000000000
14185  -20.129  -57.495  0.179 0.5000000000
14986  -22.335  -56.527  0.447 0.6000000238
8957  -25.327  -64.427  3.041 0.3000000119
10301  -22.889  -62.552  5.105 0.6000000238
10316  -23.444  -63.137  4.598 0.6000000238
11866  -25.801  -60.956  2.454 0.3000000119
11096  -26.258  -61.738  1.772 0.3000000119
10344  -26.041  -62.542  2.005 0.3000000119
11105  -27.001  -62.389  1.229 0.3000000119
10330  -26.006  -63.027  3.008 0.3000000119
10345  -26.166  -63.604  1.893 0.3000000119
117933  -22.988  -62.634  5.843 0.6000000238
9616  -24.014  -63.747  4.094 0.5000000000
12612  -25.591  -60.349  3.160 0.3000000119
11867  -26.388  -60.841  1.834 0.3000000119
11884  -26.996  -61.368  1.400 0.3000000119
11885  -27.956  -61.114  1.145 0.3000000119
9630  -25.922  -64.041  3.376 0.3000000119
9644  -25.911  -64.253  2.286 0.3000000119
9617  -24.879  -64.083  4.338 0.4000000060
12605  -25.902  -59.506  3.216 0.3000000119
12613  -26.293  -60.040  2.384 0.3000000119
12614  -27.262  -59.676  2.153 0.3000000119
12632  -27.839  -60.214  1.650 0.3000000119
8275  -17.030  -64.985  8.226 0.5000000000
111803  -17.655  -65.171  8.413 0.5000000000
8317  -14.927  -65.518  6.045 0.4000000060
7675  -15.434  -65.978  6.356 0.4000000060
8289  -16.359  -65.117  7.704 0.4000000060
8305  -17.714  -65.852  7.124 0.5000000000
10224  -19.383  -62.723  9.588 0.5000000000
8888  -18.253  -64.282  9.314 0.5000000000
8906  -16.799  -64.548  8.166 0.5000000000
8907  -17.534  -64.565  8.676 0.5000000000
8920  -16.213  -64.504  7.596 0.4000000060
10249  -20.855  -62.103  8.983 0.6000000238
10248  -19.931  -61.898  9.071 0.6000000238
10247  -19.066  -62.089  8.873 0.5000000000
10223  -18.462  -62.860  9.212 0.5000000000
117336  -16.295  -63.803  7.304 0.3000000119
9572  -16.652  -63.946  8.030 0.4000000060
9553  -17.690  -63.286  8.780 0.5000000000
10270  -21.581  -62.119  8.059 0.6000000238
11009  -20.483  -61.786  7.981 0.6000000238
11008  -19.630  -61.589  7.447 0.6000000238
10267  -17.562  -62.762  7.942 0.4000000060
10246  -18.277  -62.428  8.427 0.5000000000
10271  -22.461  -62.490  7.594 0.6000000238
9619  -26.112  -63.980  4.352 0.3000000119
111669  -24.193  -63.444  5.848 0.4000000060
11028  -21.843  -61.914  6.377 0.6000000238
11007  -18.881  -61.648  7.043 0.4000000060
10331  -26.168  -63.648  3.769 0.3000000119
11085  -25.746  -61.907  2.619 0.3000000119
9618  -25.673  -64.180  4.387 0.3000000119
10289  -23.487  -62.939  6.290 0.5000000000
122947  -21.078  -61.523  6.168 0.6000000238
10287  -21.947  -62.173  7.148 0.6000000238
109836  -25.033  -63.691  5.973 0.3000000119
117321  -21.620  -62.359  8.962 0.5000000000
10227  -22.078  -62.727  9.439 0.5000000000
10250  -22.295  -62.530  8.543 0.5000000000
9554  -22.900  -62.901  9.049 0.4000000060
10251  -23.069  -62.814  8.108 0.5000000000
9533  -22.650  -63.152  9.958 0.5000000000
9532  -21.734  -63.164  10.152 0.5000000000
9513  -23.162  -63.578  10.397 0.4000000060
9534  -23.707  -63.287  9.560 0.4000000060
123486  -23.575  -63.100  8.583 0.4000000060
10272  -23.274  -62.865  7.176 0.5000000000
10225  -20.348  -62.528  9.700 0.5000000000
9510  -20.776  -63.257  10.230 0.5000000000
9591  -24.202  -63.323  6.762 0.4000000060
6477  -20.500  -68.756  0.954 0.3000000119
6488  -21.100  -69.396  0.701 0.3000000119
6478  -21.317  -69.041  1.208 0.3000000119
120332  -21.439  -68.570  3.203 0.3000000119
6450  -22.125  -68.709  2.830 0.4000000060
6462  -20.593  -68.633  1.943 0.3000000119
7109  -20.026  -67.898  2.501 0.3000000119
115313  -23.059  -68.271  4.055 0.4000000060
111048  -22.074  -68.398  3.834 0.4000000060
6449  -20.714  -68.438  2.936 0.3000000119
7095  -19.480  -67.291  3.000 0.3000000119
6412  -23.234  -67.867  5.011 0.4000000060
107628  -23.082  -67.480  5.801 0.4000000060
106476  -20.878  -67.591  4.708 0.4000000060
6430  -20.371  -67.498  4.242 0.4000000060
7081  -19.671  -66.936  3.958 0.4000000060
7068  -20.231  -66.938  4.956 0.4000000060
6384  -24.729  -67.600  6.989 0.3000000119
7071  -23.778  -67.683  5.729 0.4000000060
7061  -23.478  -67.301  6.518 0.4000000060
7060  -22.615  -67.088  6.272 0.4000000060
7695  -21.278  -66.560  6.187 0.4000000060
7694  -20.543  -66.476  5.789 0.4000000060
7705  -19.417  -66.470  4.730 0.4000000060
7036  -24.505  -67.300  8.380 0.3000000119
7048  -23.617  -67.109  7.389 0.4000000060
7669  -22.204  -66.542  7.732 0.4000000060
7047  -22.851  -66.842  7.113 0.4000000060
107376  -21.134  -66.225  6.868 0.4000000060
7657  -20.832  -65.953  7.674 0.4000000060
122430  -20.709  -66.189  6.359 0.4000000060
7680  -20.409  -65.891  6.901 0.4000000060
111807  -20.101  -65.958  6.195 0.4000000060
7692  -19.001  -66.143  5.405 0.4000000060
7660  -22.795  -66.682  9.133 0.4000000060
7659  -22.300  -66.533  8.537 0.4000000060
8278  -20.430  -65.646  8.782 0.4000000060
8293  -19.943  -65.606  7.739 0.4000000060
7678  -18.418  -66.026  6.229 0.4000000060
8307  -19.624  -65.698  6.867 0.4000000060
7704  -18.632  -66.454  4.679 0.4000000060
111636  -21.979  -66.350  9.264 0.4000000060
7658  -21.206  -65.949  9.448 0.4000000060
8260  -19.795  -65.082  9.530 0.4000000060
8277  -19.200  -65.306  8.761 0.4000000060
8291  -18.082  -65.568  7.796 0.4000000060
8262  -21.205  -65.648  10.129 0.4000000060
8890  -20.268  -64.649  10.162 0.4000000060
108472  -18.931  -64.166  9.699 0.4000000060
8868  -22.433  -64.693  10.996 0.4000000060
8244  -20.975  -64.996  10.453 0.4000000060
8866  -20.833  -64.122  10.478 0.4000000060
9514  -24.015  -63.776  10.515 0.3000000119
127360  -24.547  -63.393  9.247 0.3000000119
8276  -18.249  -64.976  8.957 0.4000000060
9511  -21.433  -63.738  10.473 0.4000000060
9555  -24.355  -63.333  8.470 0.3000000119
8865  -20.101  -63.820  10.256 0.4000000060
6432  -22.460  -67.991  4.637 0.4000000060
7082  -21.644  -67.868  4.714 0.4000000060
7069  -21.220  -67.228  5.465 0.4000000060
7049  -24.306  -67.347  7.592 0.4000000060
112252  -24.091  -67.364  6.961 0.4000000060
7050  -25.039  -67.551  7.770 0.3000000119
7681  -21.963  -66.590  6.783 0.4000000060
7022  -23.768  -67.006  8.975 0.3000000119
121486  -23.851  -67.129  8.093 0.4000000060
7035  -23.051  -66.850  8.136 0.4000000060
114239  -21.486  -66.206  8.431 0.4000000060
7645  -22.469  -66.420  9.924 0.4000000060
8261  -20.578  -65.428  9.819 0.4000000060
8306  -18.741  -65.695  6.922 0.4000000060
8259  -18.955  -64.736  9.435 0.4000000060
8245  -21.779  -65.400  10.644 0.4000000060
113677  -25.650  -68.407  4.392 0.3000000119
127689  -24.595  -68.754  2.690 0.3000000119
6465  -23.969  -69.082  1.967 0.3000000119
6452  -23.845  -68.493  3.335 0.3000000119
106975  -24.162  -68.003  4.967 0.3000000119
6451  -22.972  -68.612  2.972 0.3000000119
6433  -23.800  -68.211  4.290 0.3000000119
109171  -24.997  -68.190  5.114 0.3000000119
7062  -24.272  -67.630  6.351 0.3000000119
7646  -23.290  -66.734  9.902 0.3000000119
7631  -22.943  -66.247  10.580 0.3000000119
8246  -22.648  -65.538  10.986 0.3000000119
8869  -23.172  -64.205  10.890 0.3000000119
6399  -25.135  -67.903  6.156 0.3000000119
7644  -21.747  -66.081  10.041 0.3000000119
6413  -24.461  -67.863  5.677 0.3000000119
6431  -21.019  -68.097  3.931 0.3000000119
7059  -21.891  -66.994  6.029 0.4000000060
7070  -22.285  -67.574  5.468 0.4000000060
7096  -20.175  -67.719  3.464 0.4000000060
7630  -22.268  -66.019  10.481 0.3000000119
7668  -21.533  -66.294  7.480 0.4000000060
7679  -19.335  -65.855  6.113 0.4000000060
7693  -19.798  -66.190  5.485 0.4000000060
8290  -17.152  -65.436  7.848 0.5000000000
8292  -19.017  -65.509  7.715 0.4000000060
8356  -25.966  -65.588  -0.029 0.5000000000
8358  -27.747  -65.679  -0.358 0.5000000000
8359  -28.446  -65.628  -0.467 0.5000000000
8366  -26.760  -65.690  -0.305 0.5000000000
8867  -21.603  -64.435  10.697 0.4000000060
8887  -17.659  -63.986  9.057 0.5000000000
8889  -19.544  -64.371  9.905 0.4000000060
8932  -15.665  -64.332  6.989 0.4000000060
8943  -14.549  -65.064  4.612 0.4000000060
8945  -24.520  -64.123  3.530 0.5000000000
8946  -25.221  -64.285  3.657 0.3000000119
8947  -25.663  -64.198  3.655 0.3000000119
8965  -24.038  -64.544  1.432 0.6999999881
8966  -24.661  -64.735  1.748 0.6000000238
8967  -25.230  -64.648  2.122 0.5000000000
8968  -25.583  -64.359  2.688 0.3000000119
8980  -24.622  -65.010  0.953 0.6000000238
8991  -24.743  -64.956  0.425 0.6000000238
8993  -28.241  -65.622  -0.129 0.5000000000
8994  -28.771  -65.483  -0.418 0.6000000238
9000  -25.830  -65.364  -0.179 0.5000000000
9001  -27.611  -65.473  -0.576 0.5000000000
9512  -22.303  -63.798  10.603 0.4000000060
9530  -18.710  -63.551  9.585 0.5000000000
9531  -19.411  -63.615  9.927 0.4000000060
9552  -17.173  -63.997  8.588 0.5000000000
9574  -23.847  -63.159  7.755 0.4000000060
9575  -24.669  -63.420  7.490 0.3000000119
9604  -24.271  -63.718  5.042 0.5000000000
9605  -25.288  -64.019  5.112 0.3000000119
9657  -23.486  -63.941  1.109 0.6999999881
9663  -22.859  -62.915  0.473 0.6999999881
9664  -23.524  -63.669  0.561 0.6000000238
9665  -27.969  -65.244  0.285 0.6000000238
9673  -28.896  -65.289  -0.415 0.6000000238
10226  -21.240  -62.612  9.658 0.5000000000
10268  -18.234  -62.128  7.479 0.4000000060
10269  -18.914  -61.821  7.966 0.5000000000
10288  -22.610  -62.481  6.591 0.6000000238
10300  -18.113  -61.975  6.006 0.6000000238
10302  -23.555  -63.073  5.475 0.6000000238
10342  -21.817  -62.189  0.918 0.6999999881
10352  -26.518  -62.734  1.587 0.3000000119
10355  -31.563  -63.442  0.389 0.5000000000
10356  -32.158  -63.056  0.392 0.5000000000
10362  -31.026  -63.650  0.184 0.6000000238
10364  -32.269  -63.017  0.097 0.6000000238
10366  -23.487  -63.000  -0.037 0.8000000119
10369  -26.984  -63.409  -0.719 0.6999999881
10996  -19.597  -61.760  8.299 0.5000000000
11010  -21.247  -61.794  7.109 0.6000000238
11029  -22.384  -62.159  5.706 0.6000000238
11045  -19.376  -61.374  5.638 0.6000000238
11046  -20.223  -61.321  5.906 0.6000000238
11066  -21.514  -61.423  4.473 0.6999999881
11079  -15.858  -61.021  4.167 0.4000000060
11082  -20.389  -61.351  3.192 0.6000000238
11103  -20.361  -61.471  0.363 0.6999999881
11108  -29.708  -62.685  0.767 0.5000000000
11109  -31.234  -62.767  1.044 0.5000000000
11112  -33.712  -62.023  0.968 0.5000000000
11113  -34.344  -61.474  0.938 0.5000000000
11121  -30.363  -63.845  0.337 0.5000000000
11125  -22.591  -61.874  -0.099 0.6999999881
11130  -31.280  -62.439  -0.425 0.5000000000
11868  -27.053  -60.462  1.665 0.3000000119
11871  -34.401  -61.094  1.929 0.3000000119
11880  -15.591  -60.262  1.483 0.4000000060
11883  -18.059  -60.984  0.429 0.6000000238
11886  -28.995  -61.562  0.961 0.4000000060
11896  -34.091  -61.433  0.720 0.5000000000
11898  -18.636  -60.249  -1.011 0.5000000000
11899  -19.372  -60.252  -0.870 0.5000000000
11900  -20.026  -60.457  -0.580 0.5000000000
11902  -22.857  -61.009  -0.323 0.6999999881
11910  -30.848  -61.249  -0.662 0.5000000000
11913  -29.597  -60.470  -0.982 0.6000000238
11914  -30.230  -60.632  -0.842 0.6000000238
12604  -25.396  -60.048  3.854 0.3000000119
12617  -30.009  -59.523  2.098 0.3000000119
12618  -30.909  -59.619  2.159 0.3000000119
12636  -31.411  -60.686  1.796 0.5000000000
12638  -36.884  -59.666  1.541 0.3000000119
12645  -17.263  -59.802  -0.567 0.5000000000
12647  -18.592  -59.225  -0.775 0.5000000000
12649  -36.320  -60.198  1.391 0.3000000119
12650  -36.581  -59.428  1.112 0.3000000119
12663  -34.054  -58.875  -0.180 0.3000000119
12664  -29.092  -60.012  -1.180 0.6000000238
12666  -30.389  -59.620  -0.982 0.5000000000
13337  -26.363  -58.792  3.542 0.3000000119
13368  -19.408  -58.390  -0.307 0.5000000000
13371  -35.276  -59.145  0.391 0.4000000060
13382  -29.358  -58.523  -1.123 0.6000000238
13390  -29.924  -58.990  -1.247 0.6000000238
14183  -18.357  -57.497  0.007 0.4000000060
14190  -27.118  -57.406  -0.231 0.6999999881
14198  -28.668  -58.015  -0.797 0.6999999881
14201  -33.085  -57.555  -0.875 0.4000000060
14204  -36.658  -57.188  -0.074 0.3000000119
14961  -34.635  -56.582  2.828 0.3000000119
14966  -34.494  -56.534  2.116 0.3000000119
14978  -35.487  -57.068  1.651 0.3000000119
14988  -24.745  -56.811  0.249 0.6999999881
14999  -31.230  -57.069  -0.854 0.5000000000
15001  -34.437  -56.668  -1.068 0.4000000060
15004  -31.568  -57.152  -0.899 0.5000000000
15770  -28.107  -55.317  2.099 0.6000000238
15787  -19.035  -55.333  0.799 0.6000000238
15789  -21.071  -55.159  0.879 0.5000000000
15791  -23.503  -55.872  0.716 0.6000000238
15792  -24.305  -56.054  0.641 0.6999999881
15798  -31.281  -55.883  -0.413 0.5000000000
15802  -32.805  -55.417  -1.280 0.5000000000
15803  -33.583  -55.350  -1.443 0.4000000060
15804  -34.549  -55.372  -1.470 0.4000000060
16598  -27.718  -54.641  2.479 0.6000000238
16606  -21.583  -53.897  1.320 0.4000000060
16611  -29.195  -54.527  1.679 0.5000000000
17388  -31.845  -53.929  3.399 0.4000000060
17419  -32.525  -53.374  -1.462 0.4000000060
18222  -28.651  -52.651  1.238 0.5000000000
18237  -34.852  -52.255  -2.144 0.4000000060
18239  -34.286  -52.041  -2.271 0.4000000060
18993  -30.244  -51.259  -0.999 0.4000000060
18998  -34.551  -51.296  -2.615 0.4000000060
19793  -28.326  -50.387  -0.657 0.4000000060
19799  -31.455  -50.621  -1.895 0.4000000060
19803  -33.927  -50.552  -2.895 0.4000000060
19805  -34.984  -51.044  -2.529 0.4000000060
21352  -34.565  -47.854  -3.363 0.5000000000
21355  -34.412  -47.802  -3.496 0.5000000000
23712  -26.539  -45.933  0.246 0.3000000119
23718  -27.191  -46.130  -0.185 0.4000000060
107286  -20.946  -69.679  0.628 0.3000000119
108310  -24.209  -64.195  2.881 0.6999999881
108553  -22.442  -57.538  0.090 0.6000000238
110242  -29.292  -56.727  -0.037 0.5000000000
110313  -26.633  -65.612  0.316 0.5000000000
110524  -33.933  -57.929  -0.609 0.4000000060
110845  -30.487  -63.927  -0.066 0.6000000238
110929  -18.655  -56.508  0.447 0.4000000060
111134  -25.609  -61.407  -0.533 0.8000000119
112820  -24.487  -63.460  9.909 0.3000000119
113373  -32.548  -62.261  1.323 0.4000000060
113551  -25.180  -58.156  -0.331 0.6999999881
114007  -20.637  -55.548  0.819 0.5000000000
114441  -22.741  -59.227  -0.321 0.6000000238
114927  -27.384  -61.306  -0.695 0.6000000238
115233  -21.470  -54.788  1.043 0.5000000000
117861  -28.708  -47.902  -1.321 0.4000000060
117906  -29.292  -65.002  -0.063 0.5000000000
117949  -27.157  -59.634  -0.807 0.6999999881
119869  -22.475  -62.747  1.070 0.6999999881
120243  -36.097  -59.600  0.906 0.3000000119
120508  -14.739  -59.624  -0.111 0.5000000000
121953  -31.204  -63.433  0.567 0.5000000000
122124  -24.739  -57.557  -0.095 0.6999999881
122227  -17.159  -63.457  8.230 0.4000000060
122241  -18.380  -65.323  8.410 0.4000000060
122698  -19.983  -63.130  10.056 0.4000000060
122861  -18.197  -60.885  -0.456 0.5000000000
123651  -23.163  -62.367  -0.076 0.6999999881
123850  -35.340  -60.901  1.623 0.3000000119
123952  -29.022  -62.595  -0.767 0.6999999881
124288  -18.093  -63.607  9.283 0.5000000000
124446  -15.828  -65.570  7.051 0.4000000060
126295  -18.995  -59.770  -0.993 0.5000000000
126337  -26.013  -63.800  2.989 0.3000000119
126563  -24.677  -63.752  5.501 0.4000000060
126613  -15.366  -65.373  6.664 0.4000000060
126912  -30.368  -53.162  0.228 0.4000000060
127041  -14.844  -64.485  4.705 0.4000000060
128053  -33.895  -57.225  -0.862 0.4000000060
128220  -18.372  -60.649  -0.842 0.6000000238
