#!ascii label  , from subject sub-v2s4x29618_ses-1 vox2ras=TkReg
475
15958  -22.186  -55.519  -4.441 0.6999999881
15959  -23.080  -55.314  -4.859 0.6000000238
16692  -24.478  -54.872  -4.954 0.6000000238
15947  -25.350  -55.681  -4.250 0.4000000060
15882  -19.651  -55.313  1.140 0.6999999881
15883  -20.307  -54.878  1.316 0.6999999881
16613  -19.626  -54.650  0.715 0.6999999881
16624  -20.225  -54.158  0.895 0.6000000238
16623  -18.891  -54.515  0.182 0.6999999881
17318  -20.410  -53.786  -0.007 0.6000000238
16632  -18.765  -54.439  -0.626 0.6000000238
17333  -19.487  -54.224  -0.969 0.6000000238
17368  -19.240  -54.227  -2.181 0.6000000238
17334  -20.272  -53.628  -1.505 0.6000000238
17354  -20.455  -52.936  -2.442 0.5000000000
17369  -19.873  -53.535  -2.581 0.5000000000
116939  -21.808  -52.916  -3.723 0.6000000238
16677  -21.529  -54.256  -4.035 0.6000000238
17384  -22.094  -53.731  -4.124 0.6000000238
17398  -22.968  -53.828  -4.773 0.6000000238
17399  -23.830  -53.757  -5.212 0.6000000238
125163  -21.139  -55.344  1.581 0.6000000238
135074  -21.284  -53.826  1.432 0.6000000238
17306  -20.882  -53.696  1.105 0.6000000238
18107  -21.374  -53.390  -0.627 0.6000000238
17335  -21.140  -53.001  -1.623 0.6000000238
18133  -21.354  -52.187  -2.115 0.6000000238
18900  -21.661  -51.474  -2.411 0.6000000238
18163  -20.451  -52.891  -2.898 0.6000000238
18912  -21.607  -51.544  -2.975 0.6999999881
127763  -22.114  -52.163  -3.579 0.6000000238
18165  -22.962  -52.117  -4.247 0.6000000238
126563  -24.247  -54.369  -5.185 0.5000000000
123810  -25.074  -54.359  -5.101 0.5000000000
15884  -21.875  -54.931  1.681 0.6000000238
16615  -21.742  -54.057  1.594 0.6000000238
17308  -22.097  -52.969  1.451 0.6000000238
18094  -21.818  -52.721  1.102 0.6000000238
18108  -21.781  -52.649  0.189 0.6000000238
18845  -22.261  -52.108  0.728 0.6000000238
18857  -22.214  -52.074  -0.085 0.6000000238
18866  -22.385  -51.773  -0.739 0.6000000238
18121  -22.028  -52.617  -1.053 0.6000000238
18882  -22.020  -51.603  -1.635 0.6000000238
18178  -23.356  -52.969  -4.934 0.6000000238
131378  -24.143  -53.027  -5.245 0.6000000238
16693  -25.860  -54.450  -4.806 0.4000000060
15886  -23.592  -55.452  1.814 0.6000000238
16616  -22.715  -54.535  1.677 0.6000000238
17309  -22.795  -53.015  1.557 0.6000000238
18095  -22.480  -52.419  1.307 0.6000000238
19650  -23.020  -50.777  0.785 0.5000000000
18858  -22.609  -51.401  0.190 0.6000000238
18867  -22.676  -51.111  -0.989 0.6999999881
19703  -22.766  -50.775  -2.963 0.6000000238
128453  -22.000  -50.932  -2.695 0.6000000238
18913  -22.513  -51.319  -3.410 0.6000000238
18914  -23.490  -51.365  -4.035 0.6000000238
18179  -24.904  -52.589  -5.149 0.6000000238
17400  -24.802  -53.611  -5.306 0.6000000238
17385  -26.430  -53.826  -4.826 0.4000000060
17401  -25.696  -53.796  -5.141 0.5000000000
124119  -24.182  -54.042  1.749 0.6000000238
117884  -23.233  -53.832  1.675 0.6000000238
18096  -23.403  -52.304  1.570 0.6000000238
123413  -23.531  -51.353  1.499 0.5000000000
115241  -22.810  -51.543  1.165 0.5000000000
19656  -23.306  -50.086  0.584 0.6000000238
20421  -23.501  -49.432  0.410 0.6000000238
19655  -23.018  -50.626  -0.007 0.6999999881
19685  -22.710  -50.745  -1.586 0.6999999881
18883  -22.161  -51.005  -2.014 0.6999999881
20454  -23.782  -49.919  -1.961 0.6000000238
18901  -22.570  -50.727  -2.241 0.6999999881
19695  -23.286  -50.445  -2.518 0.6000000238
19696  -24.025  -50.141  -2.880 0.6000000238
136765  -23.076  -50.954  -3.471 0.6000000238
115990  -24.151  -51.051  -3.989 0.6000000238
18923  -24.461  -51.690  -4.570 0.6000000238
18180  -25.943  -52.555  -5.113 0.5000000000
123188  -26.255  -53.171  -5.063 0.4000000060
16604  -24.847  -54.603  2.086 0.6000000238
17292  -24.961  -53.683  1.854 0.6000000238
134720  -24.402  -52.817  1.695 0.5000000000
18079  -24.480  -51.952  1.688 0.6000000238
18824  -24.178  -50.985  1.692 0.5000000000
135293  -23.613  -50.727  1.471 0.6000000238
20393  -23.792  -49.652  1.416 0.5000000000
19651  -23.449  -50.242  1.180 0.5000000000
21175  -23.751  -48.817  0.151 0.5000000000
20438  -23.517  -49.555  -0.266 0.6000000238
21176  -24.257  -48.258  -0.188 0.5000000000
21179  -23.989  -49.040  -0.542 0.5000000000
20443  -23.601  -49.755  -1.062 0.6000000238
137803  -24.941  -47.947  -1.017 0.4000000060
20444  -24.263  -49.307  -1.362 0.6999999881
21181  -25.372  -48.249  -1.412 0.4000000060
20445  -25.041  -49.027  -1.724 0.5000000000
20455  -24.571  -49.660  -2.224 0.6000000238
20456  -25.453  -49.611  -2.448 0.5000000000
20467  -24.928  -50.227  -2.963 0.6000000238
20457  -26.415  -49.634  -2.696 0.5000000000
19706  -25.402  -50.775  -3.737 0.6000000238
18924  -27.234  -51.685  -4.979 0.5000000000
20468  -25.934  -50.314  -3.154 0.6000000238
18916  -25.952  -51.335  -4.499 0.6000000238
118766  -26.437  -51.888  -4.942 0.6000000238
17293  -25.871  -53.486  2.273 0.5000000000
19631  -24.897  -50.504  1.908 0.5000000000
20394  -24.359  -49.616  1.796 0.4000000060
21144  -23.985  -48.931  1.411 0.4000000060
21166  -23.726  -48.767  0.794 0.5000000000
21167  -24.084  -48.143  0.457 0.5000000000
23331  -25.438  -45.796  -1.492 0.4000000060
22640  -24.908  -46.685  -0.945 0.4000000060
21896  -25.135  -47.385  -1.105 0.4000000060
21897  -25.724  -47.463  -1.415 0.5000000000
21898  -26.399  -47.681  -1.446 0.5000000000
21192  -25.906  -48.969  -1.990 0.5000000000
21193  -26.855  -49.058  -2.203 0.5000000000
19708  -27.495  -50.525  -4.767 0.5000000000
19716  -27.598  -51.102  -5.166 0.5000000000
20469  -26.970  -50.186  -3.638 0.6000000238
19715  -26.946  -51.259  -4.792 0.5000000000
122047  -24.084  -48.169  1.075 0.4000000060
22628  -24.661  -46.579  0.070 0.5000000000
21887  -24.519  -47.425  -0.013 0.5000000000
23318  -24.763  -45.880  -0.602 0.5000000000
22642  -25.989  -46.720  -1.504 0.4000000060
21183  -27.275  -48.440  -1.721 0.5000000000
20470  -27.853  -49.900  -4.146 0.5000000000
134545  -28.497  -50.102  -5.551 0.3000000119
21899  -27.046  -47.362  -1.236 0.5000000000
21194  -27.873  -49.197  -2.592 0.5000000000
20459  -28.122  -49.454  -3.550 0.5000000000
23330  -24.870  -45.822  -1.043 0.4000000060
23319  -24.806  -45.207  -0.868 0.4000000060
24062  -26.662  -44.083  -1.628 0.4000000060
132141  -25.709  -45.185  -1.586 0.4000000060
22643  -26.410  -46.020  -1.496 0.4000000060
24046  -27.449  -44.862  -1.364 0.4000000060
137206  -27.448  -46.676  -1.012 0.5000000000
21204  -28.739  -48.657  -4.514 0.4000000060
19709  -28.117  -49.930  -5.139 0.4000000060
129554  -28.151  -48.105  -1.532 0.5000000000
21195  -28.606  -48.932  -3.357 0.5000000000
21891  -28.170  -47.312  -0.972 0.5000000000
21184  -28.298  -48.714  -2.261 0.5000000000
24063  -27.625  -44.119  -1.438 0.4000000060
23320  -27.359  -45.768  -1.163 0.4000000060
21196  -29.012  -48.219  -3.793 0.4000000060
21185  -28.992  -48.317  -2.414 0.5000000000
136722  -28.247  -46.498  -0.683 0.5000000000
21900  -28.842  -47.709  -1.462 0.5000000000
24801  -28.469  -43.723  -1.112 0.4000000060
127764  -29.445  -47.873  -3.102 0.4000000060
21902  -29.896  -47.231  -3.317 0.3000000119
23321  -28.298  -45.611  -0.692 0.5000000000
22644  -29.176  -47.055  -0.888 0.5000000000
22645  -30.204  -46.916  -1.535 0.3000000119
22653  -30.487  -46.688  -2.633 0.3000000119
24047  -28.358  -44.684  -0.832 0.4000000060
23322  -29.361  -45.404  -0.363 0.4000000060
116089  -28.990  -46.221  -0.449 0.5000000000
22632  -29.923  -46.343  -0.618 0.5000000000
25623  -29.163  -42.995  -1.006 0.4000000060
134829  -30.721  -46.574  -1.766 0.3000000119
22646  -31.118  -46.158  -2.036 0.3000000119
23323  -30.605  -45.647  -0.511 0.4000000060
24802  -29.567  -43.841  -0.515 0.4000000060
24049  -30.121  -44.711  -0.316 0.4000000060
26452  -29.623  -41.468  -1.159 0.5000000000
22634  -31.331  -45.677  -1.178 0.3000000119
23333  -31.535  -45.537  -2.019 0.4000000060
24825  -32.561  -44.044  -1.474 0.4000000060
24076  -31.722  -45.092  -2.884 0.4000000060
25624  -29.936  -42.403  -0.641 0.4000000060
24050  -31.258  -44.782  -0.527 0.5000000000
24051  -32.055  -44.324  -0.754 0.4000000060
126468  -30.729  -43.129  -0.206 0.5000000000
24803  -30.559  -43.925  -0.311 0.5000000000
126416  -31.474  -43.001  -0.011 0.5000000000
24804  -31.569  -43.754  -0.255 0.4000000060
24805  -32.450  -43.699  -0.503 0.4000000060
24077  -32.302  -44.382  -2.762 0.3000000119
26453  -30.457  -41.614  -0.550 0.5000000000
25625  -30.955  -42.374  -0.199 0.5000000000
26455  -33.729  -41.648  -0.226 0.4000000060
26456  -34.232  -41.354  -0.903 0.3000000119
28149  -31.025  -39.269  -0.669 0.5000000000
25609  -33.144  -42.064  0.153 0.4000000060
138125  -32.785  -43.120  -0.283 0.4000000060
25628  -33.305  -42.576  -0.466 0.4000000060
122566  -33.418  -42.825  -1.436 0.4000000060
25647  -33.569  -42.599  -2.527 0.3000000119
27323  -30.822  -40.194  -0.616 0.5000000000
25626  -31.852  -42.452  0.097 0.5000000000
122384  -32.178  -43.155  0.019 0.5000000000
127855  -30.864  -41.023  -0.423 0.5000000000
27305  -33.615  -40.881  0.237 0.4000000060
27326  -34.220  -40.837  -0.211 0.4000000060
28944  -31.055  -38.442  -0.713 0.5000000000
26473  -33.892  -42.071  -1.437 0.3000000119
27325  -32.041  -39.962  -0.166 0.5000000000
26434  -32.741  -40.879  0.230 0.5000000000
25608  -32.402  -41.747  0.205 0.5000000000
26454  -31.357  -41.682  -0.117 0.5000000000
134454  -34.584  -39.417  0.054 0.4000000060
120338  -31.134  -37.688  -0.611 0.5000000000
28925  -32.691  -38.517  0.179 0.5000000000
28151  -34.553  -40.039  -0.428 0.3000000119
27327  -34.521  -40.709  -1.188 0.3000000119
28945  -32.115  -37.654  -0.160 0.5000000000
129330  -22.419  -54.676  -4.583 0.6000000238
15961  -24.699  -55.381  -4.630 0.5000000000
126061  -19.703  -53.626  -2.310 0.6000000238
128871  -23.856  -52.235  -4.836 0.6000000238
19672  -23.121  -50.326  -0.784 0.6999999881
115482  -25.456  -51.887  -4.852 0.6000000238
19686  -23.136  -50.356  -1.665 0.6999999881
19705  -24.434  -50.613  -3.568 0.6000000238
22631  -24.750  -46.580  -0.576 0.5000000000
21180  -24.627  -48.497  -0.955 0.4000000060
20458  -27.413  -49.660  -3.076 0.5000000000
19707  -26.484  -50.801  -4.086 0.5000000000
23332  -26.490  -45.028  -1.592 0.4000000060
24060  -25.094  -44.942  -1.279 0.4000000060
22633  -30.820  -46.329  -1.152 0.4000000060
24064  -31.897  -44.893  -1.558 0.4000000060
24826  -33.017  -43.342  -2.176 0.3000000119
28150  -31.918  -38.973  -0.309 0.5000000000
135531  -32.717  -39.391  0.173 0.5000000000
13003  -16.124  -59.460  -2.180 0.5000000000
12313  -18.534  -60.886  -1.971 0.5000000000
12312  -17.566  -60.339  -1.965 0.5000000000
11604  -21.500  -61.290  -1.826 0.5000000000
11618  -19.718  -61.630  -2.410 0.5000000000
11602  -19.438  -61.143  -1.921 0.4000000060
12983  -16.301  -58.573  -1.771 0.5000000000
12985  -18.535  -60.030  -1.552 0.6000000238
130339  -17.822  -59.336  -1.569 0.6000000238
124353  -19.200  -60.514  -1.640 0.5000000000
11606  -23.304  -61.348  -1.821 0.4000000060
15932  -15.067  -55.609  -1.855 0.6999999881
14414  -16.036  -56.497  -2.138 0.6999999881
13663  -17.210  -58.478  -1.589 0.6999999881
129092  -18.709  -58.986  -1.494 0.5000000000
138254  -18.063  -58.451  -1.606 0.6999999881
12315  -20.994  -60.543  -1.678 0.5000000000
12314  -20.032  -60.502  -1.636 0.5000000000
12986  -19.569  -59.573  -1.501 0.5000000000
12317  -22.786  -60.608  -1.852 0.5000000000
15135  -14.701  -56.409  -0.165 0.5000000000
15145  -14.479  -55.922  -1.117 0.6999999881
15902  -15.027  -55.579  -1.509 0.6999999881
15154  -14.571  -55.875  -1.693 0.6999999881
15916  -15.360  -55.411  -1.855 0.6999999881
14395  -16.597  -57.482  -1.835 0.6000000238
13664  -18.767  -57.981  -1.749 0.6999999881
14396  -17.764  -57.409  -1.976 0.6000000238
12988  -21.495  -59.801  -1.802 0.5000000000
13005  -21.212  -58.901  -1.978 0.6000000238
13665  -20.315  -58.646  -1.728 0.6000000238
12329  -22.333  -59.835  -2.009 0.5000000000
116110  -23.925  -59.865  -2.305 0.5000000000
15136  -15.586  -56.171  0.151 0.5000000000
15146  -15.219  -55.721  -0.797 0.6999999881
15170  -16.298  -55.700  -2.287 0.6999999881
120866  -16.472  -55.285  -2.077 0.6999999881
15917  -16.059  -55.101  -1.889 0.6999999881
14416  -18.142  -56.215  -2.505 0.6999999881
13683  -20.922  -57.875  -2.476 0.6000000238
13682  -19.744  -57.600  -2.172 0.6999999881
13006  -21.945  -59.068  -2.327 0.6999999881
130998  -21.633  -58.395  -2.616 0.6000000238
12330  -23.133  -59.849  -2.226 0.6000000238
13007  -22.645  -59.070  -2.490 0.6000000238
13009  -24.193  -59.119  -2.583 0.6000000238
115295  -16.723  -58.062  1.396 0.5000000000
14370  -16.685  -57.210  1.167 0.6000000238
14369  -15.960  -57.635  1.013 0.5000000000
15137  -16.301  -56.030  0.404 0.6000000238
15893  -16.109  -55.467  -0.496 0.6000000238
15904  -16.251  -55.134  -1.423 0.6999999881
16647  -16.891  -55.034  -1.863 0.6999999881
16629  -16.632  -55.055  -1.655 0.6000000238
15171  -17.162  -55.611  -2.349 0.6999999881
136278  -17.540  -55.408  -2.232 0.6999999881
14397  -18.745  -57.129  -2.351 0.6999999881
13684  -22.178  -58.320  -2.975 0.6999999881
13686  -23.631  -58.478  -2.950 0.6999999881
13685  -22.895  -58.429  -2.973 0.6999999881
14371  -17.419  -57.531  1.363 0.5000000000
132378  -17.521  -56.216  0.990 0.6000000238
15138  -16.979  -55.511  0.374 0.6000000238
15894  -16.942  -55.061  -0.817 0.6000000238
130355  -18.118  -55.506  -2.362 0.8000000119
15935  -18.051  -55.121  -2.096 0.5000000000
16648  -17.780  -54.941  -1.763 0.6000000238
14417  -19.367  -56.517  -2.698 0.6999999881
14431  -19.988  -56.124  -3.109 0.6999999881
13701  -21.998  -57.613  -3.406 0.6999999881
14433  -21.547  -57.080  -3.444 0.6999999881
14420  -25.279  -57.882  -3.029 0.5000000000
138582  -23.849  -57.972  -3.267 0.6999999881
14437  -25.204  -57.166  -3.392 0.5000000000
13641  -17.717  -58.491  1.480 0.5000000000
121553  -18.295  -57.694  1.402 0.5000000000
15124  -18.316  -56.262  1.194 0.6000000238
126839  -17.913  -56.917  1.297 0.6000000238
15880  -17.934  -55.517  0.704 0.6000000238
15895  -17.621  -54.876  0.032 0.6000000238
15896  -18.392  -54.910  0.432 0.6000000238
132727  -17.633  -54.813  -0.769 0.6000000238
16622  -18.185  -54.575  -0.304 0.6000000238
15945  -19.840  -55.071  -3.055 0.6000000238
16673  -18.755  -54.764  -2.205 0.5000000000
16631  -18.110  -54.725  -1.213 0.5000000000
15185  -20.512  -55.767  -3.446 0.6000000238
15184  -19.692  -55.548  -2.973 0.6000000238
15187  -22.694  -56.537  -4.261 0.6000000238
126360  -22.082  -56.220  -4.182 0.6000000238
15189  -24.553  -56.004  -4.325 0.5000000000
13643  -19.081  -57.668  1.449 0.5000000000
124520  -18.707  -56.999  1.387 0.6000000238
15881  -18.863  -55.628  0.999 0.6000000238
16661  -18.422  -54.726  -1.964 0.5000000000
17353  -19.242  -54.126  -1.845 0.5000000000
15946  -20.589  -55.040  -3.591 0.4000000060
16675  -19.959  -54.402  -3.144 0.5000000000
17381  -19.560  -54.066  -2.616 0.5000000000
15200  -22.660  -55.928  -4.541 0.6000000238
13642  -18.945  -58.542  1.535 0.5000000000
122191  -19.612  -57.062  1.440 0.6000000238
128927  -20.443  -56.645  1.497 0.6000000238
15126  -19.653  -56.121  1.382 0.6000000238
16676  -20.691  -54.275  -3.660 0.5000000000
17382  -20.098  -53.639  -3.108 0.4000000060
12969  -20.024  -58.936  1.779 0.5000000000
14372  -20.531  -57.538  1.545 0.5000000000
119465  -20.394  -55.749  1.464 0.6000000238
12957  -20.309  -59.768  2.238 0.5000000000
13644  -20.737  -58.394  1.732 0.5000000000
13645  -21.295  -57.912  1.728 0.6000000238
15127  -21.204  -56.278  1.584 0.6000000238
122565  -21.195  -59.821  2.668 0.5000000000
13631  -21.725  -58.637  2.082 0.5000000000
14361  -22.152  -57.741  1.908 0.5000000000
14374  -21.908  -56.847  1.704 0.6000000238
12959  -22.376  -59.068  2.837 0.5000000000
128008  -22.546  -58.402  2.408 0.5000000000
12939  -22.268  -59.388  3.617 0.5000000000
15885  -22.693  -55.425  1.691 0.5000000000
13632  -23.020  -58.450  2.952 0.5000000000
15128  -22.800  -57.022  1.858 0.5000000000
12928  -22.146  -59.308  4.407 0.5000000000
13613  -22.749  -58.786  3.738 0.5000000000
14362  -23.183  -57.832  2.408 0.5000000000
15129  -23.245  -56.247  1.833 0.4000000060
127526  -22.596  -58.505  4.577 0.5000000000
14353  -23.709  -57.786  3.410 0.5000000000
15115  -24.352  -56.835  2.895 0.4000000060
15887  -24.150  -56.236  2.270 0.4000000060
126435  -23.604  -57.824  3.975 0.4000000060
15107  -24.548  -56.393  3.565 0.4000000060
15870  -25.257  -55.121  2.819 0.4000000060
16690  -21.457  -54.965  -4.082 0.6000000238
15201  -23.192  -56.005  -4.599 0.5000000000
15190  -25.277  -56.426  -3.787 0.4000000060
17352  -18.565  -54.602  -1.830 0.6000000238
123314  -24.528  -55.416  2.242 0.4000000060
16605  -25.492  -54.212  2.494 0.4000000060
14415  -16.956  -56.321  -2.290 0.6999999881
15172  -19.059  -55.774  -2.706 0.6999999881
123426  -21.608  -57.757  -3.067 0.6999999881
14418  -20.385  -56.890  -2.861 0.6999999881
16660  -17.607  -55.028  -1.901 0.6000000238
16630  -17.280  -54.948  -1.443 0.6000000238
13703  -23.187  -57.897  -3.370 0.6999999881
14432  -20.870  -56.528  -3.298 0.6999999881
15188  -23.363  -56.688  -4.138 0.6000000238
117669  -24.294  -56.752  -3.824 0.6000000238
11603  -20.441  -61.363  -1.913 0.5000000000
11605  -22.408  -61.323  -1.825 0.4000000060
11617  -18.918  -61.440  -2.655 0.4000000060
12287  -20.716  -60.449  2.863 0.5000000000
12316  -21.909  -60.594  -1.784 0.5000000000
12318  -23.648  -60.610  -1.933 0.5000000000
12958  -21.866  -59.672  3.135 0.5000000000
12984  -16.918  -59.458  -1.749 0.5000000000
12987  -20.605  -59.674  -1.636 0.6000000238
13004  -16.755  -60.027  -2.260 0.5000000000
13008  -23.386  -59.104  -2.575 0.6000000238
13601  -23.150  -58.280  4.115 0.5000000000
13614  -23.334  -58.219  3.529 0.5000000000
13630  -20.966  -59.192  2.117 0.5000000000
13633  -23.505  -58.035  2.995 0.5000000000
13687  -24.538  -58.390  -2.935 0.5000000000
13702  -22.530  -57.761  -3.416 0.6999999881
14338  -23.096  -57.815  4.612 0.5000000000
14339  -24.105  -57.237  3.640 0.4000000060
14363  -23.865  -57.535  2.895 0.5000000000
14373  -21.265  -57.162  1.615 0.6000000238
14382  -16.108  -56.776  0.728 0.6000000238
14413  -15.180  -56.684  -1.957 0.6999999881
14419  -21.133  -57.172  -3.053 0.6999999881
14434  -22.150  -57.008  -3.808 0.6000000238
14435  -22.880  -57.247  -3.844 0.6000000238
14436  -24.455  -57.613  -3.381 0.6999999881
15114  -23.692  -57.018  2.306 0.4000000060
15125  -19.027  -56.409  1.327 0.6000000238
15169  -15.560  -55.859  -2.055 0.6999999881
15183  -18.992  -55.176  -2.522 0.6000000238
15186  -21.432  -56.389  -3.694 0.6000000238
15202  -23.815  -56.175  -4.360 0.5000000000
15897  -19.092  -54.994  0.672 0.6000000238
15903  -15.626  -55.287  -1.491 0.6999999881
15933  -15.761  -55.352  -1.995 0.6999999881
15934  -17.206  -55.252  -2.067 0.6999999881
15960  -23.921  -55.494  -4.716 0.6000000238
16614  -21.022  -54.366  1.493 0.6000000238
16617  -23.891  -54.678  1.784 0.6000000238
16662  -19.072  -54.438  -2.208 0.5000000000
16674  -19.362  -54.611  -2.599 0.5000000000
16678  -25.251  -54.973  -4.718 0.5000000000
16691  -23.424  -54.535  -5.034 0.6000000238
17307  -21.567  -53.386  1.376 0.6000000238
17310  -23.802  -53.267  1.660 0.5000000000
17317  -19.540  -54.228  0.077 0.6000000238
17319  -21.247  -53.232  0.636 0.6000000238
17332  -18.756  -54.450  -1.398 0.5000000000
17383  -21.021  -53.388  -3.546 0.6000000238
18150  -21.132  -52.206  -2.673 0.6999999881
18164  -21.240  -52.397  -3.195 0.6000000238
18177  -22.570  -52.968  -4.240 0.6000000238
18181  -26.824  -52.429  -4.965 0.5000000000
18825  -24.993  -51.351  1.801 0.5000000000
18846  -23.224  -50.904  1.250 0.5000000000
18915  -24.960  -51.222  -4.204 0.6000000238
19630  -23.979  -50.253  1.625 0.5000000000
19704  -23.568  -50.682  -3.398 0.6000000238
20405  -23.565  -49.467  0.998 0.5000000000
20420  -23.304  -50.009  0.006 0.6000000238
20471  -28.357  -49.272  -4.601 0.4000000060
21182  -26.268  -48.332  -1.658 0.5000000000
21890  -24.775  -47.545  -0.632 0.5000000000
21901  -29.651  -47.631  -2.029 0.3000000119
22641  -25.285  -46.555  -1.273 0.4000000060
24048  -29.174  -44.473  -0.503 0.4000000060
24806  -33.050  -43.365  -0.942 0.4000000060
25627  -32.667  -42.573  0.107 0.5000000000
26435  -33.169  -41.474  0.238 0.4000000060
27324  -31.690  -40.903  -0.065 0.5000000000
28152  -34.957  -39.147  -0.839 0.3000000119
115576  -14.876  -56.049  -1.858 0.6999999881
116036  -33.228  -40.120  0.281 0.5000000000
118205  -22.111  -56.003  1.673 0.5000000000
118605  -24.769  -56.008  2.887 0.4000000060
121318  -21.386  -55.682  -3.902 0.6000000238
122155  -25.559  -53.179  -5.230 0.5000000000
122510  -23.621  -57.353  -3.619 0.6000000238
123708  -21.672  -59.337  2.514 0.5000000000
124086  -22.280  -53.575  1.612 0.6000000238
124880  -29.966  -43.252  -0.457 0.4000000060
124982  -24.399  -47.467  0.669 0.4000000060
125332  -19.831  -58.038  1.499 0.6000000238
127041  -19.456  -58.520  -1.621 0.6999999881
130856  -31.822  -38.245  -0.375 0.5000000000
132849  -23.814  -54.909  -5.038 0.6000000238
133676  -16.810  -56.434  0.838 0.6000000238
134530  -26.017  -55.167  -4.226 0.4000000060
136202  -32.650  -43.855  -2.376 0.3000000119
136905  -30.114  -47.197  -2.303 0.3000000119
138498  -17.262  -56.853  1.196 0.6000000238
138674  -14.613  -57.202  0.366 0.5000000000
