#!ascii label  , from subject sub-v2s4x29624_ses-1 vox2ras=TkReg
1905
46261  -45.002  -13.595  76.366 0.0000000000
37708  -32.156  -22.639  85.971 0.0000000000
109436  -48.219  -9.101  66.569 0.0000000000
48423  -39.634  -11.281  65.479 0.0000000000
55200  -46.936  -4.667  69.851 0.0000000000
42269  -37.635  -17.962  80.041 0.0000000000
39711  -33.272  -20.820  72.269 0.0000000000
42391  -35.224  -17.044  69.131 0.0000000000
111246  -22.545  -20.088  86.707 0.0000000000
62652  -50.734  3.817  65.597 0.0000000000
40597  -24.361  -18.834  72.948 0.0000000000
48362  -41.477  -12.017  70.832 0.0000000000
51309  -42.989  -7.926  68.312 0.0000000000
51257  -45.429  -8.418  73.683 0.0000000000
42298  -42.857  -16.600  78.447 0.0000000000
40600  -39.649  -19.972  73.517 0.0000000000
43277  -41.166  -16.703  70.919 0.0000000000
45318  -36.533  -14.497  67.501 0.0000000000
59679  -53.049  -0.148  62.704 0.0000000000
38568  -27.449  -21.825  87.167 0.0000000000
39603  -23.994  -19.970  80.310 0.0000000000
39608  -29.358  -20.751  80.602 0.0000000000
126962  -51.330  -8.073  70.438 0.0000000000
40496  -32.929  -18.946  82.398 0.0000000000
108064  -32.964  -24.215  78.267 0.0000000000
37798  -38.257  -22.739  77.352 0.0000000000
39735  -34.689  -21.744  69.990 0.0000000000
39488  -18.425  -20.077  87.326 0.0000000000
124975  -52.911  -1.767  70.533 0.0000000000
56890  -50.811  -2.598  67.868 0.0000000000
61675  -47.630  3.331  68.936 0.0000000000
56918  -46.382  -2.139  65.562 0.0000000000
120085  -45.309  -2.552  61.083 0.0000000000
118583  -19.629  -21.042  79.979 0.0000000000
38723  -28.780  -22.234  72.768 0.0000000000
47340  -42.723  -12.466  73.597 0.0000000000
49328  -43.197  -10.082  72.882 0.0000000000
49310  -45.423  -10.458  75.243 0.0000000000
43241  -45.093  -16.450  77.289 0.0000000000
42347  -43.485  -17.338  73.876 0.0000000000
44251  -43.125  -15.189  73.369 0.0000000000
45276  -41.498  -14.547  71.339 0.0000000000
120001  -47.151  -12.271  66.140 0.0000000000
51362  -46.037  -8.881  65.082 0.0000000000
37691  -29.458  -22.508  86.705 0.0000000000
106400  -28.212  -21.407  84.196 0.0000000000
36865  -30.952  -23.071  83.389 0.0000000000
47438  -41.341  -12.077  64.368 0.0000000000
53288  -45.323  -6.143  69.373 0.0000000000
50344  -44.919  -8.859  66.980 0.0000000000
52314  -46.960  -7.211  68.101 0.0000000000
51311  -48.929  -9.465  69.694 0.0000000000
53290  -50.179  -6.627  69.557 0.0000000000
41432  -35.061  -18.219  80.805 0.0000000000
39646  -33.795  -20.739  79.320 0.0000000000
41468  -34.939  -18.896  76.787 0.0000000000
41514  -37.865  -18.964  71.315 0.0000000000
40612  -36.454  -20.395  72.533 0.0000000000
40642  -33.833  -19.111  70.256 0.0000000000
47401  -37.723  -12.861  66.705 0.0000000000
124036  -53.103  -1.722  69.077 0.0000000000
125846  -47.160  0.965  66.388 0.0000000000
60698  -46.890  1.208  64.227 0.0000000000
57841  -44.912  -1.380  63.182 0.0000000000
60739  -48.639  1.687  62.405 0.0000000000
57882  -49.819  -1.843  60.361 0.0000000000
39490  -20.178  -19.553  86.642 0.0000000000
39550  -18.848  -20.548  84.028 0.0000000000
105907  -21.236  -20.061  83.971 0.0000000000
40551  -24.356  -19.439  76.497 0.0000000000
40549  -22.067  -19.704  76.163 0.0000000000
118103  -23.055  -20.372  73.038 0.0000000000
37816  -32.341  -23.077  75.703 0.0000000000
37814  -30.571  -23.157  75.636 0.0000000000
38742  -30.020  -22.058  72.685 0.0000000000
48386  -40.287  -11.438  68.132 0.0000000000
49388  -41.202  -9.717  66.323 0.0000000000
50312  -41.898  -9.789  70.150 0.0000000000
52288  -43.704  -7.839  70.881 0.0000000000
53268  -45.950  -5.966  71.804 0.0000000000
42283  -40.396  -16.976  79.661 0.0000000000
42319  -37.455  -17.426  75.904 0.0000000000
43247  -40.679  -16.565  75.347 0.0000000000
113124  -40.898  -18.567  71.712 0.0000000000
42377  -38.134  -17.336  69.488 0.0000000000
43319  -35.924  -16.197  67.608 0.0000000000
45288  -38.753  -14.765  69.515 0.0000000000
46326  -39.355  -13.253  68.799 0.0000000000
61724  -51.898  2.190  63.424 0.0000000000
62669  -54.501  3.697  64.525 0.0000000000
38550  -24.951  -20.949  87.443 0.0000000000
111717  -23.289  -20.291  82.891 0.0000000000
39555  -25.617  -20.552  83.433 0.0000000000
39606  -26.721  -20.187  80.518 0.0000000000
125155  -27.460  -19.620  76.668 0.0000000000
49390  -43.563  -10.135  66.071 0.0000000000
48381  -50.693  -11.062  70.883 0.0000000000
51312  -50.310  -8.714  68.306 0.0000000000
39543  -32.828  -20.923  84.257 0.0000000000
35970  -32.864  -24.242  82.703 0.0000000000
37752  -35.081  -23.278  81.313 0.0000000000
36045  -36.278  -24.456  78.241 0.0000000000
119541  -35.588  -23.285  73.945 0.0000000000
39676  -38.873  -20.876  75.513 0.0000000000
37849  -36.356  -23.372  72.792 0.0000000000
113304  -34.126  -23.381  70.410 0.0000000000
47267  -47.982  -11.492  77.345 0.0000000000
40472  -31.789  -19.176  86.500 0.0000000000
42231  -35.061  -16.585  83.642 0.0000000000
43160  -37.615  -16.192  83.256 0.0000000000
50266  -48.349  -9.265  75.833 0.0000000000
53239  -48.724  -6.334  74.822 0.0000000000
55167  -48.808  -3.680  72.815 0.0000000000
55976  -51.587  -2.356  73.856 0.0000000000
56848  -49.954  -2.450  70.330 0.0000000000
115822  -52.127  -5.020  69.574 0.0000000000
53320  -51.507  -5.982  68.382 0.0000000000
105178  -49.226  -5.761  66.682 0.0000000000
59641  -48.443  -0.013  68.013 0.0000000000
56909  -48.578  -2.786  66.833 0.0000000000
54350  -46.873  -5.537  65.515 0.0000000000
54362  -44.680  -6.029  64.239 0.0000000000
57858  -49.452  -1.641  61.239 0.0000000000
38607  -17.403  -21.514  83.441 0.0000000000
110048  -19.983  -23.639  76.170 0.0000000000
39601  -21.509  -20.263  80.078 0.0000000000
39669  -19.979  -21.010  75.903 0.0000000000
37771  -31.562  -22.576  79.387 0.0000000000
113742  -30.129  -20.622  76.606 0.0000000000
41495  -27.200  -18.756  72.819 0.0000000000
38768  -26.027  -21.615  69.824 0.0000000000
47302  -43.812  -12.856  75.417 0.0000000000
48328  -44.225  -11.425  75.218 0.0000000000
47304  -45.340  -12.013  76.197 0.0000000000
44236  -45.152  -15.503  76.324 0.0000000000
44235  -44.723  -16.113  75.594 0.0000000000
45240  -44.132  -14.609  75.401 0.0000000000
110212  -42.892  -14.033  73.688 0.0000000000
49381  -48.881  -10.176  67.585 0.0000000000
49392  -47.440  -10.502  66.378 0.0000000000
49405  -46.696  -10.515  65.687 0.0000000000
110781  -46.861  -8.877  65.589 0.0000000000
36826  -30.806  -22.573  86.751 0.0000000000
37707  -30.418  -22.904  85.406 0.0000000000
36843  -31.477  -23.127  85.485 0.0000000000
47436  -39.467  -12.324  64.555 0.0000000000
48437  -40.745  -11.392  64.622 0.0000000000
114654  -46.351  -5.367  69.529 0.0000000000
52313  -45.982  -6.835  68.110 0.0000000000
54324  -46.865  -5.877  68.672 0.0000000000
124315  -48.542  -7.048  68.766 0.0000000000
54326  -48.320  -5.434  68.909 0.0000000000
119331  -36.458  -17.936  80.791 0.0000000000
107446  -34.829  -18.570  79.110 0.0000000000
41451  -36.089  -18.232  78.109 0.0000000000
112187  -36.410  -17.676  70.045 0.0000000000
41524  -35.224  -18.378  71.034 0.0000000000
42373  -34.477  -17.414  69.749 0.0000000000
41542  -32.720  -18.239  68.639 0.0000000000
47423  -38.421  -12.353  65.494 0.0000000000
46363  -37.942  -13.076  65.238 0.0000000000
47435  -38.679  -12.661  64.872 0.0000000000
61705  -48.137  2.806  65.394 0.0000000000
61710  -48.371  2.556  64.386 0.0000000000
125556  -47.438  1.579  63.044 0.0000000000
61722  -49.807  2.643  63.418 0.0000000000
39491  -21.947  -19.702  87.143 0.0000000000
39520  -20.785  -19.914  85.393 0.0000000000
39521  -21.577  -19.986  85.393 0.0000000000
40571  -24.890  -19.151  75.586 0.0000000000
40569  -23.106  -19.164  75.165 0.0000000000
40596  -23.665  -19.264  73.372 0.0000000000
38737  -23.025  -21.467  72.491 0.0000000000
39705  -23.573  -20.068  71.962 0.0000000000
38715  -33.779  -21.798  74.226 0.0000000000
38726  -31.482  -22.011  74.216 0.0000000000
39697  -32.118  -20.952  73.421 0.0000000000
47380  -41.139  -12.056  69.999 0.0000000000
49351  -41.255  -10.321  69.089 0.0000000000
49341  -41.880  -10.499  70.733 0.0000000000
51256  -44.747  -8.683  73.272 0.0000000000
51266  -43.790  -8.717  72.147 0.0000000000
52272  -44.726  -7.707  72.210 0.0000000000
52282  -45.049  -7.043  71.804 0.0000000000
52274  -46.029  -7.008  73.050 0.0000000000
42297  -41.738  -16.649  78.854 0.0000000000
123538  -39.864  -16.871  77.421 0.0000000000
43239  -42.118  -16.927  76.951 0.0000000000
43266  -42.723  -17.000  72.378 0.0000000000
42350  -42.125  -17.776  72.630 0.0000000000
42367  -41.126  -17.516  70.893 0.0000000000
41528  -40.025  -18.279  70.600 0.0000000000
43275  -39.709  -16.999  70.185 0.0000000000
43288  -38.291  -16.583  69.444 0.0000000000
44263  -39.902  -16.096  70.355 0.0000000000
47368  -41.467  -12.851  71.095 0.0000000000
46307  -40.748  -13.753  70.317 0.0000000000
47373  -41.040  -12.958  70.248 0.0000000000
47390  -40.224  -12.243  68.751 0.0000000000
38551  -25.951  -21.373  87.532 0.0000000000
39524  -25.076  -20.742  85.080 0.0000000000
38583  -26.688  -21.191  85.490 0.0000000000
38633  -29.263  -21.043  82.180 0.0000000000
39574  -27.742  -20.731  82.453 0.0000000000
105071  -28.437  -20.391  80.054 0.0000000000
40528  -26.974  -19.965  78.197 0.0000000000
39643  -28.515  -20.000  78.591 0.0000000000
50343  -42.004  -8.734  66.925 0.0000000000
49402  -42.157  -9.959  65.594 0.0000000000
50357  -42.686  -8.921  66.511 0.0000000000
49380  -46.255  -10.410  68.124 0.0000000000
49378  -44.950  -10.500  66.955 0.0000000000
47391  -45.974  -11.946  67.951 0.0000000000
51299  -50.503  -9.284  70.686 0.0000000000
49342  -50.380  -10.598  71.021 0.0000000000
49343  -51.039  -10.114  71.065 0.0000000000
50334  -50.897  -9.706  69.877 0.0000000000
51300  -51.293  -9.077  70.047 0.0000000000
39559  -32.719  -20.442  83.399 0.0000000000
38622  -33.570  -21.724  82.702 0.0000000000
39593  -33.210  -20.829  82.092 0.0000000000
38672  -36.689  -22.314  78.211 0.0000000000
37774  -36.563  -23.440  79.459 0.0000000000
36911  -37.515  -23.743  78.277 0.0000000000
36936  -35.759  -23.833  76.412 0.0000000000
36952  -36.898  -23.857  75.479 0.0000000000
41488  -38.722  -18.548  74.364 0.0000000000
41480  -37.236  -18.518  74.884 0.0000000000
40580  -39.309  -20.138  74.489 0.0000000000
39727  -35.360  -21.221  71.586 0.0000000000
38747  -36.611  -22.301  72.997 0.0000000000
38761  -35.391  -22.720  70.798 0.0000000000
36973  -35.285  -23.944  71.337 0.0000000000
44302  -36.136  -15.552  67.493 0.0000000000
43159  -36.158  -16.297  83.656 0.0000000000
44145  -40.605  -15.760  81.715 0.0000000000
49287  -48.176  -10.655  76.551 0.0000000000
52244  -49.876  -7.015  75.930 0.0000000000
53241  -49.643  -5.683  75.209 0.0000000000
54265  -48.531  -5.105  73.710 0.0000000000
55153  -49.971  -4.155  74.079 0.0000000000
56826  -51.855  -1.328  72.190 0.0000000000
118416  -50.384  -2.037  71.857 0.0000000000
114799  -51.584  -2.060  70.558 0.0000000000
55190  -51.731  -3.928  69.741 0.0000000000
56012  -52.801  -3.025  70.203 0.0000000000
56891  -51.604  -2.698  68.204 0.0000000000
55223  -52.359  -4.029  68.691 0.0000000000
123438  -50.820  -3.839  67.643 0.0000000000
54333  -50.790  -5.404  67.683 0.0000000000
56051  -50.193  -4.098  67.348 0.0000000000
60679  -47.653  1.548  67.728 0.0000000000
59651  -46.778  -0.153  65.757 0.0000000000
119384  -47.244  -0.720  66.323 0.0000000000
56919  -46.938  -2.588  66.018 0.0000000000
55232  -47.527  -4.105  66.166 0.0000000000
55255  -46.359  -4.118  65.486 0.0000000000
53348  -46.046  -5.894  65.222 0.0000000000
55254  -45.556  -4.377  65.028 0.0000000000
57853  -44.854  -1.944  61.752 0.0000000000
56088  -43.729  -3.681  62.710 0.0000000000
56096  -43.845  -3.938  61.678 0.0000000000
60711  -53.307  0.945  63.647 0.0000000000
123210  -51.137  0.741  62.389 0.0000000000
123119  -51.742  -0.827  62.198 0.0000000000
39583  -19.649  -20.737  81.656 0.0000000000
38631  -18.369  -21.429  81.317 0.0000000000
116456  -18.479  -21.703  79.088 0.0000000000
37794  -18.417  -22.637  77.372 0.0000000000
38691  -18.765  -22.119  76.954 0.0000000000
39570  -23.631  -20.234  81.884 0.0000000000
39569  -22.655  -20.222  82.205 0.0000000000
39602  -23.056  -19.970  80.186 0.0000000000
40548  -21.365  -20.103  76.133 0.0000000000
109908  -23.444  -23.814  73.966 0.0000000000
107520  -33.263  -24.427  80.595 0.0000000000
118090  -32.247  -23.872  80.915 0.0000000000
36024  -32.482  -23.875  79.207 0.0000000000
112921  -29.602  -22.649  73.911 0.0000000000
39672  -30.202  -21.684  75.871 0.0000000000
39692  -29.252  -20.740  74.030 0.0000000000
117314  -28.576  -19.336  74.785 0.0000000000
40609  -28.262  -20.376  72.758 0.0000000000
39731  -25.239  -21.054  69.901 0.0000000000
113756  -42.176  -12.237  72.325 0.0000000000
106970  -42.392  -10.992  72.110 0.0000000000
109636  -43.173  -11.054  73.829 0.0000000000
49321  -44.093  -9.980  74.011 0.0000000000
51247  -45.786  -8.979  74.445 0.0000000000
43226  -44.240  -16.630  77.977 0.0000000000
42322  -42.890  -17.108  76.398 0.0000000000
42333  -44.291  -17.025  75.658 0.0000000000
43263  -43.599  -16.917  73.593 0.0000000000
118017  -42.558  -16.193  72.297 0.0000000000
111030  -41.247  -15.270  71.072 0.0000000000
45270  -42.572  -14.730  72.765 0.0000000000
47360  -42.394  -12.977  72.856 0.0000000000
50372  -44.803  -8.845  64.168 0.0000000000
37678  -28.552  -22.211  87.602 0.0000000000
38584  -27.659  -21.637  85.765 0.0000000000
37705  -28.980  -22.299  85.730 0.0000000000
37727  -29.688  -22.155  83.774 0.0000000000
38634  -29.929  -21.427  81.885 0.0000000000
52311  -44.297  -7.088  68.375 0.0000000000
51323  -44.083  -8.161  67.209 0.0000000000
52326  -45.368  -7.494  67.667 0.0000000000
52327  -46.264  -7.780  67.750 0.0000000000
50331  -47.271  -9.461  68.521 0.0000000000
49366  -47.759  -10.311  69.257 0.0000000000
121228  -48.040  -8.886  68.828 0.0000000000
52301  -49.295  -7.912  69.361 0.0000000000
52303  -50.920  -7.212  70.167 0.0000000000
41413  -34.462  -17.884  82.191 0.0000000000
40511  -33.455  -19.688  80.678 0.0000000000
41440  -34.203  -18.902  79.588 0.0000000000
40542  -34.474  -19.799  77.663 0.0000000000
39674  -36.377  -20.825  76.618 0.0000000000
40614  -39.162  -19.906  72.405 0.0000000000
39715  -38.972  -20.481  72.984 0.0000000000
40630  -37.372  -19.623  72.173 0.0000000000
41511  -34.918  -19.265  71.409 0.0000000000
40649  -34.168  -20.506  69.972 0.0000000000
39759  -33.547  -21.577  67.785 0.0000000000
40662  -32.820  -19.424  68.124 0.0000000000
46338  -37.146  -13.517  67.185 0.0000000000
46350  -36.607  -14.137  65.882 0.0000000000
59598  -52.600  0.052  71.392 0.0000000000
57778  -53.416  -1.657  69.815 0.0000000000
59622  -52.898  -0.410  69.944 0.0000000000
58675  -51.873  -0.940  68.957 0.0000000000
57808  -50.512  -1.362  68.194 0.0000000000
62638  -47.900  3.410  67.434 0.0000000000
60686  -47.331  1.636  66.863 0.0000000000
61699  -47.534  2.463  66.608 0.0000000000
60690  -46.978  1.341  65.130 0.0000000000
108875  -45.964  -0.816  64.785 0.0000000000
57833  -45.069  -1.976  64.149 0.0000000000
59664  -45.993  0.425  63.234 0.0000000000
59674  -46.346  0.456  62.225 0.0000000000
58729  -46.820  -0.729  61.128 0.0000000000
124849  -53.140  -0.410  61.806 0.0000000000
57861  -51.692  -1.151  61.335 0.0000000000
58758  -51.873  -0.641  60.365 0.0000000000
39489  -19.255  -19.747  86.935 0.0000000000
39518  -18.738  -20.347  85.604 0.0000000000
39519  -19.464  -20.122  85.190 0.0000000000
126280  -19.974  -20.315  82.877 0.0000000000
111563  -20.457  -20.522  81.303 0.0000000000
39639  -24.565  -19.825  78.865 0.0000000000
39637  -22.858  -20.000  78.222 0.0000000000
119639  -23.650  -19.500  76.528 0.0000000000
40585  -22.585  -19.487  74.502 0.0000000000
38721  -22.687  -20.634  73.371 0.0000000000
124449  -23.118  -23.020  73.476 0.0000000000
37833  -23.037  -22.115  73.132 0.0000000000
36053  -32.809  -23.910  77.193 0.0000000000
126172  -31.909  -23.841  76.979 0.0000000000
36948  -31.309  -23.460  75.704 0.0000000000
104929  -30.023  -22.930  73.979 0.0000000000
37834  -29.161  -22.387  72.763 0.0000000000
48409  -39.524  -11.286  66.413 0.0000000000
48410  -40.121  -10.694  66.037 0.0000000000
49362  -40.607  -10.511  67.628 0.0000000000
50330  -41.479  -9.471  68.744 0.0000000000
51308  -42.360  -8.364  68.852 0.0000000000
50304  -42.779  -9.655  71.639 0.0000000000
126942  -42.764  -8.681  70.486 0.0000000000
52299  -43.589  -7.498  69.769 0.0000000000
53274  -44.743  -6.564  69.791 0.0000000000
53275  -45.260  -6.157  70.333 0.0000000000
55179  -46.747  -4.649  70.776 0.0000000000
105488  -39.034  -17.572  80.250 0.0000000000
42293  -37.825  -17.765  78.145 0.0000000000
42307  -38.443  -17.278  77.343 0.0000000000
43236  -38.995  -16.769  75.639 0.0000000000
42339  -40.402  -17.681  73.773 0.0000000000
43258  -42.348  -17.151  74.630 0.0000000000
42344  -41.318  -17.745  73.406 0.0000000000
40601  -40.327  -19.168  72.724 0.0000000000
41516  -39.738  -18.890  71.049 0.0000000000
108892  -38.204  -18.411  70.354 0.0000000000
42375  -36.750  -17.405  69.352 0.0000000000
121984  -35.683  -16.812  68.399 0.0000000000
43287  -37.407  -16.744  69.044 0.0000000000
44289  -36.935  -15.968  68.627 0.0000000000
45306  -37.167  -14.889  68.672 0.0000000000
45281  -40.451  -14.431  70.308 0.0000000000
46312  -39.047  -13.972  69.190 0.0000000000
46325  -38.474  -13.539  68.495 0.0000000000
47388  -38.880  -12.851  68.079 0.0000000000
47403  -39.252  -12.230  67.690 0.0000000000
61712  -51.345  2.944  63.982 0.0000000000
118255  -52.984  3.356  65.030 0.0000000000
61715  -54.156  2.648  64.654 0.0000000000
60702  -54.405  1.772  64.173 0.0000000000
59682  -54.981  0.806  62.721 0.0000000000
105168  -55.331  0.655  61.698 0.0000000000
119985  -23.869  -20.666  86.979 0.0000000000
39523  -23.272  -20.400  85.425 0.0000000000
122388  -24.209  -20.635  85.425 0.0000000000
39554  -24.762  -20.437  83.534 0.0000000000
39571  -24.682  -20.291  81.920 0.0000000000
38609  -27.362  -21.009  83.878 0.0000000000
39590  -26.442  -20.441  81.939 0.0000000000
119862  -25.211  -19.838  79.861 0.0000000000
39640  -25.485  -19.827  78.810 0.0000000000
40540  -25.712  -19.756  77.198 0.0000000000
109305  -26.039  -19.143  75.237 0.0000000000
49400  -41.218  -10.823  64.902 0.0000000000
48425  -42.792  -11.255  65.167 0.0000000000
50359  -44.507  -9.643  66.741 0.0000000000
49382  -49.569  -9.852  68.212 0.0000000000
50347  -48.814  -9.396  67.140 0.0000000000
38586  -33.036  -21.922  85.227 0.0000000000
36857  -32.653  -23.477  84.677 0.0000000000
37729  -33.586  -23.121  83.912 0.0000000000
35972  -34.335  -24.161  82.241 0.0000000000
123193  -34.909  -24.577  80.593 0.0000000000
38650  -34.559  -22.257  80.337 0.0000000000
36901  -36.098  -24.072  80.371 0.0000000000
115127  -34.653  -24.526  78.784 0.0000000000
36935  -34.631  -23.693  76.678 0.0000000000
36957  -35.161  -22.944  75.084 0.0000000000
38716  -34.502  -22.282  73.593 0.0000000000
41470  -36.032  -18.223  75.902 0.0000000000
39683  -37.129  -20.506  75.948 0.0000000000
38696  -38.503  -21.793  76.491 0.0000000000
38731  -38.041  -21.624  73.624 0.0000000000
37839  -37.930  -22.423  74.152 0.0000000000
36960  -38.019  -23.334  75.311 0.0000000000
112325  -36.308  -23.889  73.804 0.0000000000
37847  -34.784  -23.559  71.917 0.0000000000
43328  -34.734  -16.220  67.050 0.0000000000
45221  -46.030  -14.397  77.449 0.0000000000
110031  -46.518  -12.706  76.919 0.0000000000
40446  -19.638  -19.058  88.268 0.0000000000
39475  -23.189  -19.760  88.427 0.0000000000
38523  -24.368  -20.489  88.678 0.0000000000
38538  -25.670  -21.072  88.680 0.0000000000
38542  -28.915  -22.005  88.240 0.0000000000
37668  -30.322  -22.095  87.581 0.0000000000
38553  -31.576  -21.499  87.253 0.0000000000
39511  -32.370  -21.092  86.298 0.0000000000
120802  -32.370  -20.365  85.808 0.0000000000
40484  -32.330  -19.398  84.867 0.0000000000
41401  -32.658  -17.935  83.941 0.0000000000
42220  -33.807  -16.564  84.912 0.0000000000
42249  -34.072  -17.539  82.848 0.0000000000
42250  -35.523  -17.478  82.321 0.0000000000
42251  -36.573  -17.153  82.387 0.0000000000
42260  -37.668  -17.467  81.533 0.0000000000
42261  -38.740  -16.855  81.759 0.0000000000
42271  -39.623  -17.073  80.801 0.0000000000
106301  -40.795  -16.333  80.814 0.0000000000
44211  -45.899  -15.171  78.350 0.0000000000
48289  -46.644  -11.107  76.153 0.0000000000
119404  -46.990  -9.804  75.530 0.0000000000
51248  -46.661  -8.601  74.766 0.0000000000
51234  -49.754  -7.979  76.452 0.0000000000
52242  -48.884  -7.749  75.548 0.0000000000
52266  -47.194  -7.074  74.135 0.0000000000
53249  -47.445  -6.332  73.803 0.0000000000
54273  -47.181  -5.188  72.645 0.0000000000
56002  -47.754  -3.659  71.358 0.0000000000
55974  -50.422  -3.153  73.523 0.0000000000
56823  -49.110  -2.593  71.420 0.0000000000
56016  -48.309  -3.605  69.919 0.0000000000
55203  -49.568  -4.355  69.435 0.0000000000
54311  -51.089  -5.567  69.688 0.0000000000
53277  -51.986  -6.870  70.258 0.0000000000
55206  -52.746  -3.622  69.475 0.0000000000
54313  -52.274  -5.504  69.434 0.0000000000
52316  -51.777  -7.306  69.429 0.0000000000
52315  -51.262  -7.673  68.759 0.0000000000
52328  -49.934  -7.304  67.418 0.0000000000
52338  -48.669  -6.952  66.438 0.0000000000
59632  -49.117  0.023  68.784 0.0000000000
58682  -49.578  -1.123  67.852 0.0000000000
108607  -47.466  0.765  67.083 0.0000000000
57820  -48.453  -1.479  67.066 0.0000000000
56910  -49.406  -3.016  67.194 0.0000000000
55234  -49.061  -4.354  66.762 0.0000000000
53337  -48.003  -5.796  66.102 0.0000000000
52354  -47.965  -7.322  65.993 0.0000000000
52352  -46.279  -7.221  65.166 0.0000000000
52370  -45.237  -7.966  64.418 0.0000000000
52387  -44.030  -7.878  63.557 0.0000000000
56075  -44.548  -3.552  64.159 0.0000000000
53356  -43.654  -6.294  63.259 0.0000000000
52403  -43.322  -7.795  62.974 0.0000000000
60726  -50.361  1.536  62.417 0.0000000000
59695  -48.876  0.347  61.522 0.0000000000
57857  -47.743  -1.531  60.914 0.0000000000
57868  -49.733  -1.921  60.953 0.0000000000
56962  -47.725  -2.749  60.355 0.0000000000
56111  -46.192  -3.605  60.164 0.0000000000
38608  -18.131  -20.958  83.750 0.0000000000
106294  -22.122  -20.100  83.882 0.0000000000
39584  -21.168  -20.313  81.857 0.0000000000
39617  -20.935  -20.417  79.441 0.0000000000
106404  -22.221  -20.088  78.552 0.0000000000
39635  -20.731  -20.501  78.163 0.0000000000
39653  -19.953  -20.908  77.520 0.0000000000
38699  -19.588  -22.089  75.771 0.0000000000
36875  -31.860  -23.762  82.598 0.0000000000
37751  -31.269  -22.719  81.691 0.0000000000
38659  -31.085  -21.774  79.765 0.0000000000
37782  -31.273  -22.819  77.490 0.0000000000
38680  -31.044  -21.692  77.999 0.0000000000
39644  -29.520  -20.115  78.483 0.0000000000
40555  -28.806  -19.593  76.421 0.0000000000
40589  -27.740  -18.983  74.673 0.0000000000
41493  -25.543  -18.387  72.847 0.0000000000
38758  -29.069  -21.745  71.265 0.0000000000
37862  -28.299  -22.168  71.088 0.0000000000
39721  -27.590  -21.198  71.583 0.0000000000
40621  -26.300  -19.776  70.987 0.0000000000
41509  -25.654  -18.919  71.157 0.0000000000
40620  -24.656  -19.122  71.023 0.0000000000
46260  -44.279  -13.688  75.769 0.0000000000
47303  -44.633  -12.682  76.004 0.0000000000
114854  -45.353  -12.815  76.419 0.0000000000
45220  -45.384  -14.440  76.696 0.0000000000
45241  -44.799  -14.553  76.031 0.0000000000
46259  -43.558  -13.761  75.124 0.0000000000
49393  -48.190  -9.913  66.843 0.0000000000
122525  -47.698  -9.609  66.361 0.0000000000
123242  -47.126  -9.677  65.904 0.0000000000
50360  -47.561  -8.933  66.079 0.0000000000
37693  -31.481  -22.562  86.505 0.0000000000
36835  -31.720  -22.877  85.904 0.0000000000
48436  -39.855  -11.518  64.772 0.0000000000
123232  -46.395  -5.639  69.000 0.0000000000
54307  -46.913  -5.273  69.174 0.0000000000
54325  -47.605  -5.621  68.774 0.0000000000
54308  -47.735  -4.772  69.238 0.0000000000
42268  -37.225  -17.808  80.840 0.0000000000
41434  -36.623  -18.104  80.079 0.0000000000
41442  -36.826  -18.139  79.172 0.0000000000
42374  -35.927  -17.390  69.573 0.0000000000
123737  -35.179  -17.432  69.910 0.0000000000
48408  -38.908  -11.731  65.830 0.0000000000
47424  -39.065  -11.846  65.063 0.0000000000
62651  -49.608  3.619  65.781 0.0000000000
62662  -48.983  3.070  65.078 0.0000000000
62663  -49.959  3.279  64.843 0.0000000000
61711  -49.370  2.829  64.138 0.0000000000
120961  -21.831  -19.897  86.425 0.0000000000
39508  -22.121  -20.070  86.034 0.0000000000
104820  -24.802  -18.856  74.482 0.0000000000
106104  -24.105  -18.796  73.910 0.0000000000
40605  -23.930  -19.413  72.440 0.0000000000
39698  -33.213  -20.797  73.064 0.0000000000
38727  -32.922  -21.330  73.921 0.0000000000
39710  -32.439  -20.242  72.474 0.0000000000
48369  -41.482  -11.253  70.397 0.0000000000
48363  -41.856  -11.260  71.356 0.0000000000
51268  -45.062  -8.035  72.965 0.0000000000
52273  -45.377  -7.367  72.625 0.0000000000
52264  -45.732  -7.700  73.393 0.0000000000
42309  -41.270  -16.901  78.249 0.0000000000
42310  -42.060  -16.826  77.924 0.0000000000
43271  -41.676  -17.026  71.378 0.0000000000
42357  -42.219  -17.328  71.956 0.0000000000
42366  -40.303  -17.612  70.475 0.0000000000
43276  -40.537  -16.818  70.562 0.0000000000
44264  -40.777  -15.895  70.728 0.0000000000
111814  -41.792  -12.143  71.621 0.0000000000
125910  -41.276  -12.489  70.510 0.0000000000
38552  -26.868  -21.608  87.623 0.0000000000
105493  -26.300  -21.313  86.284 0.0000000000
105919  -27.059  -21.627  86.411 0.0000000000
39592  -29.283  -20.894  81.443 0.0000000000
106908  -28.482  -20.566  81.034 0.0000000000
39642  -27.986  -20.117  79.253 0.0000000000
105985  -28.945  -20.255  79.211 0.0000000000
51321  -42.288  -8.427  67.830 0.0000000000
51336  -42.654  -8.520  67.119 0.0000000000
51322  -43.148  -8.159  67.528 0.0000000000
49364  -46.067  -11.165  68.085 0.0000000000
51289  -51.082  -8.827  70.751 0.0000000000
110377  -51.022  -9.602  71.045 0.0000000000
50315  -51.124  -9.418  70.779 0.0000000000
51290  -51.301  -8.533  70.373 0.0000000000
40490  -32.552  -19.335  83.164 0.0000000000
114265  -32.783  -19.993  82.524 0.0000000000
37797  -37.902  -22.652  77.735 0.0000000000
37786  -37.489  -23.113  78.345 0.0000000000
36912  -38.029  -23.165  77.855 0.0000000000
116154  -37.204  -23.947  76.226 0.0000000000
36938  -37.754  -23.758  76.655 0.0000000000
41489  -39.364  -18.651  74.057 0.0000000000
40592  -39.089  -19.378  74.392 0.0000000000
40593  -39.586  -19.585  73.929 0.0000000000
39726  -35.030  -21.554  70.753 0.0000000000
116889  -35.651  -22.162  71.745 0.0000000000
117128  -35.012  -22.640  70.150 0.0000000000
38774  -34.940  -23.358  70.303 0.0000000000
38790  -34.533  -22.959  69.559 0.0000000000
110184  -35.959  -15.134  66.925 0.0000000000
54256  -49.847  -5.016  74.835 0.0000000000
57727  -52.477  -0.939  71.917 0.0000000000
57707  -52.184  -1.153  73.017 0.0000000000
123306  -52.120  -1.190  72.399 0.0000000000
57726  -52.485  -1.307  71.184 0.0000000000
56850  -52.481  -2.352  70.255 0.0000000000
108823  -52.830  -1.952  70.425 0.0000000000
56034  -51.185  -3.298  67.898 0.0000000000
56033  -50.297  -3.281  67.479 0.0000000000
62601  -47.199  4.140  69.174 0.0000000000
109365  -47.813  2.360  68.686 0.0000000000
57828  -46.384  -1.283  65.431 0.0000000000
57829  -46.958  -1.825  66.042 0.0000000000
108253  -46.490  -3.160  65.650 0.0000000000
56077  -45.711  -3.498  65.159 0.0000000000
56097  -44.139  -3.091  61.855 0.0000000000
106761  -44.762  -3.065  61.144 0.0000000000
56104  -45.378  -3.503  60.563 0.0000000000
59666  -53.599  0.377  63.284 0.0000000000
115367  -52.217  -0.290  62.533 0.0000000000
38564  -17.835  -20.751  86.987 0.0000000000
39599  -19.771  -20.892  80.808 0.0000000000
38646  -19.182  -21.208  80.483 0.0000000000
38657  -19.267  -21.262  79.039 0.0000000000
38667  -18.586  -21.719  78.384 0.0000000000
38668  -19.264  -21.328  78.043 0.0000000000
39587  -24.298  -20.101  81.107 0.0000000000
119620  -23.452  -20.073  80.944 0.0000000000
36956  -23.419  -23.373  74.291 0.0000000000
36006  -33.519  -24.398  79.879 0.0000000000
36005  -32.823  -24.178  79.966 0.0000000000
36025  -32.962  -24.172  79.069 0.0000000000
38724  -29.199  -22.362  73.344 0.0000000000
38712  -29.293  -21.899  74.039 0.0000000000
39696  -28.873  -21.695  73.393 0.0000000000
40599  -28.681  -20.329  73.424 0.0000000000
39707  -28.504  -21.419  72.797 0.0000000000
112455  -42.428  -12.167  72.965 0.0000000000
48343  -42.703  -11.642  73.376 0.0000000000
48344  -43.121  -11.862  74.171 0.0000000000
48329  -44.885  -11.062  75.365 0.0000000000
108690  -44.404  -10.587  74.786 0.0000000000
50276  -44.981  -9.685  74.474 0.0000000000
49311  -45.775  -9.711  74.976 0.0000000000
113161  -44.774  -16.528  77.889 0.0000000000
42324  -44.167  -16.990  76.523 0.0000000000
43240  -44.656  -16.724  76.444 0.0000000000
109991  -43.637  -15.452  74.029 0.0000000000
44244  -43.972  -16.399  74.154 0.0000000000
44252  -43.458  -16.113  73.432 0.0000000000
43267  -43.138  -16.641  72.884 0.0000000000
107957  -42.894  -15.733  72.825 0.0000000000
121995  -42.398  -15.371  72.308 0.0000000000
46282  -42.805  -13.352  73.674 0.0000000000
46295  -42.580  -13.905  73.131 0.0000000000
48414  -47.556  -11.659  66.701 0.0000000000
50366  -46.423  -9.701  65.404 0.0000000000
50373  -45.376  -9.410  64.575 0.0000000000
110837  -28.860  -22.362  87.139 0.0000000000
37690  -28.754  -22.299  86.545 0.0000000000
105609  -29.412  -22.523  86.128 0.0000000000
37728  -30.354  -22.772  83.994 0.0000000000
37718  -29.732  -22.498  84.574 0.0000000000
37738  -30.394  -22.437  83.172 0.0000000000
38620  -29.664  -21.630  82.825 0.0000000000
38621  -30.544  -22.123  82.297 0.0000000000
46380  -41.098  -13.105  64.219 0.0000000000
53287  -44.815  -6.580  68.846 0.0000000000
52325  -44.545  -7.476  67.718 0.0000000000
52312  -45.052  -6.903  68.166 0.0000000000
51325  -46.457  -8.822  67.789 0.0000000000
51310  -47.167  -8.276  68.160 0.0000000000
121411  -48.044  -7.756  68.618 0.0000000000
53289  -49.337  -6.886  69.166 0.0000000000
52302  -50.297  -7.579  69.829 0.0000000000
41420  -34.374  -18.297  81.313 0.0000000000
41431  -34.314  -18.579  80.474 0.0000000000
41450  -35.095  -18.523  78.283 0.0000000000
41449  -34.401  -19.105  78.517 0.0000000000
40557  -34.809  -19.518  76.908 0.0000000000
39661  -35.550  -21.121  77.311 0.0000000000
39673  -35.344  -20.163  76.578 0.0000000000
40631  -38.527  -19.520  71.844 0.0000000000
41513  -36.773  -18.916  71.582 0.0000000000
41523  -34.461  -18.669  70.757 0.0000000000
40643  -34.398  -19.665  70.833 0.0000000000
113961  -33.558  -19.769  69.420 0.0000000000
41543  -33.102  -19.239  68.875 0.0000000000
46351  -37.159  -13.418  66.314 0.0000000000
60619  -51.614  0.592  71.478 0.0000000000
59610  -52.657  0.028  70.603 0.0000000000
106932  -50.862  0.091  69.675 0.0000000000
59621  -51.589  0.131  69.966 0.0000000000
59634  -51.426  -0.361  69.283 0.0000000000
113729  -50.999  -0.775  68.662 0.0000000000
59633  -50.538  -0.254  69.056 0.0000000000
63591  -48.931  4.649  67.638 0.0000000000
62649  -47.940  3.046  66.330 0.0000000000
116133  -47.711  2.308  64.980 0.0000000000
60691  -47.340  2.014  65.487 0.0000000000
60699  -47.325  1.776  64.653 0.0000000000
59658  -46.574  0.505  64.865 0.0000000000
58704  -46.015  -0.075  64.218 0.0000000000
113767  -46.400  0.686  63.951 0.0000000000
60723  -47.679  1.378  62.347 0.0000000000
59675  -47.005  0.885  61.990 0.0000000000
58718  -46.222  -0.313  61.652 0.0000000000
59693  -46.889  0.166  61.479 0.0000000000
59715  -53.059  -0.312  61.190 0.0000000000
58745  -52.210  -0.852  60.985 0.0000000000
40461  -19.908  -19.271  87.432 0.0000000000
39505  -19.523  -19.914  86.023 0.0000000000
105381  -20.993  -20.001  84.750 0.0000000000
39536  -20.352  -20.102  84.119 0.0000000000
39552  -20.593  -20.182  83.212 0.0000000000
105951  -20.325  -20.371  82.280 0.0000000000
119935  -21.092  -20.230  82.582 0.0000000000
40539  -24.758  -19.700  77.248 0.0000000000
40538  -23.958  -19.691  77.178 0.0000000000
39694  -22.895  -19.714  73.602 0.0000000000
39691  -22.169  -20.073  73.987 0.0000000000
38722  -23.006  -21.331  73.100 0.0000000000
38753  -22.751  -21.710  71.455 0.0000000000
36971  -22.723  -22.447  72.416 0.0000000000
36950  -32.910  -23.341  76.254 0.0000000000
107133  -32.382  -23.749  76.692 0.0000000000
38743  -30.848  -21.777  73.517 0.0000000000
37836  -30.658  -22.956  74.494 0.0000000000
38725  -30.006  -22.614  73.304 0.0000000000
37835  -29.602  -22.500  73.349 0.0000000000
37845  -29.523  -22.428  72.874 0.0000000000
48399  -40.099  -10.921  67.050 0.0000000000
50321  -41.580  -9.820  69.484 0.0000000000
49363  -41.050  -9.964  68.173 0.0000000000
122292  -41.818  -8.792  68.530 0.0000000000
50322  -41.884  -9.032  69.442 0.0000000000
49327  -42.781  -10.225  72.264 0.0000000000
49333  -42.347  -10.407  71.505 0.0000000000
50295  -43.363  -9.472  72.391 0.0000000000
51278  -44.104  -8.074  71.795 0.0000000000
51277  -43.599  -8.426  71.505 0.0000000000
109757  -43.113  -8.139  70.204 0.0000000000
52289  -44.233  -7.151  70.316 0.0000000000
53267  -45.385  -6.368  71.338 0.0000000000
54282  -45.768  -5.706  70.805 0.0000000000
54283  -46.306  -5.282  71.270 0.0000000000
42282  -39.722  -17.322  79.933 0.0000000000
42294  -38.841  -17.538  78.480 0.0000000000
42295  -39.833  -17.304  78.926 0.0000000000
126272  -40.530  -16.544  76.119 0.0000000000
42321  -39.285  -16.739  76.794 0.0000000000
43246  -39.683  -16.662  74.988 0.0000000000
42338  -39.628  -17.316  74.392 0.0000000000
43256  -40.460  -16.900  74.457 0.0000000000
105799  -43.299  -17.307  74.660 0.0000000000
43249  -42.697  -17.093  75.460 0.0000000000
104856  -42.775  -17.469  73.861 0.0000000000
41504  -41.548  -18.203  72.048 0.0000000000
42345  -42.127  -17.684  73.245 0.0000000000
41497  -41.445  -18.068  72.759 0.0000000000
41496  -40.655  -18.468  73.118 0.0000000000
41503  -40.865  -18.626  72.363 0.0000000000
40616  -40.280  -19.076  71.844 0.0000000000
42364  -38.682  -17.904  69.858 0.0000000000
41527  -39.180  -18.444  70.419 0.0000000000
112005  -37.985  -17.848  69.702 0.0000000000
42376  -37.431  -17.392  69.346 0.0000000000
43286  -36.840  -17.037  68.806 0.0000000000
44273  -38.497  -15.639  69.572 0.0000000000
44272  -37.657  -15.803  69.155 0.0000000000
45287  -37.990  -15.040  69.240 0.0000000000
121206  -40.721  -15.022  70.677 0.0000000000
45282  -40.994  -14.437  70.765 0.0000000000
46314  -40.491  -13.275  69.731 0.0000000000
45290  -40.288  -13.890  69.904 0.0000000000
46313  -39.851  -13.612  69.430 0.0000000000
48385  -39.815  -12.020  68.124 0.0000000000
48398  -39.633  -11.586  67.400 0.0000000000
62667  -53.972  3.531  65.299 0.0000000000
62668  -54.323  3.346  64.840 0.0000000000
60701  -54.073  1.794  64.342 0.0000000000
61716  -54.514  2.438  64.279 0.0000000000
61727  -55.071  2.047  63.301 0.0000000000
60728  -55.213  1.390  62.811 0.0000000000
107222  -54.989  0.613  62.257 0.0000000000
59699  -55.582  0.923  62.080 0.0000000000
38536  -24.222  -20.688  87.882 0.0000000000
39510  -23.756  -20.599  86.124 0.0000000000
38565  -24.531  -20.792  86.443 0.0000000000
38582  -25.897  -20.836  84.835 0.0000000000
39540  -25.292  -20.586  84.230 0.0000000000
116414  -25.147  -20.423  82.704 0.0000000000
38597  -27.498  -21.301  84.818 0.0000000000
106286  -26.953  -20.389  81.307 0.0000000000
111201  -27.135  -20.538  81.962 0.0000000000
39589  -26.116  -20.250  81.193 0.0000000000
39605  -25.769  -20.010  80.330 0.0000000000
39622  -25.738  -19.878  79.487 0.0000000000
39623  -26.503  -19.994  79.697 0.0000000000
122194  -27.259  -19.830  77.323 0.0000000000
122403  -26.513  -19.851  77.514 0.0000000000
40553  -26.645  -19.654  76.707 0.0000000000
106674  -25.816  -19.426  76.214 0.0000000000
121855  -26.561  -19.364  75.918 0.0000000000
49387  -40.796  -10.249  65.824 0.0000000000
49401  -41.450  -9.963  65.726 0.0000000000
49389  -42.801  -9.619  65.999 0.0000000000
113150  -42.339  -10.610  65.269 0.0000000000
49403  -43.049  -10.523  65.638 0.0000000000
51338  -44.099  -8.911  66.788 0.0000000000
48400  -45.403  -11.350  67.352 0.0000000000
50323  -48.657  -10.244  69.880 0.0000000000
49354  -49.394  -10.807  70.703 0.0000000000
48372  -50.686  -10.774  70.971 0.0000000000
50333  -50.274  -9.472  68.695 0.0000000000
49368  -50.329  -10.207  69.334 0.0000000000
125063  -49.179  -9.624  67.583 0.0000000000
50348  -49.537  -9.106  67.681 0.0000000000
39526  -32.895  -21.278  84.901 0.0000000000
37720  -33.290  -22.504  84.686 0.0000000000
38599  -33.258  -21.743  84.477 0.0000000000
113643  -34.052  -22.428  82.462 0.0000000000
37741  -34.325  -23.041  82.574 0.0000000000
36884  -34.730  -23.623  81.969 0.0000000000
35982  -34.807  -24.231  81.651 0.0000000000
36885  -35.287  -23.926  81.298 0.0000000000
39627  -33.519  -20.642  80.272 0.0000000000
38649  -33.863  -21.635  80.791 0.0000000000
38661  -34.469  -21.857  79.487 0.0000000000
36009  -36.683  -24.235  79.375 0.0000000000
36902  -36.590  -23.976  79.810 0.0000000000
36028  -36.270  -24.484  79.101 0.0000000000
36027  -35.510  -24.611  79.367 0.0000000000
36044  -35.495  -24.534  78.590 0.0000000000
118367  -34.670  -24.359  77.995 0.0000000000
36055  -35.078  -24.118  77.254 0.0000000000
111669  -36.272  -23.706  75.437 0.0000000000
36951  -35.470  -23.423  75.704 0.0000000000
120072  -34.656  -22.459  74.403 0.0000000000
37837  -35.240  -23.215  72.963 0.0000000000
42306  -37.494  -17.531  76.996 0.0000000000
42292  -36.808  -17.859  77.486 0.0000000000
42305  -36.642  -17.744  76.357 0.0000000000
40579  -38.771  -20.034  74.876 0.0000000000
40577  -36.787  -19.406  75.340 0.0000000000
39684  -37.923  -20.248  75.390 0.0000000000
39675  -38.211  -21.125  76.020 0.0000000000
123815  -38.790  -21.487  75.919 0.0000000000
40613  -37.468  -20.361  72.676 0.0000000000
39699  -38.813  -21.022  73.542 0.0000000000
113483  -37.089  -20.893  72.937 0.0000000000
38730  -37.123  -22.466  73.538 0.0000000000
37838  -36.981  -23.376  73.695 0.0000000000
37830  -38.392  -22.670  74.919 0.0000000000
37828  -36.827  -23.845  74.038 0.0000000000
36965  -36.245  -23.782  73.260 0.0000000000
37856  -34.587  -23.674  70.742 0.0000000000
36982  -34.870  -23.986  71.161 0.0000000000
37846  -34.376  -23.404  71.192 0.0000000000
38760  -33.813  -22.794  70.962 0.0000000000
43306  -36.255  -16.642  68.261 0.0000000000
126146  -34.980  -16.467  67.580 0.0000000000
43318  -35.321  -16.206  67.260 0.0000000000
40431  -19.308  -18.881  89.050 0.0000000000
39461  -24.367  -20.232  89.425 0.0000000000
38541  -28.192  -21.795  88.208 0.0000000000
116993  -32.077  -20.215  86.439 0.0000000000
115885  -32.077  -19.603  86.021 0.0000000000
41400  -32.383  -18.661  84.448 0.0000000000
43146  -34.662  -16.232  84.553 0.0000000000
42230  -34.059  -16.805  84.029 0.0000000000
42241  -34.304  -17.129  83.352 0.0000000000
105143  -34.883  -17.246  82.867 0.0000000000
42242  -36.823  -16.570  83.132 0.0000000000
42252  -37.473  -16.722  82.680 0.0000000000
106848  -37.344  -17.165  82.067 0.0000000000
43173  -38.698  -16.395  82.449 0.0000000000
112338  -39.270  -16.474  82.034 0.0000000000
119853  -39.275  -16.850  81.433 0.0000000000
42262  -39.869  -16.555  81.579 0.0000000000
43186  -41.022  -15.986  81.034 0.0000000000
43198  -41.328  -16.169  80.389 0.0000000000
45197  -46.370  -14.652  78.060 0.0000000000
46243  -47.493  -12.123  77.302 0.0000000000
47283  -46.572  -11.889  76.506 0.0000000000
109640  -47.646  -11.443  76.715 0.0000000000
49288  -48.622  -9.679  76.367 0.0000000000
125706  -47.384  -10.126  75.807 0.0000000000
50265  -47.673  -9.551  75.652 0.0000000000
50277  -47.180  -9.062  75.346 0.0000000000
122517  -47.929  -8.805  75.502 0.0000000000
52256  -49.096  -6.934  75.437 0.0000000000
52243  -49.519  -7.392  75.792 0.0000000000
52255  -48.384  -7.212  75.110 0.0000000000
52254  -47.671  -7.530  74.760 0.0000000000
53238  -47.932  -6.745  74.457 0.0000000000
53250  -48.195  -5.958  74.107 0.0000000000
55166  -48.485  -4.377  73.155 0.0000000000
54274  -47.844  -4.745  73.002 0.0000000000
55165  -47.445  -4.453  72.099 0.0000000000
118157  -48.095  -3.991  72.430 0.0000000000
126972  -51.877  -2.008  73.774 0.0000000000
55154  -50.676  -3.518  74.235 0.0000000000
55975  -51.103  -2.730  73.716 0.0000000000
56838  -49.915  -2.112  71.036 0.0000000000
56824  -49.680  -2.385  71.849 0.0000000000
56837  -49.222  -2.596  70.641 0.0000000000
56003  -48.433  -2.959  70.978 0.0000000000
56010  -49.505  -2.896  69.950 0.0000000000
56017  -48.999  -3.514  69.694 0.0000000000
56018  -49.855  -3.546  69.648 0.0000000000
55191  -51.929  -3.896  70.031 0.0000000000
55204  -50.797  -4.339  69.603 0.0000000000
54312  -51.871  -5.184  69.764 0.0000000000
54296  -51.746  -6.367  70.053 0.0000000000
54297  -52.053  -6.085  70.008 0.0000000000
57777  -53.241  -1.582  69.410 0.0000000000
56861  -53.252  -2.481  69.611 0.0000000000
56027  -53.057  -2.944  69.211 0.0000000000
55222  -52.094  -4.729  68.649 0.0000000000
55214  -52.386  -4.864  69.056 0.0000000000
53310  -52.211  -5.621  68.964 0.0000000000
53293  -52.228  -6.318  69.672 0.0000000000
53309  -51.995  -6.568  69.144 0.0000000000
53308  -51.435  -6.860  68.559 0.0000000000
53330  -49.954  -5.770  67.173 0.0000000000
53318  -50.148  -6.603  67.396 0.0000000000
53329  -49.414  -6.560  66.857 0.0000000000
52339  -49.202  -7.524  66.883 0.0000000000
53328  -48.698  -6.154  66.411 0.0000000000
59631  -48.365  0.955  68.833 0.0000000000
59642  -49.162  -0.563  68.048 0.0000000000
58681  -48.636  -0.844  67.472 0.0000000000
59646  -47.222  0.035  66.502 0.0000000000
57819  -47.630  -1.493  66.520 0.0000000000
58688  -47.815  -0.838  66.881 0.0000000000
108144  -48.328  -2.043  66.809 0.0000000000
57821  -49.118  -2.123  67.237 0.0000000000
56049  -48.835  -3.636  66.789 0.0000000000
54351  -47.530  -5.274  65.889 0.0000000000
114372  -47.692  -4.725  66.126 0.0000000000
118227  -47.378  -5.889  65.669 0.0000000000
53336  -47.592  -6.513  65.738 0.0000000000
52353  -47.129  -7.251  65.498 0.0000000000
53335  -46.780  -6.408  65.386 0.0000000000
123495  -45.259  -5.336  64.733 0.0000000000
53347  -45.420  -6.327  64.678 0.0000000000
53346  -44.907  -6.806  64.271 0.0000000000
122946  -44.968  -7.427  64.264 0.0000000000
53357  -44.277  -6.568  63.815 0.0000000000
56926  -44.487  -2.751  63.766 0.0000000000
54390  -43.323  -5.145  62.245 0.0000000000
55261  -43.604  -4.595  63.006 0.0000000000
54377  -43.236  -6.029  62.552 0.0000000000
53370  -43.276  -6.854  62.804 0.0000000000
61723  -50.727  2.385  63.159 0.0000000000
59697  -50.623  -0.576  61.942 0.0000000000
59696  -49.827  -0.064  61.636 0.0000000000
58731  -49.242  -0.735  61.447 0.0000000000
119664  -48.436  -0.270  61.289 0.0000000000
115673  -48.570  -1.209  61.217 0.0000000000
57870  -51.179  -1.399  61.020 0.0000000000
57860  -51.094  -1.311  61.396 0.0000000000
56975  -47.873  -2.935  59.973 0.0000000000
109263  -46.722  -3.352  60.205 0.0000000000
39534  -18.830  -20.461  84.806 0.0000000000
121837  -18.296  -20.769  84.448 0.0000000000
39565  -18.779  -20.761  83.212 0.0000000000
38644  -17.918  -21.834  80.726 0.0000000000
38630  -17.603  -21.843  81.436 0.0000000000
37793  -17.859  -22.843  78.036 0.0000000000
37802  -18.946  -22.678  76.710 0.0000000000
36927  -19.262  -23.362  76.633 0.0000000000
36928  -20.896  -23.836  75.933 0.0000000000
39538  -23.568  -20.395  84.565 0.0000000000
39537  -22.700  -20.222  84.641 0.0000000000
106557  -22.985  -20.281  83.780 0.0000000000
106287  -22.261  -20.146  80.695 0.0000000000
39585  -21.999  -20.211  81.590 0.0000000000
106476  -21.316  -20.319  80.970 0.0000000000
40523  -22.845  -19.946  77.524 0.0000000000
39656  -22.135  -20.043  77.733 0.0000000000
39670  -20.647  -20.547  75.999 0.0000000000
122245  -21.039  -20.405  76.799 0.0000000000
112153  -20.315  -20.755  76.703 0.0000000000
39668  -19.667  -21.246  76.602 0.0000000000
38700  -20.019  -21.701  75.331 0.0000000000
36963  -22.877  -23.815  73.239 0.0000000000
35952  -33.061  -23.895  83.753 0.0000000000
35959  -32.033  -23.846  83.859 0.0000000000
35969  -32.216  -23.970  83.039 0.0000000000
36892  -32.032  -23.545  80.471 0.0000000000
36883  -31.855  -23.558  81.371 0.0000000000
37762  -31.601  -22.972  80.803 0.0000000000
113340  -31.147  -22.364  80.994 0.0000000000
36932  -31.057  -23.469  76.097 0.0000000000
36919  -31.504  -23.525  76.926 0.0000000000
37803  -30.864  -23.082  76.506 0.0000000000
121596  -30.462  -21.599  76.594 0.0000000000
39659  -30.564  -21.082  77.350 0.0000000000
39645  -30.413  -20.661  78.271 0.0000000000
110562  -29.934  -20.238  77.631 0.0000000000
39658  -29.177  -19.778  77.106 0.0000000000
40556  -29.515  -19.921  76.147 0.0000000000
40590  -28.345  -19.247  73.999 0.0000000000
41486  -27.553  -18.739  73.798 0.0000000000
41485  -26.623  -18.490  73.625 0.0000000000
41494  -26.264  -18.418  72.845 0.0000000000
38771  -28.572  -21.758  70.796 0.0000000000
38757  -28.591  -22.125  71.137 0.0000000000
38770  -28.244  -22.144  70.864 0.0000000000
38755  -26.714  -21.848  70.194 0.0000000000
122858  -27.321  -22.058  70.532 0.0000000000
39720  -26.901  -21.426  70.860 0.0000000000
40622  -27.039  -20.104  71.484 0.0000000000
39732  -25.929  -20.870  70.339 0.0000000000
111062  -24.563  -20.305  70.169 0.0000000000
40637  -25.438  -19.571  70.612 0.0000000000
40636  -24.858  -19.541  70.504 0.0000000000
40635  -24.255  -19.835  70.617 0.0000000000
47341  -43.251  -12.875  74.459 0.0000000000
110434  -43.625  -12.032  74.979 0.0000000000
48309  -44.792  -11.719  75.723 0.0000000000
48310  -45.454  -11.242  75.731 0.0000000000
44227  -45.381  -15.886  77.095 0.0000000000
44226  -45.021  -16.357  76.373 0.0000000000
116510  -44.637  -15.340  75.629 0.0000000000
44245  -44.237  -15.638  74.854 0.0000000000
45253  -43.615  -14.664  74.629 0.0000000000
45264  -43.245  -14.608  73.870 0.0000000000
46283  -43.188  -13.876  74.257 0.0000000000
111005  -48.843  -11.101  67.944 0.0000000000
48415  -48.131  -10.802  67.163 0.0000000000
48429  -46.876  -11.509  65.882 0.0000000000
37692  -30.249  -22.648  86.619 0.0000000000
36833  -30.022  -22.765  86.055 0.0000000000
36842  -30.729  -22.955  85.795 0.0000000000
113068  -31.029  -23.269  84.943 0.0000000000
36855  -30.946  -23.251  84.143 0.0000000000
54306  -45.891  -5.797  69.112 0.0000000000
53304  -45.522  -6.354  68.669 0.0000000000
54323  -46.184  -6.093  68.625 0.0000000000
53305  -46.690  -6.470  68.368 0.0000000000
53306  -47.581  -6.557  68.483 0.0000000000
53307  -48.414  -6.204  68.773 0.0000000000
54309  -49.188  -5.909  69.084 0.0000000000
41422  -35.878  -17.919  81.159 0.0000000000
115867  -34.949  -18.435  79.923 0.0000000000
41433  -35.785  -18.190  80.346 0.0000000000
41441  -35.731  -18.317  79.291 0.0000000000
41459  -35.289  -18.519  77.287 0.0000000000
41525  -36.327  -18.245  70.838 0.0000000000
42361  -34.767  -17.877  70.421 0.0000000000
42360  -33.986  -18.096  70.153 0.0000000000
41533  -33.319  -18.458  69.516 0.0000000000
119843  -33.102  -17.645  69.111 0.0000000000
42389  -32.850  -17.345  68.635 0.0000000000
47413  -38.302  -12.277  66.256 0.0000000000
47412  -37.725  -12.821  65.883 0.0000000000
62640  -49.272  4.034  66.752 0.0000000000
62650  -48.649  3.356  66.050 0.0000000000
122277  -47.758  2.108  64.299 0.0000000000
60708  -47.433  1.717  63.735 0.0000000000
60709  -48.087  2.124  63.744 0.0000000000
61734  -48.908  2.327  63.247 0.0000000000
40462  -20.890  -19.366  87.251 0.0000000000
39506  -20.497  -19.787  85.963 0.0000000000
39507  -21.335  -19.877  85.923 0.0000000000
105514  -21.839  -20.040  84.693 0.0000000000
106554  -23.789  -19.219  75.802 0.0000000000
40570  -23.941  -18.965  74.866 0.0000000000
40586  -23.312  -19.111  74.245 0.0000000000
39695  -23.410  -19.876  72.860 0.0000000000
38738  -23.214  -20.607  72.561 0.0000000000
38754  -23.204  -20.830  71.674 0.0000000000
37827  -33.120  -22.409  75.089 0.0000000000
37826  -31.845  -22.821  75.140 0.0000000000
38714  -32.353  -22.139  74.660 0.0000000000
39709  -31.304  -20.726  72.837 0.0000000000
48376  -40.686  -11.734  69.132 0.0000000000
48387  -40.822  -10.883  68.635 0.0000000000
48377  -41.161  -11.157  69.529 0.0000000000
49340  -41.528  -10.491  69.907 0.0000000000
50286  -43.749  -9.671  73.229 0.0000000000
50296  -44.086  -9.029  72.871 0.0000000000
51267  -44.430  -8.380  72.549 0.0000000000
52281  -44.426  -7.418  71.341 0.0000000000
53257  -45.654  -6.667  72.258 0.0000000000
53258  -46.284  -6.313  72.687 0.0000000000
42296  -40.792  -16.979  78.879 0.0000000000
42308  -40.439  -17.043  78.011 0.0000000000
43225  -41.273  -16.824  77.423 0.0000000000
43238  -41.252  -16.632  76.292 0.0000000000
42352  -43.140  -17.239  73.038 0.0000000000
42346  -42.765  -17.498  73.189 0.0000000000
42351  -42.549  -17.471  72.559 0.0000000000
123476  -42.092  -17.766  72.149 0.0000000000
41518  -41.173  -18.209  71.280 0.0000000000
41517  -40.520  -18.572  71.155 0.0000000000
121407  -40.720  -18.108  70.771 0.0000000000
42365  -39.486  -17.781  70.142 0.0000000000
42378  -38.918  -17.224  69.752 0.0000000000
43289  -39.089  -16.335  69.903 0.0000000000
44274  -39.333  -15.389  69.965 0.0000000000
46302  -41.717  -13.738  71.597 0.0000000000
46308  -41.241  -13.707  70.865 0.0000000000
47378  -40.059  -12.925  69.115 0.0000000000
47379  -40.623  -12.536  69.501 0.0000000000
38566  -25.564  -21.116  86.640 0.0000000000
38581  -25.018  -20.800  85.879 0.0000000000
115505  -25.752  -20.969  85.715 0.0000000000
38619  -28.717  -21.021  82.733 0.0000000000
38610  -28.034  -21.028  83.329 0.0000000000
39575  -28.540  -20.735  81.903 0.0000000000
39591  -27.731  -20.539  81.552 0.0000000000
39624  -27.389  -20.137  79.887 0.0000000000
120314  -27.123  -20.015  79.089 0.0000000000
123149  -27.705  -19.981  78.611 0.0000000000
40541  -28.071  -19.827  77.847 0.0000000000
50342  -41.493  -9.248  66.823 0.0000000000
50356  -41.923  -9.327  66.187 0.0000000000
50345  -45.800  -9.509  67.533 0.0000000000
113621  -45.175  -9.813  67.100 0.0000000000
49379  -45.597  -10.475  67.537 0.0000000000
111647  -49.841  -9.565  70.447 0.0000000000
50324  -49.634  -10.122  70.536 0.0000000000
50314  -50.554  -9.947  70.979 0.0000000000
112230  -50.918  -10.229  71.122 0.0000000000
123492  -50.917  -10.423  70.627 0.0000000000
50325  -51.104  -9.836  70.596 0.0000000000
116614  -50.754  -9.083  69.206 0.0000000000
38612  -33.315  -21.522  83.588 0.0000000000
39576  -33.039  -20.944  82.857 0.0000000000
38636  -33.794  -21.878  81.755 0.0000000000
38681  -35.270  -21.682  78.147 0.0000000000
38670  -35.267  -22.172  78.988 0.0000000000
37785  -36.826  -22.921  78.785 0.0000000000
36910  -36.987  -23.723  79.016 0.0000000000
36046  -36.894  -24.412  77.828 0.0000000000
36056  -36.216  -24.269  77.254 0.0000000000
36057  -37.198  -24.252  77.069 0.0000000000
36937  -36.615  -24.004  76.273 0.0000000000
121686  -36.003  -23.681  74.423 0.0000000000
122466  -38.234  -17.599  74.743 0.0000000000
42329  -37.508  -17.708  74.955 0.0000000000
41487  -38.047  -18.135  74.574 0.0000000000
39685  -39.259  -20.777  74.917 0.0000000000
39712  -35.820  -21.207  72.277 0.0000000000
39713  -36.484  -21.457  72.773 0.0000000000
38746  -36.066  -22.565  72.296 0.0000000000
37848  -35.768  -23.635  71.909 0.0000000000
38775  -35.251  -23.672  70.801 0.0000000000
36983  -34.898  -23.858  70.784 0.0000000000
44288  -36.470  -16.163  68.017 0.0000000000
41389  -32.004  -18.553  85.951 0.0000000000
42208  -32.127  -17.416  86.281 0.0000000000
43147  -35.585  -15.964  84.292 0.0000000000
43148  -36.435  -15.684  84.140 0.0000000000
43175  -40.163  -16.099  82.074 0.0000000000
48257  -48.080  -10.754  77.899 0.0000000000
111510  -48.085  -11.396  76.941 0.0000000000
48273  -48.710  -10.251  77.119 0.0000000000
108818  -49.081  -9.685  76.842 0.0000000000
50252  -49.124  -9.153  76.452 0.0000000000
53240  -49.321  -6.254  75.264 0.0000000000
54254  -48.830  -5.604  74.360 0.0000000000
54255  -49.338  -5.662  74.832 0.0000000000
54266  -49.324  -4.989  74.235 0.0000000000
55152  -49.135  -4.312  73.581 0.0000000000
58595  -52.092  -0.720  73.536 0.0000000000
57690  -51.994  -1.582  73.774 0.0000000000
56812  -51.920  -1.677  73.281 0.0000000000
56811  -51.502  -2.000  73.087 0.0000000000
56825  -51.191  -1.624  71.975 0.0000000000
56839  -50.897  -1.757  71.073 0.0000000000
56849  -50.757  -2.277  70.473 0.0000000000
111880  -50.635  -3.063  69.864 0.0000000000
56011  -51.904  -2.974  70.088 0.0000000000
57810  -52.174  -2.229  68.493 0.0000000000
56026  -52.678  -3.276  68.763 0.0000000000
56892  -52.274  -2.811  68.475 0.0000000000
107422  -51.576  -4.103  68.112 0.0000000000
54334  -51.531  -5.057  68.211 0.0000000000
55221  -50.834  -4.535  67.648 0.0000000000
55235  -50.099  -4.855  67.255 0.0000000000
54342  -49.334  -5.047  66.801 0.0000000000
118322  -47.486  2.988  69.638 0.0000000000
60669  -47.967  1.532  68.480 0.0000000000
59640  -47.918  0.722  67.863 0.0000000000
58696  -46.855  -0.997  65.926 0.0000000000
56908  -47.679  -2.494  66.445 0.0000000000
56048  -48.033  -3.456  66.484 0.0000000000
56064  -47.256  -3.304  66.144 0.0000000000
119550  -46.956  -3.903  65.843 0.0000000000
55244  -47.049  -4.688  65.757 0.0000000000
54363  -46.198  -5.015  65.347 0.0000000000
57840  -44.670  -1.746  62.514 0.0000000000
56089  -44.061  -2.795  62.891 0.0000000000
56943  -44.389  -2.314  62.267 0.0000000000
55267  -43.526  -4.355  62.232 0.0000000000
61725  -52.923  1.891  63.781 0.0000000000
60727  -51.434  1.484  62.796 0.0000000000
59678  -51.928  0.443  62.731 0.0000000000
58719  -51.329  -0.335  62.311 0.0000000000
58732  -50.154  -1.063  61.637 0.0000000000
57881  -49.182  -2.031  59.798 0.0000000000
38594  -17.544  -21.187  84.470 0.0000000000
39566  -19.401  -20.615  82.557 0.0000000000
121568  -18.655  -20.996  82.531 0.0000000000
38618  -18.884  -21.036  81.884 0.0000000000
38645  -18.601  -21.483  80.623 0.0000000000
37770  -18.044  -21.971  79.537 0.0000000000
37781  -17.903  -22.245  78.670 0.0000000000
113977  -18.169  -22.218  77.942 0.0000000000
36942  -19.535  -22.756  76.047 0.0000000000
126263  -22.894  -20.064  80.798 0.0000000000
105893  -22.273  -20.109  79.866 0.0000000000
40567  -21.684  -19.898  75.393 0.0000000000
40536  -21.727  -20.011  76.899 0.0000000000
39682  -21.078  -20.453  75.321 0.0000000000
38708  -20.711  -21.522  74.780 0.0000000000
124564  -23.638  -23.582  74.805 0.0000000000
120024  -23.792  -23.905  74.645 0.0000000000
36074  -23.609  -24.460  74.313 0.0000000000
35259  -23.109  -25.191  73.911 0.0000000000
35980  -32.970  -24.427  82.062 0.0000000000
117776  -32.698  -24.339  81.635 0.0000000000
35991  -32.687  -24.223  80.910 0.0000000000
36004  -32.401  -23.868  80.175 0.0000000000
122666  -31.913  -23.207  79.128 0.0000000000
37813  -29.998  -22.920  74.502 0.0000000000
38694  -30.437  -22.474  76.137 0.0000000000
38702  -30.089  -22.607  75.243 0.0000000000
119635  -29.803  -21.815  75.233 0.0000000000
39671  -29.911  -20.816  75.650 0.0000000000
117855  -29.559  -20.158  75.368 0.0000000000
40575  -29.324  -19.977  74.729 0.0000000000
119923  -28.955  -19.819  74.136 0.0000000000
40598  -28.070  -19.368  73.148 0.0000000000
38767  -25.392  -21.658  69.521 0.0000000000
121520  -42.136  -11.638  72.005 0.0000000000
48355  -42.416  -11.572  72.608 0.0000000000
49319  -42.818  -10.827  72.952 0.0000000000
49320  -43.413  -10.328  73.530 0.0000000000
48327  -43.646  -11.222  74.592 0.0000000000
49309  -43.694  -10.586  74.204 0.0000000000
50287  -44.459  -9.321  73.630 0.0000000000
50288  -45.074  -8.998  73.912 0.0000000000
42299  -43.599  -16.711  77.992 0.0000000000
42311  -43.022  -16.948  77.432 0.0000000000
42323  -43.561  -17.059  76.699 0.0000000000
42332  -43.663  -17.218  75.714 0.0000000000
42341  -44.000  -17.290  74.812 0.0000000000
43250  -44.523  -16.685  75.671 0.0000000000
43259  -44.060  -17.074  74.353 0.0000000000
43272  -42.147  -16.596  71.806 0.0000000000
44258  -41.519  -16.179  71.241 0.0000000000
44259  -41.924  -15.555  71.709 0.0000000000
45277  -42.066  -14.624  71.992 0.0000000000
45263  -42.851  -14.488  73.372 0.0000000000
46303  -42.236  -13.813  72.353 0.0000000000
47369  -41.962  -12.948  71.968 0.0000000000
49404  -46.379  -11.214  65.352 0.0000000000
37677  -27.917  -21.921  87.627 0.0000000000
37689  -27.929  -21.948  86.568 0.0000000000
38598  -28.407  -21.861  85.139 0.0000000000
37717  -29.032  -21.950  84.399 0.0000000000
37706  -29.747  -22.630  85.404 0.0000000000
38611  -28.928  -21.460  83.575 0.0000000000
38647  -30.047  -21.296  81.043 0.0000000000
52324  -43.717  -7.583  67.906 0.0000000000
114593  -44.901  -8.003  67.294 0.0000000000
51324  -45.612  -8.359  67.412 0.0000000000
50346  -46.535  -9.744  68.109 0.0000000000
49365  -46.993  -10.364  68.646 0.0000000000
49352  -47.439  -10.978  69.398 0.0000000000
50332  -48.093  -9.701  69.191 0.0000000000
110454  -48.771  -8.595  69.258 0.0000000000
51298  -49.624  -8.915  69.966 0.0000000000
117187  -50.382  -8.487  70.292 0.0000000000
121960  -51.150  -8.035  70.462 0.0000000000
41412  -33.606  -18.554  81.799 0.0000000000
122142  -33.185  -19.626  81.616 0.0000000000
41419  -33.736  -18.896  81.013 0.0000000000
41430  -33.806  -19.046  80.295 0.0000000000
40529  -33.917  -19.634  79.106 0.0000000000
106569  -34.118  -20.254  78.434 0.0000000000
38683  -36.814  -21.804  77.486 0.0000000000
38684  -37.646  -22.160  77.457 0.0000000000
126792  -39.947  -19.657  73.034 0.0000000000
39716  -39.593  -20.101  73.008 0.0000000000
113781  -38.325  -20.130  72.521 0.0000000000
41512  -35.714  -18.986  71.661 0.0000000000
40629  -36.258  -19.526  72.116 0.0000000000
40628  -35.509  -20.035  71.957 0.0000000000
40627  -34.866  -20.271  71.350 0.0000000000
113187  -34.585  -20.663  70.662 0.0000000000
39742  -33.960  -21.873  68.471 0.0000000000
117895  -33.930  -20.951  69.083 0.0000000000
40663  -33.479  -20.464  68.455 0.0000000000
40674  -32.663  -19.677  67.219 0.0000000000
45328  -36.183  -14.616  66.472 0.0000000000
46337  -36.624  -13.921  66.661 0.0000000000
45340  -36.522  -14.940  65.162 0.0000000000
46362  -37.317  -13.567  65.627 0.0000000000
45341  -37.009  -14.303  65.282 0.0000000000
58615  -52.514  -0.329  71.949 0.0000000000
58632  -52.927  -0.709  71.233 0.0000000000
57745  -53.319  -1.659  70.186 0.0000000000
58649  -53.076  -0.520  70.654 0.0000000000
58666  -53.346  -0.967  69.797 0.0000000000
119355  -53.055  -0.895  69.529 0.0000000000
60639  -51.500  0.482  70.712 0.0000000000
120096  -52.361  -0.469  69.547 0.0000000000
58665  -52.757  -1.276  69.113 0.0000000000
57794  -52.082  -1.572  68.667 0.0000000000
57809  -51.288  -1.947  68.248 0.0000000000
106621  -50.501  -1.991  67.897 0.0000000000
62619  -47.710  3.892  68.495 0.0000000000
61690  -47.639  2.427  67.735 0.0000000000
110974  -47.718  3.122  67.847 0.0000000000
123439  -47.158  1.567  65.980 0.0000000000
117842  -47.689  2.502  65.716 0.0000000000
59650  -46.889  0.757  65.730 0.0000000000
58695  -46.386  -0.451  65.177 0.0000000000
57834  -45.793  -1.565  64.897 0.0000000000
58703  -45.472  -0.926  63.965 0.0000000000
119401  -45.605  -0.226  63.378 0.0000000000
120025  -46.788  1.162  63.060 0.0000000000
59663  -45.730  -0.111  62.471 0.0000000000
58711  -45.313  -0.728  62.852 0.0000000000
109755  -45.617  -0.812  61.876 0.0000000000
57854  -45.507  -1.626  61.458 0.0000000000
57855  -46.165  -1.162  61.271 0.0000000000
58721  -53.252  -0.303  62.249 0.0000000000
58720  -52.388  -0.607  62.195 0.0000000000
58735  -52.460  -0.739  61.719 0.0000000000
57884  -51.545  -1.112  60.752 0.0000000000
57883  -50.954  -1.284  60.464 0.0000000000
39504  -18.595  -20.232  86.482 0.0000000000
39535  -19.528  -20.221  84.418 0.0000000000
120708  -20.083  -19.899  85.474 0.0000000000
39551  -19.618  -20.325  83.490 0.0000000000
39621  -24.573  -19.850  79.716 0.0000000000
39620  -23.766  -19.891  79.479 0.0000000000
39638  -23.620  -19.888  78.588 0.0000000000
40524  -23.470  -19.892  77.753 0.0000000000
40550  -22.935  -19.465  76.136 0.0000000000
40568  -22.379  -19.522  75.368 0.0000000000
40584  -21.994  -19.809  74.718 0.0000000000
37823  -23.046  -22.450  73.749 0.0000000000
36042  -32.890  -24.087  77.648 0.0000000000
123185  -32.494  -24.003  77.733 0.0000000000
36921  -32.254  -23.908  77.176 0.0000000000
36933  -31.748  -23.611  76.499 0.0000000000
36947  -30.832  -23.394  75.247 0.0000000000
38713  -31.336  -22.871  74.727 0.0000000000
37825  -31.060  -23.447  74.980 0.0000000000
37824  -30.503  -23.048  74.704 0.0000000000
49376  -40.605  -10.247  66.638 0.0000000000
49377  -41.010  -9.719  67.183 0.0000000000
51307  -41.519  -9.103  67.725 0.0000000000
109907  -42.358  -9.790  70.896 0.0000000000
50305  -43.254  -9.002  71.615 0.0000000000
50313  -42.756  -9.128  71.015 0.0000000000
51286  -42.342  -9.148  70.314 0.0000000000
51296  -42.538  -8.510  69.773 0.0000000000
51297  -42.977  -7.889  69.254 0.0000000000
52310  -43.583  -7.404  68.748 0.0000000000
52300  -44.169  -6.948  69.229 0.0000000000
53266  -44.812  -6.749  70.844 0.0000000000
54294  -45.770  -5.646  69.845 0.0000000000
54295  -46.276  -5.157  70.284 0.0000000000
124005  -38.415  -17.756  80.426 0.0000000000
42280  -37.723  -18.059  79.077 0.0000000000
125547  -38.389  -17.890  78.977 0.0000000000
121461  -37.934  -17.340  76.647 0.0000000000
108374  -39.441  -17.143  77.871 0.0000000000
42330  -38.189  -17.234  75.337 0.0000000000
42331  -38.858  -17.106  74.798 0.0000000000
117353  -39.630  -17.970  73.962 0.0000000000
41490  -39.966  -18.598  73.601 0.0000000000
43248  -41.727  -16.754  75.378 0.0000000000
43257  -41.369  -16.877  74.593 0.0000000000
42340  -41.929  -17.410  73.902 0.0000000000
122094  -41.112  -17.221  73.984 0.0000000000
40594  -40.012  -19.241  73.285 0.0000000000
40615  -39.820  -19.589  72.460 0.0000000000
40632  -39.406  -19.390  71.725 0.0000000000
41515  -38.845  -19.034  71.016 0.0000000000
41526  -37.321  -18.493  70.787 0.0000000000
42363  -37.272  -17.921  70.001 0.0000000000
42392  -36.191  -17.106  68.809 0.0000000000
43304  -34.812  -16.656  68.309 0.0000000000
43307  -36.747  -16.577  68.557 0.0000000000
45305  -36.581  -15.401  68.072 0.0000000000
45280  -40.135  -15.183  70.368 0.0000000000
45289  -39.705  -14.436  69.829 0.0000000000
45307  -38.129  -14.321  68.906 0.0000000000
46324  -37.462  -13.885  68.150 0.0000000000
46339  -37.988  -13.126  67.659 0.0000000000
47402  -38.481  -12.470  67.202 0.0000000000
47389  -39.627  -12.592  68.451 0.0000000000
47414  -38.948  -11.843  66.770 0.0000000000
62664  -50.843  3.355  64.612 0.0000000000
62665  -51.821  3.589  64.965 0.0000000000
61713  -52.439  2.815  64.203 0.0000000000
122906  -53.737  3.182  65.072 0.0000000000
61714  -53.544  2.466  64.453 0.0000000000
60700  -53.681  1.529  64.098 0.0000000000
60712  -54.052  1.053  63.916 0.0000000000
59667  -54.238  0.538  63.313 0.0000000000
62678  -54.698  3.548  63.661 0.0000000000
61726  -54.794  2.185  63.913 0.0000000000
60713  -54.594  1.185  63.683 0.0000000000
59680  -53.833  0.016  62.814 0.0000000000
58722  -54.030  -0.015  62.396 0.0000000000
59698  -54.592  0.325  62.063 0.0000000000
59716  -54.787  0.473  61.284 0.0000000000
59717  -55.753  0.768  61.033 0.0000000000
104986  -54.426  0.734  60.323 0.0000000000
39493  -23.232  -20.345  86.993 0.0000000000
39509  -23.026  -20.334  86.264 0.0000000000
39539  -24.448  -20.509  84.420 0.0000000000
39553  -23.871  -20.373  83.658 0.0000000000
112253  -24.227  -20.348  82.763 0.0000000000
38596  -26.658  -20.928  84.417 0.0000000000
39556  -26.533  -20.724  83.440 0.0000000000
39557  -27.288  -20.823  83.124 0.0000000000
39573  -26.850  -20.628  82.589 0.0000000000
117810  -26.025  -20.512  82.668 0.0000000000
39572  -25.601  -20.346  81.928 0.0000000000
39588  -25.217  -20.119  81.155 0.0000000000
39604  -24.839  -19.921  80.420 0.0000000000
119612  -25.117  -19.815  79.347 0.0000000000
40526  -25.137  -19.770  78.054 0.0000000000
39641  -26.302  -19.922  78.902 0.0000000000
40552  -25.102  -19.488  76.566 0.0000000000
119271  -25.372  -19.016  74.891 0.0000000000
41484  -25.003  -18.565  73.464 0.0000000000
40611  -32.160  -19.757  71.746 0.0000000000
48424  -40.445  -10.834  65.218 0.0000000000
48438  -41.530  -11.408  64.627 0.0000000000
49412  -41.677  -10.422  65.254 0.0000000000
48439  -42.003  -11.003  64.854 0.0000000000
47439  -42.285  -11.884  64.634 0.0000000000
51337  -43.366  -8.617  66.874 0.0000000000
50358  -43.616  -9.407  66.427 0.0000000000
49391  -44.239  -10.308  66.445 0.0000000000
48411  -43.936  -10.862  66.050 0.0000000000
48390  -50.398  -10.969  70.002 0.0000000000
49367  -49.577  -10.633  68.635 0.0000000000
38585  -32.509  -21.991  86.008 0.0000000000
36844  -32.324  -23.120  85.335 0.0000000000
37709  -32.794  -22.603  85.388 0.0000000000
36858  -33.122  -23.594  84.212 0.0000000000
36867  -33.410  -23.712  83.670 0.0000000000
37740  -33.858  -22.471  83.220 0.0000000000
37730  -34.056  -23.216  83.140 0.0000000000
35962  -33.960  -24.098  82.764 0.0000000000
117765  -34.197  -24.424  81.825 0.0000000000
35992  -34.019  -24.541  80.638 0.0000000000
36007  -34.422  -24.557  79.950 0.0000000000
39609  -33.379  -20.706  81.180 0.0000000000
38637  -34.552  -22.528  81.150 0.0000000000
37772  -35.331  -22.648  79.839 0.0000000000
37763  -35.259  -22.979  80.605 0.0000000000
37753  -35.642  -23.673  80.765 0.0000000000
35993  -35.620  -24.381  80.462 0.0000000000
125829  -34.777  -24.588  79.453 0.0000000000
36026  -33.824  -24.419  79.062 0.0000000000
36043  -33.722  -24.297  78.175 0.0000000000
36054  -33.790  -24.035  77.419 0.0000000000
36934  -33.368  -23.691  76.807 0.0000000000
106947  -34.274  -23.242  76.124 0.0000000000
37817  -33.806  -22.731  75.578 0.0000000000
38728  -33.978  -21.615  73.290 0.0000000000
116262  -33.728  -21.396  72.652 0.0000000000
41452  -37.063  -18.045  78.418 0.0000000000
41460  -35.953  -18.088  76.874 0.0000000000
41469  -35.454  -18.614  76.403 0.0000000000
41479  -36.442  -18.562  75.399 0.0000000000
40576  -35.827  -18.980  75.697 0.0000000000
40559  -35.966  -19.846  75.909 0.0000000000
38695  -37.624  -21.498  76.775 0.0000000000
37804  -38.530  -22.568  76.621 0.0000000000
39700  -39.307  -20.534  73.563 0.0000000000
38733  -39.227  -21.035  73.998 0.0000000000
38718  -39.178  -21.345  74.688 0.0000000000
38748  -37.217  -21.555  73.273 0.0000000000
38732  -38.748  -21.555  74.112 0.0000000000
117548  -38.771  -22.015  74.637 0.0000000000
38717  -38.978  -22.014  75.287 0.0000000000
37818  -38.634  -22.657  75.759 0.0000000000
36954  -38.268  -23.298  76.215 0.0000000000
36959  -37.226  -23.729  74.890 0.0000000000
36958  -36.601  -23.806  74.586 0.0000000000
36964  -35.855  -23.812  73.110 0.0000000000
112202  -35.727  -23.804  72.254 0.0000000000
36972  -35.347  -23.790  71.881 0.0000000000
38729  -34.663  -22.657  72.824 0.0000000000
38745  -34.351  -22.434  72.276 0.0000000000
46240  -45.817  -13.413  76.858 0.0000000000
46241  -46.535  -13.510  77.392 0.0000000000
116929  -47.232  -12.916  77.662 0.0000000000
46227  -47.375  -12.651  77.820 0.0000000000
39473  -19.011  -19.559  87.759 0.0000000000
40432  -20.410  -18.746  88.947 0.0000000000
40447  -20.607  -19.068  88.059 0.0000000000
40448  -21.620  -19.233  87.912 0.0000000000
39474  -22.479  -19.541  87.917 0.0000000000
39492  -23.046  -20.001  87.513 0.0000000000
38537  -24.995  -20.832  88.341 0.0000000000
109191  -25.576  -21.190  88.107 0.0000000000
105871  -26.376  -21.429  88.260 0.0000000000
37664  -27.357  -21.664  88.039 0.0000000000
38540  -27.518  -21.579  88.324 0.0000000000
37665  -28.097  -21.901  87.970 0.0000000000
37666  -28.780  -22.206  87.959 0.0000000000
37679  -29.360  -22.368  87.361 0.0000000000
37680  -30.193  -22.404  87.233 0.0000000000
37681  -30.922  -22.337  87.110 0.0000000000
37682  -31.556  -22.141  86.984 0.0000000000
38569  -32.072  -21.734  86.748 0.0000000000
39525  -32.665  -21.196  85.543 0.0000000000
39542  -32.527  -20.387  84.996 0.0000000000
121000  -32.227  -19.516  85.478 0.0000000000
39558  -32.477  -19.727  84.131 0.0000000000
122723  -32.471  -18.747  83.741 0.0000000000
41407  -32.768  -18.339  83.138 0.0000000000
42229  -33.216  -17.203  84.395 0.0000000000
105943  -33.434  -17.512  83.429 0.0000000000
42240  -33.463  -18.082  82.579 0.0000000000
41421  -35.230  -17.961  81.637 0.0000000000
105195  -35.858  -16.911  83.005 0.0000000000
42258  -36.001  -17.607  81.819 0.0000000000
42259  -36.759  -17.576  81.533 0.0000000000
105499  -38.060  -17.734  80.957 0.0000000000
43172  -38.153  -16.341  82.885 0.0000000000
42253  -38.074  -16.901  82.143 0.0000000000
122803  -38.299  -17.315  81.501 0.0000000000
42270  -38.801  -17.362  81.042 0.0000000000
105839  -40.172  -16.928  80.338 0.0000000000
43185  -40.481  -16.268  81.377 0.0000000000
42272  -40.303  -16.647  80.885 0.0000000000
42284  -41.070  -16.688  79.485 0.0000000000
109822  -41.683  -16.343  79.675 0.0000000000
120954  -42.421  -16.382  79.123 0.0000000000
110157  -42.569  -15.795  79.650 0.0000000000
44176  -43.215  -16.056  79.288 0.0000000000
43214  -43.175  -16.314  79.028 0.0000000000
43215  -43.776  -16.464  78.548 0.0000000000
43216  -44.532  -16.300  78.525 0.0000000000
44210  -45.434  -15.990  77.739 0.0000000000
44228  -45.790  -15.343  77.756 0.0000000000
121915  -45.550  -15.152  77.075 0.0000000000
47282  -45.972  -12.410  76.492 0.0000000000
47305  -46.017  -11.557  76.134 0.0000000000
109573  -46.145  -10.831  75.702 0.0000000000
48311  -47.377  -10.719  76.224 0.0000000000
49299  -46.820  -10.451  75.784 0.0000000000
49298  -46.277  -10.112  75.422 0.0000000000
50264  -46.446  -9.372  75.121 0.0000000000
105918  -49.556  -8.700  76.785 0.0000000000
50267  -48.943  -8.881  76.044 0.0000000000
51242  -49.647  -7.705  76.073 0.0000000000
51241  -49.268  -8.186  75.858 0.0000000000
121556  -48.658  -8.535  75.693 0.0000000000
118246  -47.419  -8.294  75.061 0.0000000000
52253  -46.910  -7.804  74.471 0.0000000000
52265  -46.465  -7.393  73.763 0.0000000000
53248  -46.722  -6.686  73.440 0.0000000000
53259  -46.917  -5.917  73.124 0.0000000000
54264  -47.687  -5.555  73.434 0.0000000000
54272  -46.544  -5.586  72.242 0.0000000000
54284  -46.840  -4.879  71.741 0.0000000000
55180  -47.180  -4.317  71.301 0.0000000000
55189  -47.343  -4.085  70.556 0.0000000000
55137  -50.336  -4.334  74.798 0.0000000000
55973  -49.597  -3.467  73.210 0.0000000000
56810  -50.802  -2.326  72.869 0.0000000000
55991  -49.989  -2.647  72.634 0.0000000000
55990  -49.229  -2.915  72.330 0.0000000000
55989  -48.509  -3.220  71.894 0.0000000000
56008  -47.981  -3.505  70.460 0.0000000000
55201  -47.718  -4.050  69.878 0.0000000000
55202  -48.432  -4.122  69.501 0.0000000000
110842  -48.820  -4.943  69.165 0.0000000000
54310  -50.042  -5.540  69.463 0.0000000000
125035  -50.383  -4.956  69.525 0.0000000000
53291  -51.012  -6.489  69.923 0.0000000000
53276  -51.540  -7.166  70.279 0.0000000000
52290  -51.652  -7.434  70.299 0.0000000000
56852  -53.209  -2.647  69.907 0.0000000000
56013  -53.013  -3.105  69.750 0.0000000000
55192  -52.545  -3.830  69.567 0.0000000000
55215  -52.923  -3.839  68.843 0.0000000000
55205  -52.344  -4.619  69.407 0.0000000000
54298  -52.171  -5.830  69.681 0.0000000000
53278  -52.160  -6.602  70.017 0.0000000000
52291  -52.072  -7.030  70.189 0.0000000000
52304  -51.724  -7.591  70.158 0.0000000000
51314  -51.487  -8.123  69.715 0.0000000000
51313  -51.012  -8.455  69.029 0.0000000000
51327  -50.486  -7.906  68.133 0.0000000000
53319  -50.773  -6.294  67.806 0.0000000000
52329  -50.685  -7.113  67.970 0.0000000000
51326  -49.708  -8.166  67.513 0.0000000000
51340  -48.897  -8.476  66.873 0.0000000000
108852  -48.573  -7.707  66.462 0.0000000000
119757  -50.011  -0.626  68.436 0.0000000000
57807  -49.825  -1.734  67.685 0.0000000000
58680  -47.845  -0.117  67.316 0.0000000000
122040  -49.144  -1.461  67.437 0.0000000000
56889  -50.015  -2.434  67.532 0.0000000000
56050  -49.562  -3.806  67.130 0.0000000000
114348  -48.691  -4.847  66.529 0.0000000000
55233  -48.284  -4.333  66.449 0.0000000000
54341  -48.668  -5.421  66.460 0.0000000000
109075  -48.183  -6.526  66.120 0.0000000000
51339  -48.104  -8.279  66.268 0.0000000000
51351  -47.386  -8.105  65.759 0.0000000000
51350  -46.580  -8.033  65.338 0.0000000000
120453  -45.975  -6.613  65.087 0.0000000000
52371  -45.870  -7.944  64.837 0.0000000000
51361  -45.476  -8.594  64.609 0.0000000000
124888  -44.248  -8.533  63.717 0.0000000000
56076  -45.090  -3.000  64.553 0.0000000000
110816  -45.129  -3.776  64.701 0.0000000000
55253  -44.749  -4.389  64.434 0.0000000000
122326  -44.088  -3.339  63.467 0.0000000000
54370  -44.249  -5.125  63.896 0.0000000000
120598  -44.071  -5.896  63.705 0.0000000000
52386  -43.821  -7.099  63.402 0.0000000000
62676  -50.330  2.985  63.965 0.0000000000
61735  -49.826  2.281  62.834 0.0000000000
60725  -49.422  1.865  62.485 0.0000000000
59676  -49.453  1.089  61.882 0.0000000000
122257  -48.483  1.111  61.818 0.0000000000
58730  -47.641  -0.437  61.148 0.0000000000
57856  -46.821  -1.580  60.912 0.0000000000
56950  -46.286  -2.207  60.854 0.0000000000
58734  -51.734  -1.068  61.857 0.0000000000
57859  -50.374  -1.461  61.353 0.0000000000
56964  -49.114  -2.168  60.474 0.0000000000
56953  -48.977  -2.138  60.887 0.0000000000
117101  -48.680  -1.910  61.071 0.0000000000
56951  -47.350  -2.307  60.669 0.0000000000
56961  -46.986  -2.952  60.450 0.0000000000
56960  -46.191  -3.129  60.548 0.0000000000
38580  -17.984  -20.707  86.018 0.0000000000
38595  -18.132  -20.762  85.140 0.0000000000
108169  -18.046  -21.196  82.893 0.0000000000
36035  -19.566  -24.470  77.659 0.0000000000
36917  -18.253  -23.509  77.665 0.0000000000
36918  -18.949  -23.867  77.195 0.0000000000
39522  -22.416  -20.154  85.442 0.0000000000
39567  -21.543  -20.149  83.180 0.0000000000
111718  -22.399  -20.211  83.058 0.0000000000
39568  -21.807  -20.211  82.414 0.0000000000
39600  -20.530  -20.564  80.281 0.0000000000
39616  -20.152  -20.771  79.365 0.0000000000
39619  -22.788  -19.968  79.165 0.0000000000
39618  -21.768  -20.193  79.195 0.0000000000
39636  -21.547  -20.230  78.360 0.0000000000
109044  -21.110  -20.363  78.825 0.0000000000
122126  -20.581  -20.571  78.875 0.0000000000
39634  -19.977  -20.861  78.510 0.0000000000
38679  -19.211  -21.528  77.169 0.0000000000
38692  -19.228  -21.987  76.389 0.0000000000
36943  -20.327  -23.109  75.564 0.0000000000
36944  -21.366  -23.230  75.325 0.0000000000
36856  -31.925  -23.510  84.678 0.0000000000
117622  -31.473  -23.532  84.218 0.0000000000
118290  -31.412  -23.342  82.844 0.0000000000
116861  -31.951  -23.894  81.955 0.0000000000
36874  -31.580  -23.385  82.176 0.0000000000
37739  -31.059  -22.848  82.609 0.0000000000
38635  -30.650  -21.924  81.445 0.0000000000
38648  -30.786  -21.788  80.638 0.0000000000
38658  -30.342  -21.123  80.205 0.0000000000
36920  -32.083  -23.867  77.545 0.0000000000
36909  -32.071  -23.663  78.500 0.0000000000
37783  -31.614  -22.932  78.426 0.0000000000
114061  -30.775  -22.180  77.000 0.0000000000
124374  -31.344  -22.404  78.135 0.0000000000
38669  -31.307  -22.040  78.803 0.0000000000
39626  -30.696  -21.048  79.145 0.0000000000
39625  -29.625  -20.573  79.757 0.0000000000
108065  -28.107  -19.696  76.950 0.0000000000
40574  -28.921  -19.499  75.601 0.0000000000
40573  -27.966  -19.219  75.464 0.0000000000
107143  -27.288  -19.408  76.057 0.0000000000
40572  -27.062  -19.164  75.313 0.0000000000
40587  -25.777  -18.711  74.259 0.0000000000
40610  -31.597  -19.847  72.055 0.0000000000
39708  -30.517  -20.670  72.191 0.0000000000
39723  -29.906  -20.568  71.534 0.0000000000
38759  -29.444  -21.812  71.898 0.0000000000
38741  -29.132  -22.305  72.169 0.0000000000
37844  -28.775  -22.269  72.127 0.0000000000
38740  -28.459  -22.052  72.186 0.0000000000
38769  -27.825  -22.075  70.679 0.0000000000
38756  -27.796  -22.105  71.086 0.0000000000
38739  -28.037  -21.824  71.761 0.0000000000
39706  -28.087  -21.212  72.221 0.0000000000
40608  -27.684  -19.907  72.240 0.0000000000
40607  -26.988  -19.165  71.932 0.0000000000
41510  -26.346  -18.939  71.582 0.0000000000
41502  -26.528  -18.639  72.256 0.0000000000
41501  -25.750  -18.490  72.054 0.0000000000
41500  -24.986  -18.459  72.431 0.0000000000
40606  -24.507  -18.932  71.947 0.0000000000
40619  -24.062  -19.565  71.448 0.0000000000
39719  -23.628  -20.275  70.917 0.0000000000
35951  -32.570  -23.781  84.124 0.0000000000
35960  -32.682  -24.006  83.452 0.0000000000
35961  -33.388  -24.066  83.158 0.0000000000
35971  -33.636  -24.362  82.347 0.0000000000
35979  -32.361  -24.181  82.196 0.0000000000
35981  -33.479  -24.506  81.443 0.0000000000
35983  -35.211  -24.348  81.049 0.0000000000
35990  -32.272  -24.063  81.514 0.0000000000
36008  -36.176  -24.425  79.890 0.0000000000
36029  -36.972  -24.308  78.608 0.0000000000
36030  -37.326  -24.218  77.882 0.0000000000
36041  -32.486  -23.983  78.303 0.0000000000
36834  -31.098  -22.836  86.198 0.0000000000
36845  -33.101  -23.168  84.827 0.0000000000
36866  -31.555  -23.565  83.449 0.0000000000
36868  -33.808  -23.688  83.222 0.0000000000
36876  -34.232  -23.681  82.642 0.0000000000
36893  -35.636  -24.115  80.798 0.0000000000
36900  -32.168  -23.578  79.543 0.0000000000
36922  -37.777  -23.800  77.513 0.0000000000
36926  -18.717  -23.221  77.069 0.0000000000
36939  -38.231  -23.241  77.104 0.0000000000
36949  -31.917  -23.534  76.061 0.0000000000
36953  -37.559  -23.678  75.775 0.0000000000
37704  -28.361  -21.998  85.988 0.0000000000
37719  -30.394  -22.911  84.762 0.0000000000
37761  -31.366  -22.413  80.275 0.0000000000
37773  -36.045  -23.405  80.095 0.0000000000
37784  -36.110  -22.846  79.346 0.0000000000
37795  -31.697  -23.461  77.737 0.0000000000
37796  -37.328  -22.524  78.061 0.0000000000
37808  -19.939  -22.413  75.463 0.0000000000
37815  -31.532  -23.364  75.548 0.0000000000
37829  -37.520  -23.293  74.492 0.0000000000
37843  -28.413  -22.166  71.576 0.0000000000
37855  -28.676  -22.177  71.539 0.0000000000
38567  -26.504  -21.558  86.955 0.0000000000
38617  -18.143  -21.383  82.076 0.0000000000
38623  -34.510  -22.802  81.903 0.0000000000
38632  -19.082  -21.129  81.134 0.0000000000
38656  -18.791  -21.513  79.858 0.0000000000
38660  -33.893  -21.493  80.004 0.0000000000
38671  -36.080  -22.323  78.598 0.0000000000
38678  -18.645  -21.870  77.592 0.0000000000
38682  -36.079  -21.887  77.938 0.0000000000
38685  -38.147  -22.201  77.133 0.0000000000
38693  -19.613  -21.573  75.950 0.0000000000
38701  -29.646  -22.331  74.595 0.0000000000
38703  -38.938  -21.998  75.982 0.0000000000
38704  -39.071  -21.441  75.429 0.0000000000
38744  -33.871  -22.036  71.825 0.0000000000
38762  -35.591  -23.312  71.371 0.0000000000
39541  -25.993  -20.694  84.065 0.0000000000
39586  -22.815  -20.140  81.359 0.0000000000
39607  -27.609  -20.361  80.718 0.0000000000
39654  -20.694  -20.579  77.360 0.0000000000
39655  -21.324  -20.293  77.569 0.0000000000
39657  -29.049  -19.848  77.971 0.0000000000
39660  -34.671  -20.830  77.794 0.0000000000
39689  -20.944  -20.944  74.731 0.0000000000
39693  -39.370  -20.524  74.186 0.0000000000
39714  -38.069  -20.862  73.082 0.0000000000
39743  -34.401  -21.974  69.149 0.0000000000
40517  -33.640  -19.673  79.833 0.0000000000
40525  -24.256  -19.801  77.961 0.0000000000
40527  -26.021  -19.847  78.122 0.0000000000
40537  -23.227  -19.750  77.006 0.0000000000
40554  -28.105  -19.434  76.210 0.0000000000
40558  -35.291  -19.306  76.303 0.0000000000
40578  -37.712  -19.401  74.914 0.0000000000
40588  -26.831  -18.786  74.501 0.0000000000
40591  -38.222  -18.961  74.589 0.0000000000
41458  -34.699  -18.956  77.502 0.0000000000
41508  -25.085  -18.642  71.473 0.0000000000
41520  -25.120  -18.998  70.840 0.0000000000
42281  -39.061  -17.644  79.410 0.0000000000
42318  -36.727  -17.905  75.407 0.0000000000
42320  -38.358  -17.069  76.287 0.0000000000
42337  -38.867  -17.839  74.355 0.0000000000
42342  -44.286  -17.024  75.047 0.0000000000
42356  -41.696  -17.728  71.588 0.0000000000
42362  -35.612  -17.752  70.373 0.0000000000
42372  -33.675  -17.478  69.528 0.0000000000
43197  -40.811  -16.565  80.211 0.0000000000
43206  -42.522  -16.140  79.461 0.0000000000
43224  -40.340  -16.657  76.883 0.0000000000
43227  -44.535  -16.724  77.265 0.0000000000
43237  -39.883  -16.565  75.947 0.0000000000
43260  -44.373  -16.583  74.906 0.0000000000
43305  -35.560  -16.510  67.858 0.0000000000
46213  -47.337  -12.628  78.174 0.0000000000
46214  -47.572  -12.094  77.799 0.0000000000
46242  -47.018  -12.855  77.309 0.0000000000
47284  -47.117  -12.115  76.847 0.0000000000
47322  -44.198  -12.134  75.505 0.0000000000
48272  -48.301  -10.845  77.461 0.0000000000
48290  -47.092  -11.452  76.492 0.0000000000
48291  -48.427  -10.890  77.006 0.0000000000
49272  -48.502  -10.159  77.542 0.0000000000
49300  -47.963  -10.016  75.989 0.0000000000
50253  -49.353  -9.111  76.699 0.0000000000
50268  -49.404  -8.530  76.324 0.0000000000
51235  -49.916  -7.277  76.140 0.0000000000
51249  -48.149  -8.017  75.351 0.0000000000
51258  -46.158  -8.127  74.118 0.0000000000
51287  -43.186  -8.529  70.978 0.0000000000
51288  -50.989  -8.899  70.871 0.0000000000
51360  -44.626  -7.977  64.019 0.0000000000
52257  -49.600  -6.584  75.561 0.0000000000
52369  -44.462  -7.277  63.902 0.0000000000
53292  -52.199  -7.010  69.870 0.0000000000
54352  -48.130  -5.064  66.263 0.0000000000
55262  -44.054  -4.099  63.678 0.0000000000
56009  -48.683  -3.111  70.246 0.0000000000
56019  -53.043  -3.220  69.502 0.0000000000
56035  -51.968  -3.361  68.322 0.0000000000
56103  -44.521  -3.695  61.022 0.0000000000
56840  -51.914  -1.578  70.973 0.0000000000
56841  -53.168  -2.168  70.166 0.0000000000
56842  -53.354  -2.233  69.942 0.0000000000
56851  -53.101  -2.681  70.007 0.0000000000
56874  -52.804  -2.543  68.786 0.0000000000
56875  -53.168  -2.157  69.117 0.0000000000
56927  -45.727  -2.530  65.090 0.0000000000
56935  -44.492  -2.091  63.147 0.0000000000
56949  -44.639  -2.558  61.570 0.0000000000
56952  -48.216  -2.225  60.688 0.0000000000
56963  -48.434  -2.404  60.366 0.0000000000
57744  -52.969  -1.413  70.741 0.0000000000
57793  -51.354  -1.297  68.523 0.0000000000
57848  -45.070  -1.287  62.208 0.0000000000
57869  -50.517  -1.619  60.906 0.0000000000
58633  -53.266  -1.071  70.598 0.0000000000
58650  -53.439  -0.957  70.100 0.0000000000
58733  -51.038  -1.100  61.912 0.0000000000
58736  -53.852  -0.067  61.799 0.0000000000
58757  -51.349  -0.759  60.045 0.0000000000
59586  -52.132  0.282  72.339 0.0000000000
59597  -52.204  0.462  71.186 0.0000000000
59665  -52.784  0.310  63.089 0.0000000000
59668  -54.667  0.749  63.158 0.0000000000
59677  -50.475  0.400  62.037 0.0000000000
59681  -54.485  0.370  62.701 0.0000000000
59694  -47.814  0.557  61.537 0.0000000000
60710  -52.409  1.179  63.243 0.0000000000
60714  -54.902  1.085  63.239 0.0000000000
60724  -48.002  1.858  63.066 0.0000000000
60729  -55.745  1.473  62.160 0.0000000000
61736  -55.505  2.024  62.570 0.0000000000
62677  -54.572  2.899  64.225 0.0000000000
104727  -21.109  -19.668  86.513 0.0000000000
105681  -33.566  -22.259  84.012 0.0000000000
106759  -25.158  -20.152  70.218 0.0000000000
106773  -20.190  -19.994  84.879 0.0000000000
107027  -28.254  -22.156  87.171 0.0000000000
107313  -52.243  0.119  70.250 0.0000000000
108470  -29.165  -22.313  85.048 0.0000000000
109380  -48.685  -10.245  76.805 0.0000000000
110002  -42.123  -16.850  76.072 0.0000000000
110699  -29.962  -20.376  79.015 0.0000000000
111537  -52.813  -1.888  68.820 0.0000000000
111560  -34.475  -21.345  78.622 0.0000000000
112557  -45.550  -7.181  64.630 0.0000000000
113098  -31.784  -23.097  79.936 0.0000000000
114279  -53.167  -0.537  70.170 0.0000000000
114819  -43.589  -5.479  63.138 0.0000000000
114831  -25.837  -18.446  73.423 0.0000000000
115447  -43.890  -16.848  77.346 0.0000000000
116048  -22.479  -19.826  76.897 0.0000000000
116780  -30.360  -23.110  75.005 0.0000000000
116926  -32.004  -22.314  86.518 0.0000000000
117168  -29.603  -21.098  74.768 0.0000000000
117764  -35.323  -24.624  80.001 0.0000000000
118222  -35.532  -24.377  77.855 0.0000000000
118466  -54.879  1.608  63.534 0.0000000000
118554  -54.727  1.819  63.976 0.0000000000
119304  -34.844  -20.315  77.144 0.0000000000
119712  -38.399  -17.874  79.702 0.0000000000
120828  -30.403  -22.664  73.938 0.0000000000
121770  -50.405  -1.476  60.170 0.0000000000
121830  -49.627  -4.415  67.066 0.0000000000
122311  -41.081  -10.425  65.368 0.0000000000
122477  -34.489  -24.501  81.240 0.0000000000
122571  -28.916  -22.169  71.536 0.0000000000
122936  -18.199  -21.805  80.172 0.0000000000
123676  -52.239  -6.770  69.975 0.0000000000
124534  -26.665  -19.412  71.492 0.0000000000
125487  -47.538  -12.085  78.078 0.0000000000
125970  -27.457  -21.755  87.643 0.0000000000
126173  -45.578  -15.726  78.184 0.0000000000
