#!ascii label  , from subject sub-v2s4x29624_ses-1 vox2ras=TkReg
1294
75155  -37.585  16.809  45.727 0.0000000000
75264  -50.756  18.596  33.889 0.0000000000
79807  -44.834  22.739  48.833 0.0000000000
74354  -48.703  16.622  42.738 0.0000000000
73417  -47.716  15.248  52.555 0.0000000000
114483  -42.381  21.011  38.109 0.0000000000
82487  -50.871  27.222  38.408 0.0000000000
82406  -43.834  28.046  44.481 0.0000000000
120537  -38.379  18.053  55.626 0.0000000000
73486  -43.571  15.457  44.395 0.0000000000
76069  -44.615  18.099  40.129 0.0000000000
76859  -40.249  19.483  42.232 0.0000000000
81743  -48.695  25.946  50.328 0.0000000000
80467  -47.467  24.566  43.935 0.0000000000
81780  -51.477  27.397  44.557 0.0000000000
120663  -46.222  27.969  41.230 0.0000000000
83502  -47.865  29.704  47.565 0.0000000000
75289  -46.926  18.269  31.039 0.0000000000
77648  -36.513  20.039  50.168 0.0000000000
77677  -39.878  20.805  47.102 0.0000000000
76833  -52.689  19.370  46.067 0.0000000000
73461  -48.602  15.326  47.711 0.0000000000
71711  -42.353  13.112  48.451 0.0000000000
71653  -40.394  12.860  53.824 0.0000000000
76929  -46.342  19.205  35.514 0.0000000000
78527  -44.870  21.774  31.642 0.0000000000
79844  -42.306  24.152  42.731 0.0000000000
80545  -45.329  24.819  37.313 0.0000000000
81213  -44.994  25.204  32.389 0.0000000000
82515  -43.388  27.852  36.204 0.0000000000
83065  -41.374  28.849  38.207 0.0000000000
73483  -40.418  16.048  44.721 0.0000000000
75177  -41.524  17.404  43.080 0.0000000000
76019  -38.968  18.109  43.993 0.0000000000
82341  -51.419  27.908  51.465 0.0000000000
81772  -50.788  26.906  47.374 0.0000000000
82962  -51.652  28.223  48.588 0.0000000000
82986  -49.283  28.237  46.814 0.0000000000
75283  -48.890  18.295  31.986 0.0000000000
79110  -35.752  22.538  49.692 0.0000000000
78378  -38.940  20.936  50.488 0.0000000000
73432  -48.300  15.542  50.679 0.0000000000
71715  -45.988  13.737  48.353 0.0000000000
71682  -45.185  13.878  50.984 0.0000000000
72492  -39.478  15.087  55.238 0.0000000000
71686  -34.618  13.148  50.479 0.0000000000
74276  -34.094  16.173  49.485 0.0000000000
73435  -31.870  15.920  50.082 0.0000000000
121324  -49.148  17.851  40.530 0.0000000000
76893  -43.472  19.361  39.044 0.0000000000
105892  -46.066  18.639  37.541 0.0000000000
76927  -44.362  19.538  36.338 0.0000000000
76956  -45.124  19.827  33.592 0.0000000000
78514  -43.331  21.375  35.348 0.0000000000
78418  -42.533  21.295  47.366 0.0000000000
107036  -40.794  22.623  44.961 0.0000000000
79818  -43.823  23.219  45.750 0.0000000000
113751  -49.270  25.829  40.918 0.0000000000
80517  -46.454  24.813  40.736 0.0000000000
113447  -47.781  25.556  37.457 0.0000000000
80559  -46.811  25.099  34.745 0.0000000000
81842  -47.799  26.109  34.427 0.0000000000
81839  -44.407  26.582  34.373 0.0000000000
82505  -47.364  28.247  36.889 0.0000000000
106239  -44.912  27.356  42.596 0.0000000000
83052  -43.885  28.550  39.359 0.0000000000
82454  -42.876  27.375  41.314 0.0000000000
82481  -39.790  27.776  39.878 0.0000000000
104936  -41.356  27.794  43.165 0.0000000000
73488  -45.986  15.508  43.731 0.0000000000
74364  -46.282  16.734  41.562 0.0000000000
75193  -44.090  16.986  42.008 0.0000000000
76057  -42.573  18.504  41.317 0.0000000000
77731  -41.412  20.733  40.112 0.0000000000
80431  -47.105  24.486  49.896 0.0000000000
80460  -45.775  24.119  45.779 0.0000000000
104697  -48.055  25.447  47.152 0.0000000000
81127  -50.323  25.980  44.202 0.0000000000
81800  -51.680  27.287  42.211 0.0000000000
82472  -48.919  28.272  40.306 0.0000000000
82424  -49.554  27.750  43.332 0.0000000000
82400  -47.096  27.660  45.322 0.0000000000
82992  -45.558  28.564  45.685 0.0000000000
76151  -44.477  18.205  32.007 0.0000000000
76807  -36.452  18.312  47.978 0.0000000000
76832  -37.307  19.493  45.828 0.0000000000
77658  -38.841  19.587  48.581 0.0000000000
77638  -41.201  20.444  50.087 0.0000000000
79118  -43.363  22.142  50.264 0.0000000000
81100  -42.562  25.115  48.547 0.0000000000
80429  -44.777  24.286  50.549 0.0000000000
75169  -50.925  17.775  44.870 0.0000000000
75147  -50.699  17.506  47.486 0.0000000000
73492  -48.764  15.711  45.005 0.0000000000
72597  -45.886  14.259  46.083 0.0000000000
72595  -43.086  14.248  46.146 0.0000000000
72499  -46.819  14.306  55.728 0.0000000000
74197  -42.688  17.350  56.361 0.0000000000
72495  -43.025  14.485  55.791 0.0000000000
107793  -44.113  13.506  53.596 0.0000000000
70771  -42.264  12.905  51.135 0.0000000000
74280  -37.429  15.005  47.172 0.0000000000
76949  -51.397  20.605  34.057 0.0000000000
76085  -47.890  18.366  38.734 0.0000000000
76124  -48.290  19.187  36.479 0.0000000000
76960  -49.366  20.139  32.430 0.0000000000
76974  -47.743  19.994  31.318 0.0000000000
76170  -46.236  19.694  30.542 0.0000000000
105809  -45.216  21.394  29.814 0.0000000000
78443  -38.600  21.054  43.647 0.0000000000
79180  -40.002  22.314  41.986 0.0000000000
79865  -41.853  23.281  39.609 0.0000000000
80491  -45.092  24.148  42.862 0.0000000000
105673  -44.376  24.640  40.543 0.0000000000
79880  -42.780  23.213  37.649 0.0000000000
79888  -44.192  23.691  35.564 0.0000000000
79912  -45.273  23.749  30.685 0.0000000000
123561  -43.290  22.792  31.076 0.0000000000
83068  -44.947  29.539  38.165 0.0000000000
83079  -42.618  29.177  37.484 0.0000000000
82511  -39.663  27.462  36.343 0.0000000000
82502  -38.304  27.803  36.953 0.0000000000
83061  -37.682  28.552  38.494 0.0000000000
74311  -38.915  16.223  45.332 0.0000000000
75166  -39.292  17.278  44.334 0.0000000000
75165  -38.451  17.763  44.632 0.0000000000
82950  -51.966  28.164  49.971 0.0000000000
83486  -50.360  29.430  48.722 0.0000000000
75284  -49.656  18.729  32.238 0.0000000000
73424  -47.603  15.242  51.852 0.0000000000
110827  -46.908  14.641  50.989 0.0000000000
72548  -46.442  14.517  51.889 0.0000000000
70765  -34.148  12.852  51.398 0.0000000000
119901  -33.433  14.002  50.454 0.0000000000
75196  -50.118  17.720  42.607 0.0000000000
75194  -48.788  17.106  41.888 0.0000000000
77752  -42.850  20.356  38.069 0.0000000000
76914  -43.934  19.610  37.493 0.0000000000
77761  -43.323  20.151  37.373 0.0000000000
76943  -43.792  20.035  35.941 0.0000000000
78505  -42.681  21.728  36.678 0.0000000000
79130  -43.916  21.808  48.449 0.0000000000
120929  -43.457  22.402  46.648 0.0000000000
79136  -44.336  22.819  47.051 0.0000000000
81805  -50.855  26.948  39.165 0.0000000000
81164  -48.242  25.569  39.221 0.0000000000
81183  -49.658  26.422  37.031 0.0000000000
81191  -48.603  26.080  35.643 0.0000000000
82520  -49.552  27.041  36.083 0.0000000000
82518  -47.762  27.458  35.906 0.0000000000
83083  -49.539  27.925  37.264 0.0000000000
111646  -44.477  27.593  44.162 0.0000000000
125321  -43.935  27.408  41.887 0.0000000000
82420  -43.487  27.401  43.047 0.0000000000
105254  -41.822  27.467  42.416 0.0000000000
82419  -42.261  27.864  43.632 0.0000000000
73487  -44.491  15.355  44.276 0.0000000000
74334  -44.825  16.256  42.795 0.0000000000
74333  -44.107  16.232  43.049 0.0000000000
76046  -40.621  18.699  42.496 0.0000000000
76048  -42.221  18.201  41.970 0.0000000000
119357  -41.807  18.815  41.572 0.0000000000
105956  -41.744  19.861  40.482 0.0000000000
77721  -41.066  20.289  40.892 0.0000000000
81087  -47.623  24.987  50.400 0.0000000000
81103  -47.064  24.681  48.644 0.0000000000
81116  -48.335  25.701  48.160 0.0000000000
81776  -51.256  27.224  46.503 0.0000000000
81122  -50.222  26.155  45.359 0.0000000000
81779  -51.455  26.749  44.185 0.0000000000
81143  -51.179  26.550  42.699 0.0000000000
111895  -51.647  27.519  43.607 0.0000000000
108034  -50.612  27.747  41.895 0.0000000000
117435  -51.286  27.596  44.340 0.0000000000
82979  -48.366  28.876  47.297 0.0000000000
82401  -48.521  27.605  45.274 0.0000000000
82994  -47.567  28.029  46.055 0.0000000000
82993  -46.456  28.323  45.897 0.0000000000
83507  -46.458  29.651  46.763 0.0000000000
75287  -45.397  18.142  31.346 0.0000000000
111157  -36.862  18.806  48.973 0.0000000000
76808  -37.288  19.136  48.451 0.0000000000
76798  -37.745  19.223  49.503 0.0000000000
79114  -39.312  22.279  49.679 0.0000000000
78379  -39.776  21.096  50.423 0.0000000000
79098  -41.196  21.666  50.365 0.0000000000
115583  -42.597  21.150  50.079 0.0000000000
121790  -42.098  22.767  50.189 0.0000000000
81114  -42.080  25.937  47.817 0.0000000000
81083  -44.147  24.815  49.657 0.0000000000
81084  -44.904  25.086  49.918 0.0000000000
81072  -46.002  24.487  50.927 0.0000000000
81742  -45.507  26.498  49.382 0.0000000000
76033  -52.453  19.226  44.141 0.0000000000
76014  -52.171  18.795  45.811 0.0000000000
75138  -50.465  17.546  48.581 0.0000000000
74298  -49.766  16.401  47.164 0.0000000000
74306  -49.692  16.331  46.342 0.0000000000
73468  -48.581  15.355  46.337 0.0000000000
72610  -47.698  14.901  45.719 0.0000000000
72599  -47.499  14.610  46.454 0.0000000000
71713  -44.081  13.366  48.320 0.0000000000
71727  -44.579  13.607  47.310 0.0000000000
71726  -43.037  13.542  47.415 0.0000000000
105511  -40.727  17.838  55.726 0.0000000000
72494  -41.380  14.746  55.444 0.0000000000
71618  -41.910  13.847  54.987 0.0000000000
121045  -43.409  13.658  54.992 0.0000000000
71655  -42.600  13.073  53.544 0.0000000000
71670  -43.136  13.239  52.690 0.0000000000
70761  -41.578  12.641  52.568 0.0000000000
75125  -36.312  15.894  47.349 0.0000000000
73449  -35.732  15.434  48.246 0.0000000000
77781  -52.322  20.952  34.783 0.0000000000
75206  -45.735  17.224  40.995 0.0000000000
114781  -47.196  17.489  40.195 0.0000000000
75227  -46.206  17.872  39.541 0.0000000000
76111  -45.873  18.898  36.657 0.0000000000
76113  -47.551  18.765  37.299 0.0000000000
76133  -47.363  19.312  35.461 0.0000000000
76947  -49.383  20.135  34.130 0.0000000000
76946  -48.231  19.754  34.158 0.0000000000
76975  -48.661  20.033  31.380 0.0000000000
76958  -46.945  19.585  33.128 0.0000000000
77792  -44.672  20.947  32.571 0.0000000000
76972  -45.349  20.237  32.009 0.0000000000
113940  -45.352  20.956  30.632 0.0000000000
77805  -45.320  20.659  30.389 0.0000000000
78533  -45.542  22.126  30.167 0.0000000000
77676  -39.002  20.721  46.744 0.0000000000
77685  -38.049  20.720  44.912 0.0000000000
78425  -39.333  21.627  45.568 0.0000000000
79834  -41.585  23.578  43.646 0.0000000000
79163  -40.143  22.901  43.377 0.0000000000
79842  -40.980  23.537  42.337 0.0000000000
79182  -41.154  23.288  40.920 0.0000000000
79852  -41.713  24.007  41.298 0.0000000000
80461  -46.667  24.395  45.253 0.0000000000
80465  -45.490  23.825  44.181 0.0000000000
80479  -46.410  24.204  43.141 0.0000000000
80529  -45.986  25.052  38.995 0.0000000000
80516  -45.740  24.761  40.491 0.0000000000
80528  -44.951  24.791  39.310 0.0000000000
79867  -43.160  23.999  38.761 0.0000000000
80544  -44.333  24.418  37.355 0.0000000000
126086  -43.495  23.343  36.160 0.0000000000
80552  -44.963  24.500  36.390 0.0000000000
80565  -46.218  25.397  33.552 0.0000000000
80564  -45.831  24.786  33.792 0.0000000000
80577  -44.841  24.651  31.835 0.0000000000
79917  -45.120  23.558  29.953 0.0000000000
79910  -44.289  24.041  30.699 0.0000000000
79906  -43.091  24.081  31.642 0.0000000000
80575  -43.702  24.684  31.583 0.0000000000
82528  -43.843  27.130  35.353 0.0000000000
81847  -42.618  26.042  33.725 0.0000000000
82471  -47.399  28.228  40.759 0.0000000000
83055  -46.946  29.105  38.805 0.0000000000
119689  -46.389  28.462  40.274 0.0000000000
82484  -42.893  28.011  39.702 0.0000000000
83067  -43.263  29.385  38.001 0.0000000000
83078  -41.679  29.008  37.492 0.0000000000
83087  -41.092  28.518  36.826 0.0000000000
82504  -40.173  28.289  36.840 0.0000000000
82503  -39.238  28.093  36.850 0.0000000000
83076  -39.806  28.660  37.504 0.0000000000
82465  -39.403  27.504  40.798 0.0000000000
83048  -38.295  28.414  39.211 0.0000000000
83036  -38.000  28.125  40.064 0.0000000000
83046  -36.482  28.417  39.327 0.0000000000
73485  -42.013  15.767  44.569 0.0000000000
74331  -42.620  16.510  43.451 0.0000000000
74330  -41.285  16.847  43.632 0.0000000000
75176  -40.709  17.505  43.406 0.0000000000
76045  -39.750  19.015  42.873 0.0000000000
113736  -49.607  26.542  49.668 0.0000000000
82371  -50.735  27.069  48.952 0.0000000000
82372  -51.541  27.743  48.295 0.0000000000
82988  -51.239  27.711  46.914 0.0000000000
82394  -50.425  27.715  46.158 0.0000000000
82981  -50.889  28.267  47.519 0.0000000000
83504  -49.931  28.926  48.122 0.0000000000
75290  -47.624  18.180  31.361 0.0000000000
115353  -35.997  20.941  50.409 0.0000000000
113738  -37.272  20.288  50.319 0.0000000000
78391  -37.115  21.612  50.086 0.0000000000
72570  -48.253  15.156  49.186 0.0000000000
72577  -47.602  14.518  48.117 0.0000000000
72568  -46.973  14.362  49.421 0.0000000000
71703  -45.277  13.648  49.563 0.0000000000
105844  -44.018  13.419  49.289 0.0000000000
73375  -39.235  16.238  55.390 0.0000000000
71630  -38.693  13.529  54.385 0.0000000000
126379  -35.454  13.811  49.314 0.0000000000
73438  -34.890  15.113  49.090 0.0000000000
72562  -34.486  14.530  49.563 0.0000000000
105241  -32.719  16.138  49.762 0.0000000000
76082  -44.141  18.676  39.475 0.0000000000
76083  -45.736  18.264  39.031 0.0000000000
76095  -44.736  18.910  38.080 0.0000000000
76915  -44.549  19.205  37.496 0.0000000000
76928  -45.205  19.281  35.831 0.0000000000
76945  -45.723  19.358  34.944 0.0000000000
76944  -44.424  19.735  35.419 0.0000000000
77779  -43.987  20.353  34.923 0.0000000000
78519  -43.672  21.519  34.444 0.0000000000
78417  -41.643  21.256  47.110 0.0000000000
78426  -40.189  21.799  46.036 0.0000000000
79134  -42.105  21.825  46.562 0.0000000000
79143  -42.407  22.884  45.507 0.0000000000
79825  -43.160  23.565  44.336 0.0000000000
81141  -48.672  25.249  42.553 0.0000000000
80493  -46.707  24.462  42.315 0.0000000000
81157  -47.932  25.206  40.922 0.0000000000
81163  -47.078  25.213  39.185 0.0000000000
112737  -46.912  25.361  37.410 0.0000000000
80553  -46.065  24.839  36.024 0.0000000000
81189  -47.117  25.335  35.597 0.0000000000
81206  -47.615  25.888  34.247 0.0000000000
120659  -46.061  26.090  33.420 0.0000000000
81856  -45.108  25.683  32.859 0.0000000000
81841  -46.938  26.432  34.293 0.0000000000
118377  -46.070  26.928  34.934 0.0000000000
82516  -44.472  27.710  36.156 0.0000000000
82437  -45.532  27.562  41.944 0.0000000000
82470  -45.434  28.143  40.538 0.0000000000
119288  -44.578  27.503  41.733 0.0000000000
82468  -43.149  27.589  40.595 0.0000000000
82483  -41.757  27.837  39.760 0.0000000000
83050  -40.132  28.250  39.078 0.0000000000
82467  -41.347  27.426  40.742 0.0000000000
106166  -40.738  27.376  41.485 0.0000000000
125164  -40.407  27.417  41.936 0.0000000000
73505  -47.306  15.656  43.477 0.0000000000
74366  -48.012  16.480  42.182 0.0000000000
73521  -46.183  16.178  42.612 0.0000000000
74363  -45.494  16.782  41.765 0.0000000000
75205  -44.748  17.251  41.396 0.0000000000
74348  -42.810  16.921  42.815 0.0000000000
75204  -43.781  17.620  41.427 0.0000000000
76068  -43.761  18.363  40.426 0.0000000000
76881  -43.228  19.002  39.833 0.0000000000
77732  -42.100  20.161  39.734 0.0000000000
78485  -42.031  21.271  38.830 0.0000000000
79809  -45.969  23.478  49.993 0.0000000000
79812  -45.394  23.623  47.510 0.0000000000
80452  -46.026  24.020  47.882 0.0000000000
80457  -46.578  24.604  46.293 0.0000000000
80462  -47.487  24.653  44.789 0.0000000000
81775  -48.972  25.877  46.991 0.0000000000
126168  -49.136  25.648  45.509 0.0000000000
81125  -48.346  24.999  44.319 0.0000000000
81142  -50.060  25.925  42.587 0.0000000000
81159  -50.966  26.697  40.963 0.0000000000
82474  -51.037  27.381  39.409 0.0000000000
82486  -50.599  27.814  38.765 0.0000000000
106484  -50.292  27.901  40.937 0.0000000000
82440  -49.374  27.909  41.918 0.0000000000
82439  -47.922  27.797  42.119 0.0000000000
82402  -50.174  27.614  45.259 0.0000000000
82423  -48.318  27.535  43.597 0.0000000000
106237  -47.450  27.518  42.948 0.0000000000
112530  -46.118  27.269  43.941 0.0000000000
82408  -45.415  27.569  44.590 0.0000000000
82991  -44.689  28.717  45.386 0.0000000000
75143  -36.706  17.432  46.435 0.0000000000
75158  -37.313  17.922  45.531 0.0000000000
76824  -36.788  18.768  46.538 0.0000000000
77666  -37.727  19.966  47.132 0.0000000000
77668  -39.547  20.415  47.578 0.0000000000
76785  -39.223  19.592  50.197 0.0000000000
76801  -39.983  19.629  49.513 0.0000000000
77669  -40.486  20.420  47.875 0.0000000000
77661  -42.275  20.451  48.817 0.0000000000
78409  -43.447  21.213  48.872 0.0000000000
79119  -44.199  22.478  50.157 0.0000000000
79806  -41.294  23.871  48.875 0.0000000000
80427  -43.194  23.604  50.079 0.0000000000
79796  -43.953  23.043  50.436 0.0000000000
79798  -45.394  23.290  50.407 0.0000000000
80411  -46.058  24.034  51.049 0.0000000000
125068  -47.133  24.830  51.113 0.0000000000
81734  -47.917  25.737  51.228 0.0000000000
76031  -51.092  18.296  43.488 0.0000000000
75167  -49.771  17.008  44.019 0.0000000000
75139  -51.372  18.360  48.049 0.0000000000
76006  -51.704  18.410  46.483 0.0000000000
113133  -50.671  17.383  46.057 0.0000000000
74320  -49.966  16.766  45.000 0.0000000000
73491  -48.693  16.001  44.206 0.0000000000
73490  -47.433  15.318  44.378 0.0000000000
125409  -45.971  14.808  44.861 0.0000000000
72607  -44.645  14.836  44.985 0.0000000000
72586  -46.181  14.018  46.837 0.0000000000
72596  -44.608  14.375  45.630 0.0000000000
73474  -43.336  15.102  45.006 0.0000000000
72604  -41.776  14.880  45.579 0.0000000000
122647  -44.123  16.524  57.181 0.0000000000
73377  -41.013  15.799  55.590 0.0000000000
106709  -42.950  16.135  56.429 0.0000000000
73359  -44.690  15.425  57.081 0.0000000000
72498  -45.788  14.278  55.992 0.0000000000
72512  -46.209  14.046  54.331 0.0000000000
111824  -46.028  14.101  53.464 0.0000000000
71673  -45.061  13.813  52.505 0.0000000000
71688  -43.555  13.413  50.639 0.0000000000
71701  -42.398  12.970  49.462 0.0000000000
114829  -37.471  15.672  46.548 0.0000000000
75135  -36.524  16.280  46.928 0.0000000000
75993  -35.956  17.581  48.181 0.0000000000
75989  -36.013  18.648  49.385 0.0000000000
77647  -35.845  19.374  49.822 0.0000000000
76136  -52.687  19.659  35.116 0.0000000000
76135  -52.127  19.800  34.325 0.0000000000
76145  -51.262  19.742  33.622 0.0000000000
75208  -47.688  17.124  40.829 0.0000000000
121046  -48.312  18.169  39.411 0.0000000000
76097  -46.344  18.462  38.280 0.0000000000
121176  -47.937  18.636  37.942 0.0000000000
76115  -49.245  19.230  37.415 0.0000000000
76932  -49.793  20.169  35.173 0.0000000000
76948  -50.512  20.463  33.851 0.0000000000
76144  -50.416  19.498  32.703 0.0000000000
76152  -49.267  19.240  31.492 0.0000000000
76988  -48.623  19.542  31.157 0.0000000000
76162  -47.828  19.028  30.718 0.0000000000
76973  -46.714  19.801  31.778 0.0000000000
76986  -47.036  19.813  30.715 0.0000000000
76160  -45.942  18.969  30.489 0.0000000000
76169  -45.518  19.428  30.423 0.0000000000
76983  -44.285  19.574  30.810 0.0000000000
77798  -43.591  20.252  31.150 0.0000000000
116497  -37.624  19.293  44.975 0.0000000000
76846  -38.560  19.772  43.642 0.0000000000
77709  -39.330  20.758  42.467 0.0000000000
79149  -39.413  22.176  44.249 0.0000000000
126019  -39.126  21.993  43.026 0.0000000000
77719  -39.747  20.997  41.878 0.0000000000
78474  -40.522  21.536  40.950 0.0000000000
118096  -41.158  22.176  39.950 0.0000000000
78492  -41.829  22.064  38.772 0.0000000000
79815  -45.003  23.632  45.927 0.0000000000
79826  -44.749  23.633  44.489 0.0000000000
80476  -43.797  24.205  43.133 0.0000000000
116543  -46.036  24.450  41.926 0.0000000000
80501  -44.335  24.578  41.404 0.0000000000
80500  -43.403  24.502  41.673 0.0000000000
121866  -43.064  24.362  40.219 0.0000000000
79866  -42.493  23.608  39.163 0.0000000000
79203  -42.276  22.450  38.065 0.0000000000
79215  -42.957  22.621  36.330 0.0000000000
79228  -43.877  22.292  33.835 0.0000000000
79894  -45.016  24.180  34.694 0.0000000000
79901  -44.368  23.339  33.185 0.0000000000
79235  -45.334  22.869  30.926 0.0000000000
79241  -45.564  23.017  30.071 0.0000000000
78540  -44.747  22.161  29.752 0.0000000000
81203  -43.431  25.785  32.865 0.0000000000
83071  -48.582  28.620  37.976 0.0000000000
83082  -46.219  28.747  37.310 0.0000000000
83090  -43.985  28.700  36.863 0.0000000000
83053  -44.809  28.975  39.074 0.0000000000
107700  -44.033  29.567  37.915 0.0000000000
83089  -42.970  28.729  36.838 0.0000000000
82513  -41.459  27.884  36.190 0.0000000000
81828  -40.034  26.917  35.738 0.0000000000
81188  -39.121  25.771  35.782 0.0000000000
83063  -39.499  28.653  38.325 0.0000000000
82494  -37.924  28.335  37.650 0.0000000000
82990  -43.926  29.098  45.186 0.0000000000
83515  -43.387  29.371  44.827 0.0000000000
83008  -41.632  28.391  43.675 0.0000000000
83007  -40.605  28.316  43.347 0.0000000000
119590  -39.676  27.978  43.053 0.0000000000
75160  -38.251  16.669  45.391 0.0000000000
74310  -38.702  16.928  44.899 0.0000000000
75159  -37.916  17.423  45.246 0.0000000000
75273  -49.863  18.027  33.455 0.0000000000
73418  -48.348  15.679  52.790 0.0000000000
73425  -48.174  15.639  52.040 0.0000000000
72549  -47.147  14.851  51.641 0.0000000000
109591  -47.142  14.834  52.300 0.0000000000
70753  -33.940  12.782  52.006 0.0000000000
75195  -49.388  17.200  42.625 0.0000000000
77760  -42.765  20.886  37.190 0.0000000000
79131  -44.344  22.463  48.051 0.0000000000
79135  -43.761  22.204  47.271 0.0000000000
79811  -44.797  23.060  47.726 0.0000000000
81811  -50.399  26.744  38.246 0.0000000000
81815  -50.488  26.973  37.379 0.0000000000
81823  -50.006  26.913  36.436 0.0000000000
108944  -50.293  27.224  36.950 0.0000000000
82507  -49.919  27.261  36.470 0.0000000000
119880  -43.658  27.625  43.844 0.0000000000
115155  -42.986  27.630  43.571 0.0000000000
82405  -43.036  27.983  44.152 0.0000000000
73501  -43.842  15.812  43.708 0.0000000000
76047  -41.434  18.444  42.207 0.0000000000
76860  -41.024  19.127  41.863 0.0000000000
76871  -41.423  19.533  41.218 0.0000000000
76870  -40.658  19.896  41.561 0.0000000000
81088  -48.081  25.411  50.727 0.0000000000
81105  -48.226  25.532  49.645 0.0000000000
81778  -51.317  27.365  45.696 0.0000000000
81123  -51.398  26.824  45.112 0.0000000000
81787  -51.776  27.412  43.769 0.0000000000
124864  -51.681  27.498  44.045 0.0000000000
82985  -47.969  28.485  46.695 0.0000000000
83508  -47.326  29.262  47.094 0.0000000000
82984  -46.878  28.799  46.527 0.0000000000
75281  -46.872  17.342  32.118 0.0000000000
75280  -45.944  17.429  31.865 0.0000000000
76797  -36.727  19.057  49.552 0.0000000000
76782  -37.467  19.545  50.034 0.0000000000
107897  -39.995  22.398  49.744 0.0000000000
78394  -39.917  21.836  50.100 0.0000000000
79115  -40.679  22.171  50.110 0.0000000000
79116  -41.533  22.280  50.247 0.0000000000
79794  -41.317  23.077  49.642 0.0000000000
81757  -44.752  26.616  48.804 0.0000000000
81741  -45.042  25.873  49.396 0.0000000000
76834  -53.201  19.798  45.613 0.0000000000
76838  -52.704  19.369  45.104 0.0000000000
110701  -49.081  15.704  46.888 0.0000000000
72588  -48.269  14.966  46.948 0.0000000000
109043  -43.111  13.300  48.031 0.0000000000
119535  -43.673  13.474  47.574 0.0000000000
71725  -42.267  13.380  47.583 0.0000000000
108233  -41.630  13.173  48.024 0.0000000000
75066  -38.961  18.672  55.772 0.0000000000
120435  -41.314  13.508  54.493 0.0000000000
71654  -41.177  13.009  53.960 0.0000000000
106504  -41.949  13.205  54.181 0.0000000000
70746  -41.779  12.830  53.404 0.0000000000
70747  -42.304  12.876  52.760 0.0000000000
70745  -40.982  12.639  53.251 0.0000000000
72564  -36.785  14.440  47.900 0.0000000000
74278  -36.352  15.253  47.706 0.0000000000
72574  -36.116  14.702  48.262 0.0000000000
76918  -50.837  20.080  36.829 0.0000000000
124844  -45.628  17.526  40.431 0.0000000000
75218  -46.240  17.503  40.215 0.0000000000
75217  -45.476  17.843  39.895 0.0000000000
76122  -46.759  18.976  36.256 0.0000000000
104733  -47.176  19.488  34.357 0.0000000000
76959  -48.079  19.873  32.680 0.0000000000
78414  -38.906  21.175  45.956 0.0000000000
78415  -39.637  21.271  46.404 0.0000000000
125258  -42.155  23.856  43.348 0.0000000000
115245  -41.564  23.824  42.915 0.0000000000
79843  -41.640  24.048  42.150 0.0000000000
80488  -42.436  24.345  41.890 0.0000000000
80466  -46.760  24.299  44.364 0.0000000000
118468  -46.799  24.298  43.672 0.0000000000
80538  -45.192  24.902  38.381 0.0000000000
80537  -44.485  24.681  38.638 0.0000000000
123330  -44.582  24.710  37.997 0.0000000000
81214  -45.665  25.511  33.170 0.0000000000
80571  -45.448  24.988  32.754 0.0000000000
80576  -44.705  24.478  31.189 0.0000000000
80570  -44.337  25.019  31.841 0.0000000000
81838  -43.218  26.636  34.500 0.0000000000
82527  -42.768  27.247  35.386 0.0000000000
82457  -47.250  27.903  41.526 0.0000000000
83051  -42.078  28.524  38.876 0.0000000000
83066  -42.323  29.145  38.105 0.0000000000
83077  -40.743  28.787  37.510 0.0000000000
83064  -40.432  28.675  38.283 0.0000000000
82480  -38.873  27.870  39.943 0.0000000000
106728  -41.188  16.256  44.259 0.0000000000
75175  -39.818  17.718  43.706 0.0000000000
76030  -40.253  18.246  43.139 0.0000000000
76029  -39.462  18.496  43.437 0.0000000000
82355  -50.240  26.958  50.285 0.0000000000
82349  -50.921  27.496  50.733 0.0000000000
82949  -51.831  28.539  49.452 0.0000000000
82373  -51.874  27.972  49.149 0.0000000000
82391  -51.374  27.618  47.186 0.0000000000
82982  -51.394  27.969  47.683 0.0000000000
82961  -51.052  28.564  48.306 0.0000000000
83485  -49.365  29.741  48.328 0.0000000000
74428  -48.762  17.387  33.114 0.0000000000
75282  -47.902  17.480  32.318 0.0000000000
78390  -36.083  21.738  50.154 0.0000000000
78376  -36.758  20.966  50.345 0.0000000000
79111  -36.606  22.384  49.638 0.0000000000
74282  -48.870  16.007  50.020 0.0000000000
73442  -48.378  15.454  49.856 0.0000000000
72569  -47.619  14.606  48.964 0.0000000000
72557  -47.597  14.866  50.064 0.0000000000
72556  -46.033  14.272  51.010 0.0000000000
71690  -45.709  13.907  50.221 0.0000000000
125401  -44.612  13.542  49.639 0.0000000000
106168  -44.886  13.654  50.233 0.0000000000
70767  -36.200  11.885  51.618 0.0000000000
70776  -35.391  12.595  50.506 0.0000000000
70784  -36.201  12.635  49.798 0.0000000000
71695  -35.413  13.203  49.794 0.0000000000
71694  -34.861  13.800  49.702 0.0000000000
72555  -34.110  13.881  50.124 0.0000000000
124895  -33.160  14.988  50.061 0.0000000000
73431  -32.550  15.215  50.188 0.0000000000
104779  -44.852  18.591  38.792 0.0000000000
76894  -44.161  19.102  38.597 0.0000000000
110260  -44.313  19.470  37.027 0.0000000000
76916  -44.906  19.147  36.828 0.0000000000
112081  -43.474  20.696  35.661 0.0000000000
115337  -43.623  20.948  34.911 0.0000000000
77785  -43.999  20.920  34.026 0.0000000000
79144  -43.161  22.736  46.111 0.0000000000
79817  -43.145  23.254  45.245 0.0000000000
79152  -42.407  23.300  44.711 0.0000000000
108369  -43.934  23.500  44.849 0.0000000000
81149  -48.354  25.225  41.691 0.0000000000
81172  -47.925  25.524  38.347 0.0000000000
81171  -46.894  25.311  38.261 0.0000000000
81181  -47.699  25.576  36.368 0.0000000000
81829  -48.355  26.330  35.235 0.0000000000
81198  -48.111  25.935  34.724 0.0000000000
81850  -47.115  25.924  33.908 0.0000000000
82530  -46.864  27.169  35.353 0.0000000000
83092  -46.472  27.957  36.422 0.0000000000
82517  -45.639  27.501  35.898 0.0000000000
120582  -45.713  27.432  42.690 0.0000000000
82435  -43.328  27.340  42.125 0.0000000000
82455  -43.756  27.530  41.240 0.0000000000
119628  -42.357  27.531  40.578 0.0000000000
82452  -41.373  27.381  41.682 0.0000000000
82434  -40.871  27.504  42.327 0.0000000000
73504  -46.456  15.751  43.251 0.0000000000
74353  -47.119  16.112  42.584 0.0000000000
124747  -44.293  16.561  42.508 0.0000000000
74351  -45.473  16.390  42.438 0.0000000000
74350  -44.816  16.693  42.143 0.0000000000
122283  -42.066  16.898  43.277 0.0000000000
124254  -42.156  17.315  42.799 0.0000000000
75203  -42.955  17.872  41.691 0.0000000000
124529  -43.799  18.016  40.954 0.0000000000
119868  -43.312  18.199  41.085 0.0000000000
76067  -42.905  18.739  40.610 0.0000000000
76880  -42.475  19.421  40.159 0.0000000000
77743  -41.864  20.833  39.400 0.0000000000
80430  -46.528  23.988  50.510 0.0000000000
80444  -45.726  23.593  48.683 0.0000000000
80445  -46.428  24.126  49.032 0.0000000000
81115  -47.468  25.138  47.845 0.0000000000
80454  -47.368  25.066  46.753 0.0000000000
80458  -47.427  24.889  45.718 0.0000000000
81118  -48.350  25.463  46.179 0.0000000000
81759  -50.128  26.686  48.398 0.0000000000
81771  -49.497  26.341  47.738 0.0000000000
121934  -49.622  26.022  46.112 0.0000000000
81126  -49.423  25.608  44.737 0.0000000000
112892  -49.343  25.428  43.884 0.0000000000
81133  -49.318  25.468  43.180 0.0000000000
81134  -50.562  26.106  43.431 0.0000000000
81792  -51.723  27.044  42.405 0.0000000000
81151  -51.041  26.603  41.963 0.0000000000
81799  -51.577  27.125  41.588 0.0000000000
81806  -51.179  27.136  40.141 0.0000000000
117292  -51.453  27.171  40.879 0.0000000000
109154  -51.226  27.396  40.384 0.0000000000
82459  -51.381  27.415  41.461 0.0000000000
108390  -50.136  27.807  42.652 0.0000000000
82458  -48.466  28.048  41.269 0.0000000000
106236  -48.771  27.739  42.761 0.0000000000
82410  -47.816  27.422  44.460 0.0000000000
111496  -47.060  27.276  43.786 0.0000000000
106238  -46.336  27.386  43.182 0.0000000000
82409  -46.551  27.403  44.593 0.0000000000
82399  -45.997  27.857  45.294 0.0000000000
82398  -45.200  28.093  45.256 0.0000000000
75279  -44.978  17.577  32.495 0.0000000000
76158  -43.992  18.779  31.495 0.0000000000
75999  -36.566  18.165  46.852 0.0000000000
75153  -36.830  18.193  46.066 0.0000000000
76809  -38.408  19.307  49.074 0.0000000000
76816  -37.353  19.418  47.508 0.0000000000
76817  -38.054  19.531  48.105 0.0000000000
77667  -38.666  20.112  47.621 0.0000000000
125320  -38.296  20.737  50.501 0.0000000000
77634  -38.044  20.002  50.364 0.0000000000
77635  -38.785  20.123  50.454 0.0000000000
77637  -40.451  20.501  50.253 0.0000000000
77649  -39.940  19.742  50.118 0.0000000000
77650  -40.708  19.927  49.817 0.0000000000
77660  -40.729  19.880  48.944 0.0000000000
77670  -41.458  20.320  48.434 0.0000000000
77651  -41.556  20.244  49.431 0.0000000000
78396  -42.959  21.673  50.226 0.0000000000
78400  -42.920  20.742  49.267 0.0000000000
78401  -43.231  21.396  49.786 0.0000000000
79124  -43.822  21.753  49.622 0.0000000000
80451  -41.016  24.683  48.290 0.0000000000
80442  -41.891  24.440  48.741 0.0000000000
80426  -42.206  23.523  49.629 0.0000000000
108285  -42.654  24.215  49.264 0.0000000000
80428  -44.046  23.918  50.331 0.0000000000
79775  -44.833  23.653  50.672 0.0000000000
79797  -44.841  23.114  50.538 0.0000000000
79776  -45.450  23.691  50.787 0.0000000000
80410  -45.439  24.058  50.929 0.0000000000
81086  -46.611  25.176  50.903 0.0000000000
105551  -47.266  25.116  51.143 0.0000000000
81733  -47.300  26.032  50.877 0.0000000000
76848  -52.216  19.267  43.190 0.0000000000
76021  -51.402  18.187  44.851 0.0000000000
115519  -51.687  18.602  43.979 0.0000000000
76020  -50.990  18.039  44.221 0.0000000000
75179  -50.457  17.725  43.537 0.0000000000
75168  -50.464  17.452  44.497 0.0000000000
106915  -50.877  17.763  48.019 0.0000000000
75148  -51.241  17.972  47.216 0.0000000000
76000  -51.779  18.652  47.312 0.0000000000
75157  -51.204  17.867  46.285 0.0000000000
113787  -50.720  17.460  46.830 0.0000000000
73478  -49.136  15.789  45.874 0.0000000000
74314  -50.187  16.823  45.828 0.0000000000
108574  -49.380  16.191  45.216 0.0000000000
74319  -49.303  16.357  44.559 0.0000000000
115284  -48.213  15.529  44.474 0.0000000000
73476  -47.961  15.223  45.063 0.0000000000
106938  -47.091  14.658  45.794 0.0000000000
72618  -47.201  14.900  45.168 0.0000000000
72609  -46.416  14.624  45.448 0.0000000000
72616  -45.327  15.032  44.630 0.0000000000
72608  -45.457  14.551  45.357 0.0000000000
72576  -46.857  14.175  48.517 0.0000000000
113118  -46.467  13.986  47.648 0.0000000000
71728  -45.648  13.714  47.480 0.0000000000
71732  -43.494  13.788  46.758 0.0000000000
71733  -44.526  13.940  46.340 0.0000000000
110068  -43.814  14.235  45.931 0.0000000000
122097  -43.934  14.699  45.307 0.0000000000
72606  -43.165  14.673  45.601 0.0000000000
73473  -42.441  15.132  45.229 0.0000000000
72605  -42.352  14.506  45.906 0.0000000000
72514  -47.073  14.334  54.618 0.0000000000
75051  -42.540  18.472  56.480 0.0000000000
104907  -43.262  17.972  56.722 0.0000000000
74198  -43.862  17.608  57.108 0.0000000000
106785  -43.445  16.912  56.747 0.0000000000
106093  -39.757  16.772  55.465 0.0000000000
73376  -40.078  15.891  55.429 0.0000000000
108160  -42.236  14.581  55.605 0.0000000000
120285  -41.810  15.497  55.745 0.0000000000
72479  -43.345  15.068  56.315 0.0000000000
73358  -43.758  15.760  56.788 0.0000000000
72480  -44.197  14.775  56.479 0.0000000000
111329  -45.000  14.619  56.489 0.0000000000
72496  -43.799  14.299  55.862 0.0000000000
71634  -43.896  13.536  54.393 0.0000000000
121344  -44.728  13.726  54.761 0.0000000000
71636  -45.433  13.801  54.129 0.0000000000
71658  -45.293  13.816  53.280 0.0000000000
72541  -45.824  14.155  52.625 0.0000000000
71657  -44.597  13.625  53.115 0.0000000000
70762  -42.557  13.069  51.964 0.0000000000
121200  -43.252  13.359  51.892 0.0000000000
71679  -43.021  13.262  51.243 0.0000000000
71687  -42.757  13.124  50.430 0.0000000000
70781  -41.928  12.787  50.300 0.0000000000
107552  -37.993  14.578  47.080 0.0000000000
73441  -38.500  14.195  47.143 0.0000000000
74281  -37.832  14.937  46.899 0.0000000000
74288  -38.322  14.921  46.640 0.0000000000
75137  -37.719  15.290  46.711 0.0000000000
111102  -36.980  16.117  46.536 0.0000000000
75126  -36.933  15.558  47.056 0.0000000000
74287  -35.729  16.091  47.986 0.0000000000
75134  -36.001  16.695  47.583 0.0000000000
73447  -34.749  15.888  49.137 0.0000000000
74277  -34.654  16.706  49.238 0.0000000000
76795  -34.322  19.101  49.667 0.0000000000
76796  -35.238  18.681  49.575 0.0000000000
77646  -34.908  19.690  49.887 0.0000000000
77633  -35.490  20.353  50.219 0.0000000000
76127  -53.101  19.664  35.930 0.0000000000
76951  -52.860  20.447  35.324 0.0000000000
77769  -51.726  20.877  34.928 0.0000000000
77780  -52.080  20.888  34.269 0.0000000000
76962  -51.655  20.436  33.999 0.0000000000
74365  -47.236  16.602  41.621 0.0000000000
75209  -48.068  16.827  41.461 0.0000000000
75229  -47.552  17.929  39.514 0.0000000000
75219  -48.244  17.706  40.139 0.0000000000
76096  -45.492  18.594  38.199 0.0000000000
76114  -48.461  18.936  37.306 0.0000000000
76917  -49.121  19.446  36.435 0.0000000000
76931  -48.961  19.616  35.576 0.0000000000
112418  -50.179  20.328  32.946 0.0000000000
76961  -50.754  20.259  33.234 0.0000000000
76977  -50.053  20.052  32.329 0.0000000000
76153  -49.809  19.606  31.912 0.0000000000
76976  -49.321  19.763  31.740 0.0000000000
76987  -47.797  19.677  30.963 0.0000000000
76957  -45.862  19.521  33.669 0.0000000000
76985  -46.237  19.781  30.944 0.0000000000
76161  -46.933  19.282  30.515 0.0000000000
76994  -45.659  19.896  30.537 0.0000000000
76993  -45.166  19.822  30.336 0.0000000000
77804  -44.764  20.440  30.256 0.0000000000
76017  -37.726  18.289  45.016 0.0000000000
78432  -38.497  21.211  44.371 0.0000000000
77691  -38.261  20.436  44.062 0.0000000000
77700  -38.830  20.409  43.203 0.0000000000
121059  -40.711  22.214  45.657 0.0000000000
79141  -39.882  22.191  45.077 0.0000000000
79171  -40.301  23.002  42.528 0.0000000000
79170  -39.632  22.452  42.766 0.0000000000
78463  -39.462  21.643  42.344 0.0000000000
78464  -40.053  21.536  41.611 0.0000000000
113035  -40.358  22.121  41.328 0.0000000000
79188  -41.291  22.903  40.105 0.0000000000
79187  -40.787  22.353  40.672 0.0000000000
79195  -41.552  22.488  39.431 0.0000000000
114626  -45.341  23.834  46.541 0.0000000000
107456  -44.842  23.386  46.799 0.0000000000
80477  -44.938  23.869  43.652 0.0000000000
79835  -44.023  23.908  43.893 0.0000000000
107838  -44.446  24.126  43.205 0.0000000000
80504  -46.544  24.636  41.487 0.0000000000
108316  -45.106  24.649  40.983 0.0000000000
80513  -43.574  24.546  40.785 0.0000000000
79853  -42.574  24.307  40.859 0.0000000000
79874  -43.142  23.768  38.097 0.0000000000
79873  -42.580  23.325  38.403 0.0000000000
79209  -42.593  22.459  37.161 0.0000000000
79887  -43.159  23.274  36.885 0.0000000000
79216  -43.499  22.904  35.391 0.0000000000
79223  -43.809  22.821  34.392 0.0000000000
80558  -45.715  24.580  35.075 0.0000000000
113346  -44.882  24.282  31.964 0.0000000000
79902  -45.022  24.371  33.420 0.0000000000
115577  -44.851  23.439  31.753 0.0000000000
79247  -44.264  23.091  30.158 0.0000000000
79248  -45.138  22.907  29.727 0.0000000000
78539  -43.626  22.069  30.576 0.0000000000
78532  -42.757  22.083  31.674 0.0000000000
81849  -44.960  26.147  33.446 0.0000000000
81855  -44.317  25.876  32.912 0.0000000000
109889  -41.934  25.622  33.544 0.0000000000
81202  -42.626  25.595  32.992 0.0000000000
82485  -49.300  28.440  39.268 0.0000000000
83057  -49.540  28.275  38.271 0.0000000000
83056  -48.240  28.861  38.696 0.0000000000
83054  -45.809  29.172  38.845 0.0000000000
83069  -46.229  29.270  38.072 0.0000000000
107699  -45.367  29.246  37.621 0.0000000000
83081  -44.482  29.311  37.521 0.0000000000
83038  -44.687  28.289  39.944 0.0000000000
83080  -43.545  29.271  37.476 0.0000000000
82514  -42.395  27.919  36.189 0.0000000000
83088  -42.013  28.702  36.815 0.0000000000
82512  -40.552  27.716  36.245 0.0000000000
81834  -39.705  26.254  35.455 0.0000000000
81827  -39.241  26.594  35.952 0.0000000000
81826  -38.382  26.242  36.141 0.0000000000
81822  -37.815  26.759  36.582 0.0000000000
82501  -37.381  27.436  37.132 0.0000000000
83049  -39.200  28.294  39.144 0.0000000000
83062  -38.568  28.649  38.374 0.0000000000
82493  -36.977  27.983  37.880 0.0000000000
83514  -42.734  29.242  44.480 0.0000000000
82996  -42.478  28.465  44.148 0.0000000000
83527  -41.101  29.043  43.679 0.0000000000
82418  -40.478  27.778  42.945 0.0000000000
74312  -39.757  15.711  45.372 0.0000000000
107448  -39.550  16.476  44.768 0.0000000000
82350  -51.690  27.871  50.570 0.0000000000
83471  -52.167  28.755  50.245 0.0000000000
83487  -51.334  29.035  49.058 0.0000000000
116643  -50.987  29.981  49.278 0.0000000000
84483  -51.118  31.016  49.066 0.0000000000
114355  -36.135  22.794  49.383 0.0000000000
119262  -48.546  15.930  51.415 0.0000000000
113294  -47.591  15.115  51.117 0.0000000000
72547  -45.526  14.082  51.797 0.0000000000
70775  -34.791  12.565  51.102 0.0000000000
105709  -33.705  13.438  50.845 0.0000000000
75210  -49.647  17.654  41.871 0.0000000000
121355  -49.224  17.604  41.250 0.0000000000
119675  -42.954  19.879  38.696 0.0000000000
76905  -43.542  19.701  38.189 0.0000000000
76926  -43.790  19.854  36.792 0.0000000000
77768  -43.316  20.449  36.523 0.0000000000
78506  -43.026  21.132  36.195 0.0000000000
78419  -43.304  21.478  47.782 0.0000000000
110108  -43.011  21.971  46.779 0.0000000000
79813  -43.818  22.780  46.513 0.0000000000
79814  -44.369  23.259  46.236 0.0000000000
81158  -50.216  26.454  40.052 0.0000000000
111638  -48.712  25.666  40.088 0.0000000000
81165  -49.581  26.251  39.177 0.0000000000
81173  -49.173  26.143  38.196 0.0000000000
123388  -48.663  25.862  37.527 0.0000000000
81182  -48.744  25.933  36.635 0.0000000000
81192  -49.288  26.449  36.294 0.0000000000
81830  -49.125  26.680  35.960 0.0000000000
82531  -47.909  26.735  34.984 0.0000000000
82519  -48.747  26.939  35.678 0.0000000000
82506  -48.786  27.643  36.484 0.0000000000
82421  -44.307  27.396  43.283 0.0000000000
82436  -44.087  27.365  42.445 0.0000000000
105292  -42.547  27.352  42.032 0.0000000000
105914  -42.615  27.458  42.891 0.0000000000
125018  -41.992  27.617  43.099 0.0000000000
104664  -45.334  15.449  43.933 0.0000000000
73503  -45.563  15.882  43.170 0.0000000000
73502  -44.690  15.794  43.467 0.0000000000
74349  -43.651  16.698  42.610 0.0000000000
75190  -41.060  18.007  42.798 0.0000000000
108046  -41.829  17.818  42.523 0.0000000000
76872  -42.178  19.161  40.916 0.0000000000
81104  -47.607  25.124  49.075 0.0000000000
113944  -50.193  26.512  46.751 0.0000000000
81119  -50.905  26.725  45.917 0.0000000000
120983  -50.611  26.276  44.720 0.0000000000
81786  -51.689  26.912  43.230 0.0000000000
82441  -51.309  27.589  42.610 0.0000000000
82425  -50.735  27.749  43.458 0.0000000000
82393  -48.965  27.855  46.123 0.0000000000
82983  -45.947  29.106  46.297 0.0000000000
76815  -36.803  18.949  47.288 0.0000000000
78393  -39.100  21.650  50.134 0.0000000000
78380  -40.574  21.363  50.353 0.0000000000
78381  -41.235  21.007  50.323 0.0000000000
78395  -41.857  20.727  50.111 0.0000000000
78382  -41.841  21.479  50.320 0.0000000000
79117  -42.497  22.058  50.352 0.0000000000
80443  -43.354  24.495  49.434 0.0000000000
81102  -43.495  25.400  48.737 0.0000000000
81071  -45.371  24.558  50.652 0.0000000000
81085  -45.703  25.374  50.252 0.0000000000
76022  -52.026  18.689  44.921 0.0000000000
74290  -50.363  17.237  48.029 0.0000000000
74299  -50.311  16.997  47.348 0.0000000000
74307  -50.271  16.872  46.602 0.0000000000
73477  -48.377  15.303  45.703 0.0000000000
72600  -48.094  14.958  46.215 0.0000000000
72598  -46.653  14.408  46.279 0.0000000000
71714  -45.110  13.537  48.218 0.0000000000
72594  -42.553  13.997  46.507 0.0000000000
71730  -41.842  13.744  46.882 0.0000000000
72510  -40.049  14.156  54.881 0.0000000000
72493  -40.476  14.932  55.323 0.0000000000
72511  -40.950  14.107  54.914 0.0000000000
71619  -42.801  13.909  55.289 0.0000000000
71620  -43.421  13.968  55.454 0.0000000000
71633  -42.861  13.416  54.479 0.0000000000
107874  -43.436  13.332  53.611 0.0000000000
71656  -43.921  13.475  52.939 0.0000000000
126184  -42.087  12.799  52.279 0.0000000000
114828  -41.861  12.724  51.817 0.0000000000
71698  -38.116  13.513  48.067 0.0000000000
72565  -37.540  14.199  47.672 0.0000000000
73439  -37.129  14.802  47.464 0.0000000000
74279  -36.815  15.329  47.335 0.0000000000
77770  -52.356  20.939  35.438 0.0000000000
76933  -50.955  20.486  35.846 0.0000000000
113526  -50.750  20.561  34.952 0.0000000000
75207  -46.723  17.065  40.878 0.0000000000
75228  -46.808  17.772  39.667 0.0000000000
76084  -46.823  18.190  39.004 0.0000000000
76112  -46.743  18.761  36.987 0.0000000000
76123  -47.488  19.043  36.387 0.0000000000
76930  -48.262  19.496  35.455 0.0000000000
77786  -44.593  20.380  33.704 0.0000000000
121009  -45.764  19.759  32.407 0.0000000000
76984  -45.766  20.106  30.663 0.0000000000
107186  -45.500  21.553  29.913 0.0000000000
77674  -37.639  20.134  46.289 0.0000000000
77684  -37.678  20.142  45.412 0.0000000000
77675  -38.212  20.717  45.878 0.0000000000
78424  -38.577  21.273  45.218 0.0000000000
78433  -39.031  21.761  44.700 0.0000000000
123383  -41.759  23.374  44.279 0.0000000000
79823  -40.931  23.157  44.103 0.0000000000
79833  -40.867  23.414  43.171 0.0000000000
79181  -40.621  22.924  41.604 0.0000000000
79851  -41.182  23.619  41.659 0.0000000000
79859  -41.758  23.689  40.404 0.0000000000
107581  -46.033  24.003  44.724 0.0000000000
110159  -46.188  24.069  43.894 0.0000000000
80478  -45.665  24.019  43.374 0.0000000000
80530  -46.344  24.971  39.917 0.0000000000
105016  -45.612  24.872  39.797 0.0000000000
80515  -45.042  24.735  40.174 0.0000000000
80514  -44.416  24.652  39.856 0.0000000000
113156  -43.740  24.527  40.023 0.0000000000
80527  -43.947  24.516  39.200 0.0000000000
80536  -43.854  24.337  38.225 0.0000000000
79881  -43.511  23.882  37.469 0.0000000000
80551  -44.008  23.970  36.542 0.0000000000
79889  -44.739  24.217  35.720 0.0000000000
110991  -46.480  25.040  34.174 0.0000000000
118089  -45.067  24.299  31.102 0.0000000000
79911  -45.144  23.963  30.518 0.0000000000
79240  -43.466  23.483  31.053 0.0000000000
81848  -43.790  26.172  33.602 0.0000000000
83041  -47.605  28.664  39.721 0.0000000000
83040  -46.427  28.834  39.476 0.0000000000
105541  -43.083  28.782  38.686 0.0000000000
82510  -38.768  27.134  36.470 0.0000000000
83075  -38.860  28.543  37.520 0.0000000000
83047  -37.424  28.472  39.304 0.0000000000
83060  -36.972  28.421  38.675 0.0000000000
83035  -37.144  28.312  40.221 0.0000000000
108202  -42.848  15.487  44.643 0.0000000000
74318  -42.901  15.959  43.984 0.0000000000
74317  -42.016  16.388  43.876 0.0000000000
74329  -40.312  16.850  44.101 0.0000000000
76858  -39.473  19.891  42.604 0.0000000000
82357  -51.685  27.790  49.892 0.0000000000
82356  -51.301  27.500  49.462 0.0000000000
81773  -51.045  27.253  47.959 0.0000000000
82396  -51.241  27.503  46.437 0.0000000000
82395  -51.194  27.515  46.223 0.0000000000
82403  -51.254  27.500  45.357 0.0000000000
82987  -50.689  28.050  46.836 0.0000000000
82980  -49.591  28.582  47.468 0.0000000000
83503  -48.837  29.271  47.831 0.0000000000
83984  -48.498  30.200  47.960 0.0000000000
78377  -37.595  20.909  50.435 0.0000000000
78392  -38.148  21.500  50.233 0.0000000000
117980  -37.557  22.201  49.690 0.0000000000
79113  -38.469  22.197  49.683 0.0000000000
106764  -48.833  15.797  49.271 0.0000000000
73452  -48.747  15.560  48.504 0.0000000000
121123  -48.100  14.782  47.704 0.0000000000
72578  -48.194  14.923  48.377 0.0000000000
71691  -46.567  14.332  50.177 0.0000000000
71704  -46.152  13.905  49.322 0.0000000000
113162  -45.467  13.622  48.906 0.0000000000
122083  -44.764  13.497  48.993 0.0000000000
71712  -43.217  13.240  48.889 0.0000000000
74214  -38.412  16.960  55.430 0.0000000000
73373  -37.546  16.673  55.300 0.0000000000
73374  -38.527  15.633  55.212 0.0000000000
124733  -38.868  14.835  55.065 0.0000000000
72491  -38.313  14.533  54.821 0.0000000000
72509  -39.173  14.206  54.827 0.0000000000
71708  -36.037  13.451  49.164 0.0000000000
121740  -35.774  14.187  48.798 0.0000000000
72563  -35.165  14.399  49.176 0.0000000000
73437  -34.234  15.334  49.521 0.0000000000
72561  -33.686  14.677  49.958 0.0000000000
73436  -33.414  15.560  49.760 0.0000000000
74275  -33.426  16.395  49.592 0.0000000000
113132  -44.947  18.264  39.463 0.0000000000
105090  -44.189  19.320  37.985 0.0000000000
76110  -45.252  18.838  37.465 0.0000000000
114989  -46.363  19.400  34.450 0.0000000000
104885  -45.070  19.551  34.738 0.0000000000
124082  -44.581  19.929  34.548 0.0000000000
78526  -44.219  21.629  33.275 0.0000000000
78416  -40.612  21.188  46.934 0.0000000000
78427  -41.151  21.808  46.351 0.0000000000
79142  -41.612  22.422  45.756 0.0000000000
124477  -42.472  22.375  46.155 0.0000000000
79151  -41.647  22.977  44.895 0.0000000000
79824  -42.344  23.612  43.960 0.0000000000
80475  -43.012  23.949  43.426 0.0000000000
126082  -47.932  24.777  42.850 0.0000000000
80480  -47.288  24.514  43.092 0.0000000000
119647  -47.663  24.761  42.352 0.0000000000
80505  -47.322  24.805  41.629 0.0000000000
80518  -47.061  24.887  40.998 0.0000000000
81156  -47.340  25.144  40.170 0.0000000000
81170  -46.059  25.170  37.903 0.0000000000
81180  -46.471  25.209  36.815 0.0000000000
81190  -47.990  25.681  35.217 0.0000000000
81197  -47.588  25.634  34.575 0.0000000000
81205  -47.040  25.611  33.955 0.0000000000
81204  -46.494  25.748  33.596 0.0000000000
81840  -45.711  26.568  34.085 0.0000000000
82529  -45.003  26.998  35.208 0.0000000000
82438  -46.592  27.635  42.227 0.0000000000
82456  -45.259  27.754  41.248 0.0000000000
82469  -44.592  27.802  40.816 0.0000000000
83037  -43.834  27.906  40.262 0.0000000000
112428  -41.085  28.297  38.996 0.0000000000
82482  -40.747  27.709  39.808 0.0000000000
82453  -42.063  27.376  41.445 0.0000000000
82466  -40.353  27.464  40.681 0.0000000000
82451  -40.035  27.409  41.498 0.0000000000
82450  -39.298  27.439  41.694 0.0000000000
74335  -48.007  16.064  43.009 0.0000000000
74352  -46.558  16.416  42.097 0.0000000000
106325  -45.987  16.509  42.106 0.0000000000
75216  -45.073  17.612  40.612 0.0000000000
74332  -43.332  16.367  43.279 0.0000000000
75191  -42.561  17.566  42.322 0.0000000000
75192  -43.313  17.272  42.139 0.0000000000
75215  -44.296  17.832  40.832 0.0000000000
76892  -42.738  19.678  39.376 0.0000000000
77744  -42.427  20.462  38.904 0.0000000000
79808  -45.350  23.092  49.466 0.0000000000
80456  -45.903  24.209  46.885 0.0000000000
80453  -46.662  24.582  47.572 0.0000000000
81758  -48.998  26.188  48.952 0.0000000000
81121  -48.315  25.177  45.194 0.0000000000
81132  -48.288  24.927  43.405 0.0000000000
81150  -49.698  25.897  41.772 0.0000000000
82495  -50.471  27.508  37.774 0.0000000000
82473  -50.578  27.976  39.760 0.0000000000
82411  -49.587  27.672  44.237 0.0000000000
82422  -45.298  27.345  43.516 0.0000000000
82407  -44.573  28.053  44.877 0.0000000000
82998  -44.059  28.517  44.942 0.0000000000
75154  -37.086  17.413  45.902 0.0000000000
126695  -37.453  17.427  45.585 0.0000000000
76005  -36.964  18.929  46.096 0.0000000000
76825  -37.173  19.455  46.665 0.0000000000
112075  -38.151  20.405  46.723 0.0000000000
76783  -38.188  19.388  50.059 0.0000000000
76784  -38.619  19.568  50.218 0.0000000000
76799  -38.759  19.312  49.834 0.0000000000
77636  -39.541  20.264  50.376 0.0000000000
76800  -39.466  19.399  49.886 0.0000000000
76810  -39.236  19.416  49.335 0.0000000000
77659  -39.671  19.866  48.519 0.0000000000
78406  -41.285  20.743  47.634 0.0000000000
78407  -42.071  20.723  47.916 0.0000000000
78408  -42.851  20.832  48.300 0.0000000000
77652  -42.302  20.585  49.557 0.0000000000
79125  -44.374  22.215  49.283 0.0000000000
79795  -42.900  22.819  50.317 0.0000000000
113188  -44.874  22.685  49.995 0.0000000000
80412  -46.458  24.133  50.994 0.0000000000
80413  -47.013  24.530  50.963 0.0000000000
81074  -47.533  25.214  51.095 0.0000000000
81735  -48.279  25.795  51.177 0.0000000000
82346  -48.120  26.576  51.275 0.0000000000
76032  -51.550  18.762  42.969 0.0000000000
113249  -50.861  18.328  42.630 0.0000000000
75178  -49.791  17.309  43.241 0.0000000000
74337  -49.272  16.799  43.329 0.0000000000
76013  -51.608  18.282  45.640 0.0000000000
75162  -51.083  17.809  45.495 0.0000000000
75161  -50.567  17.343  45.289 0.0000000000
126725  -49.147  16.500  43.922 0.0000000000
74336  -48.647  16.286  43.495 0.0000000000
73506  -48.083  15.711  43.797 0.0000000000
73489  -46.621  15.377  43.973 0.0000000000
72617  -46.607  15.005  44.689 0.0000000000
114297  -45.978  15.197  44.318 0.0000000000
73475  -43.998  15.076  44.782 0.0000000000
72587  -47.606  14.524  47.335 0.0000000000
106066  -46.924  14.275  47.040 0.0000000000
71734  -45.356  13.894  46.646 0.0000000000
113117  -45.186  14.156  45.985 0.0000000000
73472  -41.522  15.323  45.163 0.0000000000
73471  -40.681  15.456  45.223 0.0000000000
75156  -38.220  16.019  45.827 0.0000000000
111938  -47.405  14.685  53.791 0.0000000000
105613  -44.805  17.736  57.894 0.0000000000
74178  -44.470  17.230  57.513 0.0000000000
124740  -44.744  16.300  57.522 0.0000000000
74215  -39.094  17.413  55.502 0.0000000000
74216  -40.465  16.780  55.558 0.0000000000
74217  -41.293  16.815  55.738 0.0000000000
124662  -41.566  16.132  55.761 0.0000000000
74218  -42.088  16.462  56.005 0.0000000000
73339  -45.533  15.753  57.583 0.0000000000
109485  -45.616  14.841  56.931 0.0000000000
72481  -46.484  14.604  56.654 0.0000000000
72497  -44.732  14.113  55.731 0.0000000000
71622  -45.550  13.882  55.041 0.0000000000
109693  -46.307  14.072  55.146 0.0000000000
72513  -46.779  14.372  53.666 0.0000000000
72528  -47.257  14.784  53.063 0.0000000000
71681  -44.598  13.714  51.745 0.0000000000
71671  -43.842  13.509  52.188 0.0000000000
71680  -43.766  13.496  51.422 0.0000000000
71689  -44.352  13.614  50.854 0.0000000000
71702  -43.341  13.310  49.802 0.0000000000
70760  -40.736  12.413  52.475 0.0000000000
70769  -40.588  12.321  51.605 0.0000000000
70770  -41.356  12.599  51.074 0.0000000000
70779  -40.459  12.378  50.653 0.0000000000
70780  -41.095  12.590  50.095 0.0000000000
70789  -41.585  12.739  49.597 0.0000000000
71700  -41.465  12.871  48.768 0.0000000000
75146  -38.049  15.502  46.370 0.0000000000
75145  -37.513  16.075  46.213 0.0000000000
75144  -37.030  16.715  46.237 0.0000000000
124573  -36.650  16.773  46.637 0.0000000000
106100  -36.348  17.312  47.163 0.0000000000
105117  -36.289  18.328  48.951 0.0000000000
72573  -35.485  14.907  48.666 0.0000000000
73459  -35.475  15.892  48.398 0.0000000000
75988  -35.636  17.887  49.053 0.0000000000
78375  -35.151  21.393  50.354 0.0000000000
78374  -34.129  21.416  50.376 0.0000000000
79096  -34.507  22.143  50.221 0.0000000000
79097  -35.255  22.180  50.101 0.0000000000
76964  -52.447  20.764  34.672 0.0000000000
76950  -52.556  20.295  34.636 0.0000000000
76125  -52.140  18.886  35.186 0.0000000000
76134  -51.511  18.866  34.471 0.0000000000
115386  -48.549  17.357  40.995 0.0000000000
107267  -46.774  18.611  37.666 0.0000000000
76099  -48.599  18.765  38.132 0.0000000000
105087  -50.066  19.900  36.365 0.0000000000
75291  -48.444  18.703  31.286 0.0000000000
75288  -46.235  18.405  30.878 0.0000000000
76159  -44.976  18.728  30.927 0.0000000000
76168  -44.767  19.210  30.670 0.0000000000
76018  -38.217  18.651  44.385 0.0000000000
120603  -37.842  20.074  44.685 0.0000000000
76837  -38.137  19.549  44.213 0.0000000000
108740  -38.733  18.970  43.672 0.0000000000
76847  -39.088  19.503  43.202 0.0000000000
79150  -40.081  22.580  44.207 0.0000000000
79162  -39.471  22.352  43.528 0.0000000000
78444  -38.918  21.744  43.761 0.0000000000
78454  -38.902  21.316  43.002 0.0000000000
77710  -39.958  20.302  42.009 0.0000000000
77720  -40.377  20.775  41.345 0.0000000000
77730  -40.814  20.948  40.660 0.0000000000
78475  -40.991  21.543  40.271 0.0000000000
78484  -41.511  21.590  39.514 0.0000000000
78493  -42.143  21.673  38.248 0.0000000000
79819  -44.551  23.472  45.368 0.0000000000
79820  -45.308  23.643  45.042 0.0000000000
80489  -43.203  24.316  42.561 0.0000000000
80492  -45.863  24.240  42.590 0.0000000000
80503  -45.854  24.602  41.269 0.0000000000
80502  -45.234  24.464  41.939 0.0000000000
80490  -44.240  24.385  42.419 0.0000000000
79860  -42.435  23.947  39.940 0.0000000000
80526  -43.108  24.232  39.534 0.0000000000
79196  -42.054  22.862  38.883 0.0000000000
78499  -42.400  21.651  37.553 0.0000000000
78513  -43.018  21.952  35.791 0.0000000000
79893  -44.314  23.572  34.472 0.0000000000
79234  -44.507  22.531  32.486 0.0000000000
78541  -45.450  22.337  29.841 0.0000000000
79249  -45.423  23.094  29.884 0.0000000000
77803  -44.251  21.202  30.292 0.0000000000
81212  -44.257  25.535  32.388 0.0000000000
81211  -43.243  25.333  32.268 0.0000000000
80563  -42.230  25.250  32.904 0.0000000000
108225  -48.128  28.491  37.422 0.0000000000
83070  -47.497  28.990  38.130 0.0000000000
108184  -47.033  28.789  37.650 0.0000000000
83091  -45.194  28.569  36.874 0.0000000000
83039  -45.574  28.625  39.685 0.0000000000
106167  -44.003  29.304  38.461 0.0000000000
82526  -41.789  27.253  35.442 0.0000000000
82525  -40.886  27.143  35.565 0.0000000000
81835  -40.415  26.399  35.164 0.0000000000
81186  -37.486  25.947  36.341 0.0000000000
82492  -36.282  28.020  38.423 0.0000000000
83983  -47.742  30.728  47.523 0.0000000000
83506  -45.636  29.965  46.332 0.0000000000
83511  -45.231  29.304  45.840 0.0000000000
121058  -43.844  29.882  45.174 0.0000000000
82997  -43.352  28.634  44.610 0.0000000000
83513  -41.928  29.089  44.073 0.0000000000
82433  -39.970  27.546  42.331 0.0000000000
71621  -44.009  13.787  55.235 0.0000000000
71635  -44.690  13.622  53.888 0.0000000000
71672  -44.415  13.627  52.495 0.0000000000
71731  -42.632  13.679  47.029 0.0000000000
72527  -46.583  14.469  52.829 0.0000000000
73378  -42.552  15.344  56.034 0.0000000000
73440  -37.669  14.540  47.342 0.0000000000
73448  -35.254  15.609  48.690 0.0000000000
74179  -45.078  16.804  57.961 0.0000000000
74286  -35.227  16.353  48.727 0.0000000000
74313  -49.670  16.384  45.653 0.0000000000
75036  -44.255  18.342  57.521 0.0000000000
75127  -37.429  15.274  46.948 0.0000000000
75136  -37.148  15.643  46.785 0.0000000000
76012  -37.262  18.685  45.570 0.0000000000
76963  -52.226  20.555  34.282 0.0000000000
77782  -52.658  20.894  35.147 0.0000000000
79777  -46.000  23.754  50.825 0.0000000000
79918  -45.357  23.459  30.109 0.0000000000
81073  -46.707  24.506  50.981 0.0000000000
81793  -51.833  27.351  42.972 0.0000000000
106169  -44.118  13.523  50.081 0.0000000000
107442  -39.830  17.743  55.570 0.0000000000
108734  -45.211  23.220  48.402 0.0000000000
109387  -41.235  12.509  51.911 0.0000000000
109588  -47.095  14.275  47.732 0.0000000000
113785  -48.042  15.488  51.430 0.0000000000
122230  -39.259  18.986  43.288 0.0000000000
125152  -41.007  22.603  49.894 0.0000000000
125489  -38.495  15.584  46.114 0.0000000000
125850  -34.227  12.680  51.782 0.0000000000
126203  -50.076  26.579  37.642 0.0000000000
