#!ascii label  , from subject sub-v2s4x29624_ses-1 vox2ras=TkReg
793
60340  17.781  1.847  10.788 0.2500000000
60350  19.461  1.492  9.734 0.2500000000
59493  18.889  0.801  9.858 0.7500000000
62096  16.665  3.770  8.136 0.2500000000
62095  18.292  3.554  8.824 0.1250000000
62107  17.658  3.154  7.924 0.3750000000
61191  18.870  2.956  8.215 0.2500000000
61179  18.914  2.542  9.958 0.2500000000
61189  20.084  2.263  9.360 0.7500000000
107917  19.741  2.231  9.640 0.3750000000
59492  19.470  0.820  9.843 0.8750000000
58595  20.692  0.058  9.805 0.8750000000
61190  19.936  2.947  9.056 0.3750000000
61201  19.116  2.812  8.022 0.8750000000
60348  20.895  1.360  9.017 1.0000000000
61188  20.601  1.987  8.766 1.0000000000
59491  20.650  0.812  9.629 1.0000000000
60349  20.304  1.560  9.603 0.8750000000
59490  21.477  0.252  9.304 1.0000000000
63041  15.912  4.026  8.316 0.2500000000
62106  18.261  3.026  7.610 0.8750000000
61212  18.846  2.932  7.746 0.8750000000
60359  21.281  1.642  8.051 1.0000000000
61211  19.727  2.917  7.658 1.0000000000
59500  22.249  0.565  8.612 1.0000000000
60347  21.521  0.933  8.712 1.0000000000
63024  15.600  3.961  8.062 0.1250000000
63040  16.986  3.759  8.053 0.6250000000
62118  18.165  2.835  7.665 1.0000000000
63055  17.133  3.605  7.962 0.8750000000
60366  22.118  1.797  7.252 1.0000000000
61210  21.179  2.399  7.326 1.0000000000
103212  20.523  2.394  7.884 1.0000000000
60357  22.879  1.009  8.047 1.0000000000
60358  22.215  1.179  7.870 1.0000000000
59499  23.518  0.583  8.659 1.0000000000
122052  22.849  0.384  8.829 1.0000000000
115740  17.418  10.510  7.806 0.2500000000
63930  14.501  5.018  8.897 0.2500000000
63945  15.300  5.150  7.765 0.3750000000
63057  15.717  4.055  7.859 0.5000000000
63943  16.026  4.399  7.723 1.0000000000
63944  15.499  4.655  7.795 0.6250000000
63053  18.837  3.437  7.325 1.0000000000
63054  17.837  3.502  7.622 1.0000000000
60365  22.757  1.501  7.378 1.0000000000
62129  19.850  3.566  6.724 1.0000000000
61208  22.764  2.027  6.854 1.0000000000
60356  23.484  1.372  8.403 1.0000000000
61199  23.538  2.173  8.219 1.0000000000
112254  24.405  1.892  8.705 1.0000000000
101238  17.160  8.769  7.507 0.5000000000
101237  15.234  10.097  7.346 0.3750000000
66537  15.113  7.989  7.169 0.3750000000
65726  14.788  7.569  7.194 0.5000000000
102681  15.306  7.662  7.302 0.5000000000
104114  16.987  5.673  7.852 0.8750000000
122087  17.512  5.063  7.712 1.0000000000
64837  17.842  6.743  7.394 1.0000000000
63941  17.959  4.577  7.437 1.0000000000
61221  22.106  3.050  6.235 1.0000000000
62128  20.696  3.488  5.936 1.0000000000
62105  23.729  3.016  8.102 1.0000000000
61207  23.123  2.236  7.043 1.0000000000
101855  17.918  8.832  7.009 0.5000000000
66536  16.150  8.312  7.516 0.5000000000
66535  17.352  8.422  7.475 0.6250000000
65734  17.904  7.853  7.027 0.6250000000
65723  17.158  7.267  7.717 1.0000000000
64836  18.495  6.395  6.745 1.0000000000
63085  22.731  3.802  5.175 1.0000000000
62153  21.057  3.224  4.313 1.0000000000
62139  20.776  3.038  4.869 1.0000000000
63087  19.990  4.192  5.443 1.0000000000
63052  23.326  4.053  6.918 1.0000000000
116144  22.542  3.368  6.365 1.0000000000
62127  21.426  2.973  5.215 1.0000000000
62115  24.032  3.984  8.028 0.8750000000
62116  23.305  3.271  7.296 1.0000000000
61198  24.557  2.715  8.607 0.8750000000
66545  18.282  8.660  6.620 0.8750000000
64853  20.552  6.591  5.062 1.0000000000
64854  19.796  6.505  5.862 1.0000000000
62151  23.648  3.693  3.969 1.0000000000
63980  20.818  4.619  4.208 1.0000000000
63955  19.439  4.784  6.294 1.0000000000
106947  23.630  5.720  6.702 1.0000000000
62114  25.367  4.053  8.565 1.0000000000
63954  24.216  5.599  7.141 1.0000000000
63050  25.113  4.751  8.100 1.0000000000
67407  18.629  8.917  6.269 0.5000000000
66544  18.778  8.865  5.989 0.8750000000
66564  19.148  8.242  5.858 1.0000000000
65755  22.505  7.315  5.081 1.0000000000
107704  21.396  6.634  4.641 1.0000000000
65748  20.024  7.431  5.907 1.0000000000
64850  25.461  7.411  7.673 1.0000000000
64852  23.281  6.357  5.383 1.0000000000
64833  25.766  6.838  7.809 1.0000000000
63965  23.276  6.061  6.101 1.0000000000
63067  26.102  5.393  8.088 1.0000000000
64834  24.553  6.460  7.227 1.0000000000
63066  27.013  5.004  8.096 0.8750000000
68224  24.997  10.169  5.543 1.0000000000
69016  24.200  10.196  5.864 0.3750000000
68225  24.303  10.034  5.896 0.8750000000
66560  22.982  8.641  6.301 1.0000000000
118220  25.868  7.082  6.569 1.0000000000
64866  23.880  7.618  6.681 1.0000000000
69014  25.857  10.928  5.470 0.8750000000
68223  26.253  9.970  5.098 1.0000000000
67420  24.521  9.317  6.021 1.0000000000
106659  25.276  9.563  5.793 1.0000000000
66559  24.300  8.515  6.839 1.0000000000
65746  24.912  7.873  7.105 1.0000000000
65745  26.203  7.906  6.766 1.0000000000
113588  26.729  11.212  5.579 0.7500000000
107997  26.404  9.980  5.222 1.0000000000
67419  25.930  8.954  6.058 1.0000000000
66556  28.061  8.926  4.896 1.0000000000
66557  26.110  8.836  6.319 1.0000000000
66558  25.168  8.951  6.299 1.0000000000
68222  26.928  10.630  4.507 1.0000000000
67418  26.620  9.133  5.828 1.0000000000
72340  27.607  13.908  4.027 0.1250000000
101328  27.451  15.837  5.236 0.1250000000
71518  28.702  13.215  4.433 0.2500000000
101332  27.829  13.637  2.649 0.1250000000
71526  28.758  13.178  3.842 0.3750000000
101753  28.091  14.589  1.801 0.2500000000
71517  29.640  13.432  4.678 0.5000000000
72348  28.834  14.555  2.324 0.2500000000
72347  29.374  14.879  3.119 0.3750000000
101732  28.402  16.167  2.197 0.2500000000
119737  27.985  15.551  1.720 0.2500000000
101625  29.982  17.738  2.104 0.2500000000
73112  29.058  15.881  2.091 0.2500000000
121384  30.417  16.463  3.024 0.2500000000
72346  30.013  15.435  3.551 0.3750000000
73832  29.894  17.195  2.077 0.2500000000
73109  31.176  16.036  3.984 0.3750000000
110396  19.634  3.240  8.986 0.1250000000
59488  23.276  -0.185  8.963 1.0000000000
65733  18.553  8.142  6.232 0.8750000000
63977  23.998  5.603  4.230 1.0000000000
59469  18.191  1.321  10.853 0.1250000000
59479  18.967  0.241  10.026 0.6250000000
58584  20.255  -0.670  10.161 0.7500000000
110219  18.302  2.567  10.497 0.1250000000
103890  21.262  -0.478  9.620 1.0000000000
59489  22.238  -0.244  9.187 1.0000000000
109894  14.475  6.100  9.241 0.3750000000
101883  13.495  11.036  7.603 0.2500000000
66538  13.257  8.942  7.193 0.2500000000
60355  25.263  1.549  9.176 0.8750000000
62103  25.669  3.224  8.888 0.8750000000
61197  25.415  2.332  9.018 0.8750000000
120464  26.359  3.917  8.654 0.8750000000
69017  23.813  10.609  5.600 0.1250000000
68210  23.050  9.658  6.058 0.1250000000
68213  19.435  9.526  6.563 0.3750000000
67422  20.626  8.777  5.761 0.6250000000
63952  26.450  6.268  7.783 1.0000000000
63049  26.348  4.644  8.464 0.8750000000
69015  24.912  10.489  5.814 0.5000000000
68226  23.169  9.896  5.923 0.3750000000
68233  22.811  9.183  6.292 0.8750000000
64849  26.603  7.219  7.042 1.0000000000
64848  27.739  7.327  6.147 1.0000000000
65753  28.742  7.558  5.365 1.0000000000
122862  26.999  8.116  6.011 1.0000000000
113471  27.329  11.225  5.446 0.8750000000
68221  27.975  10.306  5.263 1.0000000000
106396  27.281  9.998  4.475 1.0000000000
101737  28.360  15.466  6.323 0.1250000000
71507  28.871  13.551  5.779 0.1250000000
70652  29.262  12.724  5.277 0.6250000000
118017  29.354  13.037  4.962 0.6250000000
102901  30.019  13.152  5.267 0.5000000000
101749  28.333  15.248  3.265 0.2500000000
109022  30.706  14.243  5.181 0.5000000000
101876  27.571  17.672  3.893 0.2500000000
101725  28.742  17.704  2.615 0.2500000000
72339  30.458  14.814  4.490 0.5000000000
120712  28.712  18.695  3.257 0.1250000000
73111  30.633  17.205  2.428 0.2500000000
117925  31.378  16.875  3.318 0.2500000000
117017  31.477  15.205  4.686 0.3750000000
72338  32.683  15.543  4.659 0.2500000000
74532  31.000  17.968  2.120 0.1250000000
60339  18.946  1.218  9.786 0.3750000000
59480  18.820  0.572  10.058 0.5000000000
59478  19.829  0.203  10.115 0.7500000000
61200  20.046  2.746  8.419 1.0000000000
63056  16.333  3.941  7.917 0.8750000000
62117  19.135  3.154  7.509 1.0000000000
106760  20.422  2.814  7.365 1.0000000000
61224  20.059  3.208  7.008 1.0000000000
64810  13.920  7.071  7.528 0.3750000000
64826  14.981  6.345  7.577 0.5000000000
64824  15.750  5.308  7.689 0.8750000000
63942  17.083  4.276  7.905 1.0000000000
63072  18.734  4.160  7.038 1.0000000000
60364  23.018  1.555  7.414 1.0000000000
61209  21.843  2.670  6.718 1.0000000000
61223  20.919  3.104  6.761 1.0000000000
61222  21.427  3.349  6.186 1.0000000000
122672  22.607  2.468  6.729 1.0000000000
65724  15.814  6.637  7.633 0.6250000000
108753  16.350  7.790  7.607 0.6250000000
64823  17.983  5.676  7.468 1.0000000000
63070  20.368  3.672  5.548 1.0000000000
63071  19.650  3.944  6.469 1.0000000000
63956  18.643  5.250  6.835 1.0000000000
62104  24.649  3.435  8.495 0.8750000000
60354  26.111  1.786  9.327 0.8750000000
105265  18.358  7.328  6.667 1.0000000000
64835  19.191  5.931  6.149 1.0000000000
63051  24.004  4.804  7.394 1.0000000000
62137  22.098  3.019  4.749 1.0000000000
63086  20.474  3.679  4.639 1.0000000000
63101  20.919  3.781  4.060 1.0000000000
64869  21.127  5.781  4.397 1.0000000000
63967  20.457  5.380  4.714 1.0000000000
63112  24.099  4.025  3.969 1.0000000000
111731  20.227  4.577  4.807 1.0000000000
63990  23.728  4.768  3.799 1.0000000000
63953  25.425  6.022  7.669 1.0000000000
63940  24.937  5.325  7.694 1.0000000000
67406  19.738  8.852  5.956 0.6250000000
66543  19.442  8.827  5.930 0.7500000000
66563  20.271  8.328  5.842 1.0000000000
65757  21.294  7.534  4.838 1.0000000000
119546  21.875  8.012  4.951 1.0000000000
65756  22.139  7.026  4.761 1.0000000000
104154  22.606  7.847  5.603 1.0000000000
65754  22.964  7.178  5.811 1.0000000000
116089  26.282  7.044  7.650 1.0000000000
64851  24.104  7.098  6.834 1.0000000000
64867  23.168  6.385  4.636 1.0000000000
121165  24.092  9.718  5.742 1.0000000000
103459  23.449  10.023  5.649 0.7500000000
116458  21.689  8.610  5.044 1.0000000000
66570  23.373  8.163  6.433 1.0000000000
66571  22.179  8.366  5.293 1.0000000000
103042  23.683  8.608  6.384 1.0000000000
69013  26.773  10.947  4.728 0.8750000000
67421  23.055  8.953  5.894 1.0000000000
103547  24.868  9.147  6.292 1.0000000000
65744  26.829  7.919  6.201 1.0000000000
67417  27.887  9.472  4.762 1.0000000000
72330  28.461  14.509  5.449 0.1250000000
115724  27.928  13.275  1.740 0.2500000000
122241  32.110  15.895  4.299 0.2500000000
59468  18.527  0.296  11.010 0.1250000000
58585  19.414  -0.375  10.510 0.7500000000
103443  22.797  9.126  6.322 0.5000000000
67405  20.368  8.866  5.846 0.6250000000
66562  21.154  8.414  5.082 0.8750000000
68228  21.349  9.008  5.561 0.7500000000
67428  21.475  8.804  5.332 0.8750000000
68234  21.896  8.985  5.632 0.8750000000
67427  22.014  8.850  5.546 1.0000000000
66561  22.861  8.988  6.224 1.0000000000
69012  27.314  10.890  5.111 1.0000000000
105124  28.349  9.669  4.986 1.0000000000
70643  28.991  13.122  6.011 0.3750000000
71516  31.790  14.602  5.370 0.3750000000
54141  20.905  -5.123  11.082 0.7500000000
54139  22.907  -5.649  10.472 0.7500000000
55022  19.960  -4.620  11.520 0.7500000000
111431  19.844  -4.197  10.926 0.7500000000
55020  22.541  -4.878  10.469 0.7500000000
55021  21.577  -4.651  10.623 0.7500000000
103045  20.621  -4.372  10.937 0.7500000000
55919  20.378  -3.657  10.731 0.7500000000
108456  23.207  -4.305  10.383 0.7500000000
116739  22.314  -4.039  10.437 0.7500000000
55918  21.407  -3.807  10.671 0.7500000000
57641  19.530  -2.000  10.727 0.7500000000
113254  19.507  -1.236  10.679 0.6250000000
56749  21.286  -2.919  10.694 0.7500000000
57639  21.177  -2.101  10.398 0.8750000000
57640  20.241  -1.646  10.409 0.8750000000
56748  22.162  -3.182  10.342 0.7500000000
58594  21.104  -1.271  9.873 0.8750000000
56747  23.574  -2.740  10.142 0.7500000000
56758  22.796  -2.607  9.990 0.7500000000
57656  22.738  -1.887  9.702 0.8750000000
110788  21.867  -0.925  9.561 0.8750000000
57637  24.046  -2.134  9.812 0.7500000000
57655  23.567  -1.597  9.491 0.8750000000
58593  22.793  -0.993  9.460 0.8750000000
57654  24.421  -1.363  9.700 0.8750000000
58592  23.978  -0.902  8.999 0.8750000000
58591  24.872  -0.484  9.708 0.8750000000
59487  24.384  0.108  8.988 0.8750000000
122430  26.858  -1.039  9.264 0.3750000000
59485  26.242  0.288  9.733 0.6250000000
59486  25.422  0.294  9.665 0.7500000000
121942  25.088  0.853  9.287 0.7500000000
58589  27.478  -1.012  8.609 0.5000000000
59484  26.907  -0.440  9.084 0.5000000000
113214  26.939  0.308  8.953 0.7500000000
114563  26.538  1.063  9.303 0.7500000000
57671  28.415  -1.612  6.833 0.1250000000
59495  28.150  -0.583  7.070 0.3750000000
59505  27.375  0.738  8.301 0.6250000000
60353  26.905  1.609  8.523 0.6250000000
57669  29.722  -1.998  6.408 0.1250000000
58606  28.452  -1.564  6.277 0.1250000000
59503  28.208  -0.357  6.316 0.1250000000
59509  28.313  -0.320  6.027 0.1250000000
60371  28.232  1.255  6.691 0.6250000000
60372  27.983  1.910  7.361 0.6250000000
62113  26.845  3.133  8.478 0.7500000000
58622  29.381  -0.798  5.598 0.1250000000
59511  30.609  -0.074  4.938 0.1250000000
61218  28.535  1.404  6.240 0.1250000000
61219  28.322  2.371  6.868 0.5000000000
61220  27.890  2.885  7.927 0.6250000000
62124  28.211  3.833  7.512 0.7500000000
57679  30.593  -1.367  5.584 0.1250000000
61230  29.138  1.789  5.725 0.5000000000
62134  29.252  3.141  5.373 0.5000000000
116370  28.607  3.375  6.691 0.6250000000
63065  27.984  4.646  7.688 0.7500000000
69801  27.970  11.610  5.807 0.5000000000
63080  29.092  4.512  4.715 0.6250000000
106861  28.521  4.968  6.778 0.6250000000
63082  26.967  4.966  6.937 0.8750000000
62150  29.417  4.669  3.971 0.5000000000
63081  28.860  5.067  6.164 0.6250000000
63097  28.792  5.480  4.505 0.6250000000
63962  28.902  5.980  5.882 0.7500000000
63963  27.986  5.979  6.078 0.8750000000
65743  27.818  7.804  5.734 0.8750000000
66569  28.956  8.561  4.906 0.8750000000
64847  28.832  6.702  5.849 0.7500000000
64865  28.980  7.030  5.559 0.8750000000
63111  31.358  4.918  3.436 0.3750000000
63096  28.791  5.486  3.844 0.5000000000
64864  29.191  6.965  5.398 0.6250000000
63989  31.484  5.549  3.471 0.2500000000
63095  30.081  5.360  3.715 0.3750000000
63975  29.163  6.292  3.647 0.5000000000
69800  28.708  11.786  6.083 0.6250000000
69011  28.261  10.989  5.686 0.8750000000
106660  29.254  9.314  5.115 0.7500000000
103149  29.699  9.113  4.539 0.8750000000
65752  29.406  7.905  4.855 0.7500000000
63974  30.513  6.253  3.642 0.3750000000
110808  29.912  6.884  3.636 0.5000000000
65742  29.812  8.621  4.432 0.7500000000
64874  31.647  6.151  3.575 0.2500000000
116614  28.714  10.347  5.481 0.8750000000
68220  28.917  9.916  5.286 0.8750000000
69010  28.984  10.633  5.798 0.7500000000
104460  30.106  9.254  4.541 0.7500000000
64846  30.040  7.967  4.282 0.5000000000
122263  31.216  7.309  4.577 0.2500000000
102072  30.959  7.456  4.197 0.5000000000
64845  30.282  7.437  3.883 0.5000000000
119529  32.065  6.206  3.661 0.2500000000
70653  28.824  12.540  5.783 0.5000000000
114550  29.373  12.336  6.186 0.5000000000
70651  29.807  12.281  5.513 0.6250000000
69799  29.199  11.429  6.144 0.7500000000
104085  29.609  10.751  6.166 0.7500000000
69798  30.078  11.716  5.721 0.7500000000
69009  29.880  10.306  6.170 0.7500000000
109492  29.369  10.083  5.675 0.7500000000
68219  30.108  9.874  5.180 0.7500000000
67415  30.199  9.564  4.929 0.7500000000
68218  30.348  10.058  5.640 0.7500000000
66553  30.536  8.584  5.306 0.5000000000
116944  30.361  9.341  5.133 0.3750000000
65740  30.935  7.836  4.938 0.2500000000
123237  30.694  7.995  5.851 0.3750000000
69003  30.143  11.216  6.607 0.7500000000
69002  30.409  10.614  6.418 0.7500000000
68217  30.487  10.238  6.314 0.6250000000
107897  30.530  9.104  6.065 0.3750000000
67414  30.441  9.860  5.721 0.3750000000
65732  31.044  7.534  6.239 0.1250000000
66525  31.277  8.310  7.327 0.1250000000
66542  30.962  8.283  6.465 0.2500000000
70642  30.398  12.810  5.839 0.6250000000
69788  30.635  12.306  6.368 0.6250000000
103565  31.104  8.903  6.790 0.2500000000
67404  31.053  10.115  7.159 0.3750000000
66512  31.897  8.060  7.966 0.1250000000
65713  31.257  7.731  7.278 0.1250000000
119048  30.962  11.865  6.900 0.3750000000
68191  31.311  10.746  7.578 0.2500000000
68208  30.860  10.800  6.960 0.3750000000
68991  30.693  11.199  6.878 0.3750000000
109952  32.068  8.837  7.878 0.1250000000
67389  31.601  10.095  7.946 0.3750000000
66511  32.288  8.395  9.068 0.1250000000
71506  31.094  13.742  5.920 0.3750000000
119121  31.081  13.085  6.407 0.3750000000
69778  31.431  12.706  7.007 0.3750000000
102903  31.609  11.999  7.332 0.3750000000
68990  31.799  11.385  7.710 0.3750000000
118712  31.199  11.391  7.255 0.3750000000
67376  32.481  9.835  8.876 0.1250000000
68190  31.776  10.695  8.137 0.2500000000
67362  32.654  9.218  9.357 0.1250000000
70641  31.740  13.533  6.718 0.2500000000
70628  32.222  13.080  7.170 0.2500000000
123064  32.163  11.911  7.587 0.1250000000
118324  32.003  12.453  7.375 0.3750000000
118604  32.617  11.301  7.987 0.1250000000
68176  34.233  10.410  8.596 0.1250000000
113718  32.732  12.330  7.479 0.1250000000
68989  33.407  11.842  7.745 0.1250000000
69777  33.669  12.533  7.422 0.1250000000
68189  34.706  11.023  7.990 0.1250000000
121300  34.388  12.638  7.277 0.1250000000
112444  34.325  11.845  7.631 0.1250000000
113170  35.099  10.477  8.292 0.1250000000
62135  28.888  3.838  5.980 0.6250000000
64863  29.432  7.061  3.867 0.5000000000
64862  31.064  6.840  3.794 0.3750000000
67416  30.013  9.487  4.667 0.7500000000
65741  30.385  8.202  4.401 0.5000000000
66555  30.085  8.791  4.417 0.7500000000
68177  33.115  10.521  8.596 0.1250000000
60362  28.233  0.546  6.674 0.5000000000
60363  27.861  1.212  7.524 0.6250000000
61196  26.405  2.449  8.862 0.7500000000
110250  29.865  3.648  4.490 0.3750000000
62158  31.884  4.364  3.228 0.2500000000
63109  32.696  4.952  3.080 0.1250000000
53143  21.332  -6.301  11.437 0.7500000000
54128  20.870  -5.600  11.548 0.7500000000
55009  19.179  -4.967  11.369 0.7500000000
55023  19.251  -4.345  11.124 0.7500000000
53142  22.849  -6.951  11.085 0.7500000000
53153  23.401  -6.355  10.621 0.7500000000
56750  20.069  -2.696  10.560 0.7500000000
112809  23.321  -5.096  10.394 0.6250000000
112010  23.993  -3.631  10.398 0.7500000000
56746  24.430  -2.760  10.303 0.6250000000
58583  25.227  -1.058  10.143 0.5000000000
57652  26.571  -1.455  9.817 0.3750000000
113498  25.933  -0.974  10.123 0.5000000000
57665  28.074  -1.519  8.547 0.1250000000
57664  28.465  -1.440  7.644 0.1250000000
57670  28.880  -1.953  6.578 0.1250000000
118322  30.527  -1.483  6.839 0.1250000000
58612  31.440  -1.128  5.894 0.1250000000
58620  31.097  -0.687  5.016 0.1250000000
116952  31.617  0.121  4.762 0.1250000000
69802  27.262  11.549  5.748 0.3750000000
60381  31.134  0.964  4.743 0.1250000000
60382  30.130  0.875  4.970 0.1250000000
61241  30.187  2.719  4.634 0.1250000000
62149  31.102  3.395  3.929 0.2500000000
62159  30.590  4.374  3.782 0.2500000000
64843  32.332  6.098  4.089 0.1250000000
63988  32.304  5.533  3.317 0.2500000000
110324  31.971  6.337  5.025 0.1250000000
63936  31.320  6.824  7.140 0.1250000000
64797  31.356  7.257  8.046 0.1250000000
65699  31.873  7.467  8.756 0.1250000000
66501  32.704  8.614  9.815 0.1250000000
67375  33.499  9.807  9.182 0.1250000000
121752  35.135  9.764  9.332 0.1250000000
101709  27.105  16.869  5.336 0.1250000000
70640  32.606  13.881  6.842 0.2500000000
70639  33.506  14.070  6.825 0.1250000000
105097  35.865  10.124  8.307 0.1250000000
68188  35.534  10.709  7.742 0.1250000000
59498  24.362  1.034  8.809 0.7500000000
69804  25.612  10.721  5.886 0.3750000000
59497  25.865  1.083  9.698 0.7500000000
61206  27.340  2.159  8.081 0.6250000000
67426  28.632  9.225  4.777 0.8750000000
71515  32.667  14.791  5.504 0.1250000000
71505  32.133  14.257  6.253 0.2500000000
54129  20.001  -5.182  11.977 0.7500000000
54140  21.932  -5.446  10.618 0.7500000000
53154  22.395  -6.201  10.676 0.7500000000
55024  18.954  -3.971  11.125 0.7500000000
55920  19.410  -3.597  10.821 0.7500000000
57638  22.054  -2.388  10.089 0.8750000000
105657  22.985  -3.383  10.256 0.7500000000
57657  21.964  -1.610  9.770 0.8750000000
56757  23.331  -2.181  9.784 0.7500000000
57636  24.953  -1.970  10.265 0.6250000000
57651  27.376  -1.522  9.291 0.2500000000
58590  26.323  -0.623  9.762 0.5000000000
112825  25.667  -0.367  9.992 0.6250000000
59496  27.694  -0.268  8.148 0.5000000000
58600  28.148  -1.131  7.551 0.2500000000
58615  28.135  -0.993  6.069 0.2500000000
59504  28.101  0.227  7.294 0.3750000000
57676  29.940  -2.013  5.881 0.1250000000
57675  30.521  -1.730  6.049 0.1250000000
58614  28.733  -1.120  5.932 0.1250000000
60370  28.353  0.449  6.231 0.5000000000
60369  28.651  0.591  5.960 0.1250000000
59512  29.688  -0.096  5.264 0.1250000000
58621  30.168  -0.892  5.256 0.1250000000
60376  29.299  0.777  5.474 0.1250000000
107471  29.790  1.793  5.073 0.1250000000
61231  28.748  2.558  6.099 0.6250000000
119631  29.630  2.616  5.075 0.1250000000
62136  28.561  4.651  7.087 0.6250000000
122339  28.239  4.456  7.236 0.6250000000
63976  28.678  6.157  3.972 0.6250000000
120968  29.565  9.543  5.314 0.7500000000
66554  30.273  9.055  4.612 0.6250000000
64832  31.276  6.943  5.598 0.1250000000
64844  31.674  6.843  4.254 0.2500000000
67377  32.052  9.030  8.743 0.1250000000
67388  31.763  9.909  8.476 0.1250000000
68178  32.220  10.433  8.454 0.1250000000
68982  33.712  11.195  8.159 0.1250000000
70627  33.102  13.240  7.176 0.1250000000
110227  35.100  9.991  8.765 0.1250000000
70626  33.995  13.310  7.097 0.1250000000
53128  20.944  -6.752  12.191 0.7500000000
53155  21.534  -5.933  10.882 0.7500000000
120327  21.917  -6.598  10.895 0.7500000000
53144  20.436  -5.981  12.072 0.7500000000
56752  19.015  -2.405  11.199 0.5000000000
56751  19.211  -2.628  10.881 0.6250000000
106763  25.823  -2.505  10.274 0.5000000000
109934  31.696  1.768  4.480 0.1250000000
60380  32.100  1.006  4.508 0.1250000000
61240  30.820  2.066  4.643 0.1250000000
67374  34.463  9.824  9.199 0.1250000000
54116  19.296  -6.000  11.996 0.7500000000
52147  22.528  -7.654  11.693 0.6250000000
52145  24.407  -7.452  11.038 0.3750000000
53141  23.924  -7.060  10.788 0.6250000000
118492  25.059  -6.391  10.649 0.2500000000
53152  24.304  -6.425  10.590 0.3750000000
57653  25.822  -1.667  10.188 0.3750000000
70654  28.357  12.089  5.992 0.3750000000
52148  21.821  -7.026  11.389 0.6250000000
55019  24.137  -4.841  10.431 0.5000000000
109591  24.800  -4.247  10.508 0.5000000000
110353  24.977  -3.486  10.458 0.3750000000
52134  24.511  -7.944  11.723 0.5000000000
52146  23.586  -7.755  11.324 0.6250000000
123554  25.178  -2.794  10.359 0.5000000000
51237  22.193  -8.362  12.385 0.6250000000
122545  18.724  -4.206  11.481 0.3750000000
54117  18.799  -5.852  11.873 0.3750000000
52135  21.530  -7.577  12.238 0.6250000000
53129  19.861  -6.698  12.367 0.6250000000
119405  24.339  -8.513  12.508 0.3750000000
111167  23.697  -8.418  11.996 0.5000000000
55909  18.853  -3.494  11.500 0.2500000000
116805  24.960  -8.070  12.501 0.3750000000
53139  25.660  -6.583  10.866 0.2500000000
52144  25.116  -7.278  11.229 0.2500000000
54127  25.651  -5.947  10.589 0.2500000000
55018  25.742  -4.264  10.567 0.2500000000
57635  26.572  -2.268  10.079 0.2500000000
108368  14.783  9.507  9.666 0.1250000000
101240  18.725  9.623  6.714 0.2500000000
57634  27.310  -2.133  9.871 0.2500000000
68227  21.989  8.999  5.992 0.3750000000
68184  15.906  10.695  8.509 0.1250000000
65693  13.819  7.950  8.537 0.2500000000
58586  19.043  -0.055  10.522 0.2500000000
68212  21.025  9.034  5.683 0.3750000000
116421  19.034  -5.520  11.605 0.5000000000
55010  18.861  -4.644  11.322 0.5000000000
118187  23.803  -5.721  10.449 0.5000000000
55921  19.003  -3.120  11.110 0.3750000000
107587  19.152  -1.039  10.904 0.2500000000
56735  19.078  -2.691  11.391 0.3750000000
51247  23.040  -8.235  11.865 0.6250000000
53140  24.781  -6.937  10.764 0.2500000000
119047  24.705  -5.764  10.535 0.3750000000
54138  25.207  -5.064  10.553 0.3750000000
54999  18.550  -4.807  11.729 0.3750000000
52136  20.335  -7.638  12.501 0.6250000000
51226  23.663  -9.025  12.648 0.3750000000
51236  23.022  -8.827  12.353 0.5000000000
56745  25.826  -3.333  10.419 0.2500000000
66494  14.863  8.573  10.096 0.1250000000
52125  20.031  -8.288  12.780 0.5000000000
50335  22.961  -9.430  12.824 0.2500000000
50324  22.136  -9.712  13.083 0.3750000000
50336  22.381  -9.157  12.641 0.5000000000
51228  19.824  -8.224  13.398 0.3750000000
114901  19.435  -7.663  12.984 0.5000000000
53130  19.132  -6.471  12.313 0.3750000000
51200  19.078  -8.838  15.287 0.1250000000
51215  19.453  -8.132  14.496 0.3750000000
53131  18.793  -6.172  12.402 0.2500000000
50271  18.954  -10.081  16.091 0.1250000000
50313  19.798  -9.046  14.667 0.2500000000
50312  20.533  -9.233  14.234 0.3750000000
50310  23.431  -9.899  13.993 0.2500000000
110978  21.644  -9.938  13.886 0.3750000000
50325  21.248  -9.388  13.220 0.5000000000
107240  18.835  -9.360  15.888 0.1250000000
102757  21.009  -9.477  13.873 0.3750000000
52104  18.494  -7.141  15.463 0.1250000000
54082  18.387  -6.070  14.569 0.1250000000
51238  20.976  -8.392  12.634 0.5000000000
50337  21.561  -9.084  12.778 0.5000000000
54118  18.505  -5.530  12.016 0.2500000000
50323  23.650  -9.543  13.290 0.2500000000
50326  20.516  -8.872  13.382 0.5000000000
51227  20.790  -8.859  12.914 0.5000000000
50311  22.525  -10.050  13.871 0.3750000000
51214  20.168  -8.605  14.138 0.3750000000
117694  19.423  -7.586  13.836 0.2500000000
52126  19.062  -7.053  13.602 0.1250000000
53118  19.166  -6.851  12.810 0.1250000000
52137  19.563  -7.315  12.674 0.5000000000
50296  18.577  -8.722  16.050 0.1250000000
51201  18.774  -7.962  15.410 0.1250000000
110564  18.503  -8.016  16.118 0.1250000000
53119  18.765  -6.335  13.496 0.1250000000
50295  19.397  -9.708  15.313 0.1250000000
50294  20.215  -9.931  14.769 0.3750000000
49301  22.126  -10.366  14.519 0.2500000000
52115  18.804  -7.236  14.612 0.1250000000
119079  18.677  -6.611  14.300 0.1250000000
49302  21.454  -10.371  14.555 0.2500000000
57625  19.057  -2.054  11.080 0.2500000000
49291  19.802  -10.705  15.531 0.1250000000
49303  20.991  -9.927  14.363 0.2500000000
114361  20.791  -10.841  14.886 0.1250000000
57616  19.387  -1.536  11.726 0.1250000000
69803  26.541  11.196  5.896 0.1250000000
70656  27.257  11.676  5.924 0.1250000000
70645  27.774  12.105  6.054 0.1250000000
70644  28.678  12.396  6.195 0.1250000000
70655  27.863  11.904  6.001 0.1250000000
70631  28.570  12.452  6.192 0.1250000000
114759  29.123  13.132  6.612 0.1250000000
70630  29.001  13.585  7.234 0.1250000000
54986  18.490  -4.852  12.611 0.1250000000
56725  18.908  -3.203  11.829 0.1250000000
68211  22.048  9.102  6.559 0.1250000000
69790  25.452  10.596  5.923 0.1250000000
69789  26.102  10.902  5.995 0.1250000000
70633  26.228  11.667  6.210 0.1250000000
106959  29.253  13.040  6.763 0.1250000000
70629  28.963  13.760  6.720 0.1250000000
69805  24.909  10.566  5.808 0.1250000000
59450  18.916  -0.403  11.208 0.1250000000
57642  19.061  -1.865  10.991 0.1250000000
119418  21.360  9.192  6.532 0.1250000000
58579  18.966  -0.977  11.235 0.1250000000
108322  19.092  -2.579  11.353 0.1250000000
57597  19.487  -2.077  12.411 0.1250000000
70646  26.916  11.643  6.013 0.1250000000
70632  26.963  11.924  6.046 0.1250000000
107526  28.853  12.333  6.298 0.1250000000
71490  28.391  14.010  7.650 0.1250000000
51224  25.060  -8.505  13.094 0.1250000000
52124  25.627  -7.866  13.020 0.1250000000
52133  25.335  -7.507  12.185 0.1250000000
53127  25.845  -6.855  11.730 0.1250000000
53138  26.289  -6.299  11.287 0.1250000000
54126  26.310  -5.891  10.850 0.1250000000
55008  26.143  -5.207  10.645 0.1250000000
55006  27.590  -4.504  11.114 0.1250000000
55908  27.259  -4.345  10.679 0.1250000000
55017  26.577  -4.586  10.661 0.1250000000
56734  28.306  -3.380  10.594 0.1250000000
56744  26.616  -3.091  10.206 0.1250000000
111279  27.929  -2.746  10.101 0.1250000000
49300  22.983  -10.146  14.731 0.1250000000
50293  23.901  -9.929  14.889 0.1250000000
50309  24.473  -9.633  14.034 0.1250000000
51223  25.927  -8.573  13.665 0.1250000000
106649  25.991  -9.054  14.159 0.1250000000
52132  26.124  -7.155  12.754 0.1250000000
53117  26.936  -6.824  13.360 0.1250000000
54115  26.775  -5.591  11.672 0.1250000000
54998  27.525  -4.814  11.963 0.1250000000
55906  28.592  -3.507  11.412 0.1250000000
106031  27.998  -2.001  9.490 0.1250000000
57633  28.576  -2.303  9.897 0.1250000000
56743  28.593  -2.822  10.374 0.1250000000
51225  24.398  -9.091  13.198 0.1250000000
108088  27.205  -2.801  10.076 0.1250000000
55917  26.624  -3.894  10.464 0.1250000000
49289  22.572  -10.650  15.210 0.1250000000
51213  25.297  -9.109  13.730 0.1250000000
53126  26.600  -6.294  12.404 0.1250000000
55007  26.905  -5.011  11.007 0.1250000000
55907  28.000  -4.073  10.821 0.1250000000
55896  28.134  -4.150  11.679 0.1250000000
55916  27.472  -3.548  10.361 0.1250000000
113397  28.985  -3.031  10.943 0.1250000000
49288  23.487  -10.475  15.395 0.1250000000
52123  26.515  -7.709  13.748 0.1250000000
56742  29.196  -2.504  10.461 0.1250000000
54130  18.740  -5.254  11.567 0.5000000000
57677  29.187  -1.963  6.059 0.1250000000
58607  28.190  -1.165  6.478 0.2500000000
58613  29.682  -1.547  5.734 0.1250000000
59508  28.910  -0.164  5.762 0.1250000000
60328  16.823  2.028  10.996 0.1250000000
61180  17.279  2.239  10.754 0.1250000000
62119  17.668  3.200  7.838 0.8750000000
62125  27.345  4.128  8.191 0.8750000000
62126  22.066  3.131  5.484 1.0000000000
62138  21.405  2.986  4.639 1.0000000000
62152  22.969  3.602  4.404 1.0000000000
62160  23.286  3.910  3.798 1.0000000000
62161  22.169  3.938  3.810 1.0000000000
62162  21.450  3.662  3.986 1.0000000000
63025  14.750  4.474  9.299 0.2500000000
63042  15.521  4.175  7.934 0.5000000000
63068  23.249  5.009  6.483 1.0000000000
63069  22.792  4.295  6.040 1.0000000000
63083  24.101  4.911  5.169 1.0000000000
63084  23.856  4.556  5.201 1.0000000000
63098  24.196  4.734  4.311 1.0000000000
63099  24.116  4.148  4.358 1.0000000000
63100  21.541  4.273  3.807 1.0000000000
63110  32.252  4.933  2.991 0.1250000000
63964  26.994  6.845  7.150 0.8750000000
63966  24.063  5.479  4.637 1.0000000000
63968  19.953  5.394  5.526 1.0000000000
63973  32.501  5.467  3.493 0.2500000000
63978  23.288  5.601  3.837 1.0000000000
63979  21.931  5.209  3.876 1.0000000000
63991  22.673  4.640  3.593 1.0000000000
64809  14.357  6.086  8.266 0.3750000000
64825  15.259  5.800  7.664 0.5000000000
64855  18.936  7.187  5.979 1.0000000000
64868  22.223  6.137  4.326 1.0000000000
65708  14.032  7.019  8.377 0.3750000000
65709  13.535  7.892  7.666 0.3750000000
65725  14.944  6.928  7.376 0.5000000000
65727  13.545  7.881  6.968 0.5000000000
65735  13.589  8.694  6.737 0.2500000000
65747  20.719  7.728  5.288 1.0000000000
66520  14.193  8.743  9.153 0.1250000000
66521  13.411  8.935  8.156 0.2500000000
66546  13.920  9.542  6.435 0.3750000000
66547  13.587  9.499  6.675 0.3750000000
67368  14.014  10.278  8.592 0.1250000000
67383  13.274  10.047  7.687 0.2500000000
67399  13.391  10.278  6.979 0.2500000000
67408  14.272  10.654  6.593 0.2500000000
67409  13.809  10.396  6.481 0.3750000000
69023  29.668  13.056  3.127 0.3750000000
69024  29.488  12.926  3.026 0.3750000000
69810  29.416  13.072  3.121 0.3750000000
69811  29.140  12.770  2.740 0.3750000000
69817  29.327  13.099  3.030 0.3750000000
69818  29.292  12.903  2.909 0.3750000000
70662  28.981  13.151  2.723 0.3750000000
70663  28.845  12.921  2.608 0.3750000000
70668  29.275  13.368  3.081 0.3750000000
70669  29.013  12.972  2.218 0.3750000000
70671  29.143  13.260  2.576 0.3750000000
71519  27.962  13.399  3.450 0.2500000000
71525  29.725  13.931  4.030 0.3750000000
71527  28.498  12.851  2.770 0.2500000000
71531  29.263  14.045  3.219 0.2500000000
71532  28.556  13.868  1.990 0.2500000000
72349  28.501  14.623  2.057 0.2500000000
101239  16.319  10.384  7.849 0.2500000000
101241  16.682  10.877  8.232 0.1250000000
101242  13.898  11.063  8.057 0.2500000000
101243  13.586  10.470  7.791 0.2500000000
101331  28.831  16.703  2.112 0.2500000000
101333  28.775  12.587  2.519 0.2500000000
101589  28.365  13.215  1.760 0.2500000000
101647  28.560  12.632  1.938 0.2500000000
101751  28.046  14.306  1.747 0.2500000000
101795  15.278  10.546  7.784 0.1250000000
101854  14.853  10.743  8.333 0.1250000000
101894  28.832  13.020  1.961 0.2500000000
101901  13.491  10.762  7.036 0.2500000000
102384  28.970  12.667  2.398 0.3750000000
103855  31.691  -0.744  5.380 0.1250000000
104098  22.240  3.350  4.141 1.0000000000
105416  15.712  3.716  7.962 0.1250000000
109496  14.744  7.122  7.329 0.3750000000
112303  32.940  1.056  4.607 0.1250000000
113852  18.980  8.962  5.914 0.6250000000
116438  30.727  17.718  2.124 0.2500000000
117556  22.931  -9.763  13.365 0.2500000000
117627  28.987  13.739  2.437 0.2500000000
