#!ascii label  , from subject sub-v2s4x29606_ses-1 vox2ras=TkReg
992
61020  -22.615  -9.218  1.417 0.5555555820
61031  -23.740  -9.223  0.416 0.6666666865
62170  -24.151  -8.865  -0.293 0.7777777910
123253  -24.934  -8.917  -0.480 0.7777777910
63251  -25.315  -7.866  -1.610 0.8888888955
64301  -26.647  -7.128  -1.124 0.8888888955
61019  -21.774  -8.847  1.835 0.5555555820
62159  -22.138  -8.484  1.180 0.5555555820
62168  -22.500  -8.164  0.471 0.6666666865
62181  -23.673  -8.263  -0.702 0.8888888955
62183  -25.527  -8.599  -0.713 0.8888888955
63252  -26.025  -7.646  -1.572 0.8888888955
65442  -26.655  -5.985  -2.265 1.0000000000
64314  -26.972  -6.297  -1.441 0.8888888955
65455  -26.919  -5.043  -2.481 1.0000000000
136265  -22.002  -7.474  0.323 0.7777777910
64300  -23.468  -7.109  -1.303 1.0000000000
64309  -23.252  -6.424  -1.326 1.0000000000
64311  -24.771  -7.255  -1.862 1.0000000000
65453  -25.294  -5.945  -2.952 1.0000000000
64319  -24.643  -6.365  -2.379 1.0000000000
133673  -25.826  -5.562  -3.216 1.0000000000
65452  -24.534  -5.423  -3.145 1.0000000000
65462  -25.308  -4.910  -3.632 1.0000000000
65463  -26.007  -4.885  -3.656 1.0000000000
66581  -27.260  -4.220  -2.731 1.0000000000
65469  -25.549  -4.236  -4.075 1.0000000000
66590  -26.171  -4.033  -4.117 1.0000000000
143595  -27.553  -3.554  -2.935 1.0000000000
125714  -26.520  -2.903  -4.669 1.0000000000
68791  -26.988  -2.654  -4.035 0.7777777910
65450  -23.083  -5.104  -2.173 0.8888888955
64318  -24.116  -5.984  -2.380 1.0000000000
65460  -24.009  -4.623  -3.508 1.0000000000
65468  -25.052  -3.951  -4.324 1.0000000000
66598  -25.424  -3.702  -4.656 1.0000000000
67717  -25.976  -3.341  -4.914 1.0000000000
68801  -26.223  -2.770  -5.272 1.0000000000
125133  -26.682  -2.357  -4.636 1.0000000000
69836  -27.189  -2.025  -3.871 0.8888888955
69849  -26.850  -1.603  -4.471 1.0000000000
141296  -27.363  -1.409  -3.641 0.7777777910
70884  -27.888  -0.904  -3.070 0.7777777910
124317  -22.926  -3.910  -3.401 0.5555555820
67731  -23.489  -3.136  -5.457 0.7777777910
127469  -23.977  -3.757  -4.715 0.8888888955
66604  -24.710  -3.307  -5.288 1.0000000000
66597  -24.922  -3.516  -4.916 1.0000000000
67733  -24.579  -3.148  -5.582 0.8888888955
67734  -25.099  -2.995  -5.553 1.0000000000
67743  -25.554  -2.711  -5.854 1.0000000000
68812  -26.438  -2.163  -5.387 1.0000000000
69862  -26.530  -1.470  -5.393 0.8888888955
148037  -26.552  -0.969  -5.360 1.0000000000
70894  -26.721  -0.918  -4.700 0.8888888955
72939  -27.244  0.819  -3.703 0.7777777910
127300  -28.247  0.822  -3.210 0.6666666865
132578  -22.196  -2.127  -3.211 0.4444444478
67724  -23.194  -3.175  -4.694 0.7777777910
69848  -22.583  -1.750  -4.066 0.6666666865
139050  -23.446  -1.951  -5.887 0.7777777910
68819  -23.899  -2.582  -6.092 0.8888888955
68821  -25.218  -2.355  -6.317 0.8888888955
68811  -26.032  -2.559  -5.905 1.0000000000
70913  -25.528  -1.206  -6.694 1.0000000000
69874  -26.033  -1.253  -6.629 1.0000000000
70904  -26.426  -1.027  -6.059 1.0000000000
145255  -26.256  0.106  -5.916 0.8888888955
139658  -26.524  0.379  -4.426 0.7777777910
72938  -26.501  1.086  -4.185 0.7777777910
72928  -27.092  1.558  -3.625 0.6666666865
136035  -22.593  -1.070  -4.541 0.6666666865
139053  -23.096  -1.152  -5.426 0.7777777910
69860  -23.705  -1.161  -6.143 0.8888888955
70912  -24.604  -1.021  -6.541 0.8888888955
70911  -23.856  -0.489  -6.332 1.0000000000
137963  -25.203  -0.472  -6.616 1.0000000000
71906  -25.673  -0.023  -6.519 1.0000000000
71892  -26.169  -0.330  -6.375 0.8888888955
72948  -25.538  0.934  -5.612 0.8888888955
72937  -25.858  1.339  -4.671 0.8888888955
72947  -24.799  1.313  -6.085 0.8888888955
73968  -25.222  1.729  -5.245 0.7777777910
73959  -25.698  2.179  -4.462 0.7777777910
72927  -26.514  1.900  -3.916 0.7777777910
73950  -27.254  2.095  -3.415 0.6666666865
70893  -22.046  -0.412  -4.290 0.6666666865
69847  -22.113  -0.927  -3.736 0.5555555820
70902  -22.637  -0.433  -5.090 0.7777777910
133683  -22.785  0.102  -5.667 0.8888888955
71890  -23.480  0.242  -6.314 0.8888888955
126098  -23.975  0.700  -6.647 1.0000000000
71904  -24.319  -0.133  -6.528 1.0000000000
72959  -25.247  0.596  -6.259 0.8888888955
73958  -24.967  2.568  -5.028 0.7777777910
75045  -25.479  2.995  -4.348 0.7777777910
75032  -25.873  3.247  -3.790 0.6666666865
75033  -26.479  3.011  -3.415 0.5555555820
75034  -27.174  2.674  -3.188 0.5555555820
71873  -22.102  0.236  -4.959 0.7777777910
71872  -21.453  0.700  -4.405 0.6666666865
71903  -23.404  1.012  -6.513 1.0000000000
72957  -23.587  1.579  -6.812 1.0000000000
73974  -24.032  1.816  -6.717 0.8888888955
73967  -24.484  2.124  -5.916 0.8888888955
73966  -23.810  2.686  -6.781 0.8888888955
75044  -24.702  3.533  -4.996 0.7777777910
76135  -24.797  4.544  -4.713 0.7777777910
131658  -25.399  3.837  -4.200 0.7777777910
76122  -25.978  3.913  -3.429 0.5555555820
76142  -24.119  4.312  -5.477 0.7777777910
77220  -25.396  4.714  -3.986 0.5555555820
135160  -25.780  4.827  -3.311 0.5555555820
77219  -24.815  5.535  -4.475 0.6666666865
72926  -19.949  1.447  -3.156 0.4444444478
71871  -20.907  0.778  -3.691 0.5555555820
72946  -21.498  1.455  -5.133 0.7777777910
72956  -23.049  1.478  -6.593 1.0000000000
71888  -21.919  0.933  -5.308 0.8888888955
73972  -22.941  2.221  -7.173 1.0000000000
73973  -23.306  2.439  -7.222 0.8888888955
75062  -23.244  3.206  -7.712 0.8888888955
75054  -23.577  3.459  -6.941 0.8888888955
75055  -23.898  3.498  -5.946 0.8888888955
77233  -24.231  5.179  -5.286 0.6666666865
122683  -25.453  5.548  -3.689 0.5555555820
75043  -20.444  3.740  -5.042 0.6666666865
73963  -20.900  2.878  -5.279 0.6666666865
75053  -21.722  3.238  -6.495 0.7777777910
75061  -22.532  3.011  -7.557 0.8888888955
75060  -22.072  3.777  -7.709 0.7777777910
75067  -22.748  3.531  -8.082 0.7777777910
76160  -22.945  4.078  -8.181 0.7777777910
76150  -23.353  3.909  -7.530 0.8888888955
122837  -23.316  4.731  -7.092 0.7777777910
132929  -23.676  4.826  -5.975 0.6666666865
122583  -22.933  6.312  -7.495 0.6666666865
140736  -23.333  6.228  -6.634 0.6666666865
139465  -23.723  5.649  -6.174 0.6666666865
141323  -23.090  7.005  -6.525 0.6666666865
139462  -24.100  7.396  -5.213 0.5555555820
148282  -24.495  6.364  -4.531 0.4444444478
139456  -23.198  7.586  -5.805 0.5555555820
134167  -19.897  5.257  -4.885 0.3333333433
76140  -20.444  4.586  -5.690 0.5555555820
148438  -20.814  4.373  -6.282 0.6666666865
76148  -20.851  4.953  -6.746 0.5555555820
135344  -21.352  4.187  -6.761 0.7777777910
76159  -22.367  4.514  -8.097 0.7777777910
122819  -21.451  5.801  -8.191 0.6666666865
122792  -22.203  5.471  -8.268 0.6666666865
139541  -22.760  5.571  -8.056 0.6666666865
122587  -22.306  6.062  -8.275 0.6666666865
122614  -22.546  6.704  -8.180 0.6666666865
122594  -22.891  7.194  -7.222 0.6666666865
139517  -22.794  7.895  -6.227 0.5555555820
139458  -22.648  8.696  -5.910 0.5555555820
77231  -19.938  6.175  -5.280 0.4444444478
77232  -20.323  5.633  -6.172 0.4444444478
122698  -20.372  6.202  -7.029 0.5555555820
139425  -20.618  5.716  -7.250 0.5555555820
139436  -20.651  5.951  -8.155 0.6666666865
77242  -21.037  5.511  -7.534 0.6666666865
122715  -21.457  6.033  -8.670 0.6666666865
122826  -22.807  7.439  -8.088 0.6666666865
139516  -23.098  8.285  -8.053 0.6666666865
140748  -22.890  8.711  -6.746 0.5555555820
122680  -20.073  6.418  -7.703 0.4444444478
122579  -20.288  5.447  -9.957 0.6666666865
122581  -20.776  5.900  -9.156 0.6666666865
139431  -21.083  5.396  -10.123 0.6666666865
139553  -21.287  5.570  -9.973 0.6666666865
63250  -24.569  -8.002  -1.475 0.8888888955
62180  -22.876  -7.854  -0.231 1.0000000000
63249  -23.961  -7.573  -1.532 1.0000000000
64320  -25.318  -6.644  -2.310 1.0000000000
69835  -22.361  -1.940  -3.529 0.5555555820
71891  -26.006  0.378  -6.161 0.8888888955
135713  -21.625  0.048  -4.137 0.5555555820
73944  -19.949  1.921  -3.568 0.5555555820
142722  -24.349  2.874  -5.686 0.8888888955
122790  -24.219  6.027  -5.186 0.6666666865
139500  -24.218  6.723  -4.946 0.4444444478
147154  -19.769  5.934  -9.199 0.6666666865
69834  -22.113  -1.452  -3.360 0.4444444478
70892  -21.617  -0.350  -3.634 0.4444444478
139457  -22.499  9.410  -5.069 0.5555555820
78107  -19.792  6.589  -4.688 0.2222222239
139498  -20.240  6.522  -6.178 0.3333333433
139518  -22.675  9.465  -6.069 0.5555555820
61005  -22.362  -9.700  2.147 0.5555555820
59884  -23.726  -9.932  1.572 0.5555555820
61021  -23.382  -9.473  1.109 0.6666666865
61032  -24.640  -9.302  0.350 0.5555555820
63243  -26.911  -7.267  -0.265 0.7777777910
62171  -25.483  -9.029  0.069 0.6666666865
63242  -26.298  -8.001  -0.774 0.8888888955
64302  -27.187  -6.464  -0.577 0.7777777910
65431  -27.473  -5.690  -0.878 0.7777777910
66572  -27.535  -4.568  -1.904 0.8888888955
61003  -20.879  -8.714  2.898 0.4444444478
63219  -20.744  -7.444  1.453 0.5555555820
64275  -20.489  -6.863  1.240 0.2222222239
63238  -22.377  -7.145  -0.313 0.6666666865
125866  -28.113  -3.010  -2.696 0.8888888955
68792  -27.617  -2.431  -3.320 0.6666666865
69837  -27.769  -1.699  -3.136 0.7777777910
137931  -22.654  -6.188  -0.858 0.5555555820
70875  -28.616  -0.297  -2.654 0.6666666865
66571  -22.354  -4.682  -1.459 0.4444444478
71853  -28.670  0.389  -2.858 0.5555555820
128802  -28.731  1.444  -3.026 0.5555555820
67706  -21.905  -2.837  -2.341 0.2222222239
72929  -27.943  1.635  -3.283 0.5555555820
70873  -21.477  -0.668  -2.904 0.3333333433
139631  -27.712  2.953  -2.811 0.5555555820
135675  -20.445  0.908  -3.289 0.4444444478
76123  -26.337  4.480  -2.791 0.4444444478
71861  -20.222  0.980  -2.910 0.3333333433
122776  -25.936  5.521  -2.775 0.5555555820
122703  -25.066  6.320  -4.035 0.4444444478
77207  -19.412  5.366  -3.793 0.3333333433
76133  -19.554  4.519  -4.044 0.3333333433
139460  -22.915  8.828  -4.756 0.4444444478
122777  -23.055  10.284  -4.745 0.2222222239
122676  -20.197  6.938  -6.782 0.3333333433
139459  -20.741  5.720  -10.202 0.6666666865
122617  -21.241  5.770  -10.098 0.6666666865
139552  -21.636  7.203  -10.084 0.6666666865
139543  -22.047  8.306  -10.310 0.6666666865
139437  -23.146  9.128  -8.789 0.6666666865
139467  -23.200  9.245  -7.400 0.6666666865
122840  -23.259  10.069  -6.784 0.4444444478
122593  -22.884  10.303  -5.544 0.3333333433
122662  -19.634  6.218  -9.470 0.5555555820
61030  -22.943  -8.895  0.732 0.6666666865
131025  -24.086  -9.658  0.981 0.6666666865
62169  -23.315  -8.581  0.025 0.6666666865
62182  -24.523  -8.462  -0.954 0.8888888955
64312  -25.670  -7.189  -2.003 1.0000000000
62187  -25.101  -8.358  -1.217 0.8888888955
64313  -26.335  -6.847  -1.926 1.0000000000
61004  -21.419  -9.215  2.530 0.4444444478
62145  -20.971  -8.378  2.183 0.4444444478
62158  -21.238  -8.097  1.604 0.5555555820
62167  -21.654  -7.799  0.997 0.6666666865
63240  -23.971  -8.031  -1.257 0.8888888955
63241  -25.674  -8.182  -1.261 0.8888888955
64321  -25.962  -6.329  -2.600 1.0000000000
65443  -27.243  -5.430  -1.680 1.0000000000
63228  -21.232  -7.245  0.845 0.5555555820
64288  -21.327  -6.780  0.374 0.6666666865
63239  -23.318  -7.585  -0.940 1.0000000000
64299  -22.829  -6.866  -0.842 0.8888888955
64310  -23.956  -6.730  -1.847 1.0000000000
65441  -23.571  -5.869  -1.907 1.0000000000
65454  -26.323  -5.469  -2.996 1.0000000000
65461  -24.664  -4.297  -3.887 1.0000000000
66580  -26.602  -4.603  -3.283 1.0000000000
66591  -26.954  -3.786  -3.480 1.0000000000
67718  -26.653  -3.292  -4.163 1.0000000000
67708  -27.376  -3.099  -3.491 1.0000000000
65451  -23.742  -5.348  -2.756 1.0000000000
65440  -22.872  -5.644  -1.381 0.6666666865
66596  -24.556  -3.679  -4.735 1.0000000000
66605  -25.229  -3.278  -5.203 1.0000000000
67735  -25.651  -2.938  -5.512 1.0000000000
70883  -27.302  -0.715  -3.775 0.7777777910
129048  -28.012  -0.069  -3.116 0.6666666865
66578  -22.653  -4.246  -2.479 0.5555555820
67707  -22.347  -3.398  -2.794 0.6666666865
66579  -23.290  -4.601  -3.063 0.7777777910
66588  -23.651  -4.066  -3.889 0.7777777910
66587  -23.372  -3.596  -4.336 0.7777777910
68809  -23.053  -2.645  -4.929 0.6666666865
68810  -23.355  -2.724  -5.665 0.8888888955
67725  -23.690  -3.457  -5.146 0.8888888955
67732  -23.964  -3.288  -5.615 0.8888888955
66589  -24.235  -4.025  -4.186 0.8888888955
66603  -24.249  -3.444  -5.274 1.0000000000
67741  -24.468  -2.897  -5.961 0.8888888955
129412  -25.733  -2.290  -6.261 1.0000000000
69861  -26.220  -1.861  -6.202 1.0000000000
71874  -26.390  -0.325  -5.242 0.8888888955
71875  -26.891  -0.120  -4.162 0.8888888955
71863  -27.542  0.168  -3.542 0.7777777910
68800  -22.721  -2.455  -3.931 0.5555555820
68778  -21.811  -1.986  -2.659 0.3333333433
68779  -22.145  -2.670  -2.903 0.3333333433
67716  -22.690  -3.092  -3.605 0.4444444478
69859  -23.014  -1.919  -5.085 0.7777777910
69871  -24.237  -1.856  -6.342 0.8888888955
145026  -25.929  -1.805  -6.490 1.0000000000
70914  -25.818  -0.674  -6.663 1.0000000000
72949  -26.009  0.473  -5.115 0.7777777910
70903  -23.242  -0.471  -5.903 0.8888888955
71905  -24.806  0.232  -6.467 1.0000000000
73948  -26.168  2.597  -3.868 0.7777777910
73949  -26.748  2.422  -3.525 0.6666666865
135762  -21.722  -0.800  -3.226 0.4444444478
72958  -24.341  1.023  -6.507 1.0000000000
128603  -26.869  3.494  -2.873 0.5555555820
71862  -21.269  0.199  -3.629 0.5555555820
71889  -22.716  0.828  -5.923 0.8888888955
76141  -23.539  4.145  -6.357 0.8888888955
72935  -20.460  1.386  -3.678 0.5555555820
72936  -21.002  1.402  -4.305 0.5555555820
73965  -22.348  1.701  -6.015 1.0000000000
73964  -21.628  2.300  -5.731 0.7777777910
73957  -21.105  2.027  -4.914 0.7777777910
73981  -22.932  2.887  -7.748 0.8888888955
73971  -22.293  2.507  -6.617 0.7777777910
139481  -25.528  6.322  -3.352 0.5555555820
75042  -19.840  3.692  -4.242 0.5555555820
131090  -20.285  3.045  -4.494 0.5555555820
76134  -20.083  4.377  -4.761 0.4444444478
75052  -20.875  3.808  -5.952 0.6666666865
73956  -20.471  2.178  -4.273 0.7777777910
77252  -23.157  4.208  -8.070 0.7777777910
139466  -22.851  4.782  -8.127 0.6666666865
122697  -23.126  5.535  -7.273 0.6666666865
122604  -23.850  6.674  -5.849 0.5555555820
139487  -23.783  8.159  -5.266 0.4444444478
122725  -24.536  7.088  -4.363 0.4444444478
122692  -22.739  8.504  -5.430 0.5555555820
76149  -21.571  4.795  -7.550 0.7777777910
139429  -22.811  7.987  -6.903 0.6666666865
139415  -20.343  6.071  -7.836 0.5555555820
139416  -20.050  5.944  -8.749 0.6666666865
123756  -21.988  6.907  -9.025 0.6666666865
122603  -22.355  7.678  -8.884 0.6666666865
139468  -22.482  8.232  -9.330 0.6666666865
70882  -21.273  -0.242  -3.200 0.4444444478
73943  -19.427  2.238  -2.982 0.3333333433
131637  -21.869  -1.351  -3.056 0.4444444478
122712  -23.256  9.487  -4.580 0.3333333433
128619  -23.549  10.694  -6.422 0.3333333433
61006  -23.080  -9.767  1.656 0.5555555820
59868  -21.810  -10.039  2.868 0.5555555820
67709  -27.900  -3.787  -2.210 0.7777777910
62157  -20.370  -7.623  1.944 0.4444444478
64289  -21.892  -6.352  -0.364 0.7777777910
68763  -21.756  -3.177  -1.472 0.1111111119
70881  -21.027  -0.109  -2.976 0.3333333433
137690  -20.754  0.329  -3.182 0.3333333433
75028  -19.126  3.754  -3.298 0.3333333433
122684  -23.343  10.017  -7.936 0.4444444478
60989  -26.204  -9.314  3.121 0.4444444478
62115  -27.384  -8.352  4.370 0.2222222239
123366  -23.912  -10.687  2.738 0.4444444478
59872  -24.811  -10.361  2.820 0.4444444478
141284  -24.324  -9.922  1.542 0.4444444478
61007  -24.873  -9.972  1.949 0.4444444478
61009  -26.060  -9.118  2.214 0.4444444478
62146  -26.775  -8.509  2.803 0.4444444478
63198  -27.752  -7.555  3.538 0.2222222239
61023  -25.348  -9.208  0.930 0.4444444478
141543  -25.845  -8.993  1.478 0.4444444478
62160  -26.483  -8.465  1.705 0.4444444478
64252  -28.445  -6.595  3.111 0.1111111119
147813  -26.865  -7.969  1.546 0.4444444478
64265  -27.571  -6.957  2.019 0.3333333433
123341  -25.974  -8.722  0.825 0.4444444478
63229  -26.618  -8.072  0.874 0.4444444478
63220  -27.136  -7.484  1.414 0.3333333433
65406  -28.488  -5.505  1.625 0.2222222239
66537  -29.552  -4.751  2.176 0.1111111119
64291  -27.856  -5.808  0.911 0.3333333433
137865  -28.467  -5.180  0.924 0.3333333433
65419  -27.597  -5.773  -0.036 0.4444444478
65432  -27.880  -5.215  -0.430 0.5555555820
66562  -28.366  -4.556  -0.413 0.6666666865
66563  -28.899  -4.064  -0.006 0.4444444478
66573  -28.198  -4.152  -1.334 0.6666666865
67697  -29.453  -2.596  -0.590 0.3333333433
133703  -28.585  -3.296  -1.638 0.6666666865
68771  -28.941  -2.534  -1.308 0.5555555820
68780  -28.602  -2.605  -2.064 0.5555555820
68781  -28.779  -1.894  -1.795 0.5555555820
69816  -29.345  -1.878  -1.029 0.4444444478
70867  -29.257  -1.181  -1.544 0.3333333433
70876  -29.185  -0.424  -2.001 0.4444444478
69826  -28.547  -1.219  -2.421 0.4444444478
145550  -21.131  6.276  -10.362 0.5555555820
139430  -20.830  6.858  -10.482 0.5555555820
139427  -21.397  7.763  -10.495 0.5555555820
122699  -22.682  8.810  -9.871 0.5555555820
139470  -22.942  9.511  -9.762 0.5555555820
60988  -25.633  -9.982  3.429 0.4444444478
62132  -27.308  -8.155  3.599 0.2222222239
64266  -28.066  -6.558  2.479 0.2222222239
65407  -29.046  -5.278  2.107 0.1111111119
66549  -28.707  -4.622  0.475 0.4444444478
65420  -28.159  -5.192  0.241 0.4444444478
67687  -28.745  -3.745  -0.715 0.6666666865
129451  -29.196  0.334  -2.423 0.4444444478
140060  -28.731  2.064  -2.904 0.4444444478
139469  -20.753  8.777  -10.605 0.5555555820
61022  -24.773  -9.616  1.221 0.4444444478
67676  -29.851  -3.404  0.735 0.2222222239
59856  -24.320  -10.988  3.365 0.4444444478
59857  -25.051  -10.638  3.769 0.4444444478
60969  -25.686  -10.115  4.380 0.4444444478
62114  -26.862  -9.048  4.770 0.2222222239
62097  -27.575  -8.489  5.225 0.2222222239
62098  -28.269  -8.065  5.651 0.1111111119
59855  -23.143  -10.804  2.900 0.4444444478
63180  -28.195  -7.357  4.074 0.1111111119
64240  -28.791  -6.677  3.969 0.1111111119
63161  -28.043  -7.792  4.757 0.1111111119
148522  -29.263  -6.203  3.819 0.1111111119
65394  -28.623  -5.926  2.497 0.1111111119
66523  -29.884  -4.804  2.790 0.1111111119
66524  -30.109  -4.243  2.368 0.1111111119
67666  -29.826  -4.049  1.501 0.1111111119
68766  -30.072  -2.043  -0.421 0.1111111119
68756  -29.944  -2.732  0.131 0.2222222239
139700  -29.830  -0.568  -1.338 0.2222222239
71843  -29.750  0.177  -1.793 0.3333333433
126119  -29.048  0.967  -2.807 0.4444444478
139671  -29.322  1.574  -2.688 0.3333333433
73951  -27.903  2.339  -3.134 0.4444444478
144640  -28.346  2.614  -2.761 0.3333333433
73955  -19.681  2.799  -3.707 0.4444444478
139479  -24.960  7.778  -4.020 0.3333333433
122674  -19.238  6.460  -8.345 0.4444444478
122749  -23.276  9.992  -8.933 0.5555555820
122672  -19.796  7.450  -10.273 0.5555555820
139549  -19.781  8.374  -10.343 0.5555555820
139433  -21.634  8.612  -10.647 0.5555555820
139417  -22.075  9.366  -10.745 0.5555555820
139544  -22.609  9.850  -10.420 0.5555555820
59870  -23.292  -10.263  2.226 0.4444444478
59871  -24.170  -10.267  2.103 0.4444444478
62172  -26.169  -8.523  -0.006 0.5555555820
126415  -26.653  -7.904  0.058 0.5555555820
65444  -27.789  -4.923  -1.098 0.6666666865
127668  -28.260  -2.154  -2.600 0.5555555820
122695  -24.503  8.008  -4.781 0.3333333433
64290  -27.335  -6.542  0.321 0.3333333433
63230  -27.050  -7.342  0.602 0.3333333433
61008  -25.534  -9.756  2.518 0.4444444478
62131  -26.792  -8.814  3.782 0.4444444478
63179  -27.707  -7.804  4.088 0.1111111119
131030  -25.405  -9.470  1.703 0.4444444478
131003  -27.384  -7.858  3.001 0.4444444478
62147  -27.179  -7.805  2.192 0.4444444478
63199  -28.210  -7.076  3.514 0.1111111119
63211  -27.781  -7.182  2.857 0.2222222239
65382  -29.055  -6.117  3.309 0.1111111119
64277  -27.941  -6.175  1.835 0.3333333433
64276  -27.444  -6.677  1.215 0.3333333433
66536  -29.085  -4.790  1.353 0.1111111119
66550  -29.329  -4.077  0.651 0.1111111119
127859  -29.323  -3.375  -0.080 0.3333333433
147461  -29.035  -3.100  -0.869 0.4444444478
71854  -29.718  0.981  -2.269 0.4444444478
122669  -20.769  7.894  -10.574 0.5555555820
139551  -22.392  9.015  -10.486 0.5555555820
60970  -26.276  -9.523  4.043 0.4444444478
65395  -29.410  -5.412  2.845 0.1111111119
139542  -19.767  9.246  -10.317 0.5555555820
132730  -26.243  -9.666  4.844 0.4444444478
144427  -23.664  -11.169  3.176 0.4444444478
59854  -22.311  -10.704  3.207 0.4444444478
65383  -29.561  -5.745  3.669 0.1111111119
130975  -26.811  -14.661  9.469 0.1111111119
55409  -23.466  -14.329  6.770 0.3333333433
55401  -24.969  -14.194  7.783 0.2222222239
123010  -25.826  -14.095  8.210 0.2222222239
55392  -26.774  -14.195  8.750 0.1111111119
56539  -26.590  -13.590  8.064 0.1111111119
56570  -21.040  -12.732  5.683 0.3333333433
56559  -22.226  -13.995  5.925 0.3333333433
55408  -22.588  -14.478  6.504 0.3333333433
56574  -24.015  -13.196  6.001 0.3333333433
57663  -24.618  -12.776  6.364 0.3333333433
56550  -25.617  -13.496  7.645 0.2222222239
57652  -25.809  -12.698  7.348 0.2222222239
56540  -27.393  -13.580  8.341 0.1111111119
139870  -26.396  -13.072  7.708 0.2222222239
58739  -21.017  -11.844  5.112 0.2222222239
134361  -20.491  -11.877  5.866 0.2222222239
56571  -21.935  -13.349  5.411 0.3333333433
56572  -22.815  -13.519  5.540 0.3333333433
56573  -23.452  -13.509  5.837 0.3333333433
57653  -26.599  -12.444  7.556 0.1111111119
59838  -21.131  -10.621  4.281 0.2222222239
57689  -21.751  -12.102  4.503 0.3333333433
58780  -21.882  -11.103  3.778 0.3333333433
58757  -22.281  -11.839  4.023 0.3333333433
58758  -23.199  -12.093  3.996 0.3333333433
57690  -22.501  -12.429  4.449 0.3333333433
57691  -23.339  -12.510  4.658 0.3333333433
147180  -24.489  -12.005  5.529 0.3333333433
58759  -23.941  -11.996  4.330 0.3333333433
58740  -24.930  -11.631  5.708 0.3333333433
59817  -25.291  -11.029  5.580 0.3333333433
58729  -25.508  -11.566  6.333 0.3333333433
138027  -26.264  -11.280  6.848 0.1111111119
59852  -20.880  -9.900  4.040 0.2222222239
59853  -21.442  -10.347  3.563 0.3333333433
58781  -22.943  -11.431  3.456 0.3333333433
59839  -24.489  -11.340  4.073 0.3333333433
58760  -24.516  -11.505  5.021 0.3333333433
59840  -25.103  -10.759  4.731 0.3333333433
59806  -25.968  -10.758  6.237 0.3333333433
59869  -22.588  -10.346  2.664 0.3333333433
58782  -23.829  -11.627  3.650 0.3333333433
76124  -26.977  4.213  -2.366 0.3333333433
76125  -27.623  3.691  -2.352 0.2222222239
55410  -24.094  -13.937  6.839 0.3333333433
56549  -24.677  -13.715  7.246 0.3333333433
56551  -27.271  -13.018  7.922 0.1111111119
58755  -20.846  -10.865  5.053 0.3333333433
57672  -21.760  -12.655  4.920 0.3333333433
57674  -23.542  -12.973  5.358 0.3333333433
57675  -24.257  -12.574  5.712 0.3333333433
59818  -25.862  -10.214  5.405 0.3333333433
54221  -25.249  -14.942  9.086 0.1111111119
55378  -26.092  -14.748  9.300 0.1111111119
55407  -21.663  -14.457  6.480 0.3333333433
144234  -22.898  -14.770  7.082 0.3333333433
55399  -23.541  -14.771  7.507 0.3333333433
55391  -24.332  -14.757  7.959 0.3333333433
55364  -27.201  -14.921  9.988 0.1111111119
56525  -27.887  -13.884  8.843 0.1111111119
58719  -26.784  -11.668  7.370 0.1111111119
59794  -27.195  -11.025  7.361 0.1111111119
59837  -20.842  -10.140  4.891 0.2222222239
59807  -26.609  -10.677  6.820 0.1111111119
60930  -26.498  -10.045  6.273 0.1111111119
60947  -26.602  -9.541  5.546 0.1111111119
60986  -20.771  -9.134  3.727 0.1111111119
73938  -29.498  2.215  -2.415 0.2222222239
77212  -26.691  5.025  -2.119 0.2222222239
77197  -27.480  4.526  -1.765 0.2222222239
62144  -20.473  -7.815  2.369 0.2222222239
60987  -21.118  -9.561  3.277 0.3333333433
75018  -28.970  2.703  -2.400 0.2222222239
55379  -27.530  -14.433  9.412 0.1111111119
144919  -25.809  -14.512  8.746 0.1111111119
56561  -23.759  -13.769  6.315 0.3333333433
56560  -23.069  -13.998  6.087 0.3333333433
55400  -24.181  -14.302  7.345 0.3333333433
56558  -21.333  -13.681  6.038 0.2222222239
56562  -24.369  -13.426  6.612 0.3333333433
125563  -25.029  -13.037  7.048 0.2222222239
57664  -25.318  -12.351  6.718 0.2222222239
57673  -22.643  -12.972  4.979 0.3333333433
58730  -26.012  -11.954  7.119 0.1111111119
58756  -21.439  -11.403  4.437 0.3333333433
57692  -23.996  -12.270  5.089 0.3333333433
57676  -24.844  -12.134  6.064 0.3333333433
145405  -26.712  -11.147  7.117 0.1111111119
60968  -20.803  -9.495  4.590 0.2222222239
54210  -25.506  -15.191  9.816 0.1111111119
127745  -25.108  -14.615  8.410 0.2222222239
55398  -22.157  -15.022  6.994 0.3333333433
54226  -22.767  -15.293  7.672 0.3333333433
57662  -20.187  -12.412  6.273 0.2222222239
132425  -20.576  -13.205  6.272 0.2222222239
71855  -29.915  1.726  -2.211 0.1111111119
71844  -30.202  1.308  -1.781 0.1111111119
131115  -30.683  2.452  -1.455 0.1111111119
72910  -30.446  1.880  -1.620 0.1111111119
75002  -29.823  3.017  -1.950 0.1111111119
75003  -30.604  3.024  -1.513 0.1111111119
75017  -28.350  3.203  -2.373 0.1111111119
76092  -29.721  3.812  -1.573 0.1111111119
127601  -29.052  3.440  -1.861 0.1111111119
76109  -28.274  3.939  -1.658 0.1111111119
122611  -25.421  7.623  -3.370 0.1111111119
139486  -25.193  7.023  -3.713 0.2222222239
139461  -24.954  8.528  -4.419 0.1111111119
139526  -25.775  7.395  -2.673 0.1111111119
122807  -25.360  8.322  -3.745 0.1111111119
139494  -19.932  6.599  -10.141 0.4444444478
139423  -24.217  8.718  -4.860 0.1111111119
122585  -18.433  8.011  -8.345 0.4444444478
139414  -18.891  8.189  -9.992 0.4444444478
122602  -23.900  10.092  -4.550 0.1111111119
139550  -21.491  9.405  -10.769 0.4444444478
122693  -23.427  10.879  -8.330 0.3333333433
143725  -23.611  10.731  -7.244 0.2222222239
122600  -23.737  10.919  -5.853 0.1111111119
139510  -24.472  11.321  -4.810 0.1111111119
122673  -20.514  9.643  -10.523 0.4444444478
81554  -20.049  10.398  -10.636 0.4444444478
82495  -20.398  11.002  -10.912 0.4444444478
122732  -22.097  10.354  -10.883 0.4444444478
140102  -22.095  11.311  -11.084 0.4444444478
139507  -22.748  10.697  -10.481 0.4444444478
82498  -22.984  11.458  -10.130 0.4444444478
122804  -23.248  11.597  -9.175 0.2222222239
132619  -23.598  12.074  -7.968 0.2222222239
122663  -24.177  11.913  -7.070 0.2222222239
87542  -23.814  16.056  -9.057 0.1111111119
85557  -24.227  14.723  -8.772 0.1111111119
122759  -25.262  13.001  -6.452 0.1111111119
139536  -18.229  9.813  -7.904 0.4444444478
81551  -18.303  10.826  -9.230 0.4444444478
81544  -18.595  9.974  -9.459 0.4444444478
81552  -18.755  10.774  -9.924 0.3333333433
140990  -19.557  11.043  -10.775 0.4444444478
83558  -21.034  12.470  -11.109 0.4444444478
144278  -21.766  12.497  -11.107 0.4444444478
82509  -22.286  12.100  -11.047 0.4444444478
82497  -22.590  11.524  -10.750 0.4444444478
142084  -22.868  12.329  -10.320 0.4444444478
126003  -20.913  13.841  -10.989 0.3333333433
83552  -22.877  12.905  -10.146 0.3333333433
84541  -23.064  13.358  -9.711 0.1111111119
84532  -23.471  13.410  -9.197 0.1111111119
83535  -23.899  13.095  -8.277 0.1111111119
84533  -24.159  13.923  -8.618 0.1111111119
81530  -18.328  10.189  -7.645 0.2222222239
82494  -18.824  11.591  -10.091 0.3333333433
83550  -19.466  12.453  -10.853 0.3333333433
84563  -20.533  13.185  -11.098 0.3333333433
143558  -22.249  12.942  -10.869 0.4444444478
85592  -21.788  14.168  -10.201 0.2222222239
84565  -22.211  13.391  -10.239 0.2222222239
84551  -22.813  13.292  -9.798 0.2222222239
85565  -23.094  13.895  -9.590 0.1111111119
86545  -21.785  15.103  -10.327 0.1111111119
85578  -22.200  14.479  -9.843 0.1111111119
85566  -23.560  14.454  -9.327 0.1111111119
86535  -22.169  15.293  -10.063 0.1111111119
86523  -23.164  15.328  -9.503 0.1111111119
130735  -23.232  14.539  -9.504 0.1111111119
82493  -18.550  11.481  -9.473 0.3333333433
83548  -18.681  12.288  -9.694 0.3333333433
85555  -18.643  13.521  -9.060 0.3333333433
84540  -18.687  13.792  -9.552 0.3333333433
84562  -19.693  13.220  -11.019 0.3333333433
123952  -20.059  13.938  -11.101 0.3333333433
85590  -20.465  14.691  -11.147 0.2222222239
86544  -21.221  15.118  -11.048 0.2222222239
87556  -21.465  15.909  -11.119 0.1111111119
135236  -22.241  16.832  -10.604 0.1111111119
87541  -23.358  16.326  -9.403 0.1111111119
88456  -23.506  17.724  -9.543 0.1111111119
85510  -20.697  14.458  -5.976 0.1111111119
85528  -19.598  14.369  -7.192 0.1111111119
85556  -18.905  14.464  -8.703 0.2222222239
86507  -19.091  15.142  -8.430 0.2222222239
125548  -18.803  14.703  -9.669 0.3333333433
87539  -19.309  15.987  -9.865 0.2222222239
85589  -19.663  14.594  -11.045 0.3333333433
86534  -19.096  15.510  -10.041 0.3333333433
87548  -19.304  16.845  -10.442 0.2222222239
87554  -19.275  16.901  -11.012 0.1111111119
148566  -19.388  17.667  -11.194 0.1111111119
87555  -20.030  16.923  -11.443 0.1111111119
88475  -20.825  17.272  -11.549 0.1111111119
87557  -21.991  15.969  -10.653 0.1111111119
88466  -22.285  17.858  -10.830 0.1111111119
87550  -22.817  16.269  -9.853 0.1111111119
88457  -23.767  17.042  -9.051 0.1111111119
87527  -24.400  16.705  -8.657 0.1111111119
85529  -20.149  14.845  -6.625 0.1111111119
86489  -21.299  15.755  -6.150 0.1111111119
85545  -19.894  15.096  -7.209 0.1111111119
87516  -20.614  16.398  -7.154 0.1111111119
88426  -20.927  17.046  -7.309 0.1111111119
88443  -20.588  17.327  -8.223 0.1111111119
87540  -19.523  16.444  -9.618 0.2222222239
88455  -20.096  17.867  -9.463 0.1111111119
88465  -19.561  17.369  -10.144 0.1111111119
132889  -19.655  19.451  -10.738 0.1111111119
90206  -19.924  19.547  -11.440 0.1111111119
135924  -20.265  20.559  -11.403 0.1111111119
89357  -21.098  18.804  -11.977 0.1111111119
87502  -22.029  16.341  -6.220 0.1111111119
86479  -22.431  16.346  -5.339 0.1111111119
88417  -22.229  17.031  -6.459 0.1111111119
88427  -21.431  17.486  -7.013 0.1111111119
144693  -21.672  17.946  -7.138 0.1111111119
88444  -21.256  17.738  -7.520 0.1111111119
89309  -21.649  18.331  -7.631 0.1111111119
90195  -20.384  19.566  -9.901 0.1111111119
88411  -22.984  17.316  -6.251 0.1111111119
88406  -23.136  17.321  -5.188 0.1111111119
73928  -30.143  2.388  -1.905 0.1111111119
125224  -27.272  5.539  -1.490 0.1111111119
122607  -25.391  8.902  -4.172 0.1111111119
122590  -18.469  8.538  -9.053 0.4444444478
82485  -23.116  10.521  -9.676 0.4444444478
122668  -23.786  11.369  -7.394 0.2222222239
139523  -24.031  11.334  -6.550 0.1111111119
122608  -24.107  10.662  -4.646 0.1111111119
82496  -21.367  11.042  -10.952 0.4444444478
84513  -24.528  12.748  -7.256 0.2222222239
84542  -23.584  13.999  -9.304 0.1111111119
84526  -25.195  14.137  -7.247 0.1111111119
83557  -20.167  12.461  -11.130 0.3333333433
134574  -19.513  16.253  -8.692 0.2222222239
88473  -19.109  17.862  -10.881 0.1111111119
87506  -21.583  16.790  -6.595 0.1111111119
89323  -20.948  18.113  -8.397 0.1111111119
91068  -20.060  20.250  -10.848 0.1111111119
89301  -22.492  18.162  -6.861 0.1111111119
88412  -23.523  17.876  -5.547 0.1111111119
130324  -31.192  2.857  -1.125 0.1111111119
125801  -25.549  6.981  -3.133 0.2222222239
122808  -24.777  9.340  -4.530 0.1111111119
139428  -18.932  9.059  -10.101 0.4444444478
82508  -21.590  11.834  -11.120 0.4444444478
82506  -19.853  11.700  -11.047 0.4444444478
83551  -22.678  12.508  -10.596 0.4444444478
84550  -22.654  13.039  -10.223 0.2222222239
86482  -21.953  15.767  -5.576 0.1111111119
86478  -21.887  16.021  -4.336 0.1111111119
87499  -22.720  16.899  -4.700 0.1111111119
88416  -21.679  17.344  -6.777 0.1111111119
88428  -21.871  17.845  -6.914 0.1111111119
73918  -31.460  2.518  -0.582 0.1111111119
135045  -30.229  0.682  -1.511 0.1111111119
72898  -30.712  1.282  -1.096 0.1111111119
72911  -31.015  2.111  -1.102 0.1111111119
140129  -31.731  3.336  -0.584 0.1111111119
147494  -31.811  2.827  -0.100 0.1111111119
75004  -31.260  3.716  -1.175 0.1111111119
76093  -30.444  3.747  -1.473 0.1111111119
77183  -30.113  4.612  -1.422 0.1111111119
132030  -29.086  4.288  -1.349 0.1111111119
77198  -28.266  5.047  -1.280 0.1111111119
122744  -27.112  6.608  -1.473 0.1111111119
122750  -26.299  7.923  -2.320 0.1111111119
122702  -26.222  8.732  -2.753 0.1111111119
139435  -18.643  6.920  -8.670 0.4444444478
139476  -25.739  8.866  -3.504 0.1111111119
139513  -25.557  9.493  -3.984 0.1111111119
122700  -25.012  11.923  -5.240 0.1111111119
122780  -25.517  10.881  -4.002 0.1111111119
122769  -18.198  9.112  -8.076 0.4444444478
122789  -18.268  9.622  -8.682 0.4444444478
83508  -26.162  12.932  -5.155 0.1111111119
84514  -25.524  13.838  -6.512 0.1111111119
82472  -18.415  10.687  -7.706 0.2222222239
82478  -18.243  10.963  -8.550 0.3333333433
83525  -18.455  11.390  -8.180 0.2222222239
136127  -18.643  12.339  -8.511 0.2222222239
85547  -25.238  14.794  -7.445 0.1111111119
84511  -19.425  13.398  -7.200 0.1111111119
85543  -19.058  14.138  -8.278 0.2222222239
86510  -25.342  16.033  -7.982 0.1111111119
87528  -25.071  16.655  -8.363 0.1111111119
84501  -20.662  13.479  -5.854 0.1111111119
84502  -21.297  14.048  -5.378 0.1111111119
85497  -21.787  15.318  -4.978 0.1111111119
85494  -21.387  15.355  -3.957 0.1111111119
88445  -24.497  17.613  -8.658 0.1111111119
86476  -21.258  15.977  -3.006 0.1111111119
87489  -21.574  16.018  -2.267 0.1111111119
91080  -20.485  21.857  -11.928 0.1111111119
90218  -21.721  19.990  -12.116 0.1111111119
133728  -23.265  19.381  -10.593 0.1111111119
145434  -23.719  19.192  -10.040 0.1111111119
87495  -22.494  16.809  -3.547 0.1111111119
90170  -22.162  19.079  -7.746 0.1111111119
91070  -21.589  20.905  -9.493 0.1111111119
143023  -23.132  18.461  -6.685 0.1111111119
122797  -23.694  10.819  -5.130 0.1111111119
122761  -19.125  9.938  -10.022 0.4444444478
122618  -25.869  6.541  -2.609 0.1111111119
139492  -25.696  8.168  -2.980 0.1111111119
139478  -24.995  10.252  -4.333 0.1111111119
139472  -24.264  11.468  -5.557 0.1111111119
83542  -23.096  12.899  -9.875 0.2222222239
139639  -23.072  12.202  -9.792 0.2222222239
83534  -23.312  12.607  -9.015 0.1111111119
139426  -24.696  12.158  -6.249 0.1111111119
86509  -24.525  15.788  -8.582 0.1111111119
135917  -23.255  16.964  -9.564 0.1111111119
85546  -24.789  14.404  -8.008 0.1111111119
86524  -23.765  15.152  -9.181 0.1111111119
86500  -25.013  15.191  -8.075 0.1111111119
84503  -25.784  13.424  -5.767 0.1111111119
139418  -25.441  12.635  -5.605 0.1111111119
142307  -25.113  13.434  -7.079 0.2222222239
84564  -21.694  13.638  -10.671 0.3333333433
84525  -24.654  13.625  -7.754 0.2222222239
84548  -18.676  13.142  -10.003 0.3333333433
84566  -22.415  13.584  -9.859 0.2222222239
85579  -22.743  14.193  -9.687 0.1111111119
86536  -22.549  15.152  -9.776 0.1111111119
83541  -18.549  12.079  -9.147 0.3333333433
84539  -18.641  12.936  -9.360 0.3333333433
84523  -18.862  13.200  -8.357 0.1111111119
85564  -18.732  14.277  -9.162 0.3333333433
132645  -18.854  13.970  -10.240 0.3333333433
86542  -19.638  15.385  -11.093 0.2222222239
86543  -20.371  15.496  -11.293 0.1111111119
146808  -20.984  16.553  -11.430 0.1111111119
132383  -21.566  16.699  -11.161 0.1111111119
88467  -22.885  17.515  -10.154 0.1111111119
89349  -23.347  18.474  -10.091 0.1111111119
85544  -19.352  14.629  -7.717 0.1111111119
86497  -19.147  14.752  -8.151 0.1111111119
86521  -18.807  14.976  -9.043 0.3333333433
86508  -19.456  15.771  -8.137 0.1111111119
85577  -19.219  14.835  -10.459 0.3333333433
139923  -19.375  16.113  -10.964 0.2222222239
125971  -19.794  16.170  -11.262 0.1111111119
89347  -19.285  18.896  -10.981 0.1111111119
89356  -20.244  18.756  -11.783 0.1111111119
88476  -21.567  17.709  -11.376 0.1111111119
89348  -22.721  18.587  -10.689 0.1111111119
89358  -22.016  18.707  -11.459 0.1111111119
86488  -20.486  15.569  -6.667 0.1111111119
85530  -20.785  15.191  -6.203 0.1111111119
135920  -20.985  16.306  -6.654 0.1111111119
85511  -21.385  15.053  -5.556 0.1111111119
87515  -19.994  15.906  -7.539 0.1111111119
87517  -21.201  16.925  -6.897 0.1111111119
87526  -20.141  16.479  -7.929 0.1111111119
88442  -19.818  16.967  -8.998 0.1111111119
89322  -20.486  18.650  -9.275 0.1111111119
89337  -19.786  18.765  -10.240 0.1111111119
146684  -19.706  19.673  -11.067 0.1111111119
91069  -20.699  20.733  -10.220 0.1111111119
90217  -20.710  19.758  -12.060 0.1111111119
90226  -21.107  21.032  -12.228 0.1111111119
87494  -22.285  16.572  -4.189 0.1111111119
87503  -22.739  16.803  -5.889 0.1111111119
89310  -22.211  18.418  -7.171 0.1111111119
90182  -21.304  19.039  -8.630 0.1111111119
143744  -21.185  20.008  -9.328 0.1111111119
77196  -26.499  6.026  -2.023 0.1111111119
85531  -25.706  14.725  -6.739 0.1111111119
91076  -20.545  21.575  -11.313 0.1111111119
90157  -22.905  18.774  -6.947 0.1111111119
144690  -21.884  16.412  -3.221 0.1111111119
122772  -26.408  7.020  -2.082 0.1111111119
86501  -25.540  15.444  -7.342 0.1111111119
84524  -19.179  13.851  -7.810 0.1111111119
83517  -19.824  12.790  -6.397 0.1111111119
129778  -21.556  14.641  -4.830 0.1111111119
91087  -21.151  22.075  -12.512 0.1111111119
90207  -22.630  19.614  -11.328 0.1111111119
90196  -21.900  19.957  -8.520 0.1111111119
91056  -22.429  20.936  -8.722 0.1111111119
91867  -21.172  21.849  -10.517 0.1111111119
65429  -21.251  -5.482  -0.148 0.2222222239
66561  -21.741  -4.807  -0.666 0.2222222239
63218  -19.759  -7.057  1.859 0.3333333433
65430  -22.158  -5.525  -0.766 0.4444444478
139521  -19.724  7.295  -7.316 0.2222222239
122883  -18.850  9.678  -6.795 0.1111111119
122706  -18.384  10.096  -7.250 0.1111111119
122781  -18.277  9.663  -7.499 0.2222222239
75027  -18.533  4.166  -2.634 0.2222222239
75013  -19.025  3.080  -2.897 0.1111111119
131819  -21.072  -6.126  0.241 0.2222222239
75012  -18.451  3.472  -2.398 0.1111111119
132584  -19.591  6.353  -4.031 0.1111111119
122575  -20.332  7.968  -6.536 0.1111111119
122589  -20.190  9.351  -6.671 0.1111111119
122694  -20.043  10.148  -6.682 0.1111111119
122829  -18.741  10.907  -7.333 0.1111111119
122577  -20.053  7.056  -5.152 0.1111111119
63210  -19.593  -7.180  2.089 0.2222222239
64287  -20.449  -6.234  1.068 0.2222222239
122574  -20.242  7.315  -6.061 0.1111111119
69825  -21.657  -1.249  -2.716 0.3333333433
122661  -18.697  7.681  -7.547 0.3333333433
122576  -18.659  8.746  -6.948 0.3333333433
139520  -18.397  9.468  -7.155 0.1111111119
65418  -20.711  -5.762  0.563 0.2222222239
122660  -19.243  8.109  -6.833 0.1111111119
139438  -19.228  8.785  -6.711 0.1111111119
78972  -19.734  6.530  -4.317 0.1111111119
139444  -20.165  8.578  -6.781 0.1111111119
122578  -20.390  7.798  -5.810 0.1111111119
122598  -20.528  8.691  -5.820 0.1111111119
122846  -20.378  8.808  -6.451 0.1111111119
143413  -30.253  -3.364  1.314 0.1111111119
54218  -22.251  -15.805  8.215 0.1111111119
54219  -23.638  -15.243  8.190 0.1111111119
54208  -23.592  -15.505  9.162 0.1111111119
54224  -20.623  -15.368  7.934 0.1111111119
148427  -21.274  -15.513  7.663 0.1111111119
55397  -21.199  -15.012  7.199 0.1111111119
55406  -20.543  -14.027  6.781 0.1111111119
56557  -19.851  -13.046  6.753 0.1111111119
63197  -20.202  -7.309  2.514 0.1111111119
127439  -21.278  -4.616  -0.272 0.1111111119
71850  -20.608  0.384  -2.914 0.2222222239
71849  -19.950  1.283  -2.715 0.2222222239
66570  -21.721  -4.097  -1.045 0.1111111119
131944  -20.629  -15.907  8.641 0.1111111119
54207  -22.618  -15.819  9.052 0.1111111119
54220  -24.439  -15.118  8.693 0.1111111119
54216  -19.884  -15.397  8.644 0.1111111119
55396  -20.291  -14.576  7.508 0.1111111119
56548  -19.681  -13.584  7.334 0.1111111119
57661  -19.549  -12.149  6.809 0.1111111119
58738  -20.429  -11.075  5.866 0.1111111119
64251  -19.162  -6.870  2.252 0.1111111119
65417  -20.205  -5.753  1.299 0.1111111119
72905  -19.439  1.916  -2.369 0.2222222239
72916  -18.798  2.457  -2.118 0.1111111119
53155  -21.850  -16.156  8.830 0.1111111119
72917  -19.494  1.862  -2.552 0.2222222239
137115  -18.627  2.711  -2.211 0.1111111119
70872  -21.182  -0.301  -2.852 0.2222222239
67696  -22.110  -3.681  -1.936 0.1111111119
59816  -20.667  -10.399  5.675 0.1111111119
62130  -20.648  -8.221  3.200 0.1111111119
58728  -19.896  -11.573  6.300 0.1111111119
54225  -21.843  -15.507  7.580 0.1111111119
134026  -22.977  -15.551  8.430 0.1111111119
54217  -21.388  -15.900  8.159 0.1111111119
53154  -21.190  -16.225  8.838 0.1111111119
55390  -19.739  -14.741  8.166 0.1111111119
125796  -19.923  -6.936  2.593 0.1111111119
71835  -20.538  0.569  -1.892 0.1111111119
55395  -19.593  -14.111  7.761 0.1111111119
56547  -19.224  -12.701  7.509 0.1111111119
63178  -20.573  -7.926  3.379 0.1111111119
127790  -20.784  -7.058  3.987 0.1111111119
64264  -18.954  -6.793  1.979 0.1111111119
134645  -19.314  2.167  -1.323 0.1111111119
72904  -18.230  2.730  -0.610 0.1111111119
76118  -18.946  4.708  -3.190 0.1111111119
141484  -21.228  -0.434  -1.728 0.1111111119
134609  -18.079  4.082  -2.000 0.1111111119
77206  -18.880  5.481  -2.946 0.1111111119
78092  -19.362  5.983  -3.506 0.1111111119
67742  -25.137  -2.744  -5.909 0.8888888955
68820  -24.667  -2.368  -6.300 0.8888888955
69872  -25.093  -1.823  -6.569 0.8888888955
69873  -25.664  -1.809  -6.528 1.0000000000
72895  -18.770  2.445  -0.806 0.1111111119
73906  -18.070  2.999  -0.265 0.1111111119
73907  -18.260  2.889  -0.373 0.1111111119
73923  -17.893  3.095  -0.401 0.1111111119
73932  -18.151  2.970  -1.752 0.1111111119
76161  -23.089  3.789  -8.089 0.7777777910
81536  -18.256  10.291  -8.193 0.2222222239
81543  -18.184  10.356  -8.828 0.4444444478
81553  -19.289  10.556  -10.389 0.4444444478
82471  -18.312  10.783  -8.253 0.2222222239
82484  -18.300  11.414  -9.017 0.3333333433
82507  -20.722  11.729  -11.071 0.4444444478
83533  -18.470  11.771  -8.676 0.3333333433
83549  -18.963  12.409  -10.314 0.3333333433
84512  -19.895  13.958  -6.430 0.1111111119
84522  -18.688  13.083  -8.743 0.3333333433
84531  -18.570  12.637  -8.888 0.2222222239
84549  -19.096  13.233  -10.571 0.3333333433
84561  -19.337  13.984  -10.815 0.3333333433
85542  -18.815  13.748  -8.715 0.2222222239
85591  -21.261  14.305  -10.784 0.3333333433
86498  -19.547  15.285  -7.712 0.1111111119
86499  -20.272  15.742  -7.143 0.1111111119
86522  -19.115  15.692  -9.007 0.2222222239
86541  -19.348  15.663  -10.541 0.2222222239
87547  -19.333  16.239  -10.431 0.2222222239
87549  -22.398  15.898  -10.192 0.1111111119
88400  -23.051  17.255  -4.037 0.1111111119
88418  -23.072  17.909  -6.504 0.1111111119
88474  -20.015  17.858  -11.581 0.1111111119
89336  -19.307  18.205  -10.561 0.1111111119
89355  -19.466  18.475  -11.249 0.1111111119
90225  -20.536  20.802  -11.816 0.1111111119
91086  -20.634  21.984  -12.271 0.1111111119
122586  -18.641  10.181  -6.733 0.1111111119
122735  -18.344  2.750  -0.502 0.1111111119
122788  -20.042  6.786  -5.436 0.2222222239
122806  -18.664  9.080  -9.525 0.4444444478
123136  -21.653  6.285  -8.909 0.6666666865
125157  -19.278  11.678  -10.634 0.3333333433
125606  -20.688  16.021  -11.371 0.1111111119
125972  -19.093  11.085  -10.420 0.4444444478
132267  -19.631  6.029  -4.341 0.4444444478
135009  -18.375  8.836  -7.493 0.4444444478
135640  -23.718  -3.070  -5.811 0.8888888955
136323  -21.412  13.126  -11.052 0.3333333433
137075  -20.724  18.047  -11.744 0.1111111119
139187  -28.595  -7.236  4.568 0.1111111119
139434  -18.879  7.262  -9.582 0.4444444478
139506  -19.682  9.968  -10.336 0.5555555820
139508  -21.052  10.270  -10.749 0.4444444478
139534  -24.848  11.016  -4.412 0.1111111119
140767  -22.279  17.638  -6.685 0.1111111119
145911  -18.760  14.019  -8.943 0.3333333433
147367  -18.950  15.365  -9.493 0.3333333433
147707  -25.033  -8.645  -0.897 0.8888888955
147890  -20.035  -14.086  7.339 0.1111111119
