#!ascii label  , from subject sub-v2s4x29592_ses-1 vox2ras=TkReg
845
55443  -27.238  -15.701  11.897 0.4285714328
136989  -27.110  -14.108  10.837 0.2857142985
56399  -26.963  -14.838  11.310 0.4285714328
56413  -27.859  -14.102  11.318 0.4285714328
57390  -28.805  -13.828  11.333 0.4285714328
57424  -27.190  -12.900  10.144 0.2857142985
57425  -28.054  -12.849  10.574 0.4285714328
58343  -28.666  -12.465  10.339 0.4285714328
58380  -27.287  -11.743  8.909 0.4285714328
58381  -28.228  -11.419  9.124 0.4285714328
59372  -27.737  -11.472  8.091 0.4285714328
59373  -28.789  -11.198  8.177 0.4285714328
60372  -28.382  -10.555  6.603 0.5714285970
125004  -28.655  -10.944  7.275 0.5714285970
60358  -29.464  -10.838  7.737 0.4285714328
130130  -29.914  -10.398  7.532 0.2857142985
60373  -29.288  -10.373  6.950 0.7142857313
61405  -30.315  -9.173  6.679 0.7142857313
61406  -31.107  -8.764  6.803 0.4285714328
61404  -29.601  -9.630  6.465 0.7142857313
62461  -31.515  -8.278  6.124 0.5714285970
62459  -29.868  -9.036  6.105 0.5714285970
62475  -30.781  -8.109  5.335 0.5714285970
63437  -31.519  -7.739  5.330 0.5714285970
144569  -30.308  -8.379  5.387 0.5714285970
63428  -32.778  -7.993  5.917 0.4285714328
63456  -32.010  -6.733  4.537 0.5714285970
64448  -32.506  -6.155  3.982 0.5714285970
145373  -30.631  -7.521  4.305 0.7142857313
64449  -33.580  -6.181  4.144 0.5714285970
138197  -31.159  -6.926  4.019 0.5714285970
63453  -28.778  -8.007  3.777 0.5714285970
64447  -31.459  -6.598  3.078 0.8571428657
65515  -32.921  -5.718  3.346 0.7142857313
143554  -34.768  -5.827  3.610 0.5714285970
64446  -30.635  -7.220  2.954 0.7142857313
64468  -29.939  -7.481  2.318 0.5714285970
66514  -33.663  -5.553  1.516 0.7142857313
64472  -35.062  -5.162  3.149 0.5714285970
144136  -32.166  -6.149  2.768 0.7142857313
65533  -32.651  -6.147  1.756 0.7142857313
66535  -34.639  -5.281  1.302 0.5714285970
65555  -35.609  -4.726  2.307 0.5714285970
64471  -31.683  -7.062  1.470 0.5714285970
65553  -32.109  -7.150  0.518 0.7142857313
66546  -34.834  -5.855  -0.093 0.7142857313
126650  -35.530  -5.186  1.008 0.7142857313
65566  -32.543  -6.873  0.097 0.7142857313
66534  -33.757  -6.208  0.219 0.7142857313
124454  -35.627  -5.737  -0.738 0.7142857313
66547  -36.009  -5.516  -0.137 0.5714285970
65567  -33.142  -6.462  -0.107 0.7142857313
124636  -31.724  -7.101  0.524 0.5714285970
142593  -36.975  -5.303  -1.278 0.5714285970
67512  -36.840  -4.538  -1.367 0.5714285970
141146  -33.250  -6.081  -0.428 0.8571428657
66544  -32.737  -6.133  -0.261 0.8571428657
67511  -36.015  -4.446  -1.458 0.7142857313
67506  -35.032  -4.707  -1.095 0.7142857313
67496  -33.544  -5.295  -0.539 0.8571428657
67497  -34.502  -5.636  -0.524 0.7142857313
69517  -34.450  -2.605  -0.984 0.8571428657
68516  -36.213  -3.394  -1.246 0.5714285970
68507  -34.316  -3.537  -1.118 0.8571428657
69501  -33.932  -2.883  -0.583 0.8571428657
68494  -33.875  -4.118  -0.687 0.8571428657
70499  -34.014  -0.954  -0.340 0.8571428657
70511  -34.177  -0.775  -1.604 0.8571428657
72516  -33.514  0.908  -1.491 0.8571428657
71495  -33.891  -0.003  -0.825 0.8571428657
72483  -33.579  0.991  1.199 1.0000000000
70485  -33.953  -1.090  0.824 0.8571428657
131533  -33.757  0.936  -0.016 1.0000000000
71487  -33.956  -0.038  0.588 1.0000000000
73349  -33.388  2.674  0.990 1.0000000000
74164  -30.689  3.295  2.397 0.7142857313
72494  -33.682  1.873  0.585 1.0000000000
127307  -33.379  1.928  1.398 1.0000000000
132891  -30.540  5.653  2.602 1.0000000000
77906  -29.758  7.127  2.903 0.8571428657
76996  -30.659  6.656  2.881 1.0000000000
79666  -30.875  9.164  3.476 0.8571428657
78767  -30.166  8.531  3.346 0.8571428657
77907  -30.440  7.663  3.131 1.0000000000
132900  -31.060  10.869  3.338 0.8571428657
80562  -30.570  10.119  3.419 0.8571428657
139823  -30.230  10.877  2.940 0.7142857313
80578  -29.250  10.839  2.532 0.5714285970
82259  -30.236  12.359  2.463 0.7142857313
82260  -31.078  12.301  2.629 0.5714285970
82274  -28.636  12.684  1.698 0.5714285970
81447  -28.897  11.741  2.093 0.5714285970
141181  -29.227  12.884  1.846 0.4285714328
83081  -29.627  14.038  1.652 0.4285714328
83082  -30.352  13.603  1.890 0.4285714328
133927  -28.535  15.323  1.673 0.2857142985
83868  -28.482  14.467  1.545 0.2857142985
84673  -28.002  16.119  1.821 0.2857142985
57403  -27.527  -13.494  10.718 0.2857142985
63455  -31.550  -7.277  4.761 0.5714285970
65516  -33.919  -5.329  3.267 0.5714285970
66555  -36.244  -5.387  -1.194 0.7142857313
141460  -34.854  -1.335  -1.589 0.8571428657
71507  -33.593  0.136  -2.063 0.8571428657
126419  -32.236  3.771  2.082 0.8571428657
86432  -28.234  18.010  2.468 0.1428571492
57402  -26.739  -13.674  10.284 0.2857142985
58364  -26.976  -12.450  9.422 0.2857142985
58365  -27.860  -12.156  9.848 0.4285714328
59361  -29.335  -11.391  9.212 0.4285714328
59392  -28.064  -11.243  7.489 0.4285714328
59374  -29.834  -11.059  8.570 0.4285714328
59391  -27.344  -11.593  7.180 0.5714285970
61390  -30.075  -9.836  7.133 0.4285714328
135955  -28.059  -10.050  6.043 0.2857142985
61403  -28.837  -9.928  6.204 0.7142857313
62460  -30.516  -8.581  6.022 0.4285714328
62474  -29.756  -8.617  5.439 0.5714285970
63440  -34.111  -7.603  5.452 0.4285714328
62489  -29.291  -8.264  4.630 0.7142857313
62490  -30.107  -8.158  4.808 0.7142857313
63438  -32.417  -7.477  5.344 0.7142857313
63457  -33.239  -6.951  4.918 0.4285714328
63470  -29.311  -7.674  3.036 0.5714285970
63471  -30.063  -7.615  2.971 0.5714285970
66536  -36.531  -4.678  1.292 0.5714285970
64469  -30.439  -7.417  2.159 0.5714285970
65534  -36.082  -5.362  2.789 0.5714285970
65554  -32.933  -6.687  0.290 0.7142857313
65552  -31.358  -7.295  0.931 0.8571428657
66545  -33.726  -6.133  -0.220 0.7142857313
69526  -35.239  -2.239  -1.298 0.5714285970
127017  -33.737  -2.418  0.561 1.0000000000
72502  -33.593  1.855  -0.762 1.0000000000
71475  -33.094  0.618  1.761 1.0000000000
73329  -31.475  2.963  2.374 0.8571428657
75036  -30.320  4.014  2.446 0.7142857313
75037  -31.036  4.305  2.441 1.0000000000
75047  -32.640  4.330  1.794 1.0000000000
131999  -30.413  4.812  2.502 0.7142857313
75038  -31.889  4.358  2.254 1.0000000000
75035  -29.409  4.491  2.370 0.7142857313
133304  -31.214  5.983  2.613 0.8571428657
133267  -28.982  13.453  1.643 0.7142857313
134876  -29.436  12.388  2.113 0.7142857313
83869  -29.314  14.884  1.594 0.2857142985
145172  -29.878  14.583  1.622 0.4285714328
82276  -30.693  13.003  2.251 0.4285714328
83870  -30.500  14.344  1.694 0.4285714328
84674  -29.189  15.838  1.571 0.2857142985
62473  -28.919  -8.705  5.272 0.4285714328
82275  -29.804  13.081  1.953 0.7142857313
56400  -27.897  -14.890  11.835 0.4285714328
56412  -26.452  -14.502  10.452 0.2857142985
126645  -28.246  -13.418  11.017 0.4285714328
57423  -26.364  -13.274  9.381 0.2857142985
59371  -26.848  -11.920  7.759 0.2857142985
60357  -27.840  -11.093  6.923 0.4285714328
61418  -29.241  -9.255  5.830 0.5714285970
63458  -34.338  -6.908  4.744 0.5714285970
63454  -29.674  -7.819  3.913 0.7142857313
64470  -31.018  -7.338  1.790 0.5714285970
66515  -34.594  -4.930  2.568 0.5714285970
64486  -30.630  -7.245  1.643 0.7142857313
68515  -35.173  -3.464  -1.379 0.8571428657
69500  -34.034  -1.909  -0.213 0.8571428657
70500  -34.495  -1.642  -0.980 0.8571428657
68493  -33.238  -3.721  0.123 0.8571428657
73330  -32.809  2.500  1.833 1.0000000000
142991  -30.852  3.817  2.438 0.8571428657
80561  -29.838  10.259  2.922 0.8571428657
81432  -30.644  11.614  2.882 0.7142857313
141183  -29.778  11.643  2.543 0.5714285970
83080  -28.010  13.637  1.447 0.4285714328
85509  -28.358  16.811  1.699 0.2857142985
86439  -27.386  16.833  2.225 0.1428571492
61417  -28.495  -9.364  5.695 0.2857142985
84678  -32.796  15.339  0.844 0.2857142985
85513  -32.523  16.812  0.775 0.1428571492
133530  -31.860  15.216  1.287 0.2857142985
84677  -32.160  16.045  0.962 0.1428571492
84675  -30.264  15.892  1.295 0.1428571492
133775  -30.939  15.143  1.531 0.2857142985
84676  -31.205  15.957  1.184 0.1428571492
83873  -33.339  14.701  0.648 0.2857142985
83872  -32.429  14.498  1.226 0.2857142985
82280  -33.923  12.122  1.120 0.2857142985
83086  -33.482  13.067  0.943 0.2857142985
85512  -31.413  16.914  1.064 0.1428571492
83871  -31.514  14.384  1.569 0.2857142985
82262  -32.612  11.956  2.265 0.2857142985
81448  -33.387  10.871  2.129 0.1428571492
82279  -33.123  12.315  1.688 0.2857142985
135526  -32.817  13.081  1.488 0.2857142985
83084  -32.114  13.553  1.612 0.2857142985
79691  -34.762  9.396  0.559 0.1428571492
79682  -34.216  9.787  1.189 0.1428571492
82263  -33.112  11.635  2.096 0.4285714328
82261  -31.912  12.180  2.516 0.2857142985
78786  -33.297  8.449  1.946 0.2857142985
131191  -32.165  10.014  2.859 0.4285714328
81434  -32.210  11.466  2.657 0.2857142985
83083  -31.138  13.635  1.894 0.2857142985
125763  -34.025  7.439  0.397 0.1428571492
79669  -33.193  9.193  2.211 0.2857142985
79667  -31.760  9.274  3.037 0.5714285970
141602  -31.784  10.772  2.929 0.7142857313
77040  -33.842  6.587  -0.192 0.1428571492
77923  -33.319  7.591  1.605 0.1428571492
80563  -31.379  10.032  3.244 0.7142857313
81433  -31.440  11.552  2.901 0.4285714328
78770  -32.732  8.567  2.423 0.4285714328
125380  -33.569  6.441  -1.538 0.2857142985
76997  -31.562  6.655  2.665 0.8571428657
76998  -32.318  6.616  2.352 0.8571428657
78768  -31.548  8.454  3.084 0.5714285970
76036  -33.145  6.324  -2.834 0.2857142985
143058  -32.928  6.331  -2.684 0.2857142985
133603  -32.186  7.956  2.657 0.7142857313
78766  -29.265  8.646  2.982 0.5714285970
77908  -31.334  7.538  2.986 0.8571428657
75087  -33.555  5.389  -2.910 0.1428571492
75999  -33.407  6.029  0.867 0.7142857313
134230  -34.666  4.731  -2.485 0.1428571492
146610  -29.773  0.260  1.842 0.5714285970
72482  -32.806  1.502  1.979 0.8571428657
72463  -31.064  1.808  2.376 0.8571428657
72464  -31.795  1.357  2.398 0.4285714328
73328  -30.973  2.518  2.382 0.5714285970
75986  -31.354  5.136  2.451 0.8571428657
74184  -33.431  3.520  0.322 0.8571428657
75987  -31.954  5.864  2.446 0.8571428657
74235  -34.604  3.697  -2.812 0.2857142985
140122  -33.391  4.847  -0.041 0.8571428657
139438  -32.815  5.840  2.042 0.8571428657
135828  -35.332  3.083  -2.627 0.4285714328
75078  -33.117  5.206  -2.066 0.7142857313
75048  -33.369  5.266  0.308 0.7142857313
146127  -29.549  -0.398  1.859 0.2857142985
71455  -32.366  0.672  2.220 0.5714285970
71453  -30.460  0.610  2.164 0.5714285970
74183  -32.883  3.461  1.475 0.8571428657
125634  -33.235  4.397  0.755 0.8571428657
74233  -33.462  2.984  -3.240 0.4285714328
74213  -33.355  3.510  -2.368 0.8571428657
75065  -33.480  4.435  -0.619 0.8571428657
73382  -35.465  2.317  -2.835 0.4285714328
128281  -30.116  -5.108  1.989 0.7142857313
67476  -29.518  -3.902  2.206 0.4285714328
66533  -30.990  -6.121  1.043 0.7142857313
143436  -32.191  -3.481  1.500 0.8571428657
68466  -30.801  -3.037  2.254 0.5714285970
69498  -29.309  -1.244  1.983 0.5714285970
69497  -28.503  -1.422  1.555 0.4285714328
68468  -32.492  -2.589  1.799 0.8571428657
69477  -31.037  -1.882  2.433 0.5714285970
70464  -30.224  -0.091  2.065 0.5714285970
69499  -33.355  -1.247  1.482 0.8571428657
69479  -32.406  -0.945  2.120 0.7142857313
131304  -31.417  -0.914  2.352 0.5714285970
70529  -34.050  0.230  -3.151 0.7142857313
71534  -33.528  0.808  -3.235 0.7142857313
126886  -33.229  1.913  -2.445 0.7142857313
123598  -33.483  2.729  -1.534 0.8571428657
71496  -36.326  0.736  -0.895 0.2857142985
71509  -35.913  0.933  -2.077 0.4285714328
73393  -34.845  1.922  -3.415 0.5714285970
66532  -29.655  -5.724  2.118 0.4285714328
129080  -29.087  -4.566  2.287 0.4285714328
67495  -32.907  -5.006  -0.214 0.7142857313
67478  -32.277  -4.770  0.460 0.7142857313
68492  -32.781  -3.569  0.991 0.7142857313
68469  -33.239  -2.492  1.348 0.8571428657
69534  -35.291  -1.171  -1.673 0.7142857313
71508  -35.870  -0.135  -2.061 0.2857142985
70520  -35.267  -0.419  -2.580 0.5714285970
140885  -34.636  -0.236  -2.912 0.5714285970
64484  -28.871  -6.786  2.490 0.5714285970
126240  -30.876  -7.118  0.992 0.5714285970
140696  -30.404  -6.240  1.586 0.5714285970
127862  -36.659  -2.772  -0.715 0.4285714328
70513  -36.227  -1.143  -0.904 0.4285714328
125864  -36.285  -0.394  -1.012 0.4285714328
70512  -35.803  -0.898  -1.667 0.4285714328
65556  -36.775  -4.911  1.952 0.4285714328
67498  -37.328  -3.437  0.530 0.4285714328
66556  -36.641  -5.690  -0.873 0.4285714328
68517  -37.106  -3.878  -1.133 0.4285714328
59375  -30.726  -10.995  8.718 0.1428571492
66548  -37.164  -4.253  0.969 0.4285714328
66558  -37.401  -4.257  0.360 0.4285714328
60359  -30.564  -10.085  7.716 0.1428571492
60360  -31.358  -9.812  7.782 0.1428571492
62476  -33.320  -8.234  6.288 0.2857142985
63473  -37.005  -7.457  3.465 0.2857142985
127181  -39.100  -6.393  2.083 0.2857142985
145747  -37.632  -6.430  2.396 0.2857142985
64451  -35.221  -6.958  4.347 0.4285714328
64489  -39.148  -5.838  1.427 0.2857142985
64487  -37.242  -5.723  2.220 0.2857142985
64473  -35.492  -6.254  3.552 0.2857142985
64494  -38.761  -5.352  1.082 0.2857142985
65568  -37.696  -4.560  1.084 0.4285714328
60342  -31.040  -10.424  8.264 0.1428571492
136584  -31.768  -10.191  8.220 0.1428571492
60341  -30.250  -10.654  8.110 0.1428571492
146503  -32.318  -9.092  7.482 0.2857142985
62446  -32.432  -8.736  7.181 0.2857142985
62478  -35.472  -8.446  5.614 0.2857142985
63460  -36.410  -7.843  4.175 0.2857142985
63459  -35.725  -7.531  4.508 0.2857142985
63472  -36.072  -7.126  3.856 0.2857142985
61407  -34.797  -8.759  6.832 0.2857142985
61378  -33.119  -9.593  8.078 0.2857142985
128554  -34.054  -8.424  6.644 0.2857142985
62447  -33.295  -8.588  7.096 0.2857142985
61392  -31.731  -9.097  7.349 0.2857142985
62477  -34.650  -8.307  5.973 0.2857142985
57404  -28.987  -13.037  10.899 0.2857142985
59362  -30.308  -11.469  9.256 0.1428571492
128475  -28.911  -11.920  9.836 0.2857142985
59363  -31.225  -11.494  9.271 0.1428571492
135898  -28.096  -15.532  12.134 0.2857142985
55427  -27.863  -16.093  12.224 0.2857142985
54386  -27.232  -16.775  12.073 0.2857142985
58345  -30.329  -12.586  10.327 0.2857142985
144514  -26.515  -17.249  11.888 0.1428571492
61377  -32.243  -9.591  7.825 0.1428571492
61394  -33.541  -9.098  7.661 0.2857142985
62463  -35.242  -8.729  6.279 0.2857142985
63441  -35.069  -7.650  5.136 0.2857142985
63474  -37.954  -7.048  2.648 0.2857142985
140688  -37.881  -5.409  1.402 0.2857142985
65569  -39.107  -5.235  1.118 0.2857142985
143243  -30.617  -4.341  1.891 0.7142857313
66549  -38.046  -4.311  1.140 0.4285714328
66557  -37.285  -5.118  -0.810 0.4285714328
69527  -35.869  -1.902  -0.978 0.4285714328
70501  -36.666  -0.785  -0.275 0.2857142985
71488  -36.695  0.118  -0.047 0.2857142985
73391  -33.298  2.078  -3.225 0.7142857313
123195  -29.252  10.049  2.700 0.5714285970
72518  -35.880  1.820  -2.224 0.2857142985
138632  -30.891  8.260  3.336 0.8571428657
76030  -32.984  6.124  -2.176 0.5714285970
82277  -31.562  12.899  2.171 0.2857142985
134272  -33.616  9.894  1.936 0.1428571492
83085  -32.966  13.820  1.047 0.2857142985
55444  -28.846  -15.121  11.983 0.1428571492
55465  -26.043  -15.296  10.736 0.2857142985
57391  -29.812  -13.723  11.200 0.1428571492
58366  -29.869  -11.954  9.823 0.1428571492
60343  -32.488  -10.211  8.466 0.1428571492
60344  -33.383  -10.274  8.625 0.1428571492
62462  -32.502  -8.342  6.479 0.2857142985
142318  -37.127  -8.116  3.774 0.2857142985
63439  -33.321  -7.763  5.659 0.2857142985
62501  -37.976  -7.880  3.226 0.2857142985
64485  -29.702  -7.132  2.124 0.5714285970
66531  -28.621  -5.243  2.460 0.2857142985
66537  -38.836  -4.440  1.711 0.2857142985
143112  -31.251  -5.146  1.184 0.5714285970
69475  -28.874  -2.149  1.945 0.4285714328
68465  -29.765  -3.065  2.236 0.5714285970
66550  -38.761  -4.644  1.092 0.4285714328
71474  -28.934  0.206  1.557 0.2857142985
70465  -30.345  -0.916  2.257 0.5714285970
67500  -38.388  -3.980  1.469 0.2857142985
132937  -36.853  -5.007  0.131 0.4285714328
68467  -31.707  -2.800  2.125 0.7142857313
68471  -37.400  -2.496  1.865 0.1428571492
69502  -37.057  -1.944  0.589 0.4285714328
69518  -36.933  -2.137  -0.181 0.4285714328
122958  -36.928  -0.951  1.260 0.1428571492
73356  -33.585  2.698  -0.147 0.8571428657
70486  -36.912  -0.400  0.559 0.1428571492
71525  -34.788  0.210  -3.358 0.5714285970
73392  -34.036  2.506  -3.562 0.5714285970
130003  -33.324  4.527  -2.627 0.7142857313
74227  -36.223  3.501  -1.174 0.2857142985
75088  -35.904  4.375  -1.528 0.1428571492
138961  -30.032  15.101  1.526 0.2857142985
75086  -33.177  5.733  -2.684 0.4285714328
74226  -35.529  3.689  -2.097 0.4285714328
76037  -34.122  5.978  -2.538 0.1428571492
77014  -33.036  6.713  1.755 0.5714285970
77059  -33.900  6.731  -2.244 0.1428571492
141986  -30.605  16.597  1.221 0.1428571492
77909  -32.854  7.976  2.248 0.5714285970
77049  -34.142  6.922  -1.065 0.1428571492
78798  -33.820  8.306  1.190 0.1428571492
81435  -32.795  11.354  2.384 0.2857142985
80565  -32.971  9.978  2.451 0.2857142985
79681  -33.719  9.099  1.587 0.2857142985
79690  -34.291  8.909  0.933 0.1428571492
134017  -33.510  11.629  1.729 0.2857142985
81456  -34.598  11.444  0.726 0.2857142985
81449  -33.992  11.200  1.419 0.1428571492
80580  -34.519  10.633  1.037 0.1428571492
56402  -30.217  -14.509  11.490 0.1428571492
59364  -32.139  -11.529  9.343 0.1428571492
123036  -36.662  1.090  0.351 0.2857142985
129584  -34.801  10.087  0.640 0.1428571492
82288  -34.538  12.294  0.305 0.2857142985
55442  -26.399  -15.666  11.428 0.2857142985
56401  -28.547  -14.451  11.644 0.1428571492
128446  -29.358  -14.439  11.589 0.1428571492
57405  -29.870  -13.045  10.707 0.1428571492
61391  -30.835  -9.402  7.307 0.2857142985
62445  -31.863  -8.606  6.825 0.2857142985
63427  -32.179  -7.970  5.852 0.2857142985
64450  -34.585  -6.270  4.019 0.4285714328
67507  -37.343  -4.233  -0.648 0.4285714328
67477  -31.884  -6.023  0.374 0.7142857313
72530  -33.216  1.250  -3.057 0.7142857313
71476  -33.573  -0.122  1.348 0.8571428657
74166  -32.174  3.093  2.213 0.8571428657
79665  -29.759  9.479  3.364 0.5714285970
145740  -33.890  -8.139  5.977 0.2857142985
70467  -32.843  -0.148  1.920 0.5714285970
134635  -32.361  5.062  2.193 0.8571428657
82278  -32.363  12.671  1.966 0.2857142985
80564  -32.543  10.736  2.604 0.2857142985
80579  -33.923  10.478  1.546 0.1428571492
78799  -34.388  8.204  0.436 0.1428571492
77015  -33.571  6.865  0.924 0.1428571492
79668  -32.508  9.294  2.627 0.4285714328
78769  -32.163  8.677  2.762 0.5714285970
126642  -32.613  7.351  2.267 0.5714285970
76021  -33.560  5.952  -0.622 0.5714285970
145114  -31.988  7.232  2.613 0.7142857313
75093  -33.537  4.330  -2.783 0.4285714328
75998  -33.020  5.114  1.460 0.8571428657
133566  -30.954  -0.109  2.334 0.5714285970
133173  -30.995  1.176  2.381 0.5714285970
131830  -30.278  2.093  2.149 0.4285714328
71452  -29.661  0.901  1.786 0.4285714328
130122  -33.588  3.525  -0.982 0.8571428657
143232  -33.400  4.280  -1.819 0.8571428657
74225  -33.380  3.649  -2.907 0.4285714328
128328  -34.654  2.852  -3.240 0.5714285970
127669  -33.431  5.328  -0.900 0.8571428657
73381  -33.171  2.859  -3.029 0.7142857313
131011  -31.521  -4.164  1.447 0.7142857313
69476  -29.998  -2.016  2.376 0.5714285970
68491  -27.908  -1.890  1.324 0.2857142985
146558  -32.736  -1.755  1.860 0.7142857313
71536  -34.445  0.899  -3.599 0.5714285970
72535  -33.934  1.324  -3.613 0.7142857313
65551  -30.144  -6.805  1.732 0.5714285970
65550  -29.224  -6.333  2.296 0.5714285970
69528  -36.557  -1.669  -0.454 0.4285714328
68496  -37.416  -3.041  1.309 0.4285714328
68508  -37.170  -3.029  -0.264 0.4285714328
64474  -36.747  -6.518  3.014 0.2857142985
64488  -38.458  -6.178  1.761 0.2857142985
128797  -38.704  -4.848  0.940 0.4285714328
59376  -31.709  -10.819  8.789 0.1428571492
62491  -35.927  -8.149  4.887 0.2857142985
62448  -34.174  -8.892  7.370 0.2857142985
55428  -28.684  -16.050  12.273 0.1428571492
55429  -29.464  -15.658  12.064 0.1428571492
132688  -36.957  -1.281  0.194 0.2857142985
55445  -29.801  -15.061  11.811 0.1428571492
57392  -30.628  -14.047  11.213 0.1428571492
77905  -28.970  7.702  2.548 0.5714285970
134709  -28.389  6.949  2.307 0.4285714328
76994  -28.758  6.132  2.422 0.4285714328
125096  -29.116  6.797  2.598 0.5714285970
129039  -29.720  7.947  2.919 0.4285714328
75985  -29.138  5.378  2.436 0.4285714328
140413  -28.306  5.356  2.182 0.4285714328
76995  -29.689  6.133  2.645 0.5714285970
138177  -30.217  2.739  2.261 0.5714285970
64475  -39.441  -6.787  2.779 0.1428571492
139436  -39.263  -5.773  1.605 0.1428571492
65557  -39.247  -5.243  1.984 0.1428571492
60371  -27.593  -10.671  6.468 0.2857142985
63483  -38.804  -6.802  2.382 0.1428571492
62480  -39.961  -8.335  4.079 0.1428571492
63476  -39.770  -7.537  2.990 0.1428571492
63443  -39.425  -7.671  4.788 0.1428571492
135702  -39.619  -7.154  3.367 0.1428571492
62464  -38.869  -7.750  5.899 0.1428571492
60356  -27.091  -11.398  6.675 0.2857142985
62502  -38.937  -8.472  2.966 0.1428571492
62503  -39.757  -8.329  2.857 0.1428571492
62504  -40.061  -8.144  3.051 0.1428571492
61421  -39.686  -9.024  5.067 0.1428571492
62494  -40.185  -8.336  3.144 0.1428571492
124511  -40.183  -9.032  8.573 0.1428571492
62450  -39.155  -8.595  7.416 0.1428571492
62436  -39.817  -8.227  8.289 0.1428571492
60355  -26.262  -11.421  6.760 0.2857142985
62479  -36.098  -8.893  5.242 0.1428571492
61427  -36.564  -9.508  4.763 0.1428571492
62492  -36.742  -8.654  4.384 0.1428571492
62493  -37.750  -8.659  3.567 0.1428571492
61437  -40.318  -9.196  2.986 0.1428571492
61435  -38.536  -9.340  3.250 0.1428571492
61429  -40.379  -9.192  3.441 0.1428571492
61436  -39.772  -9.233  2.798 0.1428571492
128905  -39.679  -9.849  5.733 0.1428571492
60346  -39.623  -10.244  7.522 0.1428571492
61396  -39.383  -9.496  7.519 0.1428571492
59390  -26.557  -11.911  6.964 0.2857142985
58390  -26.109  -12.272  7.514 0.2857142985
133383  -25.703  -12.655  8.088 0.2857142985
61408  -35.449  -9.212  6.754 0.1428571492
61420  -36.196  -9.643  5.617 0.1428571492
61428  -37.364  -9.389  3.946 0.1428571492
127984  -40.217  -10.010  2.730 0.1428571492
145097  -40.391  -10.621  3.845 0.1428571492
134663  -39.458  -9.878  6.815 0.1428571492
60383  -40.155  -10.585  4.949 0.1428571492
127587  -41.019  -8.971  8.960 0.1428571492
61395  -34.976  -9.492  7.444 0.1428571492
61409  -35.955  -9.723  6.438 0.1428571492
60374  -35.751  -9.875  7.128 0.1428571492
60388  -36.437  -10.397  4.981 0.1428571492
60382  -36.347  -10.337  6.054 0.1428571492
133472  -39.457  -10.966  2.886 0.1428571492
60389  -37.024  -10.046  4.263 0.1428571492
60399  -40.434  -10.823  2.993 0.1428571492
135657  -38.303  -10.888  3.222 0.1428571492
60391  -40.487  -10.669  3.235 0.1428571492
141465  -39.852  -10.627  8.115 0.1428571492
59400  -40.187  -11.081  6.224 0.1428571492
61381  -40.559  -9.756  8.852 0.1428571492
60347  -40.295  -10.560  8.608 0.1428571492
60362  -35.472  -10.238  7.573 0.1428571492
61379  -34.084  -9.645  8.059 0.1428571492
59405  -36.376  -11.551  5.823 0.1428571492
141319  -36.494  -10.925  5.666 0.1428571492
60375  -36.206  -10.284  6.808 0.1428571492
135875  -37.173  -10.731  4.016 0.1428571492
124577  -39.689  -12.304  3.023 0.1428571492
59417  -38.639  -11.732  2.935 0.1428571492
58415  -40.053  -12.185  3.448 0.1428571492
59406  -40.261  -11.556  5.376 0.1428571492
59412  -40.232  -11.356  3.368 0.1428571492
59394  -40.013  -11.056  7.404 0.1428571492
126523  -40.271  -11.177  4.123 0.1428571492
58400  -36.103  -12.254  6.021 0.1428571492
59399  -36.548  -11.008  6.727 0.1428571492
58413  -37.797  -12.458  2.952 0.1428571492
58406  -36.140  -12.212  4.995 0.1428571492
58414  -38.862  -12.612  2.753 0.1428571492
59401  -40.330  -11.787  6.688 0.1428571492
123148  -40.226  -12.169  4.392 0.1428571492
59410  -36.498  -11.369  4.690 0.1428571492
60397  -39.278  -10.151  2.923 0.1428571492
61382  -41.512  -9.602  9.091 0.1428571492
141224  -41.838  -8.916  8.956 0.1428571492
61380  -39.776  -9.856  8.284 0.1428571492
63484  -39.194  -7.033  2.598 0.1428571492
64453  -39.386  -6.540  3.553 0.1428571492
130926  -26.431  -12.542  8.488 0.2857142985
59382  -40.185  -11.284  8.304 0.1428571492
62439  -42.396  -8.423  8.702 0.1428571492
74163  -29.658  3.355  2.229 0.4285714328
62438  -41.558  -8.284  8.870 0.1428571492
124939  -39.547  -9.046  8.119 0.1428571492
62437  -40.660  -8.281  8.754 0.1428571492
62449  -38.811  -7.808  6.903 0.1428571492
138982  -40.411  -7.685  8.564 0.1428571492
65518  -39.082  -5.895  3.764 0.1428571492
78765  -28.374  8.524  2.478 0.4285714328
79664  -28.688  9.443  2.666 0.4285714328
81459  -35.107  11.687  -0.052 0.1428571492
64490  -39.240  -6.235  2.082 0.1428571492
61419  -35.765  -9.068  6.031 0.1428571492
67480  -38.430  -3.651  1.970 0.1428571492
67479  -37.996  -3.135  1.792 0.1428571492
63475  -38.991  -7.576  2.705 0.1428571492
63485  -39.316  -6.839  2.676 0.1428571492
65536  -39.368  -5.967  2.557 0.1428571492
63461  -39.819  -7.686  3.672 0.1428571492
64435  -39.408  -7.037  4.288 0.1428571492
131839  -39.404  -8.250  5.236 0.1428571492
62509  -39.572  -7.533  2.893 0.1428571492
64426  -38.539  -6.347  6.078 0.1428571492
62465  -39.060  -8.479  6.223 0.1428571492
61410  -39.285  -9.249  6.510 0.1428571492
146360  -40.568  -9.689  3.045 0.1428571492
126757  -40.191  -9.737  4.442 0.1428571492
60390  -40.506  -10.057  3.443 0.1428571492
60376  -39.799  -10.456  6.497 0.1428571492
60396  -37.888  -10.094  3.519 0.1428571492
61430  -40.508  -10.149  2.956 0.1428571492
146217  -39.988  -10.459  2.708 0.1428571492
60361  -34.848  -10.307  8.022 0.1428571492
60363  -36.064  -10.602  7.311 0.1428571492
59418  -39.622  -11.669  2.929 0.1428571492
59411  -37.433  -11.555  3.509 0.1428571492
58401  -40.425  -12.475  5.830 0.1428571492
58407  -36.761  -12.284  3.862 0.1428571492
53421  -24.723  -17.726  11.543 0.1428571492
128727  -25.333  -16.987  11.491 0.1428571492
125307  -24.128  -17.485  11.312 0.1428571492
54396  -24.588  -16.916  11.146 0.1428571492
54397  -26.266  -16.551  11.707 0.1428571492
55441  -25.454  -16.152  11.146 0.1428571492
55464  -25.150  -15.615  10.283 0.1428571492
56431  -25.336  -14.368  9.360 0.1428571492
57422  -25.169  -13.785  8.847 0.1428571492
56432  -26.069  -14.140  9.699 0.1428571492
57433  -25.781  -13.293  8.613 0.1428571492
56430  -24.559  -14.215  9.259 0.1428571492
57421  -24.455  -13.504  8.852 0.1428571492
59369  -24.033  -11.820  8.250 0.1428571492
59370  -24.889  -11.870  7.399 0.1428571492
59388  -25.236  -11.071  7.095 0.1428571492
59389  -25.713  -11.997  6.955 0.1428571492
60370  -26.811  -10.704  6.503 0.1428571492
61402  -27.268  -9.965  6.172 0.1428571492
60369  -25.944  -10.431  6.731 0.2857142985
61416  -27.679  -9.336  5.690 0.2857142985
63469  -28.295  -7.483  3.169 0.4285714328
64467  -29.079  -7.284  2.613 0.4285714328
73327  -29.557  2.448  1.968 0.2857142985
142177  -26.914  7.084  1.508 0.2857142985
77922  -28.010  7.749  2.200 0.2857142985
78785  -27.642  8.403  2.139 0.4285714328
61389  -25.201  -10.083  7.052 0.1428571492
61401  -26.443  -9.820  6.325 0.2857142985
58378  -24.289  -12.711  8.547 0.1428571492
60340  -24.208  -11.076  7.684 0.1428571492
61400  -25.522  -9.448  6.529 0.2857142985
145053  -26.109  -9.164  5.972 0.2857142985
61415  -26.829  -9.263  5.782 0.2857142985
130846  -28.121  -8.656  5.313 0.2857142985
62488  -28.464  -8.256  4.646 0.4285714328
63452  -27.921  -7.933  3.910 0.4285714328
63468  -27.522  -7.358  3.540 0.2857142985
72461  -29.579  1.668  1.825 0.2857142985
73347  -28.101  2.338  1.543 0.2857142985
73326  -28.787  2.831  1.812 0.2857142985
74181  -27.292  3.604  1.441 0.2857142985
74162  -28.691  3.717  1.971 0.2857142985
75034  -28.464  4.534  2.090 0.2857142985
75996  -26.580  5.816  1.138 0.2857142985
77010  -25.847  6.153  0.644 0.2857142985
129547  -27.584  7.045  1.928 0.2857142985
62472  -27.252  -8.588  5.397 0.2857142985
73348  -28.768  1.977  1.651 0.2857142985
74182  -27.874  3.122  1.587 0.2857142985
75046  -27.080  4.222  1.383 0.2857142985
132171  -26.793  4.979  1.252 0.2857142985
75984  -27.650  4.773  1.754 0.2857142985
75997  -27.397  5.594  1.682 0.2857142985
74180  -26.657  3.643  1.102 0.2857142985
75045  -26.356  4.332  0.767 0.2857142985
127366  -25.759  -13.848  9.086 0.1428571492
56411  -25.668  -14.895  9.940 0.1428571492
77013  -27.920  6.247  2.071 0.2857142985
139544  -25.454  -12.253  7.499 0.1428571492
58379  -24.883  -12.367  8.033 0.1428571492
55463  -24.368  -15.699  10.177 0.1428571492
56410  -24.676  -15.025  9.719 0.1428571492
57432  -25.055  -13.108  8.417 0.1428571492
77011  -26.432  6.637  1.120 0.2857142985
62487  -27.646  -8.087  4.882 0.4285714328
65532  -27.564  -6.194  3.135 0.2857142985
133041  -28.185  -6.839  2.802 0.2857142985
83882  -36.029  15.194  -1.321 0.1428571492
133307  -35.579  14.658  -0.892 0.1428571492
125493  -34.709  14.209  -0.296 0.1428571492
144460  -34.071  13.476  0.270 0.1428571492
141024  -34.049  12.795  0.505 0.1428571492
85524  -34.191  16.322  -0.193 0.1428571492
65549  -28.159  -5.962  2.757 0.2857142985
66530  -27.513  -4.803  2.640 0.2857142985
82293  -35.069  12.616  -0.461 0.1428571492
83096  -35.419  13.719  -0.774 0.1428571492
83092  -34.583  13.181  -0.129 0.1428571492
83877  -34.306  14.905  -0.054 0.1428571492
84683  -34.781  15.631  -0.539 0.1428571492
84682  -33.786  15.497  0.228 0.1428571492
84681  -33.154  16.110  0.548 0.1428571492
83091  -33.759  14.046  0.401 0.1428571492
84688  -36.436  15.887  -1.844 0.1428571492
144960  -26.637  2.422  1.050 0.1428571492
73346  -27.327  2.315  1.310 0.1428571492
127110  -26.999  3.017  1.287 0.1428571492
75995  -25.923  5.172  0.479 0.1428571492
77048  -23.090  6.675  -0.332 0.1428571492
77037  -23.944  6.550  -0.357 0.1428571492
72480  -27.721  1.398  1.328 0.1428571492
76020  -25.191  5.811  0.047 0.1428571492
144727  -22.762  8.042  -0.302 0.1428571492
122753  -24.060  8.224  -0.190 0.1428571492
78795  -24.016  9.082  0.437 0.2857142985
134992  -28.904  -3.006  2.084 0.2857142985
68464  -28.083  -2.650  1.746 0.1428571492
71472  -27.312  -0.064  1.004 0.1428571492
71473  -28.027  0.485  1.273 0.1428571492
72479  -26.625  1.580  0.972 0.1428571492
73383  -35.940  2.703  -1.841 0.1428571492
134582  -26.302  3.000  0.910 0.1428571492
77039  -25.839  6.893  0.704 0.1428571492
78797  -25.660  8.300  0.769 0.1428571492
78796  -25.063  9.058  0.684 0.2857142985
139905  -26.532  9.108  1.473 0.2857142985
139941  -27.287  12.246  1.403 0.2857142985
81455  -26.522  12.124  1.355 0.2857142985
82273  -27.639  12.861  1.420 0.2857142985
84672  -27.035  16.372  1.831 0.1428571492
78784  -27.057  8.751  1.845 0.2857142985
135781  -25.915  9.064  1.048 0.2857142985
79679  -27.090  9.635  1.676 0.2857142985
79663  -28.657  10.267  2.392 0.2857142985
80577  -27.307  10.567  1.606 0.2857142985
81444  -26.371  11.166  1.316 0.2857142985
137817  -28.206  10.976  1.999 0.2857142985
81445  -27.329  11.475  1.491 0.2857142985
81446  -28.048  11.965  1.589 0.2857142985
83078  -26.057  13.729  1.587 0.2857142985
86440  -28.791  17.431  1.915 0.1428571492
129648  -25.446  12.108  1.386 0.1428571492
81454  -24.542  11.781  1.344 0.1428571492
82287  -25.846  12.912  1.485 0.2857142985
83079  -26.956  13.763  1.495 0.1428571492
133831  -27.285  14.549  1.598 0.1428571492
78781  -22.421  9.450  0.559 0.2857142985
83866  -25.595  14.238  1.689 0.1428571492
84665  -26.673  16.521  2.179 0.1428571492
83867  -26.180  14.706  1.708 0.1428571492
79674  -20.274  10.004  1.929 0.1428571492
71477  -36.854  0.477  0.902 0.1428571492
70483  -27.988  -0.310  1.208 0.1428571492
144715  -26.882  0.821  1.038 0.1428571492
73368  -36.321  2.676  -0.676 0.1428571492
72493  -25.957  1.458  0.653 0.1428571492
74197  -24.871  3.502  0.337 0.1428571492
75063  -24.237  4.161  0.193 0.1428571492
75044  -25.658  4.346  0.244 0.1428571492
76018  -23.356  5.714  -0.362 0.1428571492
121644  -24.679  6.404  -0.153 0.1428571492
78793  -22.124  8.407  0.036 0.1428571492
77937  -25.420  7.509  0.418 0.1428571492
79689  -26.240  9.720  1.296 0.1428571492
80586  -25.805  10.490  1.221 0.1428571492
80587  -26.599  10.294  1.391 0.2857142985
146037  -25.365  11.253  1.299 0.1428571492
83861  -25.658  14.569  1.777 0.1428571492
83090  -25.364  13.582  1.663 0.2857142985
144189  -26.794  15.100  1.731 0.1428571492
123272  -36.431  1.844  -0.176 0.1428571492
72503  -36.193  1.788  -1.289 0.1428571492
132587  -27.517  15.364  1.735 0.1428571492
132563  -27.758  9.127  2.226 0.2857142985
70484  -28.674  -0.709  1.543 0.1428571492
69496  -27.743  -1.105  1.116 0.1428571492
72481  -28.803  1.124  1.517 0.1428571492
138633  -36.825  -0.079  1.476 0.1428571492
77920  -26.236  7.517  1.128 0.1428571492
77921  -27.081  7.843  1.814 0.1428571492
78783  -26.395  8.419  1.386 0.1428571492
73345  -26.057  2.222  0.665 0.1428571492
74198  -25.485  3.765  0.317 0.1428571492
140987  -25.042  4.926  -0.216 0.1428571492
73344  -25.573  2.981  0.571 0.1428571492
76019  -24.401  5.674  -0.307 0.1428571492
77935  -23.465  7.579  -0.358 0.1428571492
77936  -24.562  7.349  -0.167 0.1428571492
78794  -23.140  8.617  0.023 0.1428571492
134333  -27.318  0.526  1.107 0.1428571492
82272  -26.730  12.934  1.399 0.2857142985
85498  -26.776  17.259  1.806 0.1428571492
79680  -27.981  9.989  2.031 0.2857142985
85510  -29.634  16.789  1.410 0.1428571492
79688  -25.380  9.837  0.975 0.1428571492
84671  -26.627  15.537  1.914 0.1428571492
62444  -24.098  -8.514  7.299 0.1428571492
62458  -25.562  -8.584  6.004 0.1428571492
63425  -24.060  -7.862  6.733 0.1428571492
63434  -24.023  -7.119  6.057 0.1428571492
63435  -25.046  -7.138  5.635 0.1428571492
63426  -24.927  -7.795  6.160 0.1428571492
64434  -24.828  -6.296  5.302 0.1428571492
62470  -25.790  -7.714  5.447 0.1428571492
64444  -25.739  -6.249  4.496 0.1428571492
63450  -26.331  -7.059  4.598 0.1428571492
63451  -27.178  -7.496  4.305 0.1428571492
143233  -26.377  -6.480  4.171 0.1428571492
65501  -24.257  -5.391  5.142 0.1428571492
65514  -25.644  -5.522  4.031 0.1428571492
64445  -26.895  -6.736  3.810 0.1428571492
64465  -26.851  -5.834  3.518 0.1428571492
132416  -27.989  -4.136  2.318 0.1428571492
78782  -23.144  9.562  0.457 0.1428571492
61388  -24.653  -9.360  7.110 0.1428571492
63412  -23.432  -7.829  7.420 0.1428571492
67475  -28.471  -3.511  2.137 0.1428571492
64466  -27.480  -6.842  3.187 0.1428571492
62457  -24.810  -8.594  6.634 0.1428571492
62471  -26.359  -8.543  5.579 0.1428571492
63436  -26.786  -7.867  5.092 0.1428571492
64425  -23.015  -6.745  6.459 0.1428571492
63449  -25.560  -6.885  5.099 0.1428571492
64443  -25.025  -5.492  4.531 0.1428571492
128804  -26.294  -5.967  3.922 0.1428571492
64433  -23.786  -6.048  5.849 0.1428571492
62443  -23.581  -8.399  7.894 0.1428571492
58344  -29.459  -12.491  10.347 0.1428571492
59419  -40.118  -11.467  3.053 0.1428571492
60398  -40.230  -10.750  2.860 0.1428571492
61393  -32.837  -9.042  7.590 0.2857142985
66561  -36.547  -4.993  -1.405 0.5714285970
67499  -37.564  -3.689  1.206 0.2857142985
67513  -37.250  -4.743  -1.199 0.4285714328
69478  -31.971  -1.769  2.239 0.7142857313
70466  -31.915  -0.108  2.347 0.5714285970
70482  -27.276  -0.588  0.962 0.1428571492
70518  -34.075  -0.181  -2.555 0.7142857313
70519  -34.750  -0.725  -2.277 0.5714285970
71454  -31.402  0.614  2.389 0.5714285970
71471  -26.776  0.153  0.851 0.1428571492
71524  -33.486  0.496  -2.837 0.7142857313
71535  -34.004  0.751  -3.519 0.5714285970
72462  -30.317  1.393  2.129 0.2857142985
72517  -35.513  1.331  -2.941 0.5714285970
72531  -34.982  0.925  -3.489 0.5714285970
72534  -33.528  1.394  -3.377 0.7142857313
72536  -34.298  1.582  -3.610 0.7142857313
73397  -33.670  1.991  -3.501 0.7142857313
74161  -27.863  4.000  1.690 0.2857142985
74165  -31.497  3.653  2.343 0.8571428657
74179  -26.040  3.683  0.557 0.1428571492
74234  -33.905  3.471  -3.223 0.2857142985
75064  -25.063  4.221  0.033 0.1428571492
75094  -33.895  4.376  -2.972 0.4285714328
77012  -27.149  6.401  1.576 0.2857142985
77038  -25.248  6.683  0.232 0.1428571492
77058  -33.345  6.564  -2.329 0.2857142985
79659  -19.806  9.823  2.219 0.1428571492
124666  -35.476  0.296  -2.974 0.5714285970
127819  -24.832  8.255  0.231 0.1428571492
134554  -31.934  2.252  2.367 0.5714285970
142090  -33.289  0.898  -2.514 0.7142857313
143482  -28.832  4.929  2.317 0.2857142985
145882  -39.860  -12.799  3.344 0.1428571492
146364  -33.227  2.776  -2.541 0.7142857313
146404  -29.837  5.283  2.531 0.8571428657
