#!ascii label  , from subject sub-v2s4x29617_ses-1 vox2ras=TkReg
1380
30145  -31.128  -8.423  19.773 0.5000000000
30134  -31.569  -8.354  20.558 0.5000000000
139637  -31.149  -7.678  19.207 0.4000000060
31033  -31.418  -7.615  20.060 0.5000000000
129020  -31.340  -6.835  19.458 0.5000000000
27656  -31.661  -11.356  2.168 0.5000000000
28514  -31.367  -10.537  1.966 0.4000000060
134455  -32.091  -11.024  1.015 0.4000000060
28517  -31.804  -10.030  1.227 0.4000000060
28519  -31.924  -10.188  -0.102 0.6000000238
29436  -31.990  -9.406  0.600 0.5000000000
27668  -31.780  -11.141  -0.738 0.5000000000
142354  -32.207  -8.972  0.119 0.5000000000
29441  -32.027  -9.758  -0.833 0.4000000060
28520  -31.908  -10.405  -1.080 0.4000000060
31232  -32.674  -7.842  1.093 0.5000000000
28521  -32.030  -10.347  -0.842 0.4000000060
29261  -31.639  -9.035  21.073 0.5000000000
30135  -32.345  -8.394  21.154 0.5000000000
31026  -31.895  -7.593  20.796 0.5000000000
31034  -31.548  -6.792  20.285 0.5000000000
31931  -31.306  -5.903  18.723 0.5000000000
28506  -32.316  -9.823  3.081 0.5000000000
28507  -32.665  -10.003  3.412 0.5000000000
27648  -31.976  -10.895  2.623 0.5000000000
26939  -31.985  -11.863  2.423 0.5000000000
27662  -31.770  -11.951  0.174 0.6000000238
27658  -34.821  -11.266  1.661 0.3000000119
27669  -31.926  -11.881  -0.802 0.4000000060
27657  -33.807  -11.222  0.604 0.3000000119
29437  -33.265  -9.789  -0.787 0.4000000060
28522  -32.342  -10.773  -0.350 0.3000000119
26943  -31.969  -12.048  1.798 0.6000000238
28515  -34.598  -10.733  0.338 0.3000000119
28518  -33.260  -10.454  -0.049 0.3000000119
22891  -40.075  -18.689  30.973 0.3000000119
22890  -39.331  -18.388  31.310 0.4000000060
23420  -38.055  -17.460  30.969 0.4000000060
22889  -38.623  -18.132  31.645 0.4000000060
22888  -37.842  -17.823  31.895 0.4000000060
23407  -37.001  -17.496  32.114 0.4000000060
24651  -35.451  -15.803  32.088 0.4000000060
22902  -39.242  -18.105  30.157 0.3000000119
23434  -38.234  -17.364  29.919 0.3000000119
22901  -38.763  -17.835  30.853 0.4000000060
23433  -37.476  -16.818  30.224 0.4000000060
23419  -37.201  -17.095  31.123 0.4000000060
23418  -36.493  -16.703  31.414 0.4000000060
24017  -35.883  -16.373  31.695 0.4000000060
25358  -35.254  -15.117  32.921 0.4000000060
24066  -38.411  -16.656  28.678 0.3000000119
24052  -37.995  -16.402  29.275 0.3000000119
24673  -37.235  -15.853  30.146 0.3000000119
24038  -36.856  -16.009  30.397 0.4000000060
24028  -36.890  -16.368  30.571 0.4000000060
24027  -36.455  -16.102  31.021 0.4000000060
24652  -36.190  -15.702  31.613 0.4000000060
26054  -35.656  -13.746  33.549 0.4000000060
25345  -35.330  -14.322  33.433 0.4000000060
26745  -34.885  -12.676  34.706 0.4000000060
24693  -38.378  -16.152  28.892 0.3000000119
24692  -37.749  -15.975  29.529 0.3000000119
24664  -36.805  -15.637  30.938 0.3000000119
25374  -36.682  -15.109  31.711 0.3000000119
25359  -36.160  -14.911  32.369 0.4000000060
26046  -35.809  -12.945  34.074 0.4000000060
25346  -35.891  -14.257  33.072 0.4000000060
26729  -34.585  -11.773  35.669 0.4000000060
143201  -38.213  -15.749  29.445 0.3000000119
24674  -37.869  -15.576  30.041 0.3000000119
24665  -37.607  -15.280  30.814 0.3000000119
25361  -37.855  -14.243  32.105 0.3000000119
25375  -37.327  -14.858  31.522 0.4000000060
25360  -37.052  -14.465  32.217 0.4000000060
26068  -36.667  -13.995  32.815 0.4000000060
26746  -36.361  -12.202  34.339 0.3000000119
26055  -36.325  -13.498  33.406 0.4000000060
27428  -35.565  -11.846  35.049 0.3000000119
24695  -40.368  -15.753  29.328 0.3000000119
24675  -39.778  -15.489  30.005 0.3000000119
24676  -40.948  -15.301  30.232 0.3000000119
24694  -38.781  -15.696  29.143 0.3000000119
129462  -38.722  -15.427  30.041 0.3000000119
25390  -38.494  -15.115  30.841 0.3000000119
26085  -38.663  -14.123  32.066 0.3000000119
25376  -38.158  -14.655  31.478 0.3000000119
26056  -37.157  -13.281  33.243 0.3000000119
26069  -37.516  -13.767  32.671 0.3000000119
26747  -37.058  -11.962  34.147 0.3000000119
26755  -36.728  -12.726  33.749 0.3000000119
27413  -35.702  -10.737  35.908 0.3000000119
27412  -34.844  -10.885  36.175 0.4000000060
119229  -34.806  -9.783  37.207 0.4000000060
142193  -34.164  -10.113  37.276 0.4000000060
25392  -40.449  -14.888  30.909 0.3000000119
25391  -39.462  -15.069  30.904 0.3000000119
25378  -40.020  -14.296  31.594 0.3000000119
25377  -39.057  -14.534  31.522 0.3000000119
26057  -37.977  -13.105  33.080 0.3000000119
26070  -38.322  -13.634  32.551 0.3000000119
26756  -37.533  -12.544  33.580 0.3000000119
27429  -36.475  -11.449  34.944 0.3000000119
119226  -33.393  -8.575  38.367 0.4000000060
25379  -40.833  -14.169  31.388 0.3000000119
26086  -39.411  -13.941  32.054 0.3000000119
26071  -39.538  -13.291  32.411 0.3000000119
26773  -40.888  -12.736  31.897 0.3000000119
26766  -40.388  -12.021  32.387 0.3000000119
134206  -38.990  -13.613  32.424 0.3000000119
26758  -39.059  -12.098  33.194 0.3000000119
26767  -41.034  -11.936  31.922 0.3000000119
27430  -37.364  -11.132  34.825 0.3000000119
27444  -37.855  -11.787  33.955 0.3000000119
26757  -38.328  -12.372  33.405 0.3000000119
27414  -36.566  -10.525  35.785 0.3000000119
138045  -31.799  -6.711  38.489 0.5000000000
26072  -40.198  -12.977  32.234 0.3000000119
26087  -40.586  -13.555  31.793 0.3000000119
26765  -39.624  -12.499  32.677 0.3000000119
26764  -38.866  -12.980  32.873 0.3000000119
27445  -38.606  -11.610  33.700 0.3000000119
27453  -40.371  -11.064  32.802 0.3000000119
27454  -40.971  -11.277  32.278 0.3000000119
27431  -38.243  -11.087  34.374 0.3000000119
28250  -40.599  -10.450  33.373 0.3000000119
28260  -41.093  -10.600  32.761 0.3000000119
119227  -35.715  -9.571  37.011 0.3000000119
29104  -40.952  -9.903  33.964 0.3000000119
119224  -34.394  -7.848  38.538 0.3000000119
121845  -32.531  -6.047  38.773 0.3000000119
119228  -30.550  -4.395  37.976 0.4000000060
27446  -39.220  -11.411  33.464 0.3000000119
27452  -39.707  -11.614  32.966 0.3000000119
27432  -38.978  -10.917  33.983 0.3000000119
27447  -39.762  -10.806  33.511 0.3000000119
119230  -37.234  -10.279  35.714 0.3000000119
128375  -36.611  -9.438  36.721 0.3000000119
28238  -40.203  -10.171  34.068 0.3000000119
145526  -39.949  -9.909  34.541 0.3000000119
29086  -40.448  -9.539  34.745 0.3000000119
29062  -38.350  -8.280  37.133 0.3000000119
29072  -39.158  -9.075  36.125 0.3000000119
137501  -34.550  -6.218  38.851 0.3000000119
28237  -38.632  -10.403  34.731 0.3000000119
119232  -37.905  -10.427  35.191 0.3000000119
141519  -38.287  -9.909  35.521 0.3000000119
28227  -38.934  -9.775  35.312 0.3000000119
130337  -39.451  -10.250  34.419 0.3000000119
137636  -35.685  -8.085  38.151 0.3000000119
119231  -37.534  -9.462  36.329 0.3000000119
119234  -38.339  -9.220  36.298 0.3000000119
121214  -37.499  -8.221  37.465 0.3000000119
138147  -36.330  -6.150  38.496 0.3000000119
121470  -36.458  -5.336  38.420 0.3000000119
120768  -37.390  -7.063  38.092 0.3000000119
138259  -33.266  -5.270  38.893 0.4000000060
120985  -31.349  -3.237  38.241 0.4000000060
122148  -36.578  -4.955  38.328 0.3000000119
119243  -35.108  -2.791  36.909 0.3000000119
29103  -29.990  -4.330  36.173 0.5000000000
120530  -36.628  -8.096  37.814 0.3000000119
119233  -35.358  -3.776  38.243 0.3000000119
145649  -30.561  -3.501  36.711 0.5000000000
29979  -35.576  -3.320  37.813 0.4000000060
30848  -34.750  -1.985  35.767 0.4000000060
140328  -30.076  -3.740  36.263 0.5000000000
29120  -30.529  -4.025  33.922 0.6000000238
29119  -30.563  -5.185  34.476 0.6000000238
120431  -35.345  -6.070  38.722 0.3000000119
29958  -33.953  -3.065  38.290 0.3000000119
121291  -34.790  -4.108  38.533 0.3000000119
121403  -34.115  -2.575  37.990 0.4000000060
29978  -34.741  -2.301  37.323 0.4000000060
29998  -34.223  -2.664  35.052 0.4000000060
31780  -33.971  -4.150  33.153 0.4000000060
29975  -31.253  -3.697  34.394 0.5000000000
29121  -31.170  -3.787  33.080 0.6000000238
30870  -34.163  -3.400  34.282 0.4000000060
31794  -34.013  -4.887  32.215 0.4000000060
29137  -31.492  -4.747  32.781 0.6000000238
29136  -31.383  -5.621  33.068 0.6000000238
29084  -33.330  -3.537  38.540 0.3000000119
29977  -33.010  -2.456  37.908 0.3000000119
29976  -32.470  -2.987  36.906 0.3000000119
29997  -33.836  -1.977  36.173 0.4000000060
129570  -32.104  -2.813  34.495 0.5000000000
127928  -33.873  -3.880  33.154 0.4000000060
32657  -34.552  -6.003  31.244 0.4000000060
32670  -34.286  -5.110  30.007 0.4000000060
29152  -32.244  -6.153  31.755 0.6999999881
29165  -33.094  -7.125  30.499 0.6999999881
30847  -32.821  -2.387  35.203 0.4000000060
30886  -32.753  -4.585  32.246 0.4000000060
30868  -32.581  -2.762  33.600 0.4000000060
30869  -33.698  -3.587  34.213 0.4000000060
142472  -33.761  -4.103  31.813 0.4000000060
30901  -33.651  -5.234  31.034 0.4000000060
30887  -34.056  -5.292  32.181 0.4000000060
31819  -33.951  -5.100  30.006 0.4000000060
30012  -32.103  -4.681  31.961 0.6000000238
31820  -34.767  -5.036  29.674 0.4000000060
33493  -35.361  -3.812  27.868 0.4000000060
30024  -33.006  -6.036  30.984 0.6999999881
33483  -35.148  -3.055  27.014 0.4000000060
30035  -33.823  -6.920  29.931 0.6999999881
29996  -31.803  -3.186  32.977 0.4000000060
132192  -32.607  -4.712  31.756 0.4000000060
30885  -32.446  -4.412  32.201 0.5000000000
30025  -33.563  -6.154  30.378 0.6999999881
33496  -35.302  -3.945  27.860 0.4000000060
34332  -35.070  -2.732  26.986 0.4000000060
34333  -36.081  -1.790  26.265 0.4000000060
29175  -33.701  -7.677  29.541 0.6999999881
35267  -37.677  -1.828  24.938 0.4000000060
36269  -37.168  -1.172  24.663 0.4000000060
30899  -33.125  -5.698  30.918 0.4000000060
129409  -32.834  -4.922  31.129 0.6999999881
30923  -34.464  -5.870  29.004 0.5000000000
30915  -33.782  -5.358  30.242 0.4000000060
31830  -33.934  -4.910  29.190 0.4000000060
33492  -35.170  -4.245  27.995 0.4000000060
133083  -34.680  -6.425  29.108 0.6999999881
33495  -34.663  -2.819  28.299 0.4000000060
34331  -34.702  -2.157  26.784 0.4000000060
30036  -34.482  -6.751  29.462 0.6999999881
34339  -36.069  -1.813  26.061 0.4000000060
35262  -37.313  -2.156  25.261 0.4000000060
35266  -37.286  -2.170  24.664 0.4000000060
30045  -35.208  -7.124  28.681 0.6999999881
30044  -34.781  -7.680  28.961 0.6999999881
36278  -35.381  -0.097  23.200 0.4000000060
131156  -36.800  1.760  21.272 0.4000000060
30914  -33.814  -5.433  29.956 0.4000000060
31818  -33.913  -5.118  29.629 0.4000000060
31836  -33.891  -2.954  28.697 0.6000000238
32694  -33.805  -3.568  28.185 0.5000000000
32809  -31.092  -3.813  16.088 0.4000000060
32790  -31.324  -3.999  17.504 0.5000000000
31828  -33.951  -5.244  28.937 0.6000000238
31835  -33.762  -5.106  28.643 0.6000000238
34337  -34.982  -2.152  26.667 0.4000000060
31843  -32.897  -4.302  28.134 0.6000000238
34343  -37.209  -2.326  24.664 0.4000000060
34338  -37.039  -2.232  25.294 0.4000000060
30929  -33.662  -5.730  27.924 0.6999999881
144271  -36.940  -1.858  24.217 0.4000000060
146464  -34.498  -6.525  27.764 0.6999999881
36277  -35.361  -0.723  23.354 0.4000000060
134823  -36.310  0.908  21.149 0.4000000060
38168  -39.012  2.980  21.371 0.4000000060
38185  -39.891  3.844  21.429 0.4000000060
33498  -34.402  -2.227  28.061 0.5000000000
133901  -33.160  -1.845  27.863 0.6000000238
32699  -33.769  -2.934  28.689 0.5000000000
31986  -32.285  -4.824  14.946 0.3000000119
32829  -31.246  -3.803  14.751 0.4000000060
33598  -31.317  -3.221  15.149 0.5000000000
32703  -32.588  -2.720  27.099 0.6000000238
31844  -33.161  -4.010  28.263 0.6000000238
34330  -34.441  -2.113  27.885 0.4000000060
140538  -32.698  -3.461  27.764 0.6000000238
31857  -32.356  -3.893  26.319 0.6999999881
31851  -32.537  -4.118  27.240 0.6000000238
34342  -36.149  -1.741  25.952 0.4000000060
32715  -32.533  -3.433  24.757 0.8000000119
35286  -35.690  -1.116  23.623 0.4000000060
35276  -36.926  -2.072  24.272 0.4000000060
36301  -35.121  1.189  21.998 0.4000000060
38167  -37.125  2.150  20.897 0.4000000060
38184  -39.026  3.112  20.895 0.4000000060
39130  -40.629  4.656  21.739 0.4000000060
40171  -41.600  5.079  21.951 0.4000000060
32710  -33.202  -1.451  26.896 0.6000000238
140027  -33.845  -1.152  27.107 0.5000000000
34336  -34.104  -1.846  28.004 0.5000000000
31987  -33.228  -5.495  16.036 0.4000000060
32830  -32.195  -4.056  14.701 0.4000000060
32713  -32.572  -2.594  25.890 0.6000000238
34341  -34.904  -1.395  26.735 0.5000000000
33613  -31.571  -3.231  14.565 0.5000000000
32716  -32.855  -3.374  23.942 0.6999999881
141319  -34.723  -1.631  26.903 0.5000000000
33599  -31.360  -3.122  15.407 0.5000000000
34362  -33.963  -2.937  22.778 0.6999999881
131839  -36.352  -1.778  25.600 0.5000000000
33615  -32.337  -2.741  15.003 0.6999999881
34415  -31.664  -2.738  14.843 0.6000000238
33533  -32.737  -2.720  22.613 0.6999999881
32723  -32.904  -3.365  23.204 0.6999999881
35285  -35.460  -1.116  23.258 0.5000000000
127730  -33.047  -3.221  15.688 0.6999999881
33600  -31.728  -2.664  15.674 0.6999999881
32722  -32.669  -3.950  23.827 0.6999999881
36300  -35.390  0.038  21.323 0.4000000060
31865  -32.520  -4.515  24.388 0.8000000119
36288  -34.935  -0.015  22.585 0.4000000060
38183  -37.995  2.638  20.784 0.4000000060
39129  -39.280  3.558  21.007 0.4000000060
39150  -40.205  4.915  21.548 0.4000000060
40191  -41.056  5.103  21.868 0.4000000060
33513  -34.807  -2.372  24.419 0.6000000238
33505  -33.898  -1.197  26.193 0.6000000238
34345  -35.872  -2.236  24.836 0.6000000238
31072  -33.331  -5.870  14.733 0.4000000060
34363  -35.128  -3.140  22.773 0.6999999881
33504  -33.352  -1.820  25.602 0.6000000238
34354  -35.826  -2.760  23.371 0.5000000000
32831  -33.136  -4.628  15.896 0.6999999881
34374  -32.866  -1.856  22.742 0.6999999881
34385  -33.030  -0.942  22.702 0.6999999881
33523  -34.024  -2.971  23.112 0.6999999881
33512  -33.670  -2.587  24.116 0.6999999881
140575  -36.020  -2.457  23.348 0.5000000000
34346  -36.252  -2.480  24.182 0.5000000000
36299  -34.771  0.678  21.752 0.5000000000
32832  -33.738  -4.670  16.014 0.6999999881
34392  -32.480  -1.160  21.455 0.6999999881
34384  -32.532  -1.158  22.340 0.6999999881
37287  -35.991  1.417  20.961 0.4000000060
34373  -32.524  -1.698  22.237 0.6999999881
35335  -32.257  -0.527  17.736 0.6000000238
34398  -32.518  -1.129  19.861 0.6000000238
37274  -36.079  0.910  21.276 0.4000000060
38202  -37.479  2.983  20.566 0.4000000060
144445  -33.863  -4.113  15.895 0.6999999881
34417  -32.251  -1.154  18.398 0.6000000238
39128  -37.744  3.200  20.803 0.4000000060
39149  -38.851  3.620  20.655 0.4000000060
40190  -39.976  4.513  21.027 0.4000000060
129234  -42.108  5.459  20.953 0.4000000060
31080  -33.751  -6.859  15.828 0.6000000238
31073  -33.798  -6.305  15.820 0.6000000238
31988  -33.645  -5.744  16.054 0.6999999881
35310  -33.127  0.199  21.915 0.6000000238
34375  -34.670  -2.495  22.279 0.6999999881
35303  -34.248  -1.076  22.190 0.6999999881
144884  -35.576  -3.258  23.026 0.6000000238
35309  -32.569  -0.723  21.981 0.6000000238
36329  -32.915  0.568  20.112 0.6000000238
35326  -32.428  0.211  19.131 0.6000000238
37286  -35.216  0.504  20.921 0.5000000000
136380  -33.997  -5.833  16.126 0.6999999881
35336  -32.232  0.339  18.185 0.6000000238
35325  -32.376  -0.451  19.326 0.6000000238
37300  -36.377  1.384  20.086 0.4000000060
33639  -34.041  -4.325  15.882 0.6999999881
39172  -36.957  3.744  20.954 0.4000000060
39148  -37.425  3.096  20.163 0.4000000060
36355  -32.332  -0.644  15.162 0.6000000238
40214  -37.138  5.651  22.068 0.4000000060
40189  -37.964  4.032  20.835 0.4000000060
140827  -33.571  -3.408  15.497 0.6999999881
134090  -33.995  -3.031  15.221 0.6999999881
133510  -31.935  -2.007  15.233 0.6999999881
35334  -32.117  -1.494  16.649 0.6000000238
40215  -38.860  5.102  21.598 0.4000000060
41364  -39.775  7.573  21.957 0.4000000060
40216  -39.870  6.076  21.934 0.4000000060
41339  -41.137  6.128  21.910 0.4000000060
42487  -41.561  6.556  20.627 0.3000000119
34364  -35.327  -2.847  22.673 0.6000000238
30193  -34.209  -7.702  15.194 0.5000000000
37356  -32.766  1.883  18.485 0.6000000238
36337  -32.876  1.370  19.961 0.6000000238
145066  -33.323  0.466  20.910 0.6000000238
144631  -34.926  -2.140  22.195 0.6000000238
35304  -34.552  -1.063  22.210 0.6000000238
123215  -34.930  -0.015  20.748 0.6000000238
31081  -33.982  -6.829  15.733 0.6000000238
32001  -33.950  -6.490  15.744 0.5000000000
36357  -32.563  1.138  18.611 0.6000000238
36336  -32.622  0.815  19.390 0.6000000238
36317  -34.952  0.177  20.358 0.5000000000
125991  -34.600  0.317  21.729 0.4000000060
37299  -35.375  0.647  20.551 0.5000000000
37307  -35.048  0.716  19.856 0.5000000000
37308  -35.853  1.948  20.377 0.4000000060
38222  -36.770  2.555  19.917 0.4000000060
126287  -34.222  -6.393  15.092 0.8000000119
37355  -32.651  1.104  16.900 0.6000000238
39188  -35.386  5.130  21.485 0.4000000060
32850  -34.207  -5.376  15.460 0.6999999881
35352  -32.488  -0.276  16.722 0.6000000238
34475  -34.203  -3.732  15.252 0.6999999881
40234  -37.850  8.071  22.878 0.4000000060
35370  -33.306  -2.219  14.768 0.6999999881
36376  -33.361  -1.485  14.587 0.6999999881
125664  -38.694  9.210  21.573 0.4000000060
41365  -40.638  8.203  20.369 0.3000000119
41378  -41.521  8.430  18.557 0.4000000060
38255  -32.808  2.747  19.165 0.6000000238
37335  -32.959  2.011  19.547 0.6000000238
37336  -33.584  1.815  20.268 0.6000000238
39186  -33.333  3.624  20.554 0.6000000238
38241  -34.146  2.462  20.480 0.5000000000
140876  -34.365  -7.281  14.722 0.6000000238
135341  -34.255  -6.877  15.184 0.6000000238
38265  -32.845  2.260  17.610 0.6000000238
39202  -33.045  3.305  18.339 0.6000000238
39170  -34.492  2.987  21.040 0.5000000000
39187  -33.839  4.231  21.490 0.5000000000
38242  -35.651  2.144  19.885 0.4000000060
39171  -35.415  3.523  20.501 0.4000000060
37354  -32.459  0.122  15.469 0.6000000238
38271  -32.859  1.514  15.940 0.6000000238
40232  -33.143  6.449  21.399 0.5000000000
32861  -34.319  -5.812  14.369 0.8000000119
40233  -35.015  8.081  22.174 0.4000000060
33650  -34.247  -4.686  14.907 0.8000000119
37368  -32.795  -0.293  14.594 0.6000000238
42530  -39.237  7.908  15.063 0.5000000000
42517  -37.731  7.934  15.684 0.5000000000
42518  -38.309  9.131  16.763 0.5000000000
41362  -35.300  9.937  20.115 0.4000000060
41363  -36.792  9.725  21.921 0.4000000060
132362  -34.166  -3.059  14.671 0.6999999881
35392  -33.966  -2.318  14.818 0.6999999881
43608  -39.841  6.529  14.053 0.5000000000
42509  -39.056  9.760  18.100 0.4000000060
41376  -37.712  10.262  20.188 0.4000000060
43613  -40.908  5.994  13.849 0.4000000060
42519  -40.207  8.683  16.084 0.4000000060
41377  -39.799  9.483  19.444 0.4000000060
144922  -41.414  6.307  14.326 0.4000000060
42531  -40.641  7.194  14.695 0.4000000060
42510  -40.863  9.106  17.556 0.4000000060
38256  -33.083  2.795  20.123 0.6000000238
32015  -34.440  -6.783  14.153 0.5000000000
39203  -32.926  4.205  19.214 0.5000000000
39204  -33.011  5.203  20.331 0.5000000000
32016  -34.512  -6.891  14.111 0.6999999881
133035  -33.935  5.213  18.005 0.5000000000
37369  -32.933  0.639  14.720 0.6000000238
135688  -32.632  0.631  15.330 0.6000000238
40250  -33.029  7.027  19.482 0.5000000000
41375  -34.232  8.480  18.608 0.5000000000
40251  -33.259  8.451  20.487 0.5000000000
42538  -38.308  5.611  13.770 0.5000000000
42527  -37.353  5.290  14.252 0.5000000000
42508  -36.317  9.145  17.619 0.5000000000
33657  -34.317  -4.914  13.725 0.8000000119
42528  -37.550  6.521  14.836 0.5000000000
42529  -38.669  6.772  14.347 0.5000000000
130780  -34.235  -3.925  14.155 0.8000000119
35413  -34.242  -2.294  14.186 0.6999999881
36391  -33.994  -1.371  14.427 0.6999999881
42547  -38.979  4.624  13.136 0.5000000000
42539  -39.311  5.663  13.457 0.4000000060
42540  -40.289  5.382  13.334 0.4000000060
32033  -34.292  -6.730  12.873 0.5000000000
38272  -33.237  2.694  16.321 0.6000000238
124836  -34.529  -7.053  11.822 0.5000000000
38284  -33.302  1.525  14.904 0.6000000238
41386  -36.050  5.902  16.089 0.5000000000
40249  -34.734  6.543  17.388 0.5000000000
143018  -33.595  0.634  14.272 0.6000000238
41405  -37.014  4.232  13.841 0.5000000000
41397  -36.344  5.026  14.924 0.5000000000
42507  -36.230  7.285  16.423 0.5000000000
143171  -34.451  -5.908  13.098 0.6999999881
37381  -33.648  -0.238  14.197 0.6000000238
41406  -37.990  4.407  13.445 0.5000000000
41413  -39.593  3.771  12.683 0.4000000060
42548  -39.853  4.653  12.936 0.5000000000
41414  -40.318  3.786  12.621 0.5000000000
42541  -41.283  4.771  13.316 0.5000000000
39257  -43.197  1.656  13.810 0.4000000060
145323  -43.645  1.617  14.259 0.5000000000
38285  -43.738  1.068  14.198 0.5000000000
40274  -43.931  2.464  14.761 0.5000000000
39241  -44.102  1.663  14.614 0.5000000000
39222  -33.529  3.939  17.291 0.6000000238
39239  -34.007  2.273  14.668 0.6000000238
39221  -34.122  3.406  15.428 0.6000000238
40262  -34.521  4.461  16.006 0.5000000000
41385  -35.217  5.316  16.159 0.5000000000
134741  -34.434  -6.849  12.266 0.5000000000
32034  -34.381  -6.750  13.103 0.6999999881
39240  -34.864  2.851  14.006 0.6000000238
40272  -35.535  4.533  15.137 0.5000000000
32058  -33.942  -7.272  10.413 0.5000000000
41396  -36.097  4.052  14.173 0.5000000000
130545  -34.571  -6.699  12.273 0.6999999881
37382  -34.276  0.086  13.760 0.6000000238
41412  -38.721  3.480  12.924 0.6000000238
40286  -38.593  2.329  12.624 0.4000000060
40287  -39.439  2.817  12.546 0.5000000000
36410  -34.392  -1.659  13.783 0.6999999881
127244  -40.037  3.163  12.432 0.5000000000
38327  -41.871  0.367  12.420 0.4000000060
127598  -42.566  -0.079  12.736 0.4000000060
35433  -34.526  -2.264  13.221 0.6999999881
39256  -42.692  1.315  13.254 0.4000000060
34505  -34.530  -4.031  13.058 0.6999999881
38300  -43.235  0.776  13.606 0.4000000060
33670  -34.539  -5.027  12.916 0.6999999881
39242  -44.780  1.337  15.069 0.5000000000
128187  -44.659  0.028  14.632 0.5000000000
40271  -35.163  3.789  14.620 0.5000000000
39253  -34.909  1.702  13.577 0.6000000238
137199  -34.945  -7.366  11.038 0.6000000238
136283  -34.089  1.134  13.965 0.6000000238
40278  -35.859  3.176  13.660 0.5000000000
31139  -34.734  -7.200  11.591 0.6000000238
38297  -35.051  0.526  13.141 0.5000000000
140648  -36.686  3.428  13.551 0.5000000000
40279  -37.665  3.188  13.172 0.5000000000
37393  -34.864  -0.502  13.094 0.6000000238
40285  -37.724  2.211  12.747 0.6000000238
36411  -34.699  -1.401  13.052 0.6999999881
38353  -40.162  0.293  11.892 0.5000000000
37434  -41.405  -0.437  12.138 0.4000000060
125782  -34.728  -3.022  12.677 0.6999999881
39275  -39.472  1.930  12.356 0.5000000000
38325  -40.478  1.090  12.105 0.5000000000
37433  -40.966  0.342  12.106 0.4000000060
127511  -34.363  -3.103  13.611 0.6999999881
37435  -42.999  -0.854  12.874 0.4000000060
32890  -34.705  -5.631  12.339 0.6999999881
34506  -35.066  -3.733  12.222 0.6999999881
37394  -43.172  -0.039  13.301 0.4000000060
127807  -43.619  -0.700  13.608 0.4000000060
33671  -34.915  -4.615  12.296 0.6999999881
36413  -44.165  -1.096  14.064 0.4000000060
36392  -44.754  -1.649  14.459 0.4000000060
37384  -45.211  -0.302  14.971 0.5000000000
37383  -44.676  -0.722  14.518 0.5000000000
39254  -35.785  2.187  13.237 0.5000000000
39255  -36.832  2.476  13.097 0.5000000000
37429  -35.582  -0.259  12.486 0.5000000000
39273  -37.349  1.720  12.642 0.6000000238
133285  -38.925  1.476  12.337 0.5000000000
37462  -40.646  -0.454  11.886 0.4000000060
38324  -39.615  1.060  12.071 0.5000000000
36447  -41.741  -1.180  12.043 0.4000000060
126782  -42.195  -0.585  12.374 0.4000000060
36449  -43.121  -1.827  12.790 0.4000000060
139896  -35.259  -3.010  11.943 0.6000000238
34522  -35.785  -3.339  11.324 0.6000000238
36412  -43.653  -1.457  13.483 0.4000000060
32891  -35.186  -5.222  11.649 0.6999999881
33681  -35.460  -4.192  11.584 0.6000000238
144080  -35.404  -3.563  11.761 0.6000000238
128344  -44.214  -1.986  13.945 0.4000000060
32903  -34.890  -6.267  11.683 0.6999999881
33682  -35.959  -4.056  10.948 0.6000000238
35394  -45.438  -2.245  14.817 0.5000000000
33690  -35.745  -4.918  10.859 0.6000000238
35371  -45.810  -1.603  15.171 0.5000000000
37370  -45.952  -0.678  15.360 0.5000000000
39272  -36.612  1.551  12.702 0.6000000238
31161  -34.298  -7.469  9.647 0.5000000000
38298  -35.768  1.217  12.797 0.5000000000
38322  -37.370  1.025  12.345 0.6000000238
31150  -35.190  -7.593  10.479 0.6000000238
31140  -35.155  -7.521  10.831 0.6000000238
141843  -35.874  0.421  12.498 0.6000000238
38321  -36.579  0.699  12.351 0.6000000238
39274  -38.124  1.437  12.418 0.5000000000
38323  -38.763  0.789  12.112 0.5000000000
31162  -35.306  -7.632  10.149 0.6000000238
36446  -36.032  -0.859  11.851 0.6000000238
37432  -38.445  0.021  11.744 0.5000000000
36466  -39.536  -1.234  11.298 0.5000000000
36467  -40.450  -1.291  11.537 0.4000000060
37463  -41.069  -1.039  11.923 0.4000000060
32046  -35.164  -6.859  11.119 0.6999999881
36445  -35.252  -1.078  12.362 0.6999999881
36463  -35.646  -1.592  11.803 0.6000000238
38352  -39.336  0.181  11.804 0.5000000000
133718  -39.878  -0.512  11.632 0.5000000000
36469  -42.005  -1.905  11.847 0.4000000060
36448  -42.453  -1.428  12.334 0.4000000060
35435  -42.625  -2.270  12.257 0.4000000060
35434  -35.009  -2.073  12.285 0.6999999881
35463  -36.469  -2.700  11.033 0.6999999881
141420  -38.509  -0.571  11.472 0.5000000000
37461  -39.061  -0.557  11.515 0.5000000000
35436  -43.223  -2.701  12.720 0.4000000060
35414  -43.647  -2.327  13.331 0.4000000060
34523  -36.433  -3.525  10.638 0.6000000238
35415  -44.216  -2.842  13.720 0.4000000060
32904  -35.349  -5.886  11.059 0.6000000238
33691  -36.371  -4.341  10.350 0.6000000238
34476  -44.783  -3.396  14.093 0.4000000060
32914  -36.248  -5.146  10.094 0.6000000238
127352  -45.982  -3.096  15.002 0.5000000000
128268  -45.404  -3.199  14.573 0.4000000060
35372  -46.158  -2.301  15.213 0.5000000000
34458  -47.028  -3.724  15.398 0.5000000000
37430  -36.417  -0.077  12.055 0.6000000238
37431  -37.412  0.156  11.914 0.6000000238
37459  -37.019  -0.741  11.640 0.6000000238
37460  -37.932  -0.584  11.472 0.5000000000
36479  -40.010  -1.893  10.932 0.5000000000
36468  -41.252  -1.657  11.680 0.4000000060
31151  -35.266  -7.635  10.503 0.6000000238
128330  -36.568  -1.714  11.427 0.6000000238
36464  -37.599  -1.336  11.159 0.5000000000
36477  -38.164  -1.798  10.619 0.5000000000
36478  -39.119  -1.824  10.802 0.5000000000
35452  -42.254  -2.649  11.633 0.4000000060
35450  -37.332  -2.192  10.869 0.5000000000
36465  -38.570  -1.129  11.179 0.5000000000
34508  -43.411  -3.623  12.670 0.4000000060
31141  -35.413  -7.236  10.525 0.6000000238
33692  -37.122  -3.773  9.910 0.6000000238
34486  -43.665  -3.062  13.213 0.4000000060
32059  -35.484  -6.451  10.628 0.6000000238
32913  -35.758  -5.766  10.393 0.6000000238
34487  -44.127  -3.715  13.417 0.4000000060
34488  -44.804  -4.070  13.872 0.4000000060
34457  -46.448  -3.806  15.148 0.5000000000
34478  -45.948  -3.915  14.796 0.4000000060
131762  -46.797  -4.355  15.306 0.5000000000
129875  -47.569  -5.293  15.743 0.4000000060
35466  -39.611  -2.410  10.340 0.5000000000
35451  -41.555  -2.338  11.347 0.4000000060
30247  -35.582  -7.626  9.467 0.6000000238
35465  -38.716  -2.380  10.214 0.5000000000
34507  -42.803  -3.103  12.146 0.4000000060
128629  -37.877  -2.461  10.138 0.5000000000
32074  -35.787  -6.569  9.950 0.6000000238
33702  -36.801  -4.637  9.630 0.6000000238
33659  -45.200  -4.723  13.953 0.4000000060
32927  -36.135  -5.818  9.806 0.6000000238
34477  -45.365  -4.005  14.333 0.4000000060
33651  -45.918  -4.789  14.567 0.4000000060
136059  -46.418  -5.189  15.014 0.4000000060
32002  -46.939  -6.619  15.449 0.3000000119
33652  -46.409  -4.545  15.060 0.5000000000
33640  -46.883  -5.105  15.385 0.4000000060
31989  -47.901  -6.836  16.197 0.3000000119
35479  -40.063  -2.966  9.931 0.5000000000
35467  -40.436  -2.509  10.473 0.5000000000
35468  -41.193  -2.705  10.652 0.5000000000
34535  -42.126  -3.806  10.674 0.5000000000
35478  -39.228  -2.917  9.787 0.5000000000
35469  -41.885  -3.022  10.960 0.4000000060
34524  -42.454  -3.434  11.423 0.5000000000
31152  -35.624  -7.574  9.731 0.6000000238
35477  -38.346  -2.898  9.640 0.6000000238
34525  -42.941  -3.900  11.939 0.4000000060
129239  -36.069  -6.978  9.353 0.6000000238
34544  -37.957  -3.562  9.260 0.6999999881
130222  -44.193  -5.066  12.870 0.3000000119
33703  -37.524  -4.279  9.225 0.6000000238
32869  -44.814  -5.487  13.410 0.3000000119
32075  -36.408  -6.304  9.203 0.6000000238
32929  -37.260  -4.999  8.967 0.6000000238
32870  -45.582  -5.517  14.115 0.4000000060
32928  -36.602  -5.418  9.379 0.6000000238
32938  -37.006  -5.761  8.671 0.6000000238
32862  -46.166  -5.688  14.695 0.3000000119
32863  -46.660  -5.834  15.212 0.3000000119
31082  -46.687  -7.469  15.322 0.3000000119
136556  -47.201  -7.266  15.715 0.3000000119
31074  -47.587  -7.534  16.187 0.3000000119
34546  -39.741  -3.515  9.499 0.6000000238
34533  -40.792  -3.117  10.080 0.5000000000
34534  -41.470  -3.417  10.319 0.5000000000
34545  -38.873  -3.496  9.341 0.6000000238
33683  -42.625  -4.240  11.236 0.4000000060
33684  -43.039  -4.525  11.689 0.4000000060
130638  -35.706  -8.286  8.910 0.6000000238
33672  -43.391  -4.424  12.226 0.3000000119
31163  -36.028  -7.696  8.929 0.6000000238
31164  -36.453  -7.095  8.748 0.6000000238
32091  -36.869  -6.570  8.414 0.6000000238
32009  -45.820  -6.349  14.292 0.3000000119
133876  -46.757  -8.280  15.550 0.3000000119
30194  -46.939  -8.785  15.999 0.3000000119
30195  -47.394  -8.521  16.468 0.3000000119
137209  -40.414  -3.499  9.684 0.6000000238
34547  -41.029  -3.791  9.731 0.5000000000
33693  -41.702  -4.194  10.030 0.4000000060
33704  -38.537  -4.072  8.968 0.6000000238
33705  -39.412  -4.103  9.080 0.6000000238
33694  -42.336  -4.752  10.450 0.4000000060
33695  -42.882  -4.994  11.180 0.4000000060
33714  -38.049  -4.591  8.600 0.6000000238
132159  -43.353  -5.045  11.754 0.4000000060
32905  -43.654  -5.554  11.879 0.3000000119
29371  -35.685  -9.011  8.350 0.6000000238
32893  -44.169  -5.887  12.428 0.3000000119
31174  -36.438  -7.738  8.260 0.6000000238
32939  -37.721  -5.374  8.279 0.6000000238
31101  -44.853  -7.377  13.008 0.3000000119
136455  -45.419  -6.923  13.674 0.3000000119
146475  -36.770  -7.232  8.163 0.6000000238
30206  -46.253  -8.850  14.851 0.3000000119
29321  -46.887  -9.415  15.888 0.3000000119
33706  -40.351  -4.171  9.291 0.5000000000
32930  -41.191  -4.651  9.470 0.5000000000
32915  -42.713  -5.610  10.632 0.4000000060
33715  -38.999  -4.608  8.556 0.6000000238
32916  -43.247  -5.744  11.298 0.4000000060
30252  -36.095  -8.365  8.355 0.6000000238
32940  -38.576  -5.197  8.109 0.6000000238
32048  -44.000  -6.714  11.855 0.3000000119
28484  -36.137  -9.807  7.518 0.6000000238
29376  -36.103  -8.999  7.869 0.6000000238
32092  -37.493  -6.169  8.032 0.6000000238
31175  -36.861  -7.760  7.681 0.6000000238
33716  -39.886  -4.731  8.721 0.6000000238
139450  -40.644  -4.993  9.007 0.4000000060
145473  -41.098  -5.206  9.208 0.4000000060
33707  -41.830  -4.912  9.826 0.4000000060
32941  -39.460  -5.274  8.236 0.5000000000
32061  -43.012  -6.343  10.707 0.4000000060
32047  -43.491  -6.577  11.240 0.3000000119
32951  -38.268  -5.904  7.805 0.5000000000
133961  -43.785  -7.412  11.356 0.3000000119
27636  -36.329  -10.955  7.292 0.6000000238
28485  -36.400  -10.632  7.227 0.6000000238
30261  -36.479  -8.354  7.732 0.6000000238
32105  -37.308  -7.062  7.753 0.6000000238
29377  -36.528  -9.052  7.236 0.6000000238
121008  -37.073  -10.079  6.291 0.5000000000
30267  -36.990  -8.466  7.135 0.5000000000
32942  -40.270  -5.462  8.467 0.4000000060
32943  -41.036  -5.735  8.873 0.4000000060
32931  -41.516  -5.405  9.438 0.4000000060
32932  -42.201  -5.650  9.919 0.3000000119
32076  -41.709  -6.256  9.323 0.3000000119
143117  -42.601  -6.180  10.264 0.3000000119
32060  -42.775  -6.744  10.244 0.3000000119
32106  -38.031  -6.619  7.497 0.5000000000
30242  -44.391  -8.647  11.928 0.3000000119
31183  -37.472  -7.871  7.243 0.5000000000
32953  -39.882  -5.973  7.944 0.3000000119
32093  -40.588  -6.235  8.219 0.3000000119
32107  -38.848  -6.483  7.370 0.3000000119
32077  -42.341  -6.589  9.787 0.3000000119
31153  -43.247  -7.276  10.583 0.3000000119
145224  -37.882  -7.294  7.264 0.5000000000
30241  -43.949  -8.909  11.224 0.3000000119
30273  -37.172  -9.377  6.578 0.4000000060
144029  -40.247  -6.613  7.538 0.3000000119
32108  -39.639  -6.513  7.360 0.3000000119
32094  -41.245  -6.725  8.661 0.3000000119
31184  -38.581  -7.130  7.019 0.3000000119
31165  -41.984  -7.362  9.149 0.3000000119
31166  -42.669  -7.430  9.853 0.3000000119
121738  -38.210  -7.878  6.843 0.3000000119
121302  -37.793  -8.759  6.632 0.3000000119
31167  -43.034  -8.440  10.057 0.3000000119
30248  -43.431  -9.162  10.535 0.3000000119
29362  -44.302  -9.489  11.594 0.3000000119
137963  -37.665  -10.612  5.746 0.4000000060
120870  -37.625  -10.197  6.056 0.4000000060
28459  -44.627  -10.100  12.018 0.3000000119
27617  -45.111  -10.863  12.359 0.3000000119
32109  -40.796  -7.062  7.851 0.3000000119
31185  -39.409  -7.140  6.865 0.3000000119
31176  -41.435  -7.704  8.373 0.3000000119
119189  -38.635  -8.662  6.366 0.3000000119
119193  -39.018  -7.849  6.578 0.3000000119
139208  -42.480  -8.301  9.322 0.3000000119
29361  -43.782  -9.736  10.910 0.3000000119
27643  -38.072  -11.820  4.697 0.4000000060
28467  -44.108  -10.355  11.195 0.3000000119
28468  -44.142  -11.067  11.070 0.3000000119
139357  -44.519  -10.733  11.639 0.3000000119
26915  -45.742  -12.359  12.193 0.3000000119
121502  -40.074  -7.211  6.922 0.3000000119
144363  -40.403  -7.031  7.320 0.3000000119
119197  -41.085  -7.939  7.717 0.3000000119
31177  -42.033  -8.416  8.627 0.3000000119
30253  -42.619  -9.199  9.366 0.3000000119
119187  -37.959  -9.882  6.047 0.4000000060
28497  -38.164  -11.019  5.179 0.4000000060
30254  -42.968  -9.478  9.880 0.3000000119
29366  -43.244  -10.196  10.133 0.3000000119
28510  -37.166  -11.588  3.968 0.4000000060
27622  -44.565  -11.415  11.454 0.3000000119
27653  -36.576  -11.931  2.826 0.4000000060
27623  -45.164  -11.826  11.836 0.3000000119
26919  -45.217  -12.831  11.474 0.3000000119
120671  -40.586  -7.606  7.188 0.3000000119
119196  -39.804  -8.198  6.379 0.3000000119
125944  -39.302  -8.672  6.161 0.3000000119
29395  -38.509  -10.456  5.369 0.3000000119
28471  -43.587  -10.996  10.380 0.3000000119
26918  -44.549  -12.302  11.079 0.3000000119
27652  -36.159  -11.579  2.266 0.3000000119
26260  -45.296  -14.058  11.071 0.3000000119
26261  -46.045  -14.891  11.560 0.3000000119
120650  -40.411  -8.335  6.547 0.3000000119
137625  -41.090  -8.828  7.011 0.3000000119
119199  -41.545  -8.672  7.920 0.3000000119
145547  -42.345  -9.001  8.848 0.3000000119
142507  -42.031  -9.548  8.109 0.3000000119
119200  -42.347  -9.717  8.729 0.3000000119
119195  -42.583  -10.292  9.108 0.3000000119
27626  -43.947  -11.860  10.500 0.3000000119
119190  -43.431  -12.814  9.236 0.3000000119
26259  -44.505  -13.415  10.553 0.3000000119
25559  -45.205  -15.624  10.759 0.3000000119
25560  -45.645  -16.469  11.375 0.3000000119
30282  -39.776  -9.351  5.624 0.3000000119
29396  -39.065  -9.677  5.654 0.3000000119
121212  -40.484  -9.460  5.718 0.3000000119
137854  -40.921  -9.396  6.115 0.3000000119
29408  -38.427  -11.242  4.156 0.3000000119
119194  -43.329  -11.887  9.588 0.3000000119
26266  -44.344  -14.916  9.919 0.3000000119
135168  -39.385  -10.402  5.130 0.3000000119
29409  -38.602  -10.955  4.668 0.3000000119
30292  -38.041  -10.752  3.562 0.3000000119
35464  -37.162  -2.968  10.435 0.6999999881
128426  -41.484  -19.900  30.921 0.3000000119
22341  -40.873  -19.233  30.733 0.3000000119
22330  -40.444  -19.324  31.516 0.3000000119
22329  -39.844  -19.006  31.837 0.4000000060
22879  -39.152  -18.745  32.164 0.4000000060
22877  -37.533  -18.356  32.649 0.4000000060
23406  -35.986  -17.187  32.209 0.4000000060
24016  -35.190  -16.643  32.131 0.4000000060
24642  -34.811  -16.046  32.446 0.4000000060
25327  -34.994  -13.720  34.029 0.4000000060
25344  -34.705  -14.722  33.631 0.4000000060
119223  -33.366  -9.792  37.724 0.4000000060
25393  -41.402  -14.445  30.823 0.3000000119
26088  -41.387  -13.438  31.348 0.3000000119
26774  -41.567  -12.280  31.404 0.3000000119
28261  -41.617  -10.744  32.212 0.3000000119
127390  -41.269  -10.177  33.339 0.3000000119
120958  -30.547  -5.991  37.623 0.5000000000
30871  -34.779  -2.231  35.335 0.3000000119
31781  -33.908  -3.986  32.966 0.3000000119
119264  -34.425  -5.250  31.325 0.4000000060
32686  -34.194  -4.695  29.097 0.4000000060
33482  -35.559  -3.365  27.598 0.4000000060
34326  -35.124  -2.245  27.067 0.4000000060
131974  -37.268  -1.858  25.521 0.4000000060
131736  -30.972  -4.729  17.627 0.4000000060
32766  -31.422  -4.999  18.759 0.5000000000
30053  -35.517  -7.701  27.876 0.6999999881
37264  -38.251  2.116  21.898 0.4000000060
30938  -35.164  -7.228  27.505 0.6999999881
38169  -40.051  2.847  21.809 0.4000000060
33577  -31.298  -3.359  16.263 0.5000000000
33578  -31.536  -3.157  16.769 0.6000000238
33579  -31.953  -2.885  17.463 0.8000000119
31856  -32.214  -5.071  25.847 0.8000000119
31850  -32.345  -5.084  26.647 0.6999999881
31849  -32.254  -5.982  26.167 0.6999999881
39111  -41.241  4.717  21.509 0.4000000060
124382  -32.625  -4.185  23.118 0.8000000119
41340  -42.119  4.946  21.441 0.4000000060
33544  -32.467  -2.841  21.990 0.8000000119
34436  -31.947  -1.986  15.513 0.6999999881
33580  -32.330  -1.818  19.077 0.8000000119
132547  -42.655  6.116  19.299 0.3000000119
43603  -41.217  7.551  15.367 0.4000000060
42497  -42.128  7.169  19.117 0.4000000060
43609  -42.080  6.037  14.600 0.4000000060
43604  -41.998  6.822  15.365 0.4000000060
42511  -42.003  8.021  17.222 0.4000000060
42542  -41.801  5.452  13.945 0.4000000060
140219  -43.273  4.973  14.995 0.4000000060
41399  -43.363  4.049  14.679 0.5000000000
40280  -42.430  2.121  13.212 0.4000000060
40273  -43.544  2.142  14.318 0.5000000000
41400  -44.003  3.300  15.165 0.5000000000
125538  -44.719  3.158  15.793 0.4000000060
40263  -44.535  2.305  15.243 0.5000000000
40288  -40.620  2.929  12.440 0.5000000000
39276  -40.759  1.961  12.291 0.5000000000
126969  -41.807  2.152  12.718 0.4000000060
38273  -45.794  0.359  15.462 0.5000000000
36377  -46.498  -1.445  15.401 0.5000000000
133100  -47.378  -2.942  15.503 0.5000000000
31173  -33.863  -7.400  8.637 0.5000000000
34459  -47.734  -3.685  15.674 0.5000000000
32852  -47.828  -6.135  15.942 0.4000000060
29374  -33.176  -9.171  7.749 0.6000000238
30260  -34.247  -8.089  8.081 0.6000000238
30251  -35.228  -7.410  8.596 0.6000000238
31990  -48.159  -7.322  16.631 0.3000000119
29369  -35.170  -8.392  7.941 0.6000000238
30181  -47.790  -8.541  16.995 0.3000000119
29301  -47.910  -9.578  17.448 0.3000000119
29370  -35.642  -8.669  8.565 0.6000000238
140435  -35.974  -9.038  7.940 0.6000000238
27632  -36.261  -10.779  7.383 0.6000000238
26937  -36.548  -10.238  5.618 0.6000000238
121399  -36.706  -11.083  5.198 0.6000000238
136317  -36.580  -9.736  6.873 0.6000000238
121320  -36.275  -11.584  4.426 0.6000000238
121438  -37.371  -11.114  5.233 0.5000000000
119185  -37.302  -10.565  5.932 0.5000000000
137814  -37.726  -11.822  4.750 0.4000000060
28504  -37.093  -12.076  4.112 0.4000000060
27659  -35.833  -11.880  2.257 0.4000000060
119191  -42.869  -11.367  9.092 0.3000000119
120802  -43.259  -16.284  8.223 0.3000000119
136487  -44.152  -16.766  9.626 0.3000000119
25563  -44.679  -17.754  10.503 0.3000000119
30303  -36.981  -10.002  2.672 0.3000000119
37256  -35.714  1.042  22.182 0.4000000060
39223  -45.129  1.872  15.512 0.5000000000
23446  -38.205  -16.960  29.089 0.3000000119
23445  -37.789  -16.714  29.604 0.3000000119
24039  -37.356  -16.180  29.885 0.3000000119
24712  -39.687  -16.061  28.337 0.3000000119
121406  -36.159  -3.734  37.849 0.3000000119
129198  -35.011  -4.046  28.122 0.4000000060
32687  -36.020  -3.867  29.055 0.4000000060
30913  -34.079  -6.051  29.761 0.6000000238
30922  -34.571  -6.137  28.835 0.6999999881
32695  -34.146  -4.692  28.959 0.4000000060
139502  -36.930  -1.591  24.328 0.4000000060
30930  -34.893  -6.585  28.223 0.6999999881
37263  -37.709  2.206  21.244 0.4000000060
32704  -32.984  -3.058  28.157 0.6000000238
31842  -32.683  -5.287  27.380 0.6999999881
30937  -33.494  -6.544  27.123 0.6999999881
34347  -36.910  -2.296  24.809 0.5000000000
129610  -32.898  -2.640  24.952 0.6999999881
32712  -32.307  -4.055  25.369 0.6999999881
35317  -32.643  -0.532  20.728 0.6000000238
36356  -32.623  0.198  16.921 0.6000000238
33557  -32.429  -2.141  21.311 0.6999999881
35351  -31.995  -1.169  15.609 0.6000000238
142580  -33.125  0.939  20.212 0.6000000238
130819  -34.045  0.472  20.223 0.6000000238
36322  -34.422  0.112  20.749 0.6999999881
34416  -32.246  -1.859  17.397 0.8000000119
37320  -34.825  1.413  20.119 0.4000000060
142317  -37.242  10.067  18.605 0.4000000060
42520  -41.565  7.934  16.244 0.4000000060
41398  -36.799  5.941  15.275 0.5000000000
37392  -34.349  -0.870  13.780 0.6999999881
41415  -41.145  3.609  12.768 0.5000000000
37395  -43.945  -0.020  14.123 0.4000000060
130776  -43.429  3.004  14.469 0.5000000000
124646  -40.087  2.407  12.328 0.5000000000
39277  -41.430  1.852  12.474 0.4000000060
39278  -42.043  1.393  12.669 0.4000000060
38326  -41.253  1.174  12.315 0.4000000060
35393  -44.790  -2.559  14.327 0.4000000060
35449  -35.722  -2.392  11.572 0.6999999881
35373  -46.965  -2.201  15.421 0.5000000000
132295  -38.037  0.681  12.100 0.6000000238
36480  -40.795  -2.095  11.155 0.4000000060
33673  -43.848  -4.410  12.849 0.4000000060
35476  -37.689  -3.058  9.781 0.6999999881
33658  -44.490  -4.571  13.401 0.4000000060
32003  -47.467  -6.730  15.810 0.3000000119
144664  -37.994  -4.095  8.977 0.6000000238
32017  -44.808  -6.454  13.147 0.3000000119
32010  -46.391  -6.540  14.925 0.3000000119
30170  -47.539  -9.251  16.968 0.3000000119
31090  -45.989  -7.389  14.493 0.3000000119
31091  -46.371  -8.217  15.034 0.3000000119
129976  -43.710  -6.082  11.712 0.4000000060
32035  -44.435  -6.824  12.504 0.3000000119
31102  -45.424  -7.872  13.631 0.3000000119
128004  -45.885  -8.392  14.337 0.3000000119
32952  -39.104  -5.869  7.803 0.5000000000
134575  -44.046  -8.168  11.494 0.3000000119
31142  -43.597  -8.230  10.880 0.3000000119
29388  -38.413  -9.460  6.085 0.3000000119
145086  -43.681  -10.317  10.670 0.3000000119
26254  -46.003  -13.472  11.815 0.3000000119
139190  -41.601  -9.737  7.370 0.3000000119
26922  -44.016  -12.810  10.172 0.3000000119
26265  -43.530  -14.128  9.060 0.3000000119
30291  -37.698  -10.724  3.034 0.3000000119
29394  -37.286  -10.803  1.917 0.3000000119
24641  -34.367  -15.781  33.211 0.4000000060
31841  -32.484  -5.930  26.750 0.6999999881
32734  -32.421  -3.764  22.501 0.8000000119
141795  -32.479  -2.551  19.895 0.8000000119
41387  -43.772  4.422  15.415 0.4000000060
120892  -35.918  -11.937  3.843 0.5000000000
41407  -41.942  3.724  13.314 0.4000000060
129746  -42.679  4.959  14.345 0.4000000060
38258  -48.484  0.437  17.306 0.3000000119
37357  -48.027  0.306  16.502 0.4000000060
37338  -49.614  -0.712  17.455 0.3000000119
39225  -46.226  1.203  15.892 0.4000000060
38275  -47.236  0.310  16.021 0.4000000060
38274  -46.556  0.622  15.827 0.4000000060
36359  -50.025  -1.454  16.895 0.3000000119
36379  -48.518  -1.196  15.931 0.4000000060
36358  -49.296  -1.721  16.200 0.3000000119
125615  -42.405  2.969  13.431 0.3000000119
37371  -46.920  -0.547  15.642 0.4000000060
37372  -47.846  -0.398  15.976 0.4000000060
34437  -48.579  -3.536  15.924 0.3000000119
35374  -47.863  -2.086  15.613 0.4000000060
32835  -49.933  -5.443  16.676 0.3000000119
34438  -49.532  -3.309  16.231 0.3000000119
128258  -48.203  -2.841  15.704 0.4000000060
32834  -49.005  -5.465  16.554 0.3000000119
32833  -48.261  -5.450  16.155 0.3000000119
141588  -48.952  -6.560  17.122 0.3000000119
131750  -33.060  -9.312  7.058 0.5000000000
28500  -32.986  -9.458  4.335 0.5000000000
28490  -33.587  -8.761  5.805 0.5000000000
143945  -34.103  -9.076  5.287 0.5000000000
29375  -34.433  -8.824  7.566 0.5000000000
31065  -49.131  -7.632  17.681 0.3000000119
31991  -48.497  -6.380  16.577 0.3000000119
28491  -35.166  -9.311  5.929 0.5000000000
143142  -35.534  -10.112  7.235 0.5000000000
27650  -33.459  -11.094  3.106 0.5000000000
26941  -33.783  -11.885  2.578 0.5000000000
27651  -34.592  -11.032  3.375 0.5000000000
26940  -32.516  -12.063  2.570 0.5000000000
26938  -35.449  -11.147  3.979 0.5000000000
26273  -32.938  -12.680  2.297 0.4000000060
26942  -34.852  -11.864  2.946 0.5000000000
26275  -32.800  -12.698  1.843 0.4000000060
26278  -33.580  -13.284  1.166 0.4000000060
121432  -34.953  -12.892  2.800 0.5000000000
26279  -33.991  -13.680  1.475 0.4000000060
26947  -31.937  -12.978  -0.092 0.4000000060
119173  -33.995  -14.564  1.051 0.5000000000
26282  -32.952  -14.009  0.153 0.4000000060
119180  -34.622  -14.477  2.439 0.4000000060
26286  -32.603  -13.702  0.055 0.5000000000
137915  -34.006  -14.971  1.086 0.4000000060
26280  -32.202  -13.358  -0.037 0.3000000119
26288  -33.615  -13.924  0.401 0.4000000060
122327  -35.745  -13.800  2.976 0.4000000060
121299  -34.621  -13.844  1.627 0.3000000119
27670  -31.961  -11.716  -0.724 0.3000000119
26283  -32.959  -13.289  0.158 0.3000000119
26951  -34.599  -13.106  1.949 0.3000000119
26946  -35.038  -12.534  2.798 0.3000000119
26950  -33.904  -13.039  1.029 0.3000000119
27671  -32.272  -11.767  -0.335 0.3000000119
27672  -32.942  -12.306  -0.035 0.3000000119
121511  -36.704  -12.102  3.857 0.3000000119
27673  -33.678  -12.240  1.021 0.3000000119
27666  -35.149  -12.069  2.640 0.3000000119
27660  -35.925  -11.984  3.057 0.3000000119
27663  -32.931  -11.302  0.327 0.3000000119
27664  -33.585  -11.637  1.259 0.3000000119
27665  -34.493  -11.949  1.899 0.3000000119
38243  -47.672  0.715  19.007 0.3000000119
38266  -46.960  1.068  16.257 0.4000000060
29419  -32.418  -9.330  3.798 0.4000000060
27649  -32.483  -11.185  2.880 0.4000000060
26944  -32.296  -12.319  2.283 0.5000000000
26945  -32.445  -11.938  1.014 0.5000000000
40289  -41.284  2.566  12.537 0.4000000060
40281  -42.963  2.571  13.873 0.4000000060
28475  -35.631  -9.417  7.821 0.5000000000
40290  -41.848  2.850  12.937 0.3000000119
40264  -45.133  2.490  15.800 0.4000000060
33642  -48.109  -4.511  15.944 0.3000000119
28474  -35.287  -9.173  7.695 0.5000000000
28479  -35.501  -9.887  7.516 0.5000000000
27631  -36.051  -10.384  7.493 0.5000000000
26936  -36.131  -10.261  4.901 0.5000000000
122180  -35.674  -11.900  3.598 0.5000000000
119182  -35.491  -13.774  2.853 0.4000000060
119181  -36.615  -12.048  3.991 0.3000000119
37321  -49.048  -0.115  18.017 0.3000000119
37337  -49.142  -0.207  17.105 0.3000000119
38267  -47.601  0.827  16.616 0.4000000060
128443  -48.041  0.678  16.888 0.4000000060
37359  -49.318  -0.832  16.595 0.3000000119
39205  -45.789  2.037  16.052 0.4000000060
142212  -48.619  -2.096  15.803 0.4000000060
33617  -49.580  -4.609  16.426 0.3000000119
33616  -48.742  -4.838  16.284 0.3000000119
31972  -49.499  -6.834  17.397 0.3000000119
29386  -32.437  -8.937  6.419 0.5000000000
29393  -32.629  -8.808  5.379 0.5000000000
27641  -33.709  -9.678  4.355 0.5000000000
29381  -34.277  -8.975  6.319 0.5000000000
28495  -34.503  -9.371  4.850 0.5000000000
28483  -34.957  -9.632  6.808 0.5000000000
28501  -35.220  -9.625  4.727 0.5000000000
141028  -35.958  -9.331  5.585 0.5000000000
27642  -35.929  -9.496  5.082 0.5000000000
27645  -34.316  -10.161  4.022 0.5000000000
27644  -33.220  -10.267  3.614 0.5000000000
26274  -33.961  -12.552  2.263 0.4000000060
27646  -35.282  -10.334  4.359 0.4000000060
121048  -34.510  -13.602  2.445 0.5000000000
123401  -34.974  -13.733  1.751 0.3000000119
27676  -32.327  -12.884  -0.617 0.3000000119
39206  -46.619  1.767  16.509 0.4000000060
32768  -31.976  -4.308  20.186 0.6999999881
32747  -32.205  -3.826  21.739 0.6999999881
32769  -32.283  -3.396  20.872 0.6999999881
33556  -32.244  -3.336  19.342 0.6999999881
135186  -32.240  -2.454  18.248 0.6999999881
33601  -31.731  -2.034  15.981 0.6999999881
122174  -42.818  6.997  17.605 0.3000000119
136305  -43.477  6.025  16.561 0.3000000119
42512  -43.801  5.644  17.320 0.3000000119
42522  -44.123  4.907  16.282 0.3000000119
43599  -42.679  6.798  16.202 0.3000000119
42521  -43.439  5.524  15.701 0.3000000119
41379  -44.792  3.926  16.421 0.3000000119
41380  -45.274  3.830  17.244 0.3000000119
40235  -45.918  3.211  17.482 0.3000000119
42532  -42.756  5.854  15.148 0.3000000119
41389  -45.468  3.065  16.486 0.3000000119
40252  -46.291  2.553  16.920 0.3000000119
41388  -44.329  3.937  15.768 0.3000000119
39189  -46.888  2.074  17.401 0.3000000119
146625  -42.149  4.534  13.694 0.3000000119
31879  -32.616  -4.854  23.500 0.6999999881
134552  -32.352  -5.331  24.963 0.6999999881
42498  -43.258  6.120  18.332 0.3000000119
42513  -44.610  4.634  17.185 0.3000000119
42500  -44.929  4.260  17.753 0.3000000119
41367  -46.021  3.135  18.252 0.3000000119
40236  -46.441  2.671  17.909 0.3000000119
39173  -46.802  1.995  18.635 0.3000000119
39190  -47.414  1.542  17.807 0.3000000119
137852  -31.652  -9.115  37.911 0.4000000060
138103  -30.081  -7.071  36.943 0.4000000060
137895  -30.897  -7.777  37.792 0.4000000060
120746  -32.062  -8.461  38.264 0.4000000060
119225  -30.542  -8.558  37.476 0.4000000060
29102  -30.259  -5.895  35.885 0.4000000060
121292  -30.111  -7.047  35.326 0.4000000060
29118  -30.567  -6.389  34.507 0.5000000000
29135  -31.088  -6.600  33.319 0.5000000000
28269  -30.575  -7.381  33.717 0.5000000000
28268  -30.495  -8.515  32.729 0.5000000000
127571  -31.793  -7.080  32.082 0.6000000238
143509  -31.207  -7.860  32.358 0.5000000000
142477  -31.063  -9.047  31.515 0.6000000238
29149  -31.469  -9.626  30.492 0.5000000000
29150  -31.777  -8.483  31.060 0.5000000000
29163  -31.962  -9.277  30.045 0.6000000238
29186  -33.216  -9.643  28.218 0.5000000000
28327  -35.776  -10.525  25.292 0.5000000000
28304  -33.819  -9.939  27.301 0.5000000000
28316  -35.739  -9.934  25.510 0.5000000000
31035  -31.843  -6.682  21.071 0.4000000060
29151  -32.477  -7.663  30.954 0.6000000238
29164  -32.987  -8.176  29.824 0.6000000238
30136  -32.841  -7.661  21.424 0.5000000000
132484  -32.366  -8.637  30.219 0.6000000238
133011  -32.090  -6.399  21.752 0.5000000000
29173  -32.629  -9.313  29.300 0.6000000238
29187  -34.233  -9.073  27.801 0.6000000238
139030  -33.750  -9.443  24.301 0.5000000000
29213  -35.295  -9.342  25.406 0.5000000000
29203  -35.199  -9.327  27.016 0.5000000000
31933  -31.518  -5.911  20.529 0.5000000000
31910  -31.633  -5.694  21.325 0.5000000000
29174  -33.713  -8.531  28.751 0.6000000238
29226  -34.700  -9.531  24.752 0.5000000000
29204  -35.528  -9.067  26.467 0.6000000238
129919  -33.434  -8.740  24.507 0.5000000000
32767  -31.620  -5.085  19.817 0.5000000000
132007  -31.588  -5.138  20.733 0.5000000000
30936  -32.639  -6.700  26.324 0.6000000238
30052  -35.446  -8.131  28.213 0.6000000238
31006  -32.968  -6.987  21.996 0.5000000000
30069  -34.923  -7.785  26.769 0.6000000238
30085  -34.396  -8.321  25.988 0.6000000238
30112  -33.069  -7.795  23.022 0.5000000000
30086  -35.447  -8.822  26.221 0.5000000000
30989  -33.026  -6.936  22.640 0.5000000000
30101  -32.921  -7.822  24.016 0.5000000000
32746  -31.769  -4.640  21.358 0.5000000000
30068  -33.583  -7.399  26.415 0.6000000238
31890  -31.800  -5.409  22.013 0.5000000000
30949  -32.427  -6.810  25.608 0.6000000238
30094  -32.839  -7.771  24.985 0.5000000000
30977  -32.908  -6.825  23.518 0.5000000000
31932  -31.476  -5.981  19.600 0.4000000060
32791  -31.734  -3.980  18.716 0.4000000060
30964  -32.544  -6.664  24.682 0.6000000238
31878  -32.449  -6.161  22.444 0.5000000000
31864  -32.713  -5.683  23.981 0.6000000238
32733  -31.933  -4.547  22.093 0.6000000238
31891  -32.245  -4.977  22.708 0.5000000000
30126  -33.128  -7.775  22.229 0.5000000000
131497  -33.138  -8.658  23.655 0.5000000000
31855  -32.271  -6.019  25.523 0.6000000238
29212  -33.869  -8.619  25.238 0.5000000000
130111  -35.349  -8.704  27.835 0.6000000238
30043  -35.067  -8.486  28.392 0.6000000238
30084  -33.185  -7.576  25.717 0.6000000238
134130  -32.735  -5.918  23.116 0.5000000000
32669  -34.993  -5.207  29.990 0.3000000119
121585  -34.640  -6.089  31.128 0.3000000119
33481  -34.870  -3.905  28.330 0.3000000119
33466  -34.665  -5.906  30.918 0.3000000119
135698  -34.124  -4.906  29.918 0.3000000119
35253  -35.012  -2.108  26.989 0.3000000119
35258  -36.081  -1.771  26.558 0.3000000119
35254  -35.864  -2.357  26.876 0.3000000119
35246  -35.663  -2.317  27.139 0.3000000119
36258  -35.921  -1.448  26.282 0.3000000119
36265  -37.379  -1.545  25.977 0.3000000119
36259  -36.769  -1.492  27.010 0.3000000119
147016  -39.387  2.987  21.816 0.3000000119
39100  -41.104  4.451  21.025 0.3000000119
40158  -42.802  3.832  21.840 0.3000000119
41319  -42.615  4.636  20.950 0.3000000119
42463  -42.932  4.333  20.818 0.3000000119
40172  -42.331  4.752  21.545 0.3000000119
42477  -42.506  4.926  20.870 0.3000000119
139629  -29.861  -8.150  34.358 0.4000000060
31795  -34.199  -4.690  31.892 0.3000000119
119255  -34.554  -5.096  31.092 0.3000000119
34295  -33.834  -4.202  29.086 0.3000000119
35252  -34.894  -3.011  27.761 0.3000000119
36267  -37.749  -1.444  25.481 0.3000000119
37247  -35.942  0.264  23.284 0.3000000119
38156  -38.930  2.443  22.136 0.3000000119
37248  -36.901  1.988  21.118 0.3000000119
38170  -40.574  3.474  21.916 0.3000000119
134508  -42.159  4.385  21.643 0.3000000119
41303  -43.053  3.866  21.210 0.3000000119
25389  -28.487  -14.354  30.161 0.4000000060
25405  -29.151  -14.144  29.202 0.3000000119
26134  -30.518  -13.595  27.761 0.3000000119
28313  -33.375  -10.814  26.886 0.4000000060
28303  -32.740  -10.672  27.748 0.4000000060
27480  -31.948  -10.964  28.496 0.4000000060
28285  -31.158  -10.581  30.145 0.4000000060
28337  -35.135  -10.288  24.256 0.4000000060
28328  -35.935  -10.758  24.688 0.4000000060
28314  -34.505  -10.286  26.477 0.4000000060
28286  -31.817  -10.217  29.442 0.4000000060
28277  -30.996  -9.990  30.970 0.4000000060
29251  -32.683  -9.228  22.137 0.3000000119
28293  -32.449  -10.221  28.644 0.4000000060
138777  -32.941  -8.662  21.494 0.3000000119
27473  -31.258  -11.314  29.174 0.4000000060
28326  -35.032  -10.725  25.680 0.4000000060
23405  -35.289  -17.301  32.538 0.3000000119
25326  -34.199  -14.201  34.332 0.3000000119
26045  -34.242  -13.239  34.775 0.3000000119
26727  -32.721  -11.656  36.821 0.3000000119
26743  -31.460  -11.057  37.291 0.3000000119
26744  -31.669  -10.114  37.583 0.3000000119
119222  -30.251  -9.538  37.224 0.3000000119
120976  -29.518  -8.112  36.274 0.3000000119
24854  -32.985  -14.561  -0.091 0.5000000000
25572  -32.934  -14.336  0.021 0.5000000000
25573  -32.916  -14.038  0.094 0.5000000000
25574  -33.715  -14.192  0.522 0.4000000060
26272  -36.023  -11.139  4.784 0.6000000238
26276  -33.995  -12.918  2.119 0.4000000060
26277  -32.682  -12.826  1.268 0.4000000060
26281  -32.504  -14.031  0.032 0.3000000119
26284  -33.531  -13.737  0.363 0.3000000119
26285  -34.106  -13.800  1.010 0.3000000119
26287  -32.971  -13.820  0.115 0.5000000000
26930  -36.326  -10.643  6.930 0.6000000238
26931  -36.470  -10.529  6.852 0.6000000238
26934  -36.232  -10.346  6.962 0.5000000000
26935  -36.471  -10.851  6.446 0.6000000238
26948  -32.789  -12.754  -0.481 0.3000000119
26949  -32.843  -13.012  -0.072 0.3000000119
26952  -32.471  -13.381  -0.416 0.3000000119
26953  -32.595  -12.999  -0.236 0.5000000000
27514  -35.716  -11.151  24.906 0.4000000060
27634  -35.937  -10.215  7.292 0.5000000000
27635  -36.307  -10.903  7.285 0.6000000238
27640  -35.819  -9.746  6.561 0.5000000000
27654  -36.276  -11.936  3.487 0.4000000060
27655  -36.742  -12.142  3.790 0.4000000060
27661  -36.244  -12.307  3.479 0.3000000119
27667  -35.522  -12.197  3.111 0.3000000119
27674  -34.451  -12.540  1.874 0.3000000119
27675  -32.307  -12.764  -0.729 0.3000000119
28315  -35.549  -9.951  26.002 0.5000000000
28338  -36.057  -10.890  24.095 0.4000000060
28478  -34.950  -9.727  7.353 0.5000000000
28480  -35.789  -9.972  7.622 0.6000000238
28494  -33.595  -9.111  5.011 0.5000000000
28496  -35.399  -9.313  5.207 0.5000000000
29188  -35.480  -8.518  27.469 0.6000000238
29227  -35.817  -10.233  24.678 0.4000000060
29380  -34.144  -9.034  7.130 0.5000000000
29387  -34.563  -9.133  5.535 0.5000000000
30070  -35.495  -8.200  27.055 0.6000000238
30171  -48.059  -8.842  17.497 0.3000000119
30192  -33.999  -7.552  15.575 0.6000000238
30900  -33.326  -5.352  31.072 0.4000000060
31050  -49.594  -8.092  18.172 0.3000000119
31064  -48.337  -7.973  17.236 0.3000000119
31075  -47.833  -7.988  16.703 0.3000000119
31083  -47.139  -7.995  15.854 0.3000000119
31829  -33.980  -5.049  28.987 0.5000000000
32810  -49.312  -6.134  16.925 0.3000000119
32851  -47.222  -5.955  15.579 0.4000000060
32892  -43.770  -5.052  12.324 0.3000000119
33524  -35.247  -3.177  23.088 0.6000000238
33558  -32.526  -1.742  20.324 0.6999999881
33614  -31.902  -3.156  14.525 0.6999999881
33638  -31.610  -2.991  14.753 0.5000000000
33641  -47.319  -4.476  15.568 0.4000000060
34296  -34.029  -5.039  30.327 0.3000000119
34313  -35.231  -3.969  28.327 0.3000000119
34314  -35.402  -2.676  27.337 0.3000000119
34325  -35.104  -3.137  26.976 0.4000000060
35245  -35.525  -2.942  27.508 0.3000000119
35275  -35.842  -1.983  24.643 0.5000000000
35294  -34.847  -0.118  22.744 0.5000000000
35318  -32.832  0.033  20.257 0.6000000238
35353  -49.045  -2.639  15.959 0.4000000060
36256  -36.045  -2.260  27.007 0.3000000119
36287  -34.760  0.199  21.969 0.5000000000
36289  -35.403  0.738  22.163 0.4000000060
36311  -34.294  -0.143  21.644 0.6000000238
36323  -34.743  0.316  20.175 0.4000000060
36330  -33.913  0.967  20.080 0.6000000238
36378  -47.447  -1.278  15.619 0.4000000060
36393  -45.286  -1.212  14.877 0.5000000000
37239  -37.266  -1.496  26.197 0.3000000119
37257  -37.983  1.921  21.917 0.3000000119
37275  -36.350  0.661  21.099 0.4000000060
37288  -37.004  1.314  20.646 0.4000000060
37301  -36.940  1.628  20.508 0.4000000060
37358  -48.638  -0.253  16.506 0.4000000060
38155  -38.936  2.577  22.001 0.4000000060
38203  -38.100  2.881  20.767 0.4000000060
38244  -48.343  0.368  18.495 0.3000000119
38286  -44.394  0.759  14.585 0.5000000000
38287  -45.031  0.527  15.025 0.5000000000
38299  -42.603  0.637  12.955 0.4000000060
39110  -40.012  3.928  20.925 0.4000000060
39131  -41.911  4.962  21.951 0.3000000119
39185  -32.817  3.466  19.646 0.6000000238
39207  -47.308  1.454  16.902 0.4000000060
39224  -45.444  1.200  15.483 0.5000000000
41408  -42.748  3.676  13.938 0.3000000119
42478  -42.934  4.647  20.426 0.3000000119
42549  -40.580  4.456  12.934 0.5000000000
44765  -41.510  6.805  14.810 0.4000000060
119174  -34.387  -14.600  2.205 0.4000000060
119175  -34.699  -14.059  1.942 0.3000000119
119176  -34.560  -15.256  2.572 0.4000000060
119177  -35.121  -13.929  3.023 0.4000000060
119178  -34.995  -14.401  2.561 0.3000000119
119179  -35.761  -13.092  3.271 0.4000000060
119183  -36.140  -12.615  3.492 0.3000000119
119184  -37.859  -11.200  5.218 0.4000000060
120648  -36.886  -11.710  4.480 0.3000000119
120770  -34.228  -14.631  1.603 0.4000000060
120856  -34.041  -13.926  0.815 0.3000000119
120863  -33.953  -14.390  0.858 0.4000000060
121258  -34.406  -14.349  1.720 0.3000000119
121382  -35.727  -12.691  3.295 0.3000000119
121763  -35.994  -13.056  3.362 0.4000000060
123041  -31.828  -11.056  -1.062 0.4000000060
123395  -36.806  2.830  20.237 0.4000000060
124015  -34.257  -15.173  2.058 0.4000000060
124093  -46.491  0.034  15.640 0.4000000060
124658  -47.840  1.009  17.221 0.4000000060
126880  -36.500  -9.654  5.874 0.5000000000
130155  -34.590  0.671  19.970 0.6999999881
131792  -48.973  -4.131  16.215 0.3000000119
132214  -40.092  1.680  12.201 0.5000000000
132749  -45.331  -6.149  13.707 0.3000000119
133179  -39.429  -15.798  28.966 0.3000000119
133781  -39.983  -13.628  32.048 0.3000000119
137714  -37.408  -12.068  4.295 0.4000000060
137790  -33.732  -14.385  0.553 0.5000000000
137872  -33.135  -14.070  0.169 0.5000000000
137984  -34.368  -15.169  2.202 0.4000000060
137985  -34.093  -14.173  0.972 0.3000000119
138606  -35.010  -12.979  2.819 0.3000000119
140072  -36.948  -10.323  6.015 0.6000000238
140102  -46.623  -3.030  15.285 0.5000000000
140324  -37.560  -11.837  4.604 0.4000000060
140353  -32.207  -13.526  0.305 0.4000000060
144736  -49.590  -3.963  16.310 0.3000000119
145274  -34.875  -13.730  1.961 0.3000000119
146568  -33.984  -10.076  -0.704 0.3000000119
