#!ascii label  , from subject sub-v2s4x29617_ses-1 vox2ras=TkReg
429
21021  -46.907  -20.442  45.462 0.0000000000
136213  -51.599  -22.784  38.463 0.0000000000
21688  -44.171  -20.098  41.145 0.0000000000
124855  -50.877  -21.517  41.596 0.0000000000
21139  -46.533  -21.738  36.298 0.0000000000
23289  -41.442  -16.735  45.135 0.0000000000
23917  -40.695  -16.075  40.601 0.0000000000
26667  -37.971  -12.063  39.960 0.0000000000
21705  -41.685  -20.389  38.449 0.0000000000
21101  -44.664  -21.670  38.291 0.0000000000
21154  -43.567  -21.199  36.001 0.0000000000
23900  -41.680  -15.933  42.974 0.0000000000
24542  -39.399  -15.641  42.871 0.0000000000
28180  -41.291  -10.081  38.978 0.0000000000
26693  -40.582  -12.553  38.232 0.0000000000
19946  -48.253  -24.080  42.125 0.0000000000
136949  -52.339  -21.959  39.901 0.0000000000
19449  -54.218  -24.327  43.065 0.0000000000
18979  -51.505  -25.435  40.248 0.0000000000
22249  -46.124  -19.071  44.251 0.0000000000
21056  -49.385  -21.463  44.173 0.0000000000
21091  -48.261  -21.539  39.137 0.0000000000
139787  -51.015  -21.423  37.193 0.0000000000
23309  -43.592  -17.242  43.466 0.0000000000
22804  -41.199  -18.750  40.490 0.0000000000
132346  -40.686  -17.811  37.914 0.0000000000
25232  -37.406  -14.713  41.492 0.0000000000
25240  -39.619  -14.580  40.114 0.0000000000
24590  -40.904  -15.392  37.884 0.0000000000
23964  -42.469  -16.633  36.688 0.0000000000
19429  -51.277  -24.297  43.237 0.0000000000
20071  -52.663  -23.312  31.515 0.0000000000
20004  -50.756  -23.686  35.251 0.0000000000
17868  -48.591  -26.995  36.248 0.0000000000
22297  -41.653  -19.894  37.000 0.0000000000
21118  -42.734  -21.010  37.383 0.0000000000
20492  -47.363  -22.572  43.645 0.0000000000
19964  -52.379  -22.225  38.774 0.0000000000
19466  -52.161  -23.756  41.077 0.0000000000
19474  -50.683  -23.978  39.821 0.0000000000
18422  -50.983  -25.928  39.532 0.0000000000
19477  -49.770  -24.212  38.468 0.0000000000
22260  -44.775  -19.537  41.909 0.0000000000
21690  -45.774  -20.559  41.155 0.0000000000
123941  -46.028  -21.832  37.793 0.0000000000
21090  -46.643  -21.586  39.120 0.0000000000
123619  -47.435  -21.707  37.627 0.0000000000
123617  -49.965  -21.410  37.853 0.0000000000
129729  -48.082  -21.680  36.952 0.0000000000
23303  -44.231  -17.386  45.266 0.0000000000
23877  -43.065  -16.561  44.965 0.0000000000
23908  -41.077  -16.103  41.246 0.0000000000
23314  -41.701  -17.217  41.633 0.0000000000
23320  -40.767  -17.019  40.460 0.0000000000
139246  -40.768  -18.906  39.824 0.0000000000
23327  -40.482  -17.532  39.524 0.0000000000
146904  -37.217  -13.212  40.635 0.0000000000
25239  -38.051  -14.444  40.670 0.0000000000
25975  -38.821  -13.134  39.490 0.0000000000
26704  -41.736  -12.782  37.557 0.0000000000
25998  -40.864  -13.913  38.012 0.0000000000
141504  -41.961  -14.578  37.387 0.0000000000
24591  -41.604  -15.416  37.496 0.0000000000
21065  -49.842  -21.570  43.246 0.0000000000
133715  -50.381  -22.560  43.600 0.0000000000
20470  -51.789  -22.864  43.405 0.0000000000
18369  -53.938  -25.740  43.599 0.0000000000
130871  -52.464  -23.527  30.022 0.0000000000
20020  -52.539  -23.276  33.968 0.0000000000
19012  -48.434  -24.990  35.425 0.0000000000
130116  -43.194  -20.774  39.596 0.0000000000
143878  -44.744  -21.170  39.912 0.0000000000
21698  -43.271  -21.144  38.766 0.0000000000
21120  -44.332  -21.641  37.468 0.0000000000
21155  -44.607  -21.488  35.902 0.0000000000
23875  -41.492  -16.281  45.095 0.0000000000
24543  -40.260  -15.663  43.202 0.0000000000
128053  -40.094  -15.671  41.947 0.0000000000
136220  -39.271  -11.123  39.428 0.0000000000
144875  -39.913  -11.721  38.792 0.0000000000
27390  -41.331  -11.360  38.062 0.0000000000
27399  -41.884  -11.930  37.587 0.0000000000
127242  -43.141  -12.570  37.149 0.0000000000
21084  -51.882  -21.621  41.093 0.0000000000
20505  -52.410  -22.662  42.327 0.0000000000
19447  -52.649  -23.356  41.848 0.0000000000
18966  -52.945  -25.129  41.472 0.0000000000
18407  -54.058  -26.711  41.374 0.0000000000
17834  -52.548  -27.096  39.477 0.0000000000
17855  -52.195  -27.670  38.090 0.0000000000
17127  -51.306  -27.886  37.418 0.0000000000
22234  -46.969  -19.345  44.974 0.0000000000
21037  -48.421  -20.750  45.224 0.0000000000
21063  -48.476  -20.813  42.669 0.0000000000
21071  -49.135  -21.249  41.994 0.0000000000
21079  -46.262  -21.137  40.479 0.0000000000
125630  -47.491  -21.461  39.741 0.0000000000
122706  -49.741  -21.341  40.196 0.0000000000
21093  -50.664  -21.318  39.497 0.0000000000
21122  -51.427  -21.467  38.020 0.0000000000
124209  -52.248  -21.764  37.364 0.0000000000
22759  -45.212  -18.435  45.413 0.0000000000
22797  -44.800  -18.242  43.560 0.0000000000
22252  -43.474  -18.635  42.070 0.0000000000
23308  -42.925  -16.735  42.975 0.0000000000
22801  -42.605  -18.420  41.708 0.0000000000
22265  -42.404  -19.689  40.594 0.0000000000
22268  -41.898  -19.982  39.892 0.0000000000
22273  -40.896  -19.290  38.338 0.0000000000
22832  -41.132  -18.287  37.392 0.0000000000
24550  -38.284  -15.105  41.522 0.0000000000
24557  -38.988  -14.896  40.771 0.0000000000
25241  -40.156  -14.783  39.971 0.0000000000
25988  -39.541  -13.379  39.092 0.0000000000
25264  -40.254  -14.614  38.945 0.0000000000
24570  -40.374  -15.388  39.396 0.0000000000
23353  -40.583  -16.965  38.180 0.0000000000
23354  -41.079  -17.361  37.568 0.0000000000
20467  -49.164  -22.268  44.262 0.0000000000
19428  -50.086  -24.318  42.674 0.0000000000
134753  -53.765  -24.381  44.077 0.0000000000
18926  -52.415  -25.505  43.211 0.0000000000
21160  -49.476  -21.591  35.296 0.0000000000
125986  -51.160  -21.569  35.186 0.0000000000
20536  -52.528  -22.271  36.073 0.0000000000
20006  -52.612  -23.045  34.970 0.0000000000
144491  -51.229  -23.144  37.003 0.0000000000
19485  -49.429  -24.288  37.473 0.0000000000
17853  -49.689  -27.102  37.400 0.0000000000
22850  -41.944  -19.061  35.906 0.0000000000
22298  -42.034  -19.884  36.214 0.0000000000
20491  -46.410  -22.378  43.649 0.0000000000
20465  -47.456  -21.924  44.578 0.0000000000
19961  -51.651  -22.953  39.366 0.0000000000
19473  -50.433  -23.667  39.097 0.0000000000
18977  -50.042  -24.508  39.198 0.0000000000
141882  -50.401  -23.564  38.566 0.0000000000
21689  -45.024  -20.161  41.386 0.0000000000
129731  -45.954  -21.827  37.020 0.0000000000
142006  -46.594  -21.784  37.529 0.0000000000
129730  -46.976  -21.757  36.933 0.0000000000
21140  -47.548  -21.707  36.239 0.0000000000
22775  -41.174  -17.936  44.733 0.0000000000
22776  -42.281  -17.622  45.297 0.0000000000
23274  -43.241  -17.286  45.485 0.0000000000
23290  -42.309  -16.735  45.278 0.0000000000
146829  -41.245  -16.864  41.221 0.0000000000
23926  -40.489  -16.384  39.703 0.0000000000
27373  -38.605  -11.473  39.722 0.0000000000
27357  -37.897  -11.244  40.279 0.0000000000
130415  -37.556  -12.675  40.326 0.0000000000
139275  -38.183  -12.886  39.887 0.0000000000
26678  -38.666  -12.317  39.547 0.0000000000
26000  -42.437  -13.350  37.301 0.0000000000
25999  -41.614  -13.752  37.572 0.0000000000
131094  -42.777  -14.391  37.230 0.0000000000
21073  -50.534  -21.735  42.656 0.0000000000
20493  -51.011  -22.104  42.971 0.0000000000
21074  -51.445  -21.849  42.094 0.0000000000
19550  -50.881  -23.909  33.449 0.0000000000
19516  -49.351  -24.203  35.278 0.0000000000
19026  -48.765  -24.488  34.630 0.0000000000
129162  -42.323  -20.577  39.185 0.0000000000
21706  -42.481  -20.869  38.200 0.0000000000
21136  -43.149  -21.146  36.696 0.0000000000
21119  -43.502  -21.370  37.356 0.0000000000
21137  -43.976  -21.496  36.695 0.0000000000
129732  -44.920  -21.749  36.821 0.0000000000
28178  -39.587  -10.488  39.529 0.0000000000
28179  -40.408  -10.242  39.219 0.0000000000
27375  -39.940  -11.075  38.946 0.0000000000
28196  -40.818  -10.792  38.617 0.0000000000
26705  -42.367  -12.460  37.358 0.0000000000
19446  -48.860  -24.632  41.797 0.0000000000
127676  -52.123  -21.668  40.149 0.0000000000
20508  -52.303  -21.961  40.740 0.0000000000
19958  -52.230  -22.509  40.658 0.0000000000
18965  -52.176  -24.853  40.951 0.0000000000
19467  -52.875  -24.269  41.737 0.0000000000
18406  -52.645  -25.843  40.815 0.0000000000
18424  -53.296  -26.768  40.426 0.0000000000
18427  -50.548  -26.435  38.801 0.0000000000
17844  -51.497  -26.794  39.159 0.0000000000
17843  -51.122  -27.285  38.322 0.0000000000
17854  -50.457  -27.412  37.684 0.0000000000
22235  -47.659  -19.779  44.833 0.0000000000
21070  -48.234  -21.080  41.601 0.0000000000
21088  -44.914  -21.474  39.279 0.0000000000
21078  -45.382  -21.135  40.197 0.0000000000
21089  -45.920  -21.437  39.567 0.0000000000
124910  -48.604  -21.423  40.022 0.0000000000
21092  -49.414  -21.433  39.335 0.0000000000
123805  -50.716  -21.327  40.208 0.0000000000
129728  -49.454  -21.497  37.017 0.0000000000
21123  -52.178  -21.798  38.201 0.0000000000
22790  -44.293  -17.535  44.140 0.0000000000
22791  -45.039  -17.856  44.971 0.0000000000
22796  -43.990  -18.021  42.956 0.0000000000
22253  -44.412  -18.798  42.459 0.0000000000
23892  -41.728  -16.054  44.328 0.0000000000
23901  -42.277  -16.234  43.309 0.0000000000
22800  -41.776  -18.163  41.324 0.0000000000
23315  -42.376  -17.508  42.065 0.0000000000
22805  -42.079  -18.968  40.955 0.0000000000
126829  -41.690  -19.424  40.361 0.0000000000
22807  -40.556  -18.472  39.347 0.0000000000
22263  -40.802  -19.359  39.174 0.0000000000
22831  -40.738  -18.526  38.059 0.0000000000
22284  -41.094  -19.118  37.654 0.0000000000
132161  -38.738  -14.287  40.162 0.0000000000
24558  -39.926  -15.255  40.829 0.0000000000
26692  -39.890  -12.425  38.724 0.0000000000
25989  -40.330  -13.339  38.469 0.0000000000
25271  -40.672  -14.651  38.195 0.0000000000
128347  -40.425  -14.082  38.514 0.0000000000
24583  -40.539  -15.366  38.478 0.0000000000
23937  -40.443  -16.191  38.745 0.0000000000
23951  -40.690  -16.050  38.151 0.0000000000
23953  -42.178  -16.157  37.187 0.0000000000
23952  -41.176  -16.342  37.658 0.0000000000
140497  -41.748  -16.958  37.153 0.0000000000
143800  -41.497  -17.698  37.037 0.0000000000
21038  -49.089  -21.109  44.957 0.0000000000
20446  -48.996  -21.623  44.707 0.0000000000
20447  -49.365  -21.700  44.338 0.0000000000
19926  -50.800  -23.514  43.443 0.0000000000
19902  -50.265  -22.869  43.694 0.0000000000
18925  -50.668  -25.104  42.448 0.0000000000
19430  -53.826  -23.823  43.396 0.0000000000
19904  -53.219  -23.615  43.463 0.0000000000
19905  -53.888  -23.930  43.997 0.0000000000
18375  -53.574  -26.787  42.860 0.0000000000
18927  -53.214  -25.957  43.348 0.0000000000
21159  -48.099  -21.653  35.462 0.0000000000
21171  -48.593  -21.576  34.608 0.0000000000
143536  -52.040  -21.643  35.966 0.0000000000
21161  -52.348  -22.006  35.230 0.0000000000
125811  -52.077  -23.364  34.803 0.0000000000
20005  -52.101  -23.176  35.571 0.0000000000
146828  -52.489  -22.721  35.617 0.0000000000
128431  -50.989  -23.414  36.252 0.0000000000
19989  -49.963  -23.672  36.897 0.0000000000
18442  -48.670  -26.048  36.636 0.0000000000
18432  -48.962  -25.918  37.284 0.0000000000
18443  -49.055  -26.663  37.010 0.0000000000
21717  -41.965  -20.524  37.569 0.0000000000
21734  -42.383  -20.578  36.692 0.0000000000
21735  -42.520  -20.381  35.968 0.0000000000
21746  -43.098  -20.581  35.457 0.0000000000
28181  -41.982  -10.084  38.743 0.0000000000
29044  -42.693  -9.944  38.829 0.0000000000
19923  -47.597  -23.078  43.037 0.0000000000
19962  -52.323  -22.204  39.416 0.0000000000
19465  -51.718  -23.331  40.287 0.0000000000
19475  -51.334  -24.424  40.387 0.0000000000
18423  -51.969  -26.377  39.981 0.0000000000
18978  -50.635  -24.951  39.761 0.0000000000
18983  -50.176  -25.506  39.090 0.0000000000
18982  -49.653  -25.085  38.648 0.0000000000
22254  -45.427  -18.989  42.958 0.0000000000
22261  -45.668  -19.806  42.040 0.0000000000
21682  -46.527  -20.204  42.067 0.0000000000
21691  -46.770  -20.797  41.282 0.0000000000
21102  -45.721  -21.715  38.548 0.0000000000
21103  -46.779  -21.736  38.262 0.0000000000
123950  -47.866  -21.621  38.356 0.0000000000
122705  -49.028  -21.500  38.511 0.0000000000
123618  -48.581  -21.568  37.720 0.0000000000
23291  -43.517  -17.041  45.385 0.0000000000
23301  -43.235  -16.700  43.976 0.0000000000
23899  -40.961  -15.770  42.297 0.0000000000
23307  -42.149  -16.568  42.414 0.0000000000
23909  -41.567  -16.240  41.913 0.0000000000
23321  -41.179  -17.734  40.870 0.0000000000
22803  -40.672  -18.139  40.116 0.0000000000
23339  -40.474  -17.888  38.629 0.0000000000
25962  -36.672  -13.341  41.089 0.0000000000
25963  -37.231  -13.980  40.870 0.0000000000
139261  -37.820  -13.570  40.308 0.0000000000
25252  -38.458  -13.657  39.899 0.0000000000
25253  -39.120  -13.916  39.638 0.0000000000
26703  -41.017  -13.086  37.875 0.0000000000
25272  -41.215  -14.607  37.718 0.0000000000
24592  -42.553  -15.353  37.212 0.0000000000
23965  -43.181  -16.005  36.930 0.0000000000
142593  -50.135  -22.024  43.627 0.0000000000
20469  -51.032  -22.545  43.386 0.0000000000
19416  -51.949  -23.638  43.593 0.0000000000
18920  -54.236  -24.882  43.974 0.0000000000
20070  -52.341  -23.456  30.936 0.0000000000
20060  -52.522  -23.471  31.894 0.0000000000
20061  -52.771  -23.178  32.216 0.0000000000
141236  -52.036  -23.643  33.357 0.0000000000
20019  -51.447  -23.695  34.198 0.0000000000
19498  -49.727  -23.908  36.043 0.0000000000
18999  -48.663  -25.223  36.254 0.0000000000
132881  -48.286  -26.128  35.811 0.0000000000
21694  -43.660  -20.542  40.339 0.0000000000
122150  -44.695  -20.705  40.560 0.0000000000
21699  -44.053  -21.130  39.618 0.0000000000
21087  -44.116  -21.449  38.795 0.0000000000
21099  -43.141  -21.217  37.937 0.0000000000
21100  -43.813  -21.474  38.085 0.0000000000
21121  -45.243  -21.822  37.646 0.0000000000
21138  -45.616  -21.713  36.215 0.0000000000
24532  -40.987  -15.769  43.735 0.0000000000
24531  -40.315  -15.664  44.398 0.0000000000
24552  -40.497  -15.689  41.224 0.0000000000
28177  -38.866  -10.756  39.829 0.0000000000
27374  -39.354  -11.807  39.178 0.0000000000
27389  -40.507  -11.698  38.434 0.0000000000
28197  -41.632  -10.618  38.371 0.0000000000
26694  -41.150  -12.216  37.858 0.0000000000
26001  -43.349  -13.640  37.139 0.0000000000
20504  -52.160  -22.091  41.687 0.0000000000
19959  -52.353  -22.596  41.614 0.0000000000
19448  -53.531  -23.901  42.616 0.0000000000
18945  -53.713  -24.708  42.298 0.0000000000
140419  -52.038  -27.352  38.781 0.0000000000
17856  -53.379  -27.651  37.924 0.0000000000
17128  -52.584  -27.966  37.208 0.0000000000
17143  -51.851  -28.272  36.737 0.0000000000
21644  -47.339  -19.946  45.345 0.0000000000
20444  -47.466  -21.121  45.314 0.0000000000
21662  -48.042  -20.200  45.159 0.0000000000
21663  -48.690  -20.677  45.037 0.0000000000
21679  -49.015  -20.881  44.543 0.0000000000
21684  -47.953  -20.388  43.328 0.0000000000
21685  -48.684  -20.673  43.746 0.0000000000
21064  -49.274  -21.124  43.315 0.0000000000
21082  -50.105  -21.345  41.109 0.0000000000
136802  -46.668  -21.415  39.880 0.0000000000
21081  -47.950  -21.306  40.705 0.0000000000
125514  -48.927  -21.365  40.957 0.0000000000
21094  -51.610  -21.420  39.725 0.0000000000
21104  -50.396  -21.369  38.670 0.0000000000
21105  -51.807  -21.452  38.845 0.0000000000
21106  -52.427  -21.899  38.654 0.0000000000
20510  -52.352  -22.017  38.076 0.0000000000
21643  -46.482  -19.765  45.498 0.0000000000
22233  -46.136  -19.005  45.219 0.0000000000
22777  -44.575  -17.832  45.545 0.0000000000
22798  -45.431  -18.512  44.185 0.0000000000
22259  -43.825  -19.392  41.610 0.0000000000
23876  -42.327  -16.427  45.111 0.0000000000
23893  -42.617  -16.361  44.118 0.0000000000
22795  -43.173  -17.774  42.487 0.0000000000
22258  -42.899  -19.244  41.340 0.0000000000
22266  -43.247  -19.948  40.892 0.0000000000
21693  -42.742  -20.331  40.119 0.0000000000
21697  -41.387  -20.051  39.228 0.0000000000
22264  -41.175  -19.484  39.850 0.0000000000
145148  -41.359  -19.517  37.385 0.0000000000
22849  -41.367  -19.105  37.048 0.0000000000
24551  -39.221  -15.456  41.699 0.0000000000
24559  -40.430  -15.490  40.349 0.0000000000
26679  -39.238  -12.605  39.191 0.0000000000
25254  -39.743  -14.191  39.456 0.0000000000
25976  -39.992  -13.915  38.919 0.0000000000
124380  -40.358  -17.020  38.912 0.0000000000
128848  -41.989  -17.467  36.531 0.0000000000
20445  -48.465  -21.404  45.041 0.0000000000
20466  -48.349  -22.219  44.356 0.0000000000
19924  -48.838  -23.524  42.932 0.0000000000
20468  -49.804  -22.316  43.935 0.0000000000
19901  -49.426  -22.879  43.670 0.0000000000
19427  -49.177  -24.141  42.453 0.0000000000
144284  -49.402  -24.567  42.151 0.0000000000
20495  -52.475  -22.974  43.110 0.0000000000
20471  -52.303  -23.377  43.475 0.0000000000
19417  -52.580  -24.454  43.657 0.0000000000
18919  -54.061  -24.965  44.089 0.0000000000
18918  -53.475  -25.121  43.842 0.0000000000
131428  -51.626  -25.048  42.998 0.0000000000
138323  -42.978  -19.987  34.847 0.0000000000
21156  -45.580  -21.512  35.433 0.0000000000
134819  -46.218  -21.657  35.756 0.0000000000
21158  -47.031  -21.641  35.629 0.0000000000
21141  -48.805  -21.600  36.188 0.0000000000
21142  -50.552  -21.470  36.213 0.0000000000
21143  -51.868  -21.570  36.665 0.0000000000
21144  -52.460  -21.901  36.502 0.0000000000
19974  -52.454  -22.085  36.928 0.0000000000
20040  -52.783  -23.062  33.377 0.0000000000
20021  -52.747  -22.975  34.440 0.0000000000
137045  -52.630  -22.639  34.415 0.0000000000
20547  -52.597  -22.566  35.272 0.0000000000
19990  -52.215  -22.671  36.383 0.0000000000
19973  -51.987  -22.506  37.409 0.0000000000
19972  -50.497  -23.436  37.821 0.0000000000
18991  -49.243  -25.266  37.905 0.0000000000
18433  -49.391  -26.329  37.715 0.0000000000
18434  -50.100  -26.798  38.093 0.0000000000
17869  -49.343  -27.444  36.691 0.0000000000
18370  -54.228  -25.487  43.618 0.0000000000
18374  -52.404  -26.461  42.654 0.0000000000
18426  -49.740  -25.972  38.444 0.0000000000
18928  -54.428  -25.041  43.422 0.0000000000
19418  -53.135  -23.895  43.713 0.0000000000
19419  -54.104  -24.445  44.107 0.0000000000
19420  -54.263  -24.604  43.898 0.0000000000
19431  -54.174  -24.254  43.756 0.0000000000
19900  -48.474  -22.907  43.535 0.0000000000
19903  -51.222  -22.997  43.594 0.0000000000
19925  -49.778  -23.529  43.195 0.0000000000
19947  -52.966  -23.322  42.658 0.0000000000
19965  -52.508  -21.980  38.766 0.0000000000
20039  -52.582  -23.399  32.830 0.0000000000
20494  -51.811  -22.415  42.765 0.0000000000
21022  -47.759  -20.431  45.337 0.0000000000
21072  -49.934  -21.452  42.303 0.0000000000
21083  -51.292  -21.417  40.601 0.0000000000
21095  -52.346  -21.797  39.262 0.0000000000
21678  -48.348  -20.334  44.566 0.0000000000
22219  -46.758  -19.514  45.253 0.0000000000
22220  -47.416  -19.744  45.156 0.0000000000
22274  -41.147  -19.866  38.624 0.0000000000
22285  -41.332  -19.874  37.848 0.0000000000
22792  -45.633  -18.519  45.036 0.0000000000
22816  -40.622  -18.740  38.699 0.0000000000
23302  -43.697  -16.967  44.620 0.0000000000
128260  -53.420  -26.319  41.081 0.0000000000
133133  -52.532  -22.050  35.868 0.0000000000
137133  -48.071  -23.463  42.705 0.0000000000
140795  -47.908  -22.712  43.626 0.0000000000
140984  -42.901  -16.762  45.322 0.0000000000
143044  -41.667  -19.301  36.510 0.0000000000
143467  -42.919  -20.836  36.161 0.0000000000
145867  -38.237  -14.033  40.199 0.0000000000
