#!ascii label  , from subject sub-v2s4x29617_ses-1 vox2ras=TkReg
580
29463  34.999  -7.561  5.084 0.6000000238
28508  35.843  -7.743  6.755 0.5000000000
30391  35.418  -7.593  4.669 0.6999999881
30405  35.260  -5.933  4.209 0.6000000238
30404  35.145  -6.413  4.024 0.6000000238
29462  35.996  -7.640  5.763 0.6999999881
134526  35.028  -5.909  2.810 0.6000000238
28509  35.051  -7.273  6.307 0.5000000000
28466  35.460  -7.386  8.526 0.5000000000
139780  34.928  -6.423  3.702 0.6000000238
30390  35.481  -7.314  4.439 0.6999999881
30425  34.821  -5.866  2.318 0.6000000238
144902  35.786  -7.652  7.516 0.5000000000
30439  34.757  -4.705  2.157 0.6000000238
30451  35.610  -4.214  2.188 0.6999999881
31334  36.271  -2.983  2.723 0.6999999881
31325  35.289  -3.656  2.727 0.6000000238
32257  36.576  -1.735  3.116 0.6000000238
34131  37.602  0.263  1.807 0.5000000000
149301  36.986  0.795  0.767 0.6999999881
35203  37.350  0.996  1.427 0.6000000238
129342  34.088  -6.878  2.184 0.6999999881
128634  35.817  -8.072  5.691 0.6999999881
30403  36.008  -6.696  4.957 0.6000000238
30438  35.189  -4.827  1.779 0.8000000119
28507  36.341  -7.900  6.614 0.5000000000
28486  36.154  -7.666  7.469 0.5000000000
30450  35.638  -5.007  1.557 0.8000000119
28487  35.875  -6.656  8.393 0.5000000000
31333  36.667  -3.774  2.006 0.8000000119
32266  36.993  -2.352  2.167 0.6999999881
33208  37.190  -1.107  2.563 0.6000000238
33207  37.567  -0.471  2.156 0.6999999881
131896  36.675  1.538  0.786 0.6999999881
140819  36.418  0.480  -0.031 0.8000000119
30437  34.209  -6.422  1.550 0.6999999881
29475  36.147  -7.944  5.875 0.4000000060
28520  36.593  -7.925  6.594 0.4000000060
32261  37.562  -1.682  1.304 0.8000000119
33211  37.481  -0.813  1.119 0.8999999762
34137  37.155  -0.065  0.655 0.8999999762
35210  36.102  1.457  -0.519 0.8000000119
36170  36.290  2.415  0.123 0.8000000119
30424  34.791  -6.995  3.553 0.6000000238
30423  34.012  -7.601  2.219 0.5000000000
30449  36.044  -6.057  0.801 0.6999999881
29485  35.634  -8.412  4.630 0.4000000060
28519  36.868  -8.148  6.544 0.5000000000
28485  37.024  -6.724  7.374 0.4000000060
31340  37.124  -3.305  0.838 0.8000000119
30462  36.667  -4.602  1.237 0.8000000119
29442  36.623  -5.844  8.229 0.3000000119
32265  37.380  -2.773  -0.443 0.8000000119
131031  37.465  -1.873  0.303 0.8000000119
33219  36.871  -1.521  -0.295 0.8999999762
147466  35.705  2.133  -0.702 0.8000000119
31339  37.134  -3.965  -1.018 0.8000000119
33220  36.117  -1.047  -1.016 0.8999999762
35217  35.002  1.249  -1.888 0.8000000119
35216  35.578  0.083  -1.556 1.0000000000
30436  35.061  -7.562  1.119 0.6000000238
30448  37.050  -6.862  -0.402 0.6000000238
149841  36.784  -5.912  -0.290 0.6999999881
29495  34.683  -8.684  3.216 0.4000000060
30461  36.862  -4.917  -0.003 0.6999999881
28518  36.421  -9.097  5.935 0.5000000000
29484  36.013  -9.015  4.369 0.4000000060
151271  36.171  -3.035  -2.117 0.8000000119
32273  36.859  -2.482  -1.153 0.8000000119
33227  35.940  -2.642  -2.057 0.8999999762
36177  34.912  2.262  -1.391 0.8000000119
34155  34.290  -0.406  -3.312 0.8000000119
30460  36.714  -5.552  -1.826 0.6999999881
29494  34.865  -8.759  2.333 0.5000000000
31346  36.165  -3.353  -2.614 0.8000000119
32283  35.925  -2.910  -2.309 0.8000000119
34154  35.106  -2.122  -3.062 1.0000000000
34162  34.068  -1.912  -4.441 1.0000000000
35226  33.338  0.671  -3.437 0.8999999762
35225  33.579  -0.526  -4.444 1.0000000000
35224  35.192  -1.733  -5.302 1.0000000000
35223  37.228  -2.965  -5.226 1.0000000000
31332  36.835  -6.544  -2.114 0.6999999881
28542  36.220  -9.598  3.229 0.4000000060
33226  36.806  -2.323  -2.149 1.0000000000
34153  35.978  -3.922  -3.506 1.0000000000
141512  37.163  -3.913  -4.556 1.0000000000
34161  35.587  -3.151  -4.617 1.0000000000
35232  34.256  -0.166  -5.009 1.0000000000
35231  37.717  -1.766  -5.968 1.0000000000
30435  36.643  -7.935  0.018 0.5000000000
29510  36.425  -8.380  1.704 0.5000000000
31345  36.514  -4.333  -3.072 0.8000000119
31356  36.333  -3.178  -2.206 0.8000000119
33225  38.365  -2.142  -2.486 0.8000000119
33218  39.170  -0.993  -0.898 0.8000000119
34152  37.557  -2.890  -3.850 0.8999999762
36189  36.453  -0.245  -5.170 1.0000000000
34160  38.285  -2.861  -4.561 1.0000000000
34168  38.837  -2.292  -5.722 1.0000000000
34173  39.090  -1.920  -6.720 1.0000000000
30447  37.006  -7.171  -1.309 0.6999999881
31338  36.985  -5.517  -2.941 0.6999999881
31355  37.218  -3.052  -3.417 0.6999999881
32282  37.329  -3.523  -2.578 0.6999999881
145739  39.193  -1.754  -1.041 0.8000000119
33217  40.083  -0.736  -0.092 0.8000000119
34151  38.614  -1.010  -1.674 0.8999999762
34167  39.017  -0.964  -3.861 1.0000000000
144415  38.050  -1.046  -6.611 1.0000000000
34172  39.693  -0.770  -5.074 1.0000000000
31331  37.155  -6.808  -2.798 0.6999999881
31344  37.338  -4.246  -3.433 0.6000000238
31354  38.124  -3.068  -2.801 0.6999999881
32281  38.228  -2.446  -2.961 0.6999999881
34146  39.621  0.214  -0.314 0.8000000119
34159  38.607  -1.135  -2.594 1.0000000000
35215  38.911  0.538  -1.077 0.6999999881
35222  39.159  0.618  -1.940 1.0000000000
36198  37.701  0.270  -5.957 1.0000000000
32280  39.012  -2.528  -1.356 0.6999999881
33216  40.932  -0.711  0.528 0.6999999881
34145  40.581  0.209  0.616 0.6999999881
35230  39.529  0.788  -3.061 1.0000000000
35240  38.903  -1.104  -7.316 1.0000000000
31343  37.886  -5.578  -3.059 0.6000000238
31353  39.223  -3.496  -1.563 0.6000000238
32272  40.245  -1.801  -0.464 0.6999999881
34144  41.468  0.239  0.875 0.6999999881
33230  45.809  -0.205  -1.594 0.3000000119
35208  40.186  1.169  0.667 0.6999999881
34157  46.439  0.679  -1.718 0.3000000119
37162  35.174  2.825  -3.217 0.8999999762
36200  35.587  2.048  -3.678 1.0000000000
36199  36.686  1.305  -4.487 1.0000000000
35236  40.068  1.001  -3.827 1.0000000000
34177  39.767  -1.057  -6.268 1.0000000000
34171  40.250  -0.007  -5.283 1.0000000000
31352  39.821  -4.545  -1.579 0.6000000238
32279  40.562  -2.656  -0.621 0.6000000238
31350  43.105  -2.653  -1.091 0.3000000119
33223  45.214  -0.106  -0.826 0.4000000060
34158  45.753  0.603  -0.960 0.4000000060
38138  34.856  3.607  -2.756 0.6999999881
35213  46.314  1.976  -0.670 0.3000000119
37161  36.607  3.232  -3.041 0.8999999762
35220  46.655  1.598  -1.471 0.3000000119
35209  39.242  1.515  0.075 0.8000000119
37170  37.151  2.532  -3.921 0.8999999762
35221  46.152  1.257  -1.068 0.3000000119
36176  39.065  1.994  -0.642 1.0000000000
36207  38.503  0.187  -6.940 1.0000000000
35239  40.051  -0.773  -6.623 1.0000000000
36196  40.456  1.155  -4.462 1.0000000000
32278  41.296  -2.563  -0.401 0.6999999881
31351  42.239  -3.652  -1.460 0.3000000119
32271  41.197  -1.584  0.247 0.6999999881
32277  43.537  -1.737  -0.618 0.3000000119
33215  41.846  -0.517  0.583 0.6999999881
146913  44.668  -0.643  -0.741 0.4000000060
34150  44.585  -0.042  -0.184 0.6000000238
34136  41.055  1.000  1.084 0.6999999881
36154  44.966  2.654  1.071 0.4000000060
34149  45.150  0.628  -0.281 0.4000000060
38137  36.146  3.920  -2.426 0.6999999881
36168  45.514  2.638  0.525 0.4000000060
36175  45.610  2.017  0.038 0.4000000060
35214  45.672  1.306  -0.442 0.4000000060
34140  45.116  1.295  0.238 0.4000000060
36208  37.801  1.584  -5.191 1.0000000000
36183  39.383  2.188  -1.779 1.0000000000
149801  39.741  2.006  -2.785 1.0000000000
129395  40.600  0.172  -6.160 1.0000000000
36206  39.365  -0.764  -7.643 1.0000000000
128001  40.703  1.832  -4.570 1.0000000000
129331  42.456  -2.322  -0.483 0.5000000000
32270  42.157  -1.341  0.186 0.6999999881
33224  44.028  -0.798  -0.290 0.6000000238
33214  42.816  -0.350  0.570 0.6999999881
34143  42.393  0.340  0.905 0.6999999881
33213  43.772  -0.039  0.347 0.6000000238
134661  44.319  2.820  1.493 0.4000000060
34142  43.263  0.505  0.906 0.6000000238
34135  41.963  0.977  1.170 0.6999999881
34141  44.527  0.651  0.318 0.5000000000
36169  45.025  1.986  0.662 0.4000000060
35207  44.429  1.363  0.711 0.4000000060
35202  39.860  2.103  0.856 0.6999999881
35201  40.660  1.777  1.290 0.6999999881
36212  39.842  -0.671  -8.042 1.0000000000
37176  38.817  0.189  -7.788 1.0000000000
36197  40.158  2.326  -3.464 1.0000000000
37175  41.116  2.780  -4.822 0.8999999762
140807  40.525  2.963  -3.866 1.0000000000
36211  41.089  0.413  -7.061 1.0000000000
136083  41.281  1.249  -5.644 1.0000000000
37174  41.702  1.699  -6.129 1.0000000000
37184  40.499  -0.146  -8.224 0.8999999762
36219  41.686  0.954  -7.419 0.8999999762
32269  43.186  -1.115  0.115 0.6999999881
37110  43.550  3.146  1.959 0.3000000119
37111  42.585  3.063  2.115 0.4000000060
134214  43.929  0.777  0.706 0.6000000238
35198  43.651  1.378  1.182 0.4000000060
135465  43.030  2.476  1.849 0.5000000000
35200  41.592  1.660  1.378 0.6000000238
36155  43.670  2.256  1.572 0.5000000000
35197  44.382  2.039  1.193 0.4000000060
132328  42.991  1.788  1.582 0.4000000060
36159  39.278  2.530  0.384 0.8999999762
37169  38.161  2.953  -4.516 0.8999999762
37177  38.428  1.745  -6.096 0.8999999762
37183  42.188  2.309  -6.741 1.0000000000
37194  41.368  0.380  -8.900 0.8999999762
38169  42.492  2.966  -7.275 1.0000000000
37109  44.377  3.624  1.732 0.3000000119
37097  42.947  3.853  2.364 0.3000000119
37098  41.989  3.811  2.296 0.3000000119
34134  42.805  1.065  1.252 0.6000000238
35199  42.342  1.537  1.447 0.5000000000
36157  41.250  2.408  1.519 0.5000000000
36156  42.227  2.271  1.699 0.5000000000
37139  39.239  2.964  -0.817 0.8999999762
37160  39.688  3.085  -2.362 0.8999999762
38147  40.639  3.931  -3.783 0.8999999762
37159  40.139  3.554  -3.093 0.8999999762
37185  39.032  0.331  -8.400 0.8999999762
130972  41.802  3.195  -5.625 0.8000000119
37195  39.402  0.716  -9.057 0.8999999762
131598  41.851  1.418  -9.421 0.8999999762
38075  42.385  4.525  2.543 0.3000000119
37099  40.915  3.806  2.077 0.4000000060
37112  41.650  3.057  1.901 0.5000000000
37113  40.266  3.412  1.453 0.4000000060
148012  40.877  3.039  1.701 0.5000000000
36158  40.410  2.603  1.333 0.5000000000
133752  39.697  2.934  1.076 0.5000000000
149272  39.261  3.429  -0.395 0.6999999881
37151  39.430  3.190  -1.499 0.8000000119
126715  38.867  1.658  -7.251 0.8999999762
37186  38.827  2.319  -8.106 0.8999999762
37202  40.247  1.196  -10.281 0.8999999762
38162  42.358  3.828  -6.431 1.0000000000
38076  41.463  4.672  2.441 0.3000000119
38084  40.019  4.333  1.615 0.4000000060
38077  40.603  4.710  2.140 0.3000000119
148162  39.680  3.679  1.178 0.4000000060
38085  39.425  4.368  0.886 0.4000000060
37114  39.364  3.422  0.616 0.5000000000
134929  39.433  3.769  -0.909 0.6000000238
147733  39.580  3.744  -1.723 0.8000000119
145200  41.299  4.380  -4.599 0.6999999881
147564  41.296  2.418  -10.136 0.8999999762
38177  39.457  2.875  -10.612 0.8999999762
38161  42.667  4.045  -7.428 0.8999999762
38176  41.957  3.871  -8.718 0.8000000119
38182  41.375  3.296  -9.501 0.8000000119
39204  42.665  5.162  -7.705 0.6999999881
40357  42.483  5.795  -7.811 0.8000000119
39097  40.071  5.257  1.940 0.3000000119
132310  39.628  5.156  1.376 0.3000000119
130765  39.371  4.888  0.200 0.4000000060
38097  39.275  3.938  0.001 0.5000000000
38110  39.460  4.631  -0.667 0.5000000000
38123  39.684  4.431  -1.515 0.5000000000
38134  39.840  4.102  -2.306 0.6999999881
38154  41.846  4.379  -5.472 0.6999999881
39198  42.182  4.984  -5.931 0.8000000119
148580  42.036  4.978  2.614 0.3000000119
152332  39.694  5.791  1.755 0.3000000119
132199  39.418  5.210  0.839 0.4000000060
39132  39.572  5.491  -0.468 0.3000000119
39150  39.758  5.255  -1.338 0.5000000000
39170  40.052  4.965  -2.130 0.5000000000
39149  40.210  5.817  -1.952 0.4000000060
38133  40.326  4.551  -2.914 0.6999999881
39185  40.887  5.038  -3.533 0.6999999881
39113  39.426  5.742  0.345 0.3000000119
40286  39.879  6.096  -1.145 0.3000000119
39169  40.539  5.477  -2.716 0.5000000000
40310  40.673  6.353  -2.527 0.5000000000
39184  41.490  5.667  -4.130 0.6000000238
39079  39.973  6.016  2.308 0.4000000060
40210  39.634  6.601  1.848 0.3000000119
39098  39.457  5.971  1.166 0.3000000119
40258  39.470  6.588  0.501 0.3000000119
40269  39.560  6.354  -0.328 0.3000000119
41441  39.927  6.956  -0.980 0.3000000119
40285  40.311  6.669  -1.777 0.3000000119
40328  41.059  6.014  -3.269 0.6000000238
41480  41.157  6.872  -3.055 0.4000000060
40327  41.564  6.626  -3.829 0.5000000000
134129  42.712  6.482  -7.011 0.6999999881
40358  41.753  5.616  -8.219 0.8000000119
40239  39.433  6.805  1.168 0.3000000119
41426  39.513  7.234  -0.187 0.3000000119
41459  40.765  7.209  -2.367 0.4000000060
41479  41.568  7.348  -3.578 0.4000000060
40342  42.366  5.969  -5.962 0.6000000238
40336  42.173  6.483  -4.863 0.4000000060
40335  42.598  6.895  -5.948 0.4000000060
41490  42.567  7.487  -5.376 0.4000000060
41499  42.779  7.644  -6.300 0.5000000000
40349  42.291  6.528  -7.468 0.6000000238
147282  39.991  6.741  2.420 0.3000000119
41415  39.442  7.425  0.668 0.3000000119
41440  40.335  7.536  -1.633 0.3000000119
41458  41.305  7.704  -2.964 0.3000000119
42606  41.945  8.173  -3.912 0.3000000119
41491  42.049  7.377  -4.367 0.4000000060
42614  42.610  8.152  -4.972 0.3000000119
147409  42.870  8.158  -5.782 0.3000000119
42622  42.902  8.323  -6.265 0.4000000060
41505  42.612  7.512  -6.737 0.5000000000
41506  41.925  7.287  -7.114 0.5000000000
41391  39.493  7.461  1.493 0.3000000119
41425  39.909  7.846  -0.828 0.3000000119
42590  41.446  8.590  -2.987 0.3000000119
42613  43.014  8.740  -5.631 0.3000000119
42632  42.514  7.973  -6.618 0.4000000060
42633  41.420  7.806  -6.571 0.5000000000
133911  39.345  8.217  0.991 0.3000000119
42548  39.506  8.200  0.038 0.3000000119
42574  40.373  8.399  -1.506 0.3000000119
42591  40.814  8.078  -2.279 0.3000000119
42605  42.727  8.872  -4.808 0.3000000119
42623  42.427  8.534  -6.268 0.4000000060
42624  41.061  8.421  -6.130 0.4000000060
42634  39.767  7.602  -6.730 0.5000000000
41364  40.319  7.199  2.833 0.3000000119
41365  39.765  7.502  2.324 0.3000000119
43720  42.154  9.139  -3.933 0.3000000119
43726  43.095  9.344  -5.401 0.3000000119
43733  43.037  9.081  -6.020 0.3000000119
131259  39.481  8.242  1.855 0.3000000119
42547  39.973  8.685  -0.707 0.3000000119
43687  40.405  9.246  -1.378 0.3000000119
43705  40.901  8.944  -2.190 0.3000000119
132507  39.522  9.002  -0.171 0.3000000119
42527  39.420  8.964  0.551 0.3000000119
43704  41.631  9.492  -2.957 0.3000000119
43719  43.033  9.605  -4.812 0.3000000119
42507  39.401  8.987  1.420 0.3000000119
43660  39.929  9.485  -0.603 0.3000000119
43661  39.585  9.642  0.141 0.4000000060
44930  40.982  9.837  -2.055 0.3000000119
44913  40.434  10.075  -1.144 0.4000000060
43643  39.376  9.689  0.922 0.3000000119
44892  39.769  10.293  -0.449 0.4000000060
39197  42.622  5.127  -6.850 0.8000000119
28506  37.422  -7.029  6.997 0.5000000000
33231  45.146  -1.105  -1.459 0.4000000060
32276  44.340  -1.439  -1.001 0.4000000060
37209  42.270  3.395  -8.517 0.8000000119
37125  39.155  3.069  -0.085 0.6999999881
39191  41.883  5.345  -5.081 0.6999999881
32258  35.690  -2.332  3.348 0.5000000000
31315  34.563  -4.593  2.238 0.4000000060
30426  34.448  -5.356  1.854 0.4000000060
149267  34.673  -5.795  2.054 0.5000000000
37152  33.195  3.134  -3.432 0.6999999881
36185  33.025  2.360  -3.362 0.8000000119
36184  32.946  1.397  -3.361 0.8000000119
36178  33.753  2.376  -2.204 0.8000000119
36191  33.037  1.988  -3.833 0.8999999762
35233  33.163  0.857  -4.233 0.8999999762
37163  33.511  2.739  -3.868 0.6000000238
36192  33.336  2.974  -3.613 0.8000000119
31337  38.492  -6.364  -2.679 0.5000000000
36202  33.935  2.230  -4.077 0.8999999762
36201  33.679  1.914  -4.219 0.8999999762
36190  34.725  0.837  -4.527 0.8999999762
129652  41.265  -3.776  -1.212 0.5000000000
30474  40.151  -5.522  -2.076 0.5000000000
38136  37.213  4.334  -2.495 0.6000000238
38148  37.669  3.734  -3.388 0.8000000119
38135  37.998  4.822  -2.957 0.6999999881
39172  37.481  5.334  -2.237 0.6999999881
39171  38.156  5.790  -2.739 0.6999999881
129558  38.390  4.256  -3.974 0.6999999881
39186  38.472  5.384  -3.612 0.6999999881
39192  38.744  4.875  -4.637 0.6999999881
38155  38.784  3.366  -5.361 0.8000000119
145456  38.958  4.492  -5.819 0.6999999881
137242  38.966  3.262  -6.596 0.8000000119
38163  38.997  4.157  -7.223 0.8000000119
39205  38.659  5.173  -8.302 0.6000000238
39215  38.927  4.739  -9.148 0.6000000238
40359  38.691  5.816  -8.693 0.6000000238
38170  38.733  3.715  -8.880 0.8000000119
39218  39.564  4.317  -9.266 0.6000000238
39214  38.995  5.147  -9.076 0.6000000238
37203  38.572  2.307  -9.721 0.8000000119
40351  39.021  6.100  -8.686 0.6000000238
151790  39.285  3.704  -9.775 0.6999999881
39213  40.055  5.290  -8.564 0.6000000238
40350  40.638  6.321  -7.882 0.6999999881
39212  41.023  4.361  -8.814 0.6999999881
39211  42.228  4.924  -8.279 0.6999999881
144457  38.807  5.531  -5.494 0.6999999881
29493  37.939  -9.727  2.015 0.4000000060
29517  38.465  -7.112  0.270 0.5000000000
29509  38.052  -8.814  0.667 0.4000000060
29508  40.717  -9.696  2.172 0.4000000060
29492  39.303  -8.873  1.944 0.4000000060
28540  39.536  -10.273  2.641 0.4000000060
30446  38.692  -6.577  -0.835 0.5000000000
29520  40.609  -10.546  0.398 0.3000000119
29513  40.807  -8.087  1.559 0.3000000119
29516  39.939  -7.993  1.319 0.4000000060
29514  41.205  -7.254  1.663 0.3000000119
29515  40.628  -7.234  1.309 0.4000000060
29507  41.550  -8.455  2.125 0.3000000119
30459  38.380  -6.411  -2.499 0.4000000060
147418  39.890  -7.342  0.433 0.4000000060
29521  39.547  -9.510  0.278 0.3000000119
30455  40.358  -8.218  -1.256 0.3000000119
30443  38.992  -8.654  -0.171 0.3000000119
30466  40.054  -6.983  -2.352 0.3000000119
30457  38.575  -7.779  -2.406 0.3000000119
30445  39.334  -6.816  -0.586 0.4000000060
30456  38.997  -7.945  -1.594 0.3000000119
30444  39.000  -7.894  -0.607 0.4000000060
30468  38.591  -6.888  -2.973 0.4000000060
30467  39.274  -7.568  -2.925 0.3000000119
30458  38.241  -7.333  -2.655 0.4000000060
40329  38.408  6.235  -3.496 0.6000000238
39199  38.764  5.429  -6.772 0.5000000000
128786  38.321  6.387  -7.976 0.5000000000
40352  38.475  6.525  -8.279 0.5000000000
150197  39.108  6.659  -8.229 0.5000000000
41507  40.166  7.061  -7.228 0.4000000060
44955  42.489  9.975  -3.981 0.3000000119
44954  43.315  10.311  -4.895 0.3000000119
44975  43.205  10.441  -5.150 0.3000000119
44976  42.498  10.508  -5.267 0.3000000119
46182  43.262  11.174  -5.083 0.3000000119
44929  41.883  10.483  -2.884 0.3000000119
46156  43.024  10.830  -4.101 0.3000000119
46181  43.475  11.230  -4.883 0.3000000119
46183  41.883  11.261  -4.863 0.3000000119
151530  40.937  10.737  -1.809 0.3000000119
46125  41.600  11.259  -2.314 0.3000000119
46137  42.635  11.373  -3.146 0.3000000119
132597  43.687  11.744  -4.910 0.3000000119
136046  40.325  10.959  -0.888 0.3000000119
46136  43.488  11.720  -4.069 0.3000000119
47374  43.736  12.189  -4.716 0.3000000119
46126  40.872  11.733  -1.529 0.3000000119
47361  43.168  12.220  -3.184 0.3000000119
46103  39.732  11.065  -0.067 0.3000000119
152121  40.634  12.325  -1.025 0.3000000119
47345  41.917  12.056  -2.381 0.3000000119
144151  40.242  11.869  -0.477 0.3000000119
47326  39.674  11.731  0.262 0.3000000119
28541  38.284  -9.774  3.406 0.4000000060
28558  41.270  -10.257  1.974 0.3000000119
29506  41.906  -8.356  2.342 0.3000000119
30473  41.011  -5.448  -1.990 0.4000000060
44868  39.515  10.354  0.420 0.3000000119
139388  39.343  11.170  0.814 0.3000000119
46066  39.410  11.565  1.584 0.3000000119
28529  36.890  -9.707  4.957 0.3000000119
36161  36.593  2.554  1.189 0.6000000238
37126  36.198  3.263  0.505 0.6999999881
28528  37.940  -9.856  4.220 0.3000000119
29441  37.486  -5.083  8.148 0.3000000119
37140  34.658  3.426  -0.565 0.6999999881
36171  35.516  2.908  -0.357 0.6999999881
27631  37.922  -9.675  5.243 0.3000000119
27630  39.069  -9.774  4.759 0.3000000119
27611  37.473  -7.759  6.689 0.4000000060
152743  34.595  2.801  -1.123 0.6999999881
27621  37.515  -8.966  6.025 0.3000000119
28505  38.242  -6.271  7.193 0.3000000119
27610  38.471  -7.290  6.703 0.3000000119
27620  38.828  -8.570  5.852 0.3000000119
28527  39.500  -10.758  3.640 0.3000000119
35218  33.775  1.770  -2.528 0.6999999881
28504  39.116  -5.931  7.246 0.3000000119
36160  37.230  1.907  1.742 0.5000000000
37115  36.406  3.416  1.496 0.6999999881
29461  37.915  -5.653  7.586 0.3000000119
132334  33.759  3.023  -1.646 0.6999999881
36179  32.610  2.371  -2.917 0.6999999881
29460  38.761  -4.936  7.681 0.3000000119
33198  36.719  -0.608  3.371 0.5000000000
34119  37.414  0.453  2.668 0.5000000000
33197  37.306  -0.247  2.905 0.4000000060
39080  37.158  5.064  3.157 0.4000000060
39058  37.432  5.494  3.782 0.5000000000
35191  37.385  1.278  2.403 0.5000000000
41341  37.125  7.159  3.759 0.4000000060
41315  36.933  7.845  4.042 0.4000000060
42445  36.430  8.407  3.448 0.4000000060
42426  36.821  8.569  4.128 0.4000000060
40181  36.776  6.695  3.162 0.4000000060
39059  36.949  5.893  3.204 0.5000000000
38079  36.660  4.658  2.459 0.5000000000
37101  36.884  3.632  2.409 0.4000000060
36143  37.024  2.756  2.027 0.4000000060
43575  36.342  9.250  3.752 0.4000000060
125179  33.446  10.755  2.390 0.4000000060
41342  36.464  7.567  3.154 0.4000000060
43579  33.083  9.165  1.692 0.4000000060
131145  36.530  6.294  2.552 0.5000000000
40211  36.230  6.972  2.390 0.4000000060
137425  33.482  8.429  1.447 0.4000000060
39081  36.591  5.587  2.448 0.5000000000
41392  32.884  7.464  1.016 0.4000000060
41369  32.682  8.217  1.164 0.4000000060
39099  36.121  5.263  1.779 0.5000000000
40241  32.582  6.797  0.601 0.4000000060
39103  32.254  6.112  0.338 0.4000000060
38086  36.329  4.336  1.602 0.6000000238
149268  34.160  10.593  2.650 0.4000000060
43560  33.388  10.085  2.215 0.4000000060
42446  35.761  8.920  2.955 0.4000000060
42480  33.568  8.959  1.773 0.4000000060
39082  36.010  6.258  1.876 0.5000000000
40212  35.534  7.122  1.806 0.4000000060
42479  34.359  8.579  1.918 0.4000000060
40214  33.840  7.258  1.181 0.4000000060
41368  33.380  7.854  1.329 0.4000000060
38098  35.908  3.998  0.917 0.6000000238
43577  34.461  9.948  2.460 0.4000000060
41366  35.759  7.692  2.333 0.4000000060
42447  34.953  9.188  2.428 0.4000000060
40213  34.705  7.200  1.454 0.4000000060
39100  35.330  5.762  1.388 0.5000000000
40240  33.422  6.631  0.894 0.4000000060
39102  33.037  6.033  0.466 0.4000000060
43576  35.482  9.766  3.073 0.4000000060
41367  35.002  7.854  1.798 0.4000000060
139399  34.111  7.872  1.557 0.4000000060
39083  35.224  6.553  1.523 0.5000000000
39101  34.404  6.356  1.191 0.5000000000
38087  35.482  4.813  1.148 0.5000000000
38088  34.615  5.373  0.956 0.5000000000
39114  33.351  5.370  0.340 0.5000000000
39115  32.682  5.375  0.116 0.4000000060
37127  35.373  3.685  0.258 0.6000000238
38099  34.769  4.716  0.673 0.6000000238
38089  33.809  5.791  0.694 0.5000000000
148602  35.232  4.290  0.637 0.6000000238
38100  34.004  4.939  0.345 0.5000000000
37141  32.887  3.407  -1.844 0.5000000000
38111  32.906  4.115  -1.131 0.5000000000
37129  33.760  3.734  -0.869 0.6000000238
128245  33.173  4.773  -0.147 0.5000000000
37128  34.521  4.174  0.068 0.6000000238
38101  32.368  4.748  -0.669 0.5000000000
37153  33.178  3.942  -2.746 0.5000000000
145119  33.704  4.354  -0.319 0.6000000238
35179  37.403  1.107  3.141 0.5000000000
42477  35.979  8.225  2.815 0.4000000060
152481  32.266  8.509  1.273 0.4000000060
130746  32.152  7.410  0.734 0.4000000060
42478  35.339  8.440  2.281 0.4000000060
42427  32.682  9.875  1.990 0.3000000119
131587  32.170  7.864  0.998 0.3000000119
141020  31.916  8.767  1.248 0.3000000119
40242  31.703  6.898  0.415 0.3000000119
41370  31.768  8.286  1.143 0.3000000119
41393  31.417  7.719  0.723 0.3000000119
41394  30.417  7.805  0.608 0.3000000119
37192  42.479  3.153  -7.975 0.8000000119
37193  42.254  1.863  -8.008 1.0000000000
37201  42.200  2.547  -8.861 0.8999999762
38175  42.534  4.120  -8.140 0.8999999762
38178  38.952  3.737  -9.665 0.6999999881
38183  40.272  3.421  -9.875 0.6999999881
38184  39.068  4.304  -9.386 0.6000000238
42448  34.165  9.274  2.181 0.4000000060
42449  32.301  9.153  1.502 0.3000000119
42481  32.747  8.727  1.462 0.4000000060
42508  30.995  7.987  0.910 0.3000000119
43561  32.919  9.555  1.843 0.3000000119
43578  33.592  9.498  2.047 0.4000000060
151071  41.904  3.084  -9.189 0.8000000119
