#!ascii label  , from subject sub-v2s4x29610_ses-1 vox2ras=TkReg
948
127329  -31.450  -26.658  63.034 0.0000000000
46342  -15.793  -28.013  64.018 0.0000000000
46348  -25.302  -28.142  64.201 0.0000000000
70990  -42.246  -1.984  47.310 0.0000000000
71959  -49.389  -1.446  43.026 0.0000000000
44407  -10.404  -30.352  69.419 0.0000000000
70044  -38.430  -3.539  49.883 0.0000000000
51221  -33.677  -23.643  60.361 0.0000000000
49233  -27.177  -24.823  65.504 0.0000000000
45352  -11.973  -29.937  65.297 0.0000000000
41767  -11.252  -33.807  69.051 0.0000000000
51203  -27.381  -23.966  61.770 0.0000000000
51230  -29.479  -24.241  59.014 0.0000000000
45372  -20.593  -29.464  63.686 0.0000000000
52145  -24.534  -22.716  65.682 0.0000000000
137132  -35.136  -14.596  48.596 0.0000000000
64460  -37.536  -9.555  49.176 0.0000000000
66149  -41.158  -7.206  47.494 0.0000000000
140233  -6.020  -35.995  73.034 0.0000000000
38625  -5.005  -36.426  77.471 0.0000000000
53142  -29.486  -21.144  57.470 0.0000000000
56033  -29.972  -17.990  55.479 0.0000000000
56083  -32.162  -18.619  51.062 0.0000000000
142940  -8.521  -35.440  70.345 0.0000000000
45342  -14.683  -29.365  66.289 0.0000000000
46299  -17.068  -28.614  66.875 0.0000000000
124885  -29.197  -26.291  63.873 0.0000000000
48243  -14.684  -26.199  64.663 0.0000000000
45370  -13.813  -29.003  64.162 0.0000000000
44452  -13.592  -30.548  65.901 0.0000000000
51175  -28.658  -23.305  63.572 0.0000000000
52182  -26.379  -22.725  63.560 0.0000000000
62586  -33.764  -11.403  50.053 0.0000000000
62602  -36.521  -11.857  49.238 0.0000000000
65270  -35.161  -8.720  49.740 0.0000000000
126636  -38.558  -4.463  47.579 0.0000000000
69074  -41.353  -4.078  46.200 0.0000000000
67094  -43.836  -6.391  46.810 0.0000000000
69089  -43.437  -4.557  45.363 0.0000000000
69107  -45.426  -3.891  44.786 0.0000000000
53104  -30.141  -21.362  59.464 0.0000000000
52235  -30.085  -22.706  57.990 0.0000000000
54047  -28.463  -20.439  59.129 0.0000000000
57018  -28.491  -17.402  56.136 0.0000000000
57926  -29.560  -16.509  53.613 0.0000000000
56058  -31.298  -18.512  53.217 0.0000000000
58874  -30.689  -16.211  51.804 0.0000000000
131769  -32.603  -15.544  50.373 0.0000000000
44491  -23.378  -30.030  63.557 0.0000000000
41741  -8.224  -33.650  71.265 0.0000000000
42692  -9.355  -32.737  69.312 0.0000000000
36709  -3.192  -38.628  79.106 0.0000000000
35788  -1.375  -39.195  80.563 0.0000000000
68049  -36.706  -5.666  51.246 0.0000000000
53118  -33.650  -21.382  59.795 0.0000000000
49220  -25.260  -25.478  65.604 0.0000000000
45324  -10.713  -30.386  67.308 0.0000000000
41791  -10.194  -32.647  67.785 0.0000000000
42737  -11.760  -32.265  66.566 0.0000000000
72863  -51.028  -0.393  41.750 0.0000000000
48303  -28.913  -26.477  61.596 0.0000000000
137800  -30.401  -25.833  59.878 0.0000000000
50226  -28.781  -24.621  60.419 0.0000000000
47323  -16.716  -26.558  63.626 0.0000000000
46331  -18.345  -28.680  64.805 0.0000000000
47326  -19.212  -27.337  63.170 0.0000000000
46362  -21.603  -28.631  62.760 0.0000000000
47309  -23.675  -27.451  63.394 0.0000000000
49219  -23.404  -25.214  65.697 0.0000000000
49230  -24.068  -24.547  64.899 0.0000000000
50178  -25.308  -23.840  64.867 0.0000000000
50202  -26.745  -24.425  62.995 0.0000000000
124985  -36.524  -17.350  50.278 0.0000000000
67059  -37.271  -6.724  48.373 0.0000000000
66139  -39.295  -7.985  48.079 0.0000000000
69121  -47.778  -4.024  44.216 0.0000000000
38652  -5.251  -36.434  75.041 0.0000000000
36724  -4.220  -38.670  76.606 0.0000000000
50265  -31.448  -24.454  58.870 0.0000000000
53128  -31.967  -22.275  58.118 0.0000000000
54064  -31.779  -19.893  58.071 0.0000000000
55024  -27.648  -19.138  57.736 0.0000000000
55037  -29.268  -19.179  56.445 0.0000000000
55990  -31.906  -18.259  57.301 0.0000000000
56035  -32.454  -18.427  55.976 0.0000000000
134743  -33.874  -19.232  53.807 0.0000000000
56085  -34.942  -18.721  51.568 0.0000000000
57966  -34.228  -16.726  49.271 0.0000000000
60796  -33.455  -13.806  49.563 0.0000000000
45333  -20.112  -29.980  66.900 0.0000000000
41727  -7.706  -33.458  72.969 0.0000000000
38712  -6.698  -36.352  71.692 0.0000000000
39745  -10.011  -35.272  70.200 0.0000000000
35804  0.291  -39.616  78.030 0.0000000000
46313  -15.490  -28.838  65.827 0.0000000000
46298  -16.166  -28.578  67.006 0.0000000000
46314  -16.444  -28.462  65.927 0.0000000000
48288  -29.804  -26.668  63.282 0.0000000000
47303  -15.433  -27.235  63.754 0.0000000000
47302  -14.518  -27.459  63.929 0.0000000000
46341  -14.647  -28.305  63.934 0.0000000000
45355  -14.640  -29.347  65.003 0.0000000000
128239  -33.770  -10.012  50.765 0.0000000000
63509  -34.735  -10.273  49.727 0.0000000000
64430  -34.550  -8.805  50.528 0.0000000000
133214  -41.183  -2.187  48.127 0.0000000000
70051  -40.162  -3.282  47.343 0.0000000000
70995  -41.898  -2.636  46.720 0.0000000000
69088  -42.696  -4.397  45.532 0.0000000000
71001  -42.838  -2.890  45.810 0.0000000000
71002  -43.595  -2.814  45.396 0.0000000000
54048  -29.260  -20.826  59.319 0.0000000000
58845  -29.207  -15.594  54.470 0.0000000000
57067  -29.990  -16.507  52.805 0.0000000000
59801  -30.726  -15.311  52.800 0.0000000000
58865  -30.953  -15.618  52.028 0.0000000000
45376  -24.653  -29.571  64.186 0.0000000000
44481  -24.205  -30.285  64.556 0.0000000000
45360  -24.826  -29.973  65.012 0.0000000000
135171  -9.594  -31.851  69.917 0.0000000000
43574  -9.723  -31.883  68.829 0.0000000000
130504  -49.828  -3.001  42.386 0.0000000000
36708  -2.749  -38.705  79.666 0.0000000000
50228  -34.280  -24.557  61.857 0.0000000000
51234  -33.795  -22.902  60.055 0.0000000000
49232  -26.096  -24.579  65.695 0.0000000000
49222  -26.942  -25.056  66.484 0.0000000000
47288  -12.753  -27.516  65.481 0.0000000000
46297  -12.040  -27.717  66.899 0.0000000000
46296  -11.630  -28.085  67.555 0.0000000000
45340  -11.446  -29.786  66.058 0.0000000000
138778  -11.052  -31.173  66.397 0.0000000000
44451  -11.560  -30.705  65.871 0.0000000000
44424  -13.468  -30.564  67.953 0.0000000000
43606  -13.102  -31.375  67.267 0.0000000000
49275  -27.652  -24.699  61.484 0.0000000000
48330  -28.669  -25.314  60.341 0.0000000000
51204  -28.089  -24.287  61.406 0.0000000000
48268  -18.027  -25.636  64.274 0.0000000000
47325  -18.462  -27.046  63.403 0.0000000000
133830  -18.726  -25.886  64.105 0.0000000000
124019  -20.854  -27.461  63.135 0.0000000000
47307  -21.872  -27.455  63.561 0.0000000000
47330  -23.169  -28.129  62.972 0.0000000000
47293  -23.200  -26.983  64.032 0.0000000000
51121  -24.530  -23.433  66.791 0.0000000000
51133  -23.809  -23.721  65.835 0.0000000000
49229  -23.659  -24.818  65.092 0.0000000000
51147  -24.149  -23.260  65.461 0.0000000000
50177  -24.466  -23.600  65.088 0.0000000000
51148  -24.689  -22.922  65.070 0.0000000000
143792  -27.266  -22.918  62.608 0.0000000000
51187  -26.494  -23.231  63.062 0.0000000000
50216  -27.058  -24.403  62.139 0.0000000000
49261  -28.118  -25.938  62.446 0.0000000000
57968  -36.041  -16.424  49.239 0.0000000000
132961  -37.689  -16.552  49.957 0.0000000000
58922  -37.316  -15.370  49.138 0.0000000000
63524  -37.249  -10.304  49.303 0.0000000000
61724  -38.519  -12.814  49.520 0.0000000000
69039  -37.655  -4.350  50.819 0.0000000000
68078  -36.786  -5.662  49.723 0.0000000000
68079  -37.234  -5.205  49.163 0.0000000000
67090  -40.155  -6.445  46.690 0.0000000000
130563  -39.217  -6.878  47.228 0.0000000000
66148  -40.470  -7.426  47.557 0.0000000000
65288  -40.805  -8.173  49.071 0.0000000000
69109  -47.054  -3.976  44.557 0.0000000000
142430  -46.775  -2.783  44.123 0.0000000000
71026  -47.796  -2.780  43.453 0.0000000000
39707  -6.052  -35.506  73.655 0.0000000000
134461  -6.006  -35.198  75.114 0.0000000000
38667  -5.375  -36.537  74.096 0.0000000000
36729  -4.491  -39.078  75.165 0.0000000000
124286  -3.758  -39.819  77.975 0.0000000000
49303  -29.456  -25.110  59.267 0.0000000000
49305  -30.883  -25.412  59.518 0.0000000000
50264  -30.596  -24.170  58.391 0.0000000000
53127  -29.881  -21.802  57.732 0.0000000000
52251  -31.164  -22.487  57.646 0.0000000000
53144  -31.040  -21.448  57.339 0.0000000000
53145  -31.783  -21.644  57.874 0.0000000000
129683  -30.618  -20.711  57.050 0.0000000000
57886  -27.980  -17.053  57.669 0.0000000000
57034  -29.212  -17.484  55.061 0.0000000000
56011  -28.880  -18.436  56.209 0.0000000000
56012  -29.681  -18.423  56.058 0.0000000000
55039  -31.483  -18.838  57.018 0.0000000000
56013  -31.298  -18.558  56.479 0.0000000000
56014  -32.340  -18.158  56.919 0.0000000000
56048  -31.695  -18.379  55.313 0.0000000000
55082  -32.051  -18.880  51.908 0.0000000000
55071  -32.663  -19.017  52.918 0.0000000000
128346  -32.802  -19.128  52.147 0.0000000000
55073  -34.846  -19.261  52.983 0.0000000000
56084  -33.857  -18.733  50.995 0.0000000000
56099  -34.367  -18.336  50.576 0.0000000000
56113  -33.256  -18.132  50.122 0.0000000000
59819  -32.958  -14.932  50.677 0.0000000000
59829  -33.033  -15.028  50.086 0.0000000000
59820  -33.241  -13.960  50.606 0.0000000000
45357  -19.432  -29.220  64.521 0.0000000000
45356  -18.910  -29.146  65.382 0.0000000000
45346  -20.176  -29.934  65.903 0.0000000000
40774  -7.962  -34.986  70.587 0.0000000000
128542  -7.453  -35.196  71.010 0.0000000000
140761  -7.679  -36.226  70.927 0.0000000000
41782  -11.011  -33.668  68.432 0.0000000000
40789  -10.058  -34.014  68.774 0.0000000000
40791  -10.945  -34.312  69.579 0.0000000000
45311  -14.397  -29.546  68.364 0.0000000000
45312  -15.085  -29.127  68.132 0.0000000000
45329  -16.856  -28.811  67.814 0.0000000000
45315  -18.462  -29.485  68.225 0.0000000000
49241  -27.775  -25.241  64.585 0.0000000000
49223  -27.930  -25.357  66.203 0.0000000000
48242  -13.901  -26.370  64.842 0.0000000000
46326  -13.178  -27.888  64.579 0.0000000000
143239  -12.837  -29.535  64.569 0.0000000000
44467  -12.900  -30.462  65.040 0.0000000000
44468  -13.465  -30.216  65.116 0.0000000000
45341  -14.029  -29.885  66.641 0.0000000000
52184  -27.915  -22.842  62.882 0.0000000000
134323  -28.560  -23.865  61.798 0.0000000000
52147  -25.852  -22.473  66.025 0.0000000000
52170  -25.720  -22.538  64.667 0.0000000000
52173  -27.832  -22.720  63.847 0.0000000000
61735  -34.432  -12.709  49.121 0.0000000000
60813  -35.847  -13.484  48.810 0.0000000000
143660  -35.419  -11.483  49.311 0.0000000000
63522  -35.835  -10.486  49.396 0.0000000000
127223  -36.414  -9.061  49.203 0.0000000000
138821  -38.083  -4.265  48.202 0.0000000000
70050  -39.472  -3.194  47.998 0.0000000000
69073  -40.239  -4.848  46.560 0.0000000000
67092  -41.520  -5.866  46.220 0.0000000000
67077  -42.491  -6.746  47.356 0.0000000000
131609  -42.371  -5.614  45.952 0.0000000000
68148  -43.794  -5.371  45.584 0.0000000000
68149  -44.669  -5.361  45.584 0.0000000000
70081  -44.620  -3.874  44.954 0.0000000000
139222  -44.967  -2.977  44.690 0.0000000000
37689  -6.156  -37.517  72.615 0.0000000000
140539  -5.300  -37.913  73.657 0.0000000000
36740  -5.498  -38.726  73.773 0.0000000000
52225  -30.152  -22.951  58.740 0.0000000000
51241  -30.199  -23.538  58.093 0.0000000000
53116  -30.172  -22.020  58.577 0.0000000000
53126  -29.390  -21.373  57.994 0.0000000000
53141  -28.883  -20.821  57.855 0.0000000000
57887  -28.280  -16.521  57.149 0.0000000000
58836  -28.511  -15.950  55.588 0.0000000000
57917  -28.696  -16.570  55.103 0.0000000000
57046  -29.448  -17.113  54.098 0.0000000000
56057  -30.623  -18.113  53.795 0.0000000000
57058  -30.092  -17.548  53.455 0.0000000000
56081  -30.765  -18.019  52.007 0.0000000000
57079  -31.160  -17.304  51.139 0.0000000000
57094  -32.154  -17.457  50.254 0.0000000000
58875  -31.186  -16.099  51.361 0.0000000000
45373  -21.471  -29.898  63.552 0.0000000000
44454  -20.921  -30.181  65.406 0.0000000000
44470  -22.679  -30.472  64.687 0.0000000000
41752  -8.511  -33.912  70.258 0.0000000000
142445  -8.967  -35.087  69.855 0.0000000000
37634  -4.185  -37.806  78.103 0.0000000000
37635  -4.514  -36.732  78.513 0.0000000000
37630  -3.820  -37.533  78.926 0.0000000000
143019  -2.734  -37.523  79.884 0.0000000000
37620  -1.573  -37.622  80.469 0.0000000000
54034  -33.342  -19.913  60.201 0.0000000000
47294  -25.413  -27.397  64.849 0.0000000000
46333  -25.486  -28.472  65.207 0.0000000000
46284  -11.282  -28.385  68.331 0.0000000000
135754  -10.585  -30.336  68.359 0.0000000000
43591  -10.118  -31.390  68.133 0.0000000000
43604  -10.317  -31.822  67.403 0.0000000000
42723  -10.712  -32.461  67.153 0.0000000000
138593  -11.603  -32.976  67.674 0.0000000000
43621  -12.276  -31.690  66.079 0.0000000000
43592  -12.622  -32.033  67.697 0.0000000000
42694  -12.161  -32.605  68.996 0.0000000000
72857  -50.491  -0.453  42.307 0.0000000000
48304  -29.743  -26.660  61.806 0.0000000000
48319  -30.265  -26.521  61.206 0.0000000000
48318  -29.337  -26.416  60.940 0.0000000000
49290  -29.087  -25.405  59.729 0.0000000000
144353  -29.244  -24.323  59.618 0.0000000000
51205  -28.949  -24.114  61.146 0.0000000000
130185  -29.342  -24.014  60.319 0.0000000000
51220  -29.768  -23.721  59.403 0.0000000000
53105  -30.903  -21.755  59.974 0.0000000000
47304  -16.276  -27.221  63.607 0.0000000000
46343  -16.813  -27.740  64.072 0.0000000000
46344  -17.555  -27.686  63.843 0.0000000000
46359  -18.846  -27.839  63.345 0.0000000000
45371  -20.183  -28.740  63.181 0.0000000000
138192  -20.264  -26.788  63.639 0.0000000000
46361  -20.634  -28.233  62.841 0.0000000000
45386  -21.034  -29.111  62.951 0.0000000000
45387  -21.915  -29.446  62.862 0.0000000000
46364  -23.451  -28.842  62.968 0.0000000000
46347  -24.891  -28.015  63.491 0.0000000000
48229  -23.266  -26.260  65.460 0.0000000000
48250  -23.493  -26.423  64.639 0.0000000000
49239  -23.931  -25.662  64.727 0.0000000000
47311  -25.055  -27.289  64.018 0.0000000000
48251  -24.575  -25.381  64.914 0.0000000000
49231  -25.004  -24.461  65.162 0.0000000000
50179  -26.235  -24.270  64.817 0.0000000000
51174  -25.829  -23.048  63.826 0.0000000000
50191  -26.436  -24.334  63.847 0.0000000000
49240  -26.980  -24.714  64.550 0.0000000000
49251  -28.180  -25.747  63.559 0.0000000000
48287  -28.846  -26.375  62.936 0.0000000000
48265  -15.639  -26.432  63.740 0.0000000000
126853  -37.766  -14.154  49.212 0.0000000000
67033  -35.799  -6.862  50.485 0.0000000000
66127  -36.116  -7.252  49.394 0.0000000000
121990  -37.058  -8.131  48.721 0.0000000000
68111  -38.055  -5.794  47.660 0.0000000000
66145  -37.985  -7.083  47.832 0.0000000000
65285  -38.333  -8.717  48.790 0.0000000000
64463  -39.762  -8.888  49.152 0.0000000000
69122  -48.455  -4.072  43.705 0.0000000000
71027  -48.482  -2.458  43.101 0.0000000000
71958  -48.688  -1.638  43.333 0.0000000000
39672  -5.968  -35.159  75.863 0.0000000000
122780  -5.015  -36.814  75.964 0.0000000000
133236  -4.844  -37.379  75.065 0.0000000000
37655  -4.611  -37.641  75.877 0.0000000000
37640  -4.348  -37.915  77.232 0.0000000000
36719  -4.035  -38.914  77.491 0.0000000000
49277  -31.689  -25.973  60.943 0.0000000000
50240  -32.638  -24.664  60.181 0.0000000000
140593  -33.065  -24.025  60.051 0.0000000000
51242  -30.887  -23.365  57.912 0.0000000000
52236  -31.780  -22.969  58.172 0.0000000000
52226  -33.199  -22.637  59.386 0.0000000000
53117  -33.118  -21.710  59.202 0.0000000000
54066  -32.730  -20.972  58.807 0.0000000000
54049  -32.420  -19.865  58.838 0.0000000000
55010  -27.568  -19.329  58.535 0.0000000000
54081  -28.387  -20.249  57.582 0.0000000000
57017  -28.236  -17.626  56.772 0.0000000000
55036  -28.464  -19.031  56.768 0.0000000000
54103  -29.304  -19.979  56.751 0.0000000000
54083  -30.765  -19.647  56.887 0.0000000000
55011  -31.508  -19.187  57.631 0.0000000000
138750  -32.178  -18.643  54.383 0.0000000000
55059  -33.632  -19.043  54.687 0.0000000000
56101  -35.980  -18.165  51.158 0.0000000000
57114  -35.774  -17.180  49.750 0.0000000000
57985  -34.872  -16.023  48.807 0.0000000000
133707  -32.968  -16.341  49.682 0.0000000000
58919  -33.590  -15.257  49.231 0.0000000000
59850  -34.359  -14.412  48.762 0.0000000000
61721  -33.491  -12.294  49.951 0.0000000000
63499  -33.567  -10.892  50.677 0.0000000000
46316  -18.116  -28.784  65.670 0.0000000000
45331  -18.577  -29.359  67.280 0.0000000000
44441  -20.873  -30.274  66.448 0.0000000000
130544  -6.270  -35.435  72.830 0.0000000000
41740  -7.796  -33.774  72.010 0.0000000000
39719  -7.066  -35.004  71.658 0.0000000000
135178  -6.255  -36.154  72.355 0.0000000000
37690  -6.961  -37.647  72.085 0.0000000000
42711  -9.684  -32.803  68.438 0.0000000000
141928  -9.693  -34.394  69.303 0.0000000000
39744  -9.230  -35.508  70.147 0.0000000000
34899  -0.520  -40.367  79.793 0.0000000000
34898  -0.018  -39.859  79.404 0.0000000000
36707  0.060  -38.377  79.623 0.0000000000
48306  -31.715  -26.405  62.251 0.0000000000
124115  -15.912  -28.536  64.852 0.0000000000
48289  -30.655  -26.768  63.174 0.0000000000
46328  -15.101  -28.729  64.453 0.0000000000
64414  -34.233  -9.226  51.472 0.0000000000
65250  -34.097  -9.301  50.912 0.0000000000
65251  -34.475  -8.678  51.112 0.0000000000
70985  -41.869  -1.881  48.096 0.0000000000
70989  -41.465  -2.347  47.438 0.0000000000
132266  -42.298  -2.937  46.181 0.0000000000
70996  -42.649  -2.254  46.489 0.0000000000
58853  -30.200  -15.302  53.317 0.0000000000
123929  -24.976  -28.733  63.896 0.0000000000
45377  -25.146  -29.104  64.665 0.0000000000
130156  -10.089  -31.125  69.657 0.0000000000
43575  -10.207  -31.049  68.881 0.0000000000
71037  -49.733  -2.210  42.477 0.0000000000
51222  -34.312  -23.219  60.682 0.0000000000
140795  -26.309  -25.216  66.461 0.0000000000
46324  -11.953  -29.106  65.529 0.0000000000
46312  -12.268  -28.152  66.026 0.0000000000
46311  -11.643  -28.795  66.640 0.0000000000
47292  -22.472  -27.226  64.447 0.0000000000
47308  -22.828  -27.544  63.426 0.0000000000
51135  -24.745  -22.854  66.343 0.0000000000
51134  -24.119  -23.124  66.082 0.0000000000
50176  -23.882  -23.999  65.247 0.0000000000
51188  -26.955  -23.436  62.359 0.0000000000
49260  -27.669  -25.336  61.862 0.0000000000
134305  -35.520  -15.411  48.671 0.0000000000
58903  -36.725  -15.957  49.161 0.0000000000
141585  -35.841  -14.721  48.627 0.0000000000
62604  -37.724  -10.973  49.382 0.0000000000
64444  -38.771  -9.953  49.404 0.0000000000
69038  -37.218  -4.858  50.087 0.0000000000
127561  -37.848  -4.121  50.005 0.0000000000
67075  -40.679  -6.899  46.941 0.0000000000
67074  -39.896  -6.947  47.008 0.0000000000
66141  -41.186  -7.670  48.374 0.0000000000
71015  -47.077  -2.236  43.880 0.0000000000
38668  -5.720  -36.255  73.547 0.0000000000
50250  -29.507  -24.573  58.999 0.0000000000
50251  -29.964  -24.730  58.824 0.0000000000
50263  -29.865  -24.151  58.579 0.0000000000
53143  -30.180  -21.391  57.220 0.0000000000
56032  -29.278  -17.964  55.737 0.0000000000
120863  -30.482  -18.370  56.072 0.0000000000
56034  -30.940  -18.215  55.869 0.0000000000
56047  -30.718  -18.063  54.911 0.0000000000
55095  -32.650  -18.951  51.433 0.0000000000
55096  -33.349  -19.041  51.530 0.0000000000
56098  -33.025  -18.730  50.739 0.0000000000
142551  -33.681  -18.405  50.458 0.0000000000
56097  -32.469  -18.173  50.371 0.0000000000
131295  -19.896  -29.195  63.816 0.0000000000
129541  -19.620  -29.538  65.406 0.0000000000
45358  -20.214  -29.677  64.750 0.0000000000
39743  -7.811  -35.653  70.761 0.0000000000
38727  -8.292  -36.131  70.746 0.0000000000
38714  -8.035  -36.734  71.118 0.0000000000
40802  -10.642  -34.059  68.858 0.0000000000
133607  -5.076  -36.384  76.726 0.0000000000
50227  -33.619  -24.715  61.401 0.0000000000
45327  -14.536  -29.426  67.420 0.0000000000
45328  -15.291  -28.965  67.155 0.0000000000
45314  -17.500  -29.278  68.540 0.0000000000
45330  -17.733  -29.035  67.599 0.0000000000
48273  -28.706  -25.826  64.622 0.0000000000
48223  -15.312  -25.910  65.475 0.0000000000
121540  -13.843  -28.219  64.050 0.0000000000
47301  -13.786  -27.223  64.318 0.0000000000
46340  -13.098  -28.966  64.350 0.0000000000
45369  -13.187  -29.707  64.554 0.0000000000
45354  -13.906  -29.571  64.639 0.0000000000
44453  -14.061  -29.857  65.532 0.0000000000
125761  -28.675  -23.529  62.573 0.0000000000
52158  -26.089  -22.378  65.177 0.0000000000
51163  -28.528  -23.115  64.579 0.0000000000
61722  -33.997  -12.028  49.588 0.0000000000
141414  -35.011  -12.319  49.091 0.0000000000
62601  -34.807  -11.791  49.314 0.0000000000
64443  -35.146  -9.469  49.671 0.0000000000
63510  -35.393  -10.177  49.533 0.0000000000
64458  -35.975  -9.720  49.355 0.0000000000
65282  -35.771  -8.772  49.395 0.0000000000
70048  -39.214  -3.135  48.933 0.0000000000
70982  -39.854  -2.779  48.761 0.0000000000
70059  -40.556  -3.994  46.603 0.0000000000
68130  -40.717  -5.544  46.333 0.0000000000
133178  -40.977  -4.902  46.178 0.0000000000
68131  -41.735  -5.001  45.868 0.0000000000
68147  -42.964  -5.225  45.594 0.0000000000
69090  -44.241  -4.632  45.270 0.0000000000
69091  -45.063  -4.651  45.165 0.0000000000
70069  -43.862  -3.811  45.166 0.0000000000
71935  -43.861  -1.785  45.937 0.0000000000
130628  -44.261  -3.189  45.006 0.0000000000
134178  -30.473  -22.152  59.255 0.0000000000
53115  -29.606  -21.389  58.613 0.0000000000
53114  -28.977  -20.887  58.537 0.0000000000
54063  -28.339  -20.427  58.329 0.0000000000
58844  -28.781  -15.919  54.928 0.0000000000
57918  -29.129  -16.426  54.397 0.0000000000
57045  -28.991  -16.998  54.780 0.0000000000
57057  -29.804  -17.024  53.263 0.0000000000
139655  -30.384  -16.151  52.256 0.0000000000
57068  -30.298  -17.342  52.569 0.0000000000
57941  -30.420  -16.708  52.083 0.0000000000
57078  -30.695  -17.358  51.755 0.0000000000
57942  -30.857  -16.689  51.477 0.0000000000
57949  -31.402  -16.622  50.918 0.0000000000
58866  -32.104  -15.172  51.942 0.0000000000
44479  -22.794  -30.231  63.725 0.0000000000
44478  -22.171  -30.253  63.946 0.0000000000
44472  -24.338  -30.527  65.413 0.0000000000
44471  -23.554  -30.590  65.096 0.0000000000
41753  -8.993  -33.411  69.810 0.0000000000
42674  -9.231  -32.544  70.351 0.0000000000
41765  -8.911  -34.113  69.678 0.0000000000
36703  -2.490  -38.332  80.023 0.0000000000
36701  -2.199  -38.423  80.339 0.0000000000
37621  -2.571  -37.456  80.060 0.0000000000
36700  -1.755  -38.449  80.507 0.0000000000
53106  -34.248  -21.470  60.386 0.0000000000
54051  -33.716  -20.808  60.096 0.0000000000
48230  -25.357  -26.492  65.869 0.0000000000
122058  -11.370  -29.023  67.650 0.0000000000
143675  -10.985  -29.746  67.747 0.0000000000
45310  -11.079  -29.300  68.444 0.0000000000
128512  -10.420  -31.007  67.594 0.0000000000
43620  -11.490  -31.609  66.263 0.0000000000
43619  -10.833  -31.799  66.704 0.0000000000
42736  -11.149  -32.253  66.681 0.0000000000
42724  -11.232  -32.844  67.096 0.0000000000
43633  -13.152  -30.757  65.543 0.0000000000
43632  -12.646  -31.055  65.605 0.0000000000
43622  -13.071  -31.282  66.222 0.0000000000
43593  -13.001  -31.220  68.347 0.0000000000
43576  -12.594  -31.933  68.700 0.0000000000
42712  -12.153  -32.654  68.073 0.0000000000
50239  -29.101  -24.799  59.521 0.0000000000
51190  -29.534  -24.047  62.150 0.0000000000
124527  -29.978  -23.959  61.297 0.0000000000
52206  -31.165  -23.034  60.693 0.0000000000
51206  -30.343  -23.568  60.498 0.0000000000
52216  -30.694  -22.789  59.784 0.0000000000
47305  -16.979  -27.210  63.664 0.0000000000
46358  -18.157  -27.537  63.605 0.0000000000
46346  -19.316  -28.570  63.602 0.0000000000
46360  -19.653  -28.065  62.978 0.0000000000
47328  -21.419  -27.956  62.814 0.0000000000
47310  -24.069  -28.046  63.170 0.0000000000
50164  -23.743  -24.424  66.415 0.0000000000
49212  -23.666  -25.471  66.716 0.0000000000
130763  -23.393  -26.084  66.221 0.0000000000
135380  -23.501  -25.627  65.024 0.0000000000
48272  -24.490  -26.530  64.327 0.0000000000
48252  -25.021  -26.425  64.826 0.0000000000
52171  -26.257  -22.441  64.369 0.0000000000
51162  -25.388  -22.800  64.597 0.0000000000
51173  -25.833  -22.664  64.116 0.0000000000
50201  -26.276  -23.672  63.333 0.0000000000
125538  -27.236  -24.994  63.718 0.0000000000
131896  -28.256  -26.021  61.629 0.0000000000
138275  -28.638  -26.387  62.168 0.0000000000
121973  -29.321  -26.605  62.378 0.0000000000
48266  -16.310  -26.019  63.825 0.0000000000
47322  -16.047  -26.613  63.609 0.0000000000
57080  -36.696  -17.800  51.008 0.0000000000
57970  -38.376  -16.144  49.774 0.0000000000
57951  -38.270  -16.701  50.399 0.0000000000
61736  -36.271  -12.723  49.057 0.0000000000
60814  -36.543  -13.451  48.951 0.0000000000
61737  -37.044  -13.040  49.137 0.0000000000
67027  -36.333  -6.356  51.526 0.0000000000
66107  -35.385  -7.385  51.023 0.0000000000
67034  -36.204  -6.208  50.778 0.0000000000
68097  -36.982  -6.033  48.988 0.0000000000
67043  -36.239  -6.683  49.590 0.0000000000
67058  -36.618  -6.744  49.061 0.0000000000
66136  -36.701  -7.541  48.853 0.0000000000
66137  -37.483  -7.633  48.354 0.0000000000
69060  -37.998  -5.010  47.855 0.0000000000
68112  -38.586  -5.465  47.290 0.0000000000
66146  -38.801  -7.315  47.625 0.0000000000
66138  -38.358  -7.972  48.189 0.0000000000
65286  -39.064  -8.505  48.656 0.0000000000
121748  -39.713  -8.343  48.639 0.0000000000
65272  -41.220  -8.479  49.673 0.0000000000
125832  -43.070  -6.438  46.876 0.0000000000
69093  -46.777  -4.639  45.082 0.0000000000
71957  -47.902  -1.900  43.550 0.0000000000
39689  -5.672  -35.678  75.333 0.0000000000
38637  -5.417  -35.883  76.126 0.0000000000
37663  -4.951  -38.084  74.312 0.0000000000
37654  -4.379  -38.471  75.838 0.0000000000
37645  -4.430  -37.955  76.482 0.0000000000
48333  -30.802  -26.206  60.629 0.0000000000
50252  -30.768  -24.905  58.985 0.0000000000
50253  -31.718  -25.016  59.586 0.0000000000
51232  -32.370  -24.115  59.349 0.0000000000
51259  -30.459  -22.914  57.790 0.0000000000
51244  -32.487  -23.229  58.929 0.0000000000
52237  -32.537  -22.428  58.689 0.0000000000
54065  -32.217  -20.856  58.227 0.0000000000
55969  -27.493  -18.572  58.317 0.0000000000
54062  -27.852  -19.860  58.014 0.0000000000
54080  -28.058  -19.550  57.301 0.0000000000
57899  -28.292  -16.960  56.510 0.0000000000
57898  -28.141  -17.183  57.076 0.0000000000
54102  -28.664  -19.834  56.928 0.0000000000
54104  -29.907  -19.613  56.613 0.0000000000
143540  -31.867  -18.562  57.750 0.0000000000
55012  -31.938  -18.747  58.474 0.0000000000
55970  -32.210  -18.185  58.167 0.0000000000
128956  -31.405  -18.459  54.186 0.0000000000
56059  -32.079  -18.729  53.541 0.0000000000
128645  -33.392  -19.200  53.127 0.0000000000
124771  -32.955  -18.920  53.911 0.0000000000
55085  -34.982  -18.993  52.238 0.0000000000
127006  -35.238  -19.284  53.699 0.0000000000
56070  -35.717  -18.954  52.865 0.0000000000
56071  -36.490  -18.514  52.315 0.0000000000
119398  -35.690  -18.591  51.797 0.0000000000
57113  -34.349  -17.473  49.703 0.0000000000
57095  -34.934  -17.799  50.102 0.0000000000
129090  -34.913  -17.219  49.536 0.0000000000
57967  -35.231  -16.645  49.183 0.0000000000
57950  -31.978  -16.705  50.365 0.0000000000
57964  -32.586  -16.881  49.886 0.0000000000
132585  -32.499  -16.174  50.104 0.0000000000
60779  -33.141  -14.228  50.041 0.0000000000
59830  -33.321  -14.698  49.653 0.0000000000
59849  -33.724  -14.440  49.141 0.0000000000
61734  -33.689  -12.920  49.534 0.0000000000
60780  -33.253  -13.217  50.017 0.0000000000
62579  -33.467  -11.827  50.575 0.0000000000
46330  -17.588  -28.311  64.679 0.0000000000
45345  -19.407  -29.572  66.339 0.0000000000
45344  -18.658  -29.217  66.392 0.0000000000
138170  -19.000  -29.465  66.855 0.0000000000
142208  -18.940  -29.570  67.787 0.0000000000
45332  -19.360  -29.661  67.338 0.0000000000
44455  -21.767  -30.406  65.937 0.0000000000
121317  -21.625  -30.398  67.005 0.0000000000
45361  -25.343  -29.603  65.641 0.0000000000
40737  -7.070  -34.108  73.312 0.0000000000
40747  -6.722  -34.814  72.574 0.0000000000
42659  -8.717  -32.833  71.800 0.0000000000
39731  -7.145  -35.820  71.217 0.0000000000
39718  -6.592  -35.583  71.978 0.0000000000
38697  -6.413  -36.930  72.100 0.0000000000
37700  -6.937  -36.994  71.657 0.0000000000
43590  -9.875  -32.120  68.039 0.0000000000
41780  -10.089  -33.360  68.274 0.0000000000
40790  -10.199  -34.635  69.384 0.0000000000
39756  -9.531  -34.949  69.683 0.0000000000
34911  0.135  -40.519  77.685 0.0000000000
34905  0.159  -40.247  78.566 0.0000000000
125981  0.246  -39.537  78.723 0.0000000000
35791  -0.071  -39.146  79.887 0.0000000000
35796  0.186  -39.033  79.185 0.0000000000
48264  -14.974  -26.635  63.942 0.0000000000
138730  -14.322  -26.724  64.238 0.0000000000
46327  -14.393  -29.055  64.249 0.0000000000
63508  -34.058  -10.380  50.155 0.0000000000
62587  -34.361  -11.121  49.707 0.0000000000
64429  -34.243  -9.519  50.392 0.0000000000
65269  -34.694  -9.032  50.055 0.0000000000
66125  -35.023  -8.250  50.074 0.0000000000
70987  -40.105  -2.781  48.067 0.0000000000
70988  -40.706  -2.606  47.698 0.0000000000
70052  -41.087  -3.122  46.834 0.0000000000
69075  -42.049  -4.251  45.838 0.0000000000
70060  -41.843  -3.424  46.260 0.0000000000
70067  -42.444  -3.590  45.799 0.0000000000
70068  -43.103  -3.673  45.419 0.0000000000
70997  -43.213  -2.263  45.986 0.0000000000
54032  -29.687  -20.570  60.155 0.0000000000
54031  -28.798  -20.216  59.933 0.0000000000
54999  -28.126  -19.815  59.594 0.0000000000
133202  -29.395  -15.958  53.893 0.0000000000
58852  -29.739  -15.896  53.329 0.0000000000
58864  -30.256  -15.783  52.732 0.0000000000
45375  -24.019  -29.926  63.782 0.0000000000
44480  -23.481  -30.374  64.179 0.0000000000
137359  -24.910  -30.289  65.715 0.0000000000
70099  -49.602  -3.566  42.675 0.0000000000
35793  -2.481  -39.389  80.071 0.0000000000
35790  -2.244  -39.233  80.321 0.0000000000
34887  -1.366  -39.863  80.454 0.0000000000
52218  -34.372  -22.422  60.472 0.0000000000
135368  -33.800  -22.105  59.850 0.0000000000
49221  -25.693  -25.049  66.022 0.0000000000
138718  -25.862  -25.806  66.675 0.0000000000
126479  -26.709  -25.537  67.067 0.0000000000
47271  -12.471  -27.174  66.388 0.0000000000
45325  -11.121  -29.700  66.944 0.0000000000
44438  -11.021  -30.477  66.541 0.0000000000
44439  -13.555  -30.611  66.913 0.0000000000
48317  -28.608  -26.007  60.877 0.0000000000
49276  -28.097  -25.377  61.129 0.0000000000
50225  -28.159  -24.875  60.931 0.0000000000
48267  -17.303  -26.059  63.836 0.0000000000
47324  -17.596  -26.841  63.539 0.0000000000
48285  -18.167  -26.199  63.696 0.0000000000
48286  -18.953  -26.496  63.580 0.0000000000
47306  -21.108  -26.957  64.137 0.0000000000
47329  -22.245  -28.082  62.856 0.0000000000
50165  -24.021  -23.688  66.466 0.0000000000
50175  -23.587  -24.368  65.600 0.0000000000
50189  -25.232  -23.216  64.690 0.0000000000
52194  -26.801  -22.939  62.899 0.0000000000
50215  -26.652  -23.783  62.687 0.0000000000
49250  -27.414  -25.221  62.743 0.0000000000
57115  -36.825  -16.689  49.740 0.0000000000
57097  -37.411  -17.157  50.512 0.0000000000
57969  -37.545  -16.074  49.459 0.0000000000
123968  -36.897  -11.078  49.303 0.0000000000
61723  -37.636  -12.520  49.335 0.0000000000
62603  -37.339  -11.755  49.324 0.0000000000
68061  -37.133  -4.998  50.974 0.0000000000
68060  -36.683  -5.586  50.466 0.0000000000
125732  -39.340  -4.908  46.910 0.0000000000
68113  -39.351  -6.159  46.873 0.0000000000
66147  -39.635  -7.452  47.569 0.0000000000
66140  -40.196  -7.960  48.310 0.0000000000
70082  -45.830  -3.154  44.508 0.0000000000
69108  -46.261  -3.951  44.699 0.0000000000
70083  -46.565  -3.257  44.350 0.0000000000
70084  -47.245  -3.234  44.002 0.0000000000
70097  -47.935  -3.526  43.670 0.0000000000
40724  -6.227  -34.944  74.446 0.0000000000
39697  -5.750  -35.774  74.475 0.0000000000
35811  -4.008  -39.966  77.261 0.0000000000
49304  -30.106  -25.340  59.265 0.0000000000
52250  -30.413  -22.173  57.587 0.0000000000
54085  -31.659  -20.880  57.713 0.0000000000
54084  -31.230  -20.292  57.399 0.0000000000
55989  -27.745  -18.386  57.576 0.0000000000
57033  -28.738  -17.169  55.409 0.0000000000
56031  -28.840  -17.699  55.858 0.0000000000
55038  -30.443  -18.898  56.424 0.0000000000
121409  -31.706  -18.274  56.439 0.0000000000
56069  -31.306  -18.512  52.345 0.0000000000
55070  -31.947  -18.800  52.705 0.0000000000
138429  -34.541  -19.323  53.600 0.0000000000
55083  -33.631  -19.211  52.385 0.0000000000
55084  -34.376  -19.193  52.482 0.0000000000
56100  -35.205  -18.336  50.936 0.0000000000
119265  -34.528  -18.632  51.150 0.0000000000
56114  -34.023  -17.982  50.057 0.0000000000
57112  -33.642  -17.485  49.732 0.0000000000
46332  -18.850  -28.807  64.408 0.0000000000
40760  -8.142  -34.351  70.634 0.0000000000
40759  -7.623  -34.440  71.273 0.0000000000
38713  -7.310  -36.590  71.294 0.0000000000
41792  -10.633  -33.076  67.670 0.0000000000
41781  -10.558  -33.604  68.260 0.0000000000
128926  -10.637  -34.761  70.058 0.0000000000
50241  -33.370  -24.342  60.677 0.0000000000
123084  -15.839  -29.308  68.759 0.0000000000
119511  -15.960  -28.955  67.957 0.0000000000
49234  -28.159  -25.394  65.361 0.0000000000
48221  -13.612  -26.151  65.782 0.0000000000
47289  -13.261  -26.842  65.047 0.0000000000
46325  -12.559  -28.529  64.986 0.0000000000
125052  -12.465  -29.374  64.822 0.0000000000
45353  -12.597  -29.968  64.825 0.0000000000
45326  -13.892  -29.882  67.685 0.0000000000
51189  -27.763  -23.417  62.097 0.0000000000
52134  -25.386  -22.762  66.444 0.0000000000
52146  -25.053  -22.447  65.991 0.0000000000
52157  -25.250  -22.503  65.286 0.0000000000
52172  -27.010  -22.426  64.082 0.0000000000
52183  -27.148  -22.659  63.237 0.0000000000
127287  -34.908  -13.652  48.745 0.0000000000
130016  -35.628  -14.130  48.670 0.0000000000
136945  -35.323  -12.801  48.940 0.0000000000
136409  -35.624  -12.024  49.178 0.0000000000
62588  -35.217  -10.926  49.449 0.0000000000
132589  -36.012  -11.183  49.306 0.0000000000
63523  -36.478  -10.407  49.328 0.0000000000
64459  -36.799  -9.648  49.245 0.0000000000
69050  -38.081  -3.964  49.074 0.0000000000
70047  -38.679  -3.445  49.196 0.0000000000
70049  -38.657  -3.645  48.284 0.0000000000
69061  -39.192  -3.906  47.466 0.0000000000
144572  -39.649  -3.585  47.424 0.0000000000
69062  -39.821  -4.053  46.972 0.0000000000
68129  -40.076  -5.718  46.541 0.0000000000
67091  -40.795  -6.274  46.512 0.0000000000
67076  -41.577  -6.736  46.895 0.0000000000
67093  -42.390  -6.279  46.527 0.0000000000
68132  -43.239  -5.988  46.113 0.0000000000
140263  -42.341  -4.946  45.665 0.0000000000
38684  -5.956  -36.685  72.782 0.0000000000
38683  -5.525  -37.197  73.341 0.0000000000
51231  -29.971  -23.675  58.558 0.0000000000
135228  -29.814  -21.851  58.064 0.0000000000
58828  -28.406  -16.228  56.353 0.0000000000
57909  -28.455  -16.740  55.798 0.0000000000
58837  -29.070  -15.122  55.340 0.0000000000
57047  -29.910  -17.706  54.427 0.0000000000
56068  -30.653  -18.079  52.854 0.0000000000
56082  -31.440  -18.375  51.547 0.0000000000
56096  -31.616  -17.956  50.795 0.0000000000
57093  -31.616  -17.224  50.642 0.0000000000
58888  -31.872  -15.985  50.722 0.0000000000
137325  -31.627  -15.680  51.347 0.0000000000
58876  -32.289  -15.425  51.047 0.0000000000
58877  -32.823  -14.990  51.664 0.0000000000
45359  -20.963  -29.939  64.444 0.0000000000
44469  -21.730  -30.270  64.779 0.0000000000
142750  -22.236  -30.434  65.332 0.0000000000
44456  -22.772  -30.587  65.788 0.0000000000
42673  -8.840  -33.130  70.816 0.0000000000
40775  -8.573  -34.680  70.048 0.0000000000
42693  -11.775  -33.199  69.419 0.0000000000
37641  -4.660  -37.088  77.768 0.0000000000
135261  -4.911  -36.424  78.088 0.0000000000
136497  -3.647  -36.884  79.445 0.0000000000
36704  -3.070  -37.721  79.537 0.0000000000
37625  -3.184  -36.836  79.813 0.0000000000
38599  -2.542  -36.841  80.150 0.0000000000
68041  -36.965  -5.946  51.997 0.0000000000
69025  -37.561  -4.635  51.463 0.0000000000
69026  -38.038  -4.010  51.625 0.0000000000
130265  -38.213  -3.675  50.713 0.0000000000
55000  -32.769  -19.356  59.658 0.0000000000
120292  -25.526  -27.657  66.011 0.0000000000
46283  -11.059  -28.737  69.028 0.0000000000
45309  -10.758  -29.471  69.324 0.0000000000
44437  -10.643  -31.124  66.920 0.0000000000
41793  -11.086  -33.334  67.820 0.0000000000
139410  -11.575  -33.260  68.435 0.0000000000
44466  -12.288  -30.555  65.364 0.0000000000
43631  -12.025  -31.168  65.765 0.0000000000
43605  -12.538  -31.979  66.777 0.0000000000
42725  -12.041  -32.584  67.234 0.0000000000
71960  -50.063  -1.214  42.583 0.0000000000
48305  -30.719  -26.660  62.218 0.0000000000
48332  -29.837  -26.222  60.333 0.0000000000
48331  -29.039  -25.947  60.177 0.0000000000
49291  -29.546  -25.698  59.690 0.0000000000
52217  -31.384  -22.225  60.592 0.0000000000
46329  -16.674  -28.297  64.842 0.0000000000
46345  -18.366  -28.218  63.954 0.0000000000
48269  -19.550  -26.167  64.233 0.0000000000
48270  -19.594  -26.772  63.394 0.0000000000
47327  -19.971  -27.467  62.928 0.0000000000
45374  -22.214  -30.029  63.287 0.0000000000
45388  -22.842  -29.645  63.067 0.0000000000
46363  -22.537  -28.812  62.705 0.0000000000
45389  -23.617  -29.528  63.322 0.0000000000
46365  -24.297  -28.960  63.460 0.0000000000
47277  -22.929  -27.021  65.245 0.0000000000
48271  -23.910  -26.773  64.016 0.0000000000
123792  -24.438  -27.316  63.573 0.0000000000
50190  -25.750  -23.658  64.119 0.0000000000
126896  -30.048  -26.734  62.570 0.0000000000
48244  -15.489  -26.024  64.234 0.0000000000
121775  -38.212  -17.188  51.045 0.0000000000
59851  -36.393  -14.203  48.785 0.0000000000
59852  -37.146  -14.598  48.996 0.0000000000
59831  -37.781  -14.844  49.196 0.0000000000
60797  -37.734  -13.343  49.281 0.0000000000
66117  -35.378  -7.530  50.288 0.0000000000
66126  -35.556  -7.661  49.754 0.0000000000
68059  -36.225  -6.280  50.046 0.0000000000
67042  -35.821  -7.004  49.917 0.0000000000
66135  -35.968  -7.958  49.309 0.0000000000
65283  -36.475  -8.367  49.059 0.0000000000
65284  -37.094  -8.852  49.006 0.0000000000
139879  -37.775  -8.972  48.957 0.0000000000
69056  -37.690  -4.722  48.621 0.0000000000
68098  -37.541  -5.686  48.286 0.0000000000
67073  -38.522  -6.436  47.424 0.0000000000
67072  -37.849  -6.359  47.833 0.0000000000
121844  -37.667  -8.368  48.626 0.0000000000
64461  -38.230  -9.408  49.156 0.0000000000
64445  -39.542  -9.704  49.487 0.0000000000
65287  -40.209  -8.408  48.947 0.0000000000
69123  -49.203  -4.061  43.164 0.0000000000
70098  -48.543  -3.389  43.154 0.0000000000
143645  -49.102  -3.529  42.860 0.0000000000
70109  -49.165  -2.937  42.716 0.0000000000
71028  -49.071  -2.149  42.876 0.0000000000
71950  -49.084  -0.896  43.733 0.0000000000
129776  -5.112  -37.244  74.204 0.0000000000
36730  -4.595  -38.248  75.083 0.0000000000
37646  -4.742  -37.163  76.825 0.0000000000
36713  -3.680  -38.707  78.410 0.0000000000
48320  -31.216  -26.396  61.466 0.0000000000
49292  -31.312  -25.678  60.165 0.0000000000
49293  -32.168  -25.385  60.511 0.0000000000
51243  -31.619  -23.767  58.487 0.0000000000
51233  -33.154  -23.424  59.664 0.0000000000
53129  -32.445  -21.667  58.462 0.0000000000
54050  -33.167  -20.596  59.480 0.0000000000
55946  -27.525  -18.757  59.144 0.0000000000
54998  -27.705  -19.421  59.220 0.0000000000
54046  -27.883  -19.978  58.822 0.0000000000
129516  -29.028  -20.512  57.209 0.0000000000
57003  -27.975  -17.701  57.374 0.0000000000
56009  -28.069  -18.190  57.070 0.0000000000
56010  -28.380  -18.199  56.556 0.0000000000
55035  -27.994  -18.792  57.144 0.0000000000
54082  -29.855  -20.492  56.909 0.0000000000
136238  -32.314  -18.765  59.228 0.0000000000
55991  -32.464  -17.950  57.724 0.0000000000
55058  -32.721  -18.722  54.983 0.0000000000
56087  -37.055  -18.101  51.797 0.0000000000
57096  -35.864  -17.798  50.505 0.0000000000
57986  -35.548  -16.095  48.887 0.0000000000
58920  -34.665  -15.231  48.674 0.0000000000
57111  -32.863  -17.553  49.903 0.0000000000
57965  -33.278  -16.874  49.579 0.0000000000
58901  -33.044  -15.582  49.761 0.0000000000
130149  -33.506  -16.103  49.325 0.0000000000
58902  -34.142  -15.761  48.922 0.0000000000
60812  -33.979  -13.619  49.048 0.0000000000
61708  -33.397  -12.581  50.393 0.0000000000
64413  -33.856  -9.788  51.421 0.0000000000
46315  -17.314  -28.511  65.837 0.0000000000
45343  -17.921  -28.876  66.656 0.0000000000
126376  -20.822  -30.249  67.441 0.0000000000
44440  -20.087  -29.956  67.824 0.0000000000
40736  -6.469  -34.771  73.542 0.0000000000
40748  -7.273  -34.228  72.265 0.0000000000
41766  -9.501  -33.749  69.078 0.0000000000
40788  -9.197  -34.521  69.604 0.0000000000
38728  -8.890  -35.960  70.560 0.0000000000
40777  -11.242  -34.311  70.542 0.0000000000
39732  -9.474  -35.860  70.783 0.0000000000
71965  -50.386  -1.946  42.118 0.0000000000
33871  -1.066  -40.760  79.986 0.0000000000
34892  -0.844  -39.929  80.256 0.0000000000
33888  0.011  -41.060  78.331 0.0000000000
33880  -0.200  -40.738  79.114 0.0000000000
35787  -0.835  -39.313  80.469 0.0000000000
36698  -0.511  -38.729  80.429 0.0000000000
128832  -0.613  -38.199  80.464 0.0000000000
34916  -0.063  -40.417  76.772 0.0000000000
35810  0.137  -39.601  77.229 0.0000000000
35803  0.269  -38.967  78.422 0.0000000000
139797  0.154  -38.381  78.886 0.0000000000
34891  -0.376  -39.719  80.027 0.0000000000
35789  -1.964  -39.225  80.512 0.0000000000
35792  -0.492  -39.224  80.294 0.0000000000
36697  -0.373  -38.115  80.343 0.0000000000
36699  -1.169  -38.344  80.538 0.0000000000
36702  -0.226  -38.603  80.227 0.0000000000
37622  -3.017  -36.646  79.969 0.0000000000
55072  -34.120  -19.310  53.063 0.0000000000
55097  -34.245  -18.981  51.749 0.0000000000
56086  -36.398  -18.263  51.600 0.0000000000
57987  -36.071  -15.839  48.888 0.0000000000
58921  -36.455  -15.180  48.803 0.0000000000
60815  -37.108  -13.804  49.035 0.0000000000
64442  -34.499  -9.692  49.977 0.0000000000
65271  -40.535  -8.732  49.430 0.0000000000
66116  -34.907  -8.106  50.698 0.0000000000
69049  -37.583  -4.528  49.395 0.0000000000
123445  -36.963  -12.382  49.207 0.0000000000
128816  -2.125  -37.631  80.350 0.0000000000
131318  -0.945  -38.958  80.616 0.0000000000
131339  -36.556  -6.264  49.484 0.0000000000
132123  0.030  -37.899  79.992 0.0000000000
133320  -35.872  -6.744  51.071 0.0000000000
138868  -31.071  -17.853  51.414 0.0000000000
139523  -34.044  -15.024  48.846 0.0000000000
141035  -35.442  -8.237  49.627 0.0000000000
143327  -33.116  -19.182  52.646 0.0000000000
144229  -32.359  -18.972  52.400 0.0000000000
