#!ascii label  , from subject sub-v2s4x29610_ses-1 vox2ras=TkReg
1042
42599  -8.649  -32.631  76.069 0.0000000000
51139  -29.727  -23.949  65.961 0.0000000000
54975  -28.855  -19.092  61.045 0.0000000000
46285  -21.476  -28.511  68.614 0.0000000000
65236  -34.692  -8.830  51.843 0.0000000000
59775  -31.412  -14.369  54.112 0.0000000000
50112  -31.088  -24.109  70.310 0.0000000000
50125  -25.744  -24.549  69.086 0.0000000000
68988  -40.692  -4.802  55.138 0.0000000000
72766  -43.059  -0.224  54.049 0.0000000000
73683  -46.694  0.259  51.695 0.0000000000
58787  -31.146  -14.864  62.479 0.0000000000
58817  -28.672  -15.855  57.706 0.0000000000
60690  -33.734  -13.598  57.996 0.0000000000
59764  -36.998  -16.399  55.200 0.0000000000
133040  -14.852  -25.715  68.271 0.0000000000
43422  -6.484  -31.841  80.011 0.0000000000
52196  -32.712  -22.593  62.369 0.0000000000
56847  -30.293  -17.413  65.523 0.0000000000
48247  -18.896  -25.717  65.048 0.0000000000
47292  -22.472  -27.226  64.447 0.0000000000
71946  -45.823  -1.754  44.709 0.0000000000
72802  -50.414  -0.257  48.933 0.0000000000
59810  -33.948  -14.219  51.943 0.0000000000
63455  -39.543  -10.569  54.147 0.0000000000
43518  -9.234  -31.406  72.847 0.0000000000
38594  -1.786  -36.043  80.358 0.0000000000
142574  -42.096  -1.949  55.404 0.0000000000
59699  -32.216  -13.734  60.515 0.0000000000
47272  -12.981  -26.609  65.989 0.0000000000
41655  -8.163  -33.027  78.415 0.0000000000
51190  -29.534  -24.047  62.150 0.0000000000
50193  -31.561  -24.496  64.287 0.0000000000
47273  -19.761  -27.092  66.638 0.0000000000
47290  -21.032  -27.144  65.342 0.0000000000
46317  -22.368  -28.110  66.776 0.0000000000
51115  -28.327  -23.475  68.189 0.0000000000
51111  -24.982  -23.844  67.556 0.0000000000
52148  -26.747  -22.483  65.844 0.0000000000
47182  -19.529  -28.045  69.844 0.0000000000
139908  -18.093  -27.030  68.082 0.0000000000
70979  -40.221  -2.513  49.331 0.0000000000
71935  -43.861  -1.785  45.937 0.0000000000
126204  -48.154  -0.186  50.002 0.0000000000
138737  -29.392  -14.525  56.144 0.0000000000
58867  -33.167  -14.936  52.656 0.0000000000
60756  -38.147  -13.477  53.911 0.0000000000
48173  -11.040  -26.368  69.840 0.0000000000
47157  -10.299  -27.657  71.670 0.0000000000
138298  -10.074  -28.357  73.121 0.0000000000
43543  -9.557  -31.728  70.942 0.0000000000
38609  -4.188  -36.429  79.157 0.0000000000
50156  -30.540  -24.418  67.841 0.0000000000
50182  -32.716  -24.095  65.874 0.0000000000
124489  -33.190  -23.895  68.023 0.0000000000
46254  -23.827  -28.020  70.674 0.0000000000
47231  -24.062  -27.263  68.548 0.0000000000
48167  -25.581  -25.555  71.139 0.0000000000
50128  -28.257  -23.691  69.801 0.0000000000
67005  -37.899  -6.703  53.243 0.0000000000
70028  -39.001  -3.833  53.645 0.0000000000
71891  -40.306  -1.905  52.376 0.0000000000
71905  -42.503  -1.328  50.473 0.0000000000
71912  -44.676  -1.260  49.214 0.0000000000
73668  -44.942  0.259  52.740 0.0000000000
57862  -29.276  -16.730  62.311 0.0000000000
136625  -28.048  -17.232  59.989 0.0000000000
120666  -29.583  -15.426  60.402 0.0000000000
59709  -31.064  -13.623  58.676 0.0000000000
60719  -32.729  -13.562  56.573 0.0000000000
59777  -34.193  -15.276  54.338 0.0000000000
59725  -35.178  -14.775  56.688 0.0000000000
48188  -13.411  -25.208  68.808 0.0000000000
47248  -11.773  -27.190  67.463 0.0000000000
119641  -50.370  0.533  44.957 0.0000000000
43431  -4.329  -30.938  79.625 0.0000000000
52206  -31.165  -23.034  60.693 0.0000000000
54001  -31.230  -20.171  62.027 0.0000000000
53066  -33.458  -21.421  64.229 0.0000000000
54956  -31.930  -19.982  63.559 0.0000000000
55871  -29.951  -19.060  63.638 0.0000000000
58777  -30.589  -15.510  63.928 0.0000000000
49203  -24.063  -25.910  67.548 0.0000000000
47226  -16.902  -27.139  68.866 0.0000000000
122962  -16.892  -26.125  66.684 0.0000000000
71921  -45.989  -0.885  48.465 0.0000000000
72825  -47.470  -0.485  46.400 0.0000000000
72835  -49.384  -0.245  45.261 0.0000000000
73714  -52.256  0.547  47.539 0.0000000000
40725  -6.868  -34.117  74.451 0.0000000000
40699  -6.408  -34.569  76.392 0.0000000000
62557  -34.216  -11.605  52.205 0.0000000000
59792  -35.893  -14.892  53.128 0.0000000000
132227  -36.717  -12.357  53.400 0.0000000000
64384  -37.495  -9.461  53.478 0.0000000000
129191  -40.538  -7.110  54.846 0.0000000000
42625  -8.424  -32.378  74.317 0.0000000000
39642  -5.602  -35.006  78.193 0.0000000000
40645  -4.583  -34.294  80.199 0.0000000000
41628  -1.806  -33.815  79.728 0.0000000000
42589  -8.799  -32.849  76.934 0.0000000000
51150  -29.153  -23.527  65.249 0.0000000000
51165  -30.125  -24.342  63.984 0.0000000000
50192  -30.728  -24.553  64.575 0.0000000000
47229  -20.834  -28.291  67.941 0.0000000000
47254  -21.268  -28.099  66.976 0.0000000000
46300  -21.864  -28.391  67.684 0.0000000000
51126  -28.718  -23.496  67.385 0.0000000000
51125  -27.845  -23.261  67.367 0.0000000000
51137  -28.295  -23.219  66.469 0.0000000000
52160  -27.732  -22.599  64.805 0.0000000000
135010  -21.820  -28.712  70.194 0.0000000000
46253  -20.827  -28.502  70.409 0.0000000000
47204  -20.501  -28.337  68.903 0.0000000000
47228  -19.902  -28.009  68.266 0.0000000000
71931  -43.282  -1.803  46.484 0.0000000000
54032  -29.687  -20.570  60.155 0.0000000000
54986  -28.450  -19.470  60.347 0.0000000000
59758  -30.668  -14.210  54.799 0.0000000000
59773  -29.683  -15.380  53.899 0.0000000000
59789  -32.146  -14.733  53.455 0.0000000000
46264  -10.760  -28.500  69.806 0.0000000000
124612  -10.725  -26.896  70.405 0.0000000000
128809  -10.521  -29.228  70.069 0.0000000000
142649  -10.304  -29.144  71.218 0.0000000000
44389  -10.237  -30.377  70.238 0.0000000000
50146  -30.362  -24.313  68.719 0.0000000000
139782  -32.002  -24.762  68.041 0.0000000000
50131  -31.991  -24.272  69.349 0.0000000000
47164  -24.099  -27.505  71.211 0.0000000000
47184  -24.530  -26.813  70.930 0.0000000000
48158  -25.046  -26.161  71.499 0.0000000000
50094  -29.935  -23.888  71.540 0.0000000000
50109  -28.396  -23.864  70.730 0.0000000000
133623  -29.809  -24.015  70.115 0.0000000000
144035  -29.527  -24.048  68.582 0.0000000000
68022  -39.695  -5.485  54.335 0.0000000000
68034  -38.580  -5.497  53.420 0.0000000000
68987  -40.044  -4.699  54.651 0.0000000000
72760  -42.579  -0.854  55.512 0.0000000000
71883  -41.286  -1.668  54.280 0.0000000000
72773  -41.855  -1.048  53.041 0.0000000000
71900  -41.463  -1.424  51.583 0.0000000000
72774  -42.623  -0.666  52.692 0.0000000000
139145  -43.917  -0.366  51.931 0.0000000000
73658  -44.435  0.394  53.559 0.0000000000
58797  -30.340  -15.287  61.999 0.0000000000
57872  -29.268  -15.932  61.004 0.0000000000
138613  -30.553  -14.960  61.257 0.0000000000
122740  -33.332  -13.071  59.088 0.0000000000
60688  -31.687  -13.297  59.070 0.0000000000
60689  -32.657  -13.097  58.495 0.0000000000
60718  -32.050  -13.339  57.216 0.0000000000
60705  -32.961  -13.403  57.384 0.0000000000
59724  -34.378  -14.418  56.502 0.0000000000
60707  -34.507  -14.126  57.276 0.0000000000
47224  -14.971  -26.269  68.765 0.0000000000
48175  -13.845  -26.138  69.432 0.0000000000
48189  -14.289  -25.728  68.595 0.0000000000
47271  -12.471  -27.174  66.388 0.0000000000
74608  -51.203  1.178  45.962 0.0000000000
76505  -50.846  2.750  45.859 0.0000000000
44292  -4.727  -31.434  80.027 0.0000000000
51192  -31.572  -23.989  62.426 0.0000000000
51207  -31.143  -23.599  61.477 0.0000000000
52207  -31.852  -22.763  61.168 0.0000000000
53093  -31.294  -21.338  60.811 0.0000000000
53083  -32.298  -21.366  61.865 0.0000000000
51154  -33.895  -22.680  66.350 0.0000000000
51167  -33.627  -22.961  64.838 0.0000000000
53047  -34.000  -21.452  65.846 0.0000000000
55839  -30.883  -18.942  65.660 0.0000000000
132239  -32.148  -19.900  64.893 0.0000000000
55857  -30.845  -19.288  64.922 0.0000000000
54955  -30.892  -19.732  63.751 0.0000000000
136749  -29.769  -18.066  64.204 0.0000000000
129703  -29.801  -17.014  64.000 0.0000000000
56864  -29.984  -17.254  64.819 0.0000000000
47291  -21.813  -27.342  64.882 0.0000000000
49193  -24.892  -25.781  68.865 0.0000000000
48193  -23.873  -26.886  67.739 0.0000000000
49204  -24.544  -25.385  68.128 0.0000000000
50155  -24.280  -24.080  67.139 0.0000000000
47201  -17.426  -27.520  69.618 0.0000000000
48209  -18.207  -26.539  67.146 0.0000000000
48208  -17.302  -26.421  67.520 0.0000000000
48246  -17.910  -25.671  65.325 0.0000000000
121373  -17.118  -25.753  64.500 0.0000000000
72792  -45.553  -0.526  50.559 0.0000000000
71920  -45.409  -1.114  48.717 0.0000000000
72799  -46.598  -0.558  49.534 0.0000000000
72801  -49.501  -0.354  49.191 0.0000000000
72807  -48.296  -0.531  48.500 0.0000000000
120050  -49.030  -0.500  48.033 0.0000000000
123085  -49.066  -0.361  46.205 0.0000000000
122720  -49.948  -0.310  46.732 0.0000000000
72827  -50.726  -0.062  46.368 0.0000000000
72803  -51.325  -0.004  48.529 0.0000000000
123038  -28.250  -16.419  58.858 0.0000000000
56965  -27.515  -18.038  58.933 0.0000000000
61708  -33.397  -12.581  50.393 0.0000000000
61679  -33.920  -12.271  51.715 0.0000000000
120938  -35.367  -16.224  54.674 0.0000000000
59778  -34.824  -15.899  54.213 0.0000000000
59780  -36.857  -16.065  54.052 0.0000000000
62547  -38.835  -11.649  53.975 0.0000000000
61667  -37.420  -12.660  53.605 0.0000000000
126855  -37.781  -11.061  53.583 0.0000000000
63463  -36.545  -11.001  53.387 0.0000000000
121642  -38.021  -10.304  53.615 0.0000000000
65226  -39.005  -8.440  53.863 0.0000000000
122153  -39.441  -8.960  54.137 0.0000000000
44354  -9.811  -30.193  72.900 0.0000000000
44340  -9.509  -30.010  73.984 0.0000000000
125188  -9.122  -31.078  74.877 0.0000000000
43505  -9.111  -31.392  73.886 0.0000000000
41715  -8.075  -32.919  73.762 0.0000000000
42647  -8.569  -32.544  72.698 0.0000000000
38626  -5.372  -35.769  77.141 0.0000000000
40690  -6.283  -34.581  77.223 0.0000000000
38615  -5.284  -35.771  77.991 0.0000000000
38601  -3.608  -35.977  79.989 0.0000000000
39616  -4.222  -35.424  79.910 0.0000000000
39609  -3.531  -34.962  80.352 0.0000000000
42542  -3.049  -33.572  80.290 0.0000000000
40635  -1.297  -35.086  80.388 0.0000000000
48160  -26.588  -25.394  72.568 0.0000000000
137191  -42.839  -4.049  56.307 0.0000000000
126800  -41.281  -3.744  55.422 0.0000000000
70949  -43.161  -2.415  56.434 0.0000000000
59687  -31.835  -14.378  61.284 0.0000000000
123691  -14.876  -25.846  66.425 0.0000000000
127323  -14.132  -25.716  66.747 0.0000000000
43432  -8.623  -31.616  79.281 0.0000000000
41630  -7.570  -32.453  79.238 0.0000000000
51176  -29.490  -23.939  63.284 0.0000000000
50217  -31.026  -24.372  62.992 0.0000000000
51193  -32.407  -23.457  62.736 0.0000000000
57820  -30.747  -16.113  66.235 0.0000000000
48227  -19.406  -26.206  66.002 0.0000000000
48248  -19.734  -26.081  65.205 0.0000000000
48228  -20.197  -26.676  65.760 0.0000000000
47275  -21.630  -27.718  66.029 0.0000000000
47276  -22.380  -27.594  65.662 0.0000000000
51104  -26.974  -23.680  68.917 0.0000000000
50143  -25.433  -24.248  68.311 0.0000000000
51113  -26.557  -23.454  68.139 0.0000000000
52135  -26.040  -22.952  66.810 0.0000000000
52159  -26.914  -22.378  64.996 0.0000000000
47181  -19.256  -28.120  70.431 0.0000000000
47202  -18.298  -27.601  69.666 0.0000000000
140961  -19.200  -27.760  69.324 0.0000000000
47252  -19.306  -27.428  67.637 0.0000000000
70045  -38.988  -3.060  49.726 0.0000000000
71936  -44.681  -1.519  45.611 0.0000000000
73671  -48.333  0.507  52.758 0.0000000000
73693  -47.750  0.138  50.775 0.0000000000
58818  -29.036  -15.238  57.386 0.0000000000
58876  -32.289  -15.425  51.047 0.0000000000
59802  -33.560  -14.799  52.389 0.0000000000
59766  -39.070  -15.424  55.471 0.0000000000
60743  -38.467  -14.401  54.210 0.0000000000
60744  -39.513  -13.449  55.185 0.0000000000
49191  -11.576  -24.974  69.435 0.0000000000
49175  -10.903  -25.199  70.786 0.0000000000
119832  -10.272  -25.866  72.379 0.0000000000
47144  -10.159  -27.608  72.611 0.0000000000
45271  -10.044  -29.635  72.394 0.0000000000
43533  -9.383  -31.541  71.902 0.0000000000
42659  -8.717  -32.833  71.800 0.0000000000
42660  -9.146  -32.322  71.369 0.0000000000
130837  -29.877  -24.088  66.829 0.0000000000
138139  -31.205  -24.582  65.876 0.0000000000
136282  -31.501  -24.661  66.645 0.0000000000
120103  -32.930  -24.267  67.353 0.0000000000
131435  -22.801  -28.604  69.949 0.0000000000
46268  -23.033  -28.418  69.004 0.0000000000
46269  -23.669  -28.168  69.804 0.0000000000
48165  -24.569  -26.798  70.025 0.0000000000
50106  -25.906  -24.710  69.920 0.0000000000
49164  -26.259  -25.078  71.708 0.0000000000
50107  -26.617  -24.248  70.396 0.0000000000
50126  -26.412  -24.118  69.502 0.0000000000
51105  -27.895  -23.572  68.998 0.0000000000
133641  -29.108  -23.760  68.087 0.0000000000
131700  -23.314  -28.420  70.696 0.0000000000
66083  -36.790  -7.705  52.985 0.0000000000
67026  -35.908  -7.052  51.684 0.0000000000
67020  -37.401  -6.299  52.679 0.0000000000
69011  -37.767  -4.742  52.136 0.0000000000
70039  -38.483  -3.607  52.166 0.0000000000
70020  -40.071  -3.177  54.491 0.0000000000
70966  -39.378  -2.673  53.116 0.0000000000
70970  -39.338  -2.651  51.585 0.0000000000
70974  -40.431  -2.085  50.962 0.0000000000
71909  -41.785  -1.663  49.775 0.0000000000
71916  -42.295  -1.663  48.869 0.0000000000
143780  -43.363  -1.560  48.331 0.0000000000
71906  -43.385  -1.200  50.267 0.0000000000
72785  -44.355  -0.403  51.529 0.0000000000
73682  -45.770  0.185  52.047 0.0000000000
74566  -45.171  1.193  55.016 0.0000000000
73661  -47.358  0.664  53.858 0.0000000000
56935  -28.910  -17.623  61.911 0.0000000000
55925  -28.264  -18.606  60.541 0.0000000000
56934  -28.705  -17.235  61.086 0.0000000000
57874  -28.885  -16.031  60.226 0.0000000000
58813  -29.200  -15.293  59.065 0.0000000000
59697  -30.820  -14.259  60.110 0.0000000000
59700  -30.464  -14.198  59.194 0.0000000000
59707  -29.603  -14.564  57.887 0.0000000000
59722  -30.314  -13.941  57.409 0.0000000000
122733  -30.989  -13.791  55.721 0.0000000000
59759  -31.801  -13.862  54.910 0.0000000000
59776  -32.567  -14.415  54.263 0.0000000000
59761  -33.878  -14.744  55.046 0.0000000000
59744  -35.021  -15.156  55.902 0.0000000000
59746  -36.368  -16.094  56.332 0.0000000000
120352  -36.914  -15.943  57.213 0.0000000000
136471  -38.611  -16.113  56.269 0.0000000000
49192  -12.852  -24.875  69.109 0.0000000000
48205  -13.392  -25.569  67.361 0.0000000000
49211  -12.101  -25.363  67.904 0.0000000000
49201  -11.808  -25.165  68.591 0.0000000000
47223  -11.437  -27.208  68.201 0.0000000000
54033  -30.563  -20.937  60.430 0.0000000000
54977  -30.295  -19.903  61.833 0.0000000000
123165  -32.326  -24.254  64.956 0.0000000000
51178  -32.738  -23.534  63.557 0.0000000000
53074  -33.081  -21.905  62.837 0.0000000000
53065  -33.090  -20.662  64.155 0.0000000000
54003  -32.614  -21.066  62.694 0.0000000000
54965  -31.510  -20.025  62.851 0.0000000000
140695  -30.420  -19.702  62.804 0.0000000000
54964  -29.640  -19.284  62.298 0.0000000000
56909  -29.162  -17.540  62.706 0.0000000000
58786  -29.756  -15.979  62.681 0.0000000000
122106  -30.485  -15.433  63.004 0.0000000000
58765  -30.682  -15.606  64.851 0.0000000000
58766  -31.271  -14.917  64.361 0.0000000000
46287  -23.165  -28.286  68.083 0.0000000000
47255  -23.419  -27.427  67.078 0.0000000000
123934  -23.282  -26.935  66.226 0.0000000000
49213  -24.131  -24.927  67.346 0.0000000000
49212  -23.666  -25.471  66.716 0.0000000000
47178  -15.360  -27.564  70.121 0.0000000000
47225  -15.907  -26.801  68.804 0.0000000000
48192  -17.355  -26.846  68.315 0.0000000000
48191  -16.551  -26.490  68.211 0.0000000000
48207  -16.174  -26.063  67.344 0.0000000000
48223  -15.312  -25.910  65.475 0.0000000000
123277  -44.198  -1.463  47.860 0.0000000000
71933  -45.284  -1.024  46.986 0.0000000000
72824  -45.750  -0.768  46.388 0.0000000000
125058  -47.552  -0.491  49.181 0.0000000000
72816  -46.781  -0.674  47.488 0.0000000000
124631  -46.870  -0.514  45.907 0.0000000000
72833  -47.513  -0.519  45.480 0.0000000000
72844  -48.788  -0.535  44.522 0.0000000000
72845  -49.520  -0.268  44.406 0.0000000000
72836  -50.006  0.025  45.172 0.0000000000
72828  -51.160  0.325  46.315 0.0000000000
41703  -7.466  -33.409  75.004 0.0000000000
40714  -7.023  -34.050  76.109 0.0000000000
40713  -6.465  -34.510  75.402 0.0000000000
54985  -27.872  -19.049  59.846 0.0000000000
64398  -34.346  -9.697  52.121 0.0000000000
59790  -33.427  -14.907  53.701 0.0000000000
58857  -34.148  -15.246  53.207 0.0000000000
59804  -35.139  -14.629  52.883 0.0000000000
60754  -36.882  -14.380  53.337 0.0000000000
60753  -36.079  -13.740  53.047 0.0000000000
61681  -35.372  -13.219  52.641 0.0000000000
62558  -35.114  -12.174  52.670 0.0000000000
63474  -35.017  -10.237  52.804 0.0000000000
65222  -36.043  -8.933  53.028 0.0000000000
65224  -37.280  -8.486  53.353 0.0000000000
66085  -39.158  -7.534  53.929 0.0000000000
66994  -40.956  -6.260  55.251 0.0000000000
125127  -9.326  -31.488  76.172 0.0000000000
43487  -9.291  -30.889  75.774 0.0000000000
42613  -8.516  -32.451  75.194 0.0000000000
41704  -8.029  -32.915  74.649 0.0000000000
40737  -7.070  -34.108  73.312 0.0000000000
41662  -7.357  -33.619  77.349 0.0000000000
40680  -6.731  -33.606  78.412 0.0000000000
40663  -6.600  -33.356  78.904 0.0000000000
39641  -5.178  -35.455  78.590 0.0000000000
39618  -5.346  -34.364  79.231 0.0000000000
41624  -5.603  -32.919  80.088 0.0000000000
43419  -3.639  -32.560  80.184 0.0000000000
42554  -2.581  -32.808  79.853 0.0000000000
38602  -0.291  -36.986  79.768 0.0000000000
39625  -0.616  -35.831  78.970 0.0000000000
42600  -9.170  -32.188  76.519 0.0000000000
51151  -29.939  -24.110  64.943 0.0000000000
51138  -29.181  -23.624  66.704 0.0000000000
143308  -28.944  -23.472  65.999 0.0000000000
51149  -28.380  -23.050  65.495 0.0000000000
134670  -21.138  -28.512  69.547 0.0000000000
71924  -43.018  -1.662  47.174 0.0000000000
54987  -29.182  -19.887  60.718 0.0000000000
59757  -29.740  -14.813  54.633 0.0000000000
59774  -30.372  -14.752  53.997 0.0000000000
59788  -31.019  -14.873  53.370 0.0000000000
45309  -10.758  -29.471  69.324 0.0000000000
45291  -10.429  -29.774  69.950 0.0000000000
50130  -30.471  -24.190  69.755 0.0000000000
126910  -31.348  -24.393  69.328 0.0000000000
47165  -24.520  -26.804  71.811 0.0000000000
48159  -25.750  -25.694  72.052 0.0000000000
50111  -30.330  -24.013  70.649 0.0000000000
50110  -29.432  -23.904  70.825 0.0000000000
68023  -40.446  -5.458  54.929 0.0000000000
72761  -43.012  -0.192  55.002 0.0000000000
72765  -42.300  -0.772  54.577 0.0000000000
72769  -42.437  -0.662  53.576 0.0000000000
72770  -43.201  -0.264  53.181 0.0000000000
137947  -43.694  0.090  53.599 0.0000000000
58798  -31.140  -14.727  61.651 0.0000000000
60706  -33.847  -13.815  57.067 0.0000000000
136213  -34.586  -13.887  58.021 0.0000000000
121103  -14.252  -25.511  67.841 0.0000000000
75552  -51.298  1.992  46.250 0.0000000000
75551  -50.654  2.061  45.528 0.0000000000
43425  -7.171  -31.392  79.757 0.0000000000
44294  -6.422  -31.113  79.998 0.0000000000
44296  -5.499  -30.737  79.860 0.0000000000
44293  -5.583  -31.281  80.084 0.0000000000
52195  -32.143  -23.228  61.889 0.0000000000
53084  -32.373  -22.294  61.704 0.0000000000
53094  -31.972  -21.792  61.177 0.0000000000
52161  -34.046  -22.311  65.443 0.0000000000
55823  -30.597  -18.020  65.949 0.0000000000
55838  -30.297  -18.342  65.116 0.0000000000
55856  -30.343  -19.085  64.384 0.0000000000
48268  -18.027  -25.636  64.274 0.0000000000
133830  -18.726  -25.886  64.105 0.0000000000
49205  -25.158  -24.977  68.612 0.0000000000
48226  -18.545  -26.031  66.200 0.0000000000
48225  -17.676  -26.097  66.473 0.0000000000
71947  -46.637  -1.505  44.520 0.0000000000
72787  -46.093  -0.175  51.165 0.0000000000
72798  -45.828  -0.695  49.799 0.0000000000
72793  -46.373  -0.411  50.358 0.0000000000
136392  -49.026  -0.457  48.696 0.0000000000
72808  -49.741  -0.437  48.437 0.0000000000
119797  -49.063  -0.471  47.196 0.0000000000
72819  -49.853  -0.401  47.610 0.0000000000
72809  -50.608  -0.266  48.035 0.0000000000
57880  -27.902  -16.913  58.353 0.0000000000
129372  -28.220  -16.389  58.024 0.0000000000
59809  -33.333  -14.530  51.407 0.0000000000
59820  -33.241  -13.960  50.606 0.0000000000
132321  -33.559  -13.635  51.185 0.0000000000
60762  -34.023  -13.221  51.688 0.0000000000
59763  -36.131  -16.322  54.647 0.0000000000
126827  -39.063  -10.972  53.918 0.0000000000
62546  -38.048  -11.908  53.743 0.0000000000
124268  -38.461  -11.022  53.739 0.0000000000
63465  -38.850  -10.209  53.841 0.0000000000
64386  -38.902  -9.270  53.845 0.0000000000
64373  -39.515  -9.708  54.150 0.0000000000
43519  -9.473  -30.747  73.368 0.0000000000
42636  -8.881  -31.986  73.213 0.0000000000
38595  -2.427  -36.181  80.228 0.0000000000
39612  -3.506  -35.580  80.178 0.0000000000
130273  -2.362  -35.617  80.288 0.0000000000
40637  -2.428  -34.688  80.320 0.0000000000
39606  -1.446  -35.475  80.411 0.0000000000
59689  -32.999  -14.093  61.941 0.0000000000
48222  -14.373  -26.003  65.636 0.0000000000
42564  -8.654  -32.502  78.661 0.0000000000
42565  -9.070  -31.883  78.978 0.0000000000
136993  -8.500  -32.155  79.123 0.0000000000
42556  -8.060  -32.076  79.290 0.0000000000
41644  -7.995  -32.643  79.022 0.0000000000
51175  -28.658  -23.305  63.572 0.0000000000
50203  -30.889  -24.548  63.711 0.0000000000
50204  -31.791  -24.228  63.357 0.0000000000
51114  -27.434  -23.364  68.197 0.0000000000
51136  -27.346  -22.881  66.550 0.0000000000
51124  -26.863  -23.128  67.320 0.0000000000
52136  -26.586  -22.757  66.511 0.0000000000
46266  -20.237  -28.319  69.749 0.0000000000
46252  -19.959  -28.348  70.476 0.0000000000
47203  -18.962  -27.745  69.792 0.0000000000
48210  -18.943  -26.758  66.854 0.0000000000
70978  -39.619  -2.746  49.540 0.0000000000
59721  -29.515  -14.583  56.979 0.0000000000
58829  -28.828  -15.326  56.395 0.0000000000
58866  -32.104  -15.172  51.942 0.0000000000
58877  -32.823  -14.990  51.664 0.0000000000
60732  -39.443  -14.485  55.711 0.0000000000
60731  -39.008  -14.360  54.935 0.0000000000
62534  -39.892  -11.878  54.643 0.0000000000
48174  -11.356  -25.714  69.166 0.0000000000
49190  -11.184  -25.436  69.978 0.0000000000
120324  -10.490  -26.852  71.120 0.0000000000
48156  -10.537  -25.909  71.416 0.0000000000
119837  -10.111  -26.779  72.984 0.0000000000
128628  -10.139  -30.350  71.095 0.0000000000
137305  -10.172  -29.677  71.541 0.0000000000
43544  -9.871  -31.006  71.492 0.0000000000
44371  -9.976  -30.288  71.985 0.0000000000
141699  -30.002  -24.208  67.420 0.0000000000
50166  -30.595  -24.451  67.094 0.0000000000
120873  -32.631  -24.430  68.173 0.0000000000
50158  -32.250  -24.722  67.386 0.0000000000
48166  -24.981  -26.094  70.609 0.0000000000
48177  -24.983  -25.995  69.708 0.0000000000
49178  -25.454  -25.406  70.293 0.0000000000
49165  -27.116  -24.755  72.160 0.0000000000
50108  -27.474  -23.993  70.715 0.0000000000
50127  -27.340  -23.786  69.839 0.0000000000
51116  -29.800  -24.111  67.985 0.0000000000
140050  -29.436  -23.851  67.406 0.0000000000
66097  -37.284  -7.012  52.983 0.0000000000
67019  -36.639  -6.812  52.348 0.0000000000
68999  -38.643  -4.572  53.350 0.0000000000
68043  -38.115  -5.054  52.851 0.0000000000
69012  -38.201  -4.229  52.548 0.0000000000
70027  -38.577  -3.674  52.911 0.0000000000
70958  -42.060  -2.507  55.588 0.0000000000
70009  -40.856  -3.044  55.089 0.0000000000
70957  -41.407  -2.590  55.249 0.0000000000
131489  -40.620  -1.741  53.060 0.0000000000
71882  -40.600  -2.014  53.871 0.0000000000
130665  -40.002  -2.145  53.112 0.0000000000
70967  -39.613  -2.389  52.348 0.0000000000
70971  -39.994  -2.196  51.632 0.0000000000
127622  -39.737  -2.477  50.919 0.0000000000
71899  -40.709  -1.771  51.677 0.0000000000
71901  -42.262  -1.148  51.316 0.0000000000
71904  -41.671  -1.499  50.760 0.0000000000
71910  -42.818  -1.482  49.620 0.0000000000
72776  -44.258  -0.131  52.236 0.0000000000
72777  -44.906  -0.061  51.977 0.0000000000
72786  -45.234  -0.284  51.339 0.0000000000
131821  -45.973  0.481  52.979 0.0000000000
73652  -46.950  1.002  54.485 0.0000000000
129079  -29.069  -16.633  61.499 0.0000000000
57878  -28.734  -15.884  59.357 0.0000000000
58809  -29.263  -15.491  59.745 0.0000000000
142881  -32.037  -14.138  60.903 0.0000000000
59698  -31.605  -14.160  60.630 0.0000000000
144265  -31.085  -13.794  59.432 0.0000000000
58814  -29.702  -14.652  58.769 0.0000000000
59708  -30.353  -14.053  58.327 0.0000000000
144270  -32.095  -13.428  56.635 0.0000000000
120544  -31.276  -13.513  56.748 0.0000000000
59741  -32.190  -13.607  55.892 0.0000000000
59760  -32.932  -14.169  55.045 0.0000000000
59742  -33.294  -14.089  55.796 0.0000000000
59743  -34.181  -14.654  55.764 0.0000000000
59745  -35.684  -16.112  55.521 0.0000000000
137478  -35.630  -15.544  56.289 0.0000000000
59727  -37.677  -15.902  57.611 0.0000000000
59747  -37.882  -16.132  56.978 0.0000000000
121437  -13.467  -25.357  69.650 0.0000000000
131048  -13.341  -25.944  66.523 0.0000000000
47249  -12.153  -26.726  67.057 0.0000000000
48204  -12.466  -25.798  67.356 0.0000000000
48203  -11.778  -26.208  67.699 0.0000000000
143942  -11.745  -25.615  68.077 0.0000000000
48186  -11.485  -26.032  68.387 0.0000000000
43430  -3.734  -31.381  79.667 0.0000000000
51206  -30.343  -23.568  60.498 0.0000000000
52216  -30.694  -22.789  59.784 0.0000000000
54019  -31.663  -20.900  61.532 0.0000000000
54018  -30.900  -20.527  61.257 0.0000000000
54017  -30.057  -20.218  60.982 0.0000000000
123986  -31.965  -24.534  65.824 0.0000000000
50181  -31.391  -24.592  65.150 0.0000000000
52174  -33.721  -22.202  64.485 0.0000000000
51166  -33.000  -23.613  64.400 0.0000000000
51179  -33.364  -22.858  63.958 0.0000000000
52185  -33.118  -22.718  63.096 0.0000000000
52186  -33.377  -22.037  63.641 0.0000000000
54938  -31.522  -19.784  64.438 0.0000000000
54939  -32.390  -20.146  64.247 0.0000000000
53988  -32.585  -20.539  63.494 0.0000000000
53987  -32.178  -20.338  62.930 0.0000000000
55886  -29.648  -18.985  62.969 0.0000000000
55885  -29.192  -18.414  62.559 0.0000000000
55870  -29.415  -18.085  63.343 0.0000000000
57842  -30.182  -16.293  64.422 0.0000000000
56885  -29.475  -16.952  63.227 0.0000000000
57853  -30.017  -16.143  63.554 0.0000000000
58757  -31.306  -15.404  66.139 0.0000000000
58756  -30.816  -15.689  65.607 0.0000000000
59653  -32.052  -14.397  63.800 0.0000000000
48249  -20.368  -26.515  64.729 0.0000000000
48269  -19.550  -26.167  64.233 0.0000000000
138192  -20.264  -26.788  63.639 0.0000000000
47205  -23.706  -28.040  68.738 0.0000000000
47230  -23.603  -27.799  67.870 0.0000000000
48211  -23.642  -26.500  66.932 0.0000000000
51112  -25.769  -23.674  67.899 0.0000000000
50142  -24.751  -24.564  67.864 0.0000000000
47200  -16.298  -27.463  69.619 0.0000000000
47199  -15.098  -27.160  69.279 0.0000000000
130026  -18.642  -27.486  68.965 0.0000000000
128611  -17.821  -27.282  68.907 0.0000000000
138754  -15.535  -25.858  66.611 0.0000000000
48224  -16.195  -25.936  66.131 0.0000000000
71918  -43.942  -1.494  48.561 0.0000000000
127221  -43.537  -1.562  47.844 0.0000000000
71926  -45.541  -1.082  47.903 0.0000000000
72815  -46.068  -0.813  47.282 0.0000000000
72794  -47.226  -0.295  50.130 0.0000000000
72818  -48.231  -0.550  47.665 0.0000000000
72806  -47.335  -0.614  48.113 0.0000000000
72817  -47.453  -0.579  47.227 0.0000000000
126549  -46.648  -0.603  46.678 0.0000000000
72834  -48.458  -0.392  45.359 0.0000000000
143265  -51.226  0.097  46.793 0.0000000000
72821  -51.674  0.434  46.891 0.0000000000
73717  -51.523  0.732  46.445 0.0000000000
125575  -7.080  -33.906  75.374 0.0000000000
56954  -28.275  -17.688  60.581 0.0000000000
56966  -27.777  -18.078  59.813 0.0000000000
62556  -33.627  -11.475  51.419 0.0000000000
63485  -33.625  -10.527  51.376 0.0000000000
63473  -34.294  -10.635  52.378 0.0000000000
123347  -33.476  -14.702  54.450 0.0000000000
59779  -35.711  -16.028  53.772 0.0000000000
135909  -34.799  -15.728  53.640 0.0000000000
59791  -35.017  -15.338  53.258 0.0000000000
59803  -34.440  -14.807  52.678 0.0000000000
60755  -37.754  -14.439  53.712 0.0000000000
61666  -36.769  -13.224  53.341 0.0000000000
60764  -35.481  -14.089  52.795 0.0000000000
61665  -36.002  -12.594  53.065 0.0000000000
62543  -35.636  -11.708  53.029 0.0000000000
63464  -37.149  -10.492  53.465 0.0000000000
63462  -35.781  -10.871  53.211 0.0000000000
64383  -36.611  -9.681  53.340 0.0000000000
64382  -35.810  -9.879  53.128 0.0000000000
120148  -36.802  -8.994  53.311 0.0000000000
65223  -36.609  -8.449  53.120 0.0000000000
65214  -39.660  -8.262  54.271 0.0000000000
66073  -39.868  -7.425  54.384 0.0000000000
66992  -39.961  -6.754  54.464 0.0000000000
42626  -8.906  -31.865  74.762 0.0000000000
43486  -9.110  -31.458  75.465 0.0000000000
41727  -7.706  -33.458  72.969 0.0000000000
128351  -7.492  -33.425  74.031 0.0000000000
41675  -7.518  -33.590  76.670 0.0000000000
40700  -6.880  -34.046  76.930 0.0000000000
129574  -6.063  -34.584  77.823 0.0000000000
40691  -6.713  -33.983  77.749 0.0000000000
40679  -6.058  -34.266  78.288 0.0000000000
40662  -5.960  -33.917  78.784 0.0000000000
37635  -4.514  -36.732  78.513 0.0000000000
38614  -4.930  -36.044  78.445 0.0000000000
38610  -4.727  -35.896  78.899 0.0000000000
39614  -4.450  -34.800  80.077 0.0000000000
39617  -4.772  -34.872  79.623 0.0000000000
40648  -4.903  -34.353  79.810 0.0000000000
40649  -5.481  -33.898  79.438 0.0000000000
40646  -5.184  -33.803  79.909 0.0000000000
43416  -4.504  -32.728  80.299 0.0000000000
42544  -4.201  -33.338  80.391 0.0000000000
41622  -2.096  -34.001  80.145 0.0000000000
42548  -2.741  -33.191  80.066 0.0000000000
42553  -2.080  -33.099  79.692 0.0000000000
139852  -2.442  -32.524  79.627 0.0000000000
37629  -0.192  -37.307  79.053 0.0000000000
38608  -0.435  -36.507  79.434 0.0000000000
42577  -8.742  -32.874  77.862 0.0000000000
51164  -29.338  -23.734  64.297 0.0000000000
47253  -20.229  -27.848  67.269 0.0000000000
46301  -22.693  -28.347  67.583 0.0000000000
52149  -27.598  -22.673  65.712 0.0000000000
51163  -28.528  -23.115  64.579 0.0000000000
132485  -19.709  -28.058  69.152 0.0000000000
70983  -40.602  -2.414  48.630 0.0000000000
59739  -29.925  -14.241  55.489 0.0000000000
58837  -29.070  -15.122  55.340 0.0000000000
58854  -31.576  -15.073  52.657 0.0000000000
58855  -32.741  -14.947  52.901 0.0000000000
47196  -10.886  -27.380  69.819 0.0000000000
47175  -10.513  -27.811  70.678 0.0000000000
46251  -10.455  -28.817  70.629 0.0000000000
121152  -10.315  -28.491  71.383 0.0000000000
45276  -10.321  -29.608  70.678 0.0000000000
43559  -10.018  -31.105  70.575 0.0000000000
135171  -9.594  -31.851  69.917 0.0000000000
50157  -31.358  -24.692  67.546 0.0000000000
133742  -31.307  -24.603  68.371 0.0000000000
50147  -32.037  -24.542  68.717 0.0000000000
50149  -32.983  -23.873  68.746 0.0000000000
47183  -24.159  -27.541  70.327 0.0000000000
50092  -27.774  -24.222  71.548 0.0000000000
50129  -29.071  -23.837  69.972 0.0000000000
50145  -29.661  -24.074  69.310 0.0000000000
67007  -39.174  -6.032  53.853 0.0000000000
67006  -38.532  -6.323  53.484 0.0000000000
68035  -39.078  -5.226  53.793 0.0000000000
68986  -39.292  -4.600  54.055 0.0000000000
70019  -39.641  -3.888  54.344 0.0000000000
71884  -42.091  -1.423  55.189 0.0000000000
71880  -41.612  -1.947  55.051 0.0000000000
140155  -41.782  -1.374  54.596 0.0000000000
71887  -41.208  -1.485  53.441 0.0000000000
71892  -41.168  -1.477  52.477 0.0000000000
71893  -42.013  -1.039  52.164 0.0000000000
72783  -42.837  -0.770  51.860 0.0000000000
71902  -43.070  -0.936  51.058 0.0000000000
72775  -43.485  -0.383  52.346 0.0000000000
72771  -43.983  0.059  52.916 0.0000000000
58796  -29.537  -15.922  61.798 0.0000000000
58804  -29.921  -15.395  61.172 0.0000000000
58805  -30.299  -14.895  60.599 0.0000000000
60675  -32.337  -13.207  59.580 0.0000000000
59701  -31.573  -13.717  59.956 0.0000000000
60704  -31.899  -13.203  58.093 0.0000000000
59723  -31.138  -13.504  57.783 0.0000000000
60720  -33.576  -13.966  56.487 0.0000000000
47176  -13.838  -27.059  69.846 0.0000000000
47198  -13.939  -26.849  68.915 0.0000000000
136569  -13.873  -25.758  68.862 0.0000000000
124951  -13.730  -25.368  68.275 0.0000000000
46296  -11.630  -28.085  67.555 0.0000000000
74607  -50.591  1.185  45.192 0.0000000000
74612  -50.340  1.219  44.257 0.0000000000
75565  -50.395  2.134  44.648 0.0000000000
43424  -4.194  -31.361  79.994 0.0000000000
51191  -30.622  -24.206  62.247 0.0000000000
124527  -29.978  -23.959  61.297 0.0000000000
52217  -31.384  -22.225  60.592 0.0000000000
50183  -33.164  -23.553  66.015 0.0000000000
51152  -33.133  -23.612  65.273 0.0000000000
51153  -33.608  -23.058  65.719 0.0000000000
53056  -33.837  -21.504  64.995 0.0000000000
54921  -32.218  -19.915  65.585 0.0000000000
54920  -31.522  -19.593  65.271 0.0000000000
143662  -30.864  -19.545  64.399 0.0000000000
144322  -29.595  -17.508  63.703 0.0000000000
58758  -32.028  -14.848  65.808 0.0000000000
47306  -21.108  -26.957  64.137 0.0000000000
48176  -24.512  -26.608  69.165 0.0000000000
48194  -24.320  -26.284  68.357 0.0000000000
51122  -25.352  -23.259  67.063 0.0000000000
48245  -16.996  -25.898  65.676 0.0000000000
71908  -45.071  -0.870  49.950 0.0000000000
71913  -45.395  -0.970  49.345 0.0000000000
71914  -45.978  -0.818  49.080 0.0000000000
72800  -48.606  -0.392  49.261 0.0000000000
72826  -48.237  -0.491  46.825 0.0000000000
123206  -50.060  -0.159  45.881 0.0000000000
72820  -50.688  -0.176  47.160 0.0000000000
72810  -51.485  0.093  47.541 0.0000000000
40724  -6.227  -34.944  74.446 0.0000000000
56984  -27.814  -17.218  59.143 0.0000000000
56983  -27.670  -17.679  58.162 0.0000000000
136488  -33.379  -13.166  50.596 0.0000000000
61691  -33.573  -12.556  51.081 0.0000000000
59762  -34.747  -15.564  55.067 0.0000000000
59793  -36.601  -15.447  53.453 0.0000000000
61669  -38.647  -12.576  54.094 0.0000000000
139829  -37.777  -13.131  53.717 0.0000000000
61668  -38.013  -12.761  53.812 0.0000000000
62545  -37.140  -11.595  53.499 0.0000000000
62544  -36.297  -11.688  53.295 0.0000000000
64385  -38.315  -9.587  53.660 0.0000000000
65215  -40.393  -8.098  54.682 0.0000000000
45260  -9.873  -29.548  73.267 0.0000000000
45248  -9.621  -29.364  74.054 0.0000000000
43506  -9.289  -30.673  74.227 0.0000000000
126770  -8.767  -31.997  73.942 0.0000000000
42635  -8.458  -32.414  73.501 0.0000000000
140016  -8.202  -32.889  73.052 0.0000000000
39673  -5.887  -35.193  76.744 0.0000000000
39657  -5.752  -35.157  77.561 0.0000000000
38603  -3.891  -36.143  79.665 0.0000000000
38604  -4.478  -35.639  79.449 0.0000000000
39613  -3.997  -35.231  80.227 0.0000000000
40644  -4.153  -34.623  80.372 0.0000000000
41617  -3.425  -33.944  80.470 0.0000000000
40638  -3.166  -34.491  80.400 0.0000000000
41615  -2.111  -34.361  80.201 0.0000000000
41621  -1.438  -34.450  79.961 0.0000000000
68969  -41.373  -4.573  55.510 0.0000000000
68970  -41.978  -3.954  55.787 0.0000000000
70001  -42.366  -3.259  55.969 0.0000000000
130398  -43.141  -0.348  55.784 0.0000000000
73645  -43.731  0.310  55.523 0.0000000000
73649  -43.855  0.315  54.405 0.0000000000
59676  -31.884  -14.530  62.063 0.0000000000
134085  -32.396  -14.310  61.789 0.0000000000
59688  -32.497  -14.030  61.262 0.0000000000
60655  -32.875  -13.575  60.855 0.0000000000
119500  -32.990  -13.157  60.143 0.0000000000
48206  -15.072  -25.721  67.423 0.0000000000
48221  -13.612  -26.151  65.782 0.0000000000
42555  -7.465  -32.059  79.481 0.0000000000
41629  -6.973  -32.619  79.344 0.0000000000
51177  -30.307  -24.323  63.097 0.0000000000
57819  -30.518  -17.038  66.134 0.0000000000
47274  -20.679  -27.509  66.348 0.0000000000
50144  -26.144  -23.935  68.686 0.0000000000
51123  -26.126  -23.293  67.479 0.0000000000
47180  -18.648  -27.902  70.325 0.0000000000
47251  -18.763  -27.324  68.205 0.0000000000
47227  -19.231  -27.647  68.637 0.0000000000
130577  -18.629  -27.039  67.584 0.0000000000
70044  -38.430  -3.539  49.883 0.0000000000
71937  -45.483  -1.189  45.431 0.0000000000
73684  -47.447  0.474  52.179 0.0000000000
72788  -46.914  -0.033  50.917 0.0000000000
140661  -47.392  0.303  51.423 0.0000000000
73685  -48.248  0.438  51.642 0.0000000000
73702  -51.170  0.114  49.550 0.0000000000
57887  -28.280  -16.521  57.149 0.0000000000
130517  -28.624  -15.852  56.991 0.0000000000
59765  -38.277  -16.121  55.296 0.0000000000
59781  -37.907  -15.573  54.259 0.0000000000
59782  -38.668  -15.228  54.739 0.0000000000
61653  -38.867  -13.482  54.442 0.0000000000
61654  -39.370  -12.680  54.563 0.0000000000
132477  -39.240  -12.030  54.287 0.0000000000
62533  -39.462  -11.358  54.205 0.0000000000
64374  -40.156  -10.127  54.478 0.0000000000
48163  -10.804  -26.079  70.580 0.0000000000
46236  -10.179  -29.058  71.915 0.0000000000
123074  -10.081  -29.001  72.753 0.0000000000
43534  -9.665  -30.853  72.419 0.0000000000
42648  -9.001  -32.112  72.316 0.0000000000
37616  -1.968  -36.859  80.376 0.0000000000
135094  -30.555  -24.390  66.327 0.0000000000
50167  -32.476  -24.448  66.598 0.0000000000
50168  -33.086  -23.942  66.625 0.0000000000
51140  -33.405  -23.281  66.554 0.0000000000
50133  -32.791  -23.721  69.463 0.0000000000
46267  -22.133  -28.639  69.259 0.0000000000
46286  -22.431  -28.510  68.348 0.0000000000
47206  -24.164  -27.488  69.415 0.0000000000
49194  -25.365  -25.236  69.409 0.0000000000
49180  -26.843  -24.457  71.274 0.0000000000
49179  -26.054  -24.873  70.821 0.0000000000
51106  -28.830  -23.807  68.974 0.0000000000
46240  -22.530  -28.801  70.923 0.0000000000
65237  -35.441  -8.315  52.304 0.0000000000
125531  -35.492  -7.651  51.767 0.0000000000
66096  -36.026  -7.579  52.355 0.0000000000
68033  -38.007  -5.884  53.045 0.0000000000
68042  -37.575  -5.504  52.424 0.0000000000
68050  -37.260  -5.213  51.721 0.0000000000
131683  -40.543  -3.975  54.989 0.0000000000
70029  -39.404  -3.185  53.810 0.0000000000
70960  -40.977  -2.260  54.738 0.0000000000
70962  -39.927  -2.583  53.840 0.0000000000
127498  -38.933  -3.196  53.191 0.0000000000
70037  -38.936  -2.999  52.373 0.0000000000
70040  -38.688  -3.226  51.413 0.0000000000
70042  -38.780  -3.114  50.495 0.0000000000
70973  -39.384  -2.721  50.288 0.0000000000
71903  -41.028  -1.718  51.071 0.0000000000
70975  -40.973  -1.905  50.369 0.0000000000
70980  -40.859  -2.142  49.520 0.0000000000
70984  -41.420  -1.951  48.837 0.0000000000
70985  -41.869  -1.881  48.096 0.0000000000
71917  -42.777  -1.666  48.065 0.0000000000
123530  -43.160  -1.546  48.824 0.0000000000
71911  -43.725  -1.395  49.443 0.0000000000
72790  -43.880  -0.760  50.865 0.0000000000
71907  -44.250  -1.059  50.079 0.0000000000
72791  -44.716  -0.634  50.715 0.0000000000
73669  -46.669  0.457  52.539 0.0000000000
74565  -44.396  0.771  54.976 0.0000000000
73650  -44.819  0.771  54.280 0.0000000000
73659  -45.380  0.612  53.589 0.0000000000
139723  -46.767  0.572  53.250 0.0000000000
73670  -47.491  0.536  53.087 0.0000000000
55902  -29.045  -18.726  61.806 0.0000000000
55901  -28.663  -18.167  61.182 0.0000000000
125432  -28.474  -16.845  60.444 0.0000000000
137961  -28.851  -16.511  60.868 0.0000000000
57877  -28.330  -16.565  59.685 0.0000000000
58812  -28.694  -15.820  58.527 0.0000000000
58806  -31.053  -14.536  60.922 0.0000000000
58810  -29.874  -14.860  59.715 0.0000000000
131629  -29.107  -15.231  58.240 0.0000000000
59740  -30.179  -13.965  56.442 0.0000000000
59710  -35.350  -14.466  57.625 0.0000000000
59726  -35.913  -15.371  57.011 0.0000000000
59712  -37.128  -15.382  57.999 0.0000000000
59711  -36.282  -15.031  57.766 0.0000000000
121492  -37.519  -16.341  56.256 0.0000000000
48187  -12.976  -25.166  67.934 0.0000000000
47250  -12.726  -26.226  66.734 0.0000000000
49202  -12.576  -24.911  68.440 0.0000000000
50141  -12.279  -24.759  68.911 0.0000000000
47197  -11.213  -26.757  69.077 0.0000000000
46284  -11.282  -28.385  68.331 0.0000000000
46265  -11.102  -27.851  69.058 0.0000000000
119064  -51.374  2.932  46.444 0.0000000000
76522  -50.537  3.080  45.107 0.0000000000
53105  -30.903  -21.755  59.974 0.0000000000
54976  -29.467  -19.561  61.512 0.0000000000
50180  -30.569  -24.439  65.483 0.0000000000
50194  -32.304  -24.095  64.082 0.0000000000
53978  -33.411  -20.874  64.749 0.0000000000
53977  -32.925  -20.246  64.988 0.0000000000
53075  -33.136  -21.256  63.451 0.0000000000
140968  -32.686  -21.798  62.243 0.0000000000
54002  -32.009  -20.541  62.247 0.0000000000
57831  -30.388  -16.447  65.388 0.0000000000
127543  -31.317  -15.095  65.304 0.0000000000
58778  -31.206  -14.907  63.388 0.0000000000
59664  -31.937  -14.556  62.853 0.0000000000
46302  -23.110  -28.073  67.256 0.0000000000
46318  -22.972  -27.640  66.395 0.0000000000
47277  -22.929  -27.021  65.245 0.0000000000
130763  -23.393  -26.084  66.221 0.0000000000
47177  -14.379  -27.274  69.827 0.0000000000
48190  -15.606  -26.064  68.230 0.0000000000
120519  -16.199  -25.808  64.772 0.0000000000
124435  -43.862  -1.466  47.024 0.0000000000
71919  -44.774  -1.337  48.300 0.0000000000
71925  -44.723  -1.285  47.462 0.0000000000
71932  -44.553  -1.276  46.515 0.0000000000
139886  -45.082  -1.013  46.156 0.0000000000
72805  -46.638  -0.666  48.710 0.0000000000
71927  -46.396  -0.795  47.994 0.0000000000
72831  -46.219  -0.713  45.756 0.0000000000
71938  -46.142  -1.161  45.071 0.0000000000
72832  -46.722  -0.807  45.217 0.0000000000
72842  -47.197  -0.907  44.747 0.0000000000
72843  -47.896  -0.690  44.627 0.0000000000
143978  -48.143  -0.411  46.082 0.0000000000
71949  -48.260  -1.104  43.906 0.0000000000
72846  -49.920  0.101  44.361 0.0000000000
144399  -50.207  0.262  45.176 0.0000000000
73721  -50.571  0.206  45.696 0.0000000000
73722  -50.906  0.617  45.817 0.0000000000
74603  -51.854  1.240  46.596 0.0000000000
41690  -8.101  -33.012  75.535 0.0000000000
41676  -8.176  -33.182  76.403 0.0000000000
41689  -7.547  -33.495  75.865 0.0000000000
134461  -6.006  -35.198  75.114 0.0000000000
39672  -5.968  -35.159  75.863 0.0000000000
57886  -27.980  -17.053  57.669 0.0000000000
58856  -33.682  -15.101  53.265 0.0000000000
58846  -34.265  -15.438  53.727 0.0000000000
60763  -34.756  -13.890  52.346 0.0000000000
59794  -37.260  -15.224  53.672 0.0000000000
125353  -37.478  -13.561  53.570 0.0000000000
61680  -34.586  -12.718  52.139 0.0000000000
125483  -34.973  -11.209  52.800 0.0000000000
64399  -35.172  -9.275  52.592 0.0000000000
65238  -36.161  -8.176  52.783 0.0000000000
120740  -37.782  -7.655  53.384 0.0000000000
65225  -38.213  -8.687  53.576 0.0000000000
126172  -38.549  -7.894  53.645 0.0000000000
66084  -38.499  -7.137  53.566 0.0000000000
123484  -39.468  -6.788  54.120 0.0000000000
66993  -40.218  -6.212  54.687 0.0000000000
68024  -41.105  -5.371  55.389 0.0000000000
125042  -40.150  -9.098  54.508 0.0000000000
42614  -8.996  -32.053  75.681 0.0000000000
41728  -8.197  -33.170  72.293 0.0000000000
41663  -8.123  -33.309  77.330 0.0000000000
41654  -7.546  -33.363  77.999 0.0000000000
41643  -7.394  -33.104  78.665 0.0000000000
125650  -7.175  -32.874  79.061 0.0000000000
41625  -6.330  -32.879  79.601 0.0000000000
135261  -4.911  -36.424  78.088 0.0000000000
39626  -4.987  -35.171  79.112 0.0000000000
39627  -5.467  -34.710  78.719 0.0000000000
128029  -5.986  -33.901  78.892 0.0000000000
122381  -5.813  -33.413  79.543 0.0000000000
42550  -6.142  -32.498  79.991 0.0000000000
43420  -4.968  -32.039  80.150 0.0000000000
131432  -4.241  -32.230  80.228 0.0000000000
43423  -3.604  -31.939  80.033 0.0000000000
42549  -3.227  -33.072  80.163 0.0000000000
43418  -3.114  -32.590  79.998 0.0000000000
121208  -3.004  -32.044  79.746 0.0000000000
37618  -0.583  -37.394  80.329 0.0000000000
37624  -0.076  -37.589  79.643 0.0000000000
38597  -0.554  -36.821  80.084 0.0000000000
39610  -0.723  -36.033  80.113 0.0000000000
40641  -0.802  -35.296  80.116 0.0000000000
40647  -0.996  -34.722  79.921 0.0000000000
37614  -1.068  -36.969  80.414 0.0000000000
37615  -1.396  -36.845  80.433 0.0000000000
37617  -0.310  -37.524  80.110 0.0000000000
37619  -0.995  -37.548  80.459 0.0000000000
37623  -0.254  -37.033  79.367 0.0000000000
38593  -1.191  -36.180  80.429 0.0000000000
38596  -2.960  -35.585  80.237 0.0000000000
38598  -0.793  -36.457  80.317 0.0000000000
38600  -3.056  -36.148  80.113 0.0000000000
39607  -2.041  -35.279  80.353 0.0000000000
39608  -2.760  -35.081  80.325 0.0000000000
39611  -0.985  -35.576  80.403 0.0000000000
39615  -0.594  -35.841  79.709 0.0000000000
40636  -1.744  -34.912  80.348 0.0000000000
40639  -3.797  -34.319  80.498 0.0000000000
40640  -4.217  -34.189  80.452 0.0000000000
40642  -1.113  -34.936  80.272 0.0000000000
40643  -1.547  -34.659  80.192 0.0000000000
40650  -6.346  -33.251  79.254 0.0000000000
41616  -2.781  -34.114  80.340 0.0000000000
41618  -3.965  -33.843  80.527 0.0000000000
41619  -4.578  -33.771  80.321 0.0000000000
41620  -5.166  -33.384  80.131 0.0000000000
41623  -2.438  -33.761  80.150 0.0000000000
42543  -3.620  -33.347  80.345 0.0000000000
42545  -4.831  -33.149  80.314 0.0000000000
42546  -5.471  -32.806  80.139 0.0000000000
42547  -2.207  -33.423  79.930 0.0000000000
42551  -6.792  -32.229  79.723 0.0000000000
43415  -3.976  -32.877  80.299 0.0000000000
43417  -5.107  -32.563  80.245 0.0000000000
43421  -5.778  -32.005  80.242 0.0000000000
50148  -32.440  -24.157  69.007 0.0000000000
63472  -33.784  -10.886  51.927 0.0000000000
64397  -33.858  -10.276  51.902 0.0000000000
65252  -34.984  -8.114  51.438 0.0000000000
70010  -41.647  -3.184  55.547 0.0000000000
70948  -42.637  -2.647  56.073 0.0000000000
70959  -40.445  -2.583  54.456 0.0000000000
72764  -41.798  -1.158  53.910 0.0000000000
72784  -43.588  -0.592  51.600 0.0000000000
73660  -46.372  0.706  53.745 0.0000000000
120192  -4.033  -31.864  80.131 0.0000000000
123604  -40.173  -2.386  50.133 0.0000000000
130764  -38.993  -6.762  53.760 0.0000000000
132796  -0.471  -36.408  79.715 0.0000000000
135356  -36.378  -10.376  53.343 0.0000000000
137849  -39.157  -2.784  50.933 0.0000000000
139969  -10.190  -28.365  72.237 0.0000000000
141001  -39.703  -6.248  54.293 0.0000000000
141453  -27.862  -23.793  70.299 0.0000000000
141742  -12.950  -24.851  69.562 0.0000000000
142172  -5.108  -34.363  79.554 0.0000000000
142375  -8.201  -33.191  77.932 0.0000000000
144066  -52.448  1.264  47.110 0.0000000000
