#!ascii label  , from subject sub-v2s4x29610_ses-1 vox2ras=TkReg
1938
132543  -15.077  -71.624  -12.322 0.5000000000
5134  -14.223  -75.222  -9.935 0.5000000000
4538  -13.773  -75.950  -7.929 0.5000000000
4537  -12.811  -76.327  -7.768 0.5000000000
137029  -14.704  -69.633  -12.138 0.5000000000
8316  -15.503  -70.971  -12.268 0.5000000000
9120  -15.824  -70.378  -12.110 0.5000000000
6888  -16.091  -72.067  -11.770 0.5000000000
7609  -16.522  -71.585  -11.047 0.6000000238
6877  -15.679  -72.682  -11.511 0.5000000000
4546  -12.393  -76.575  -8.600 0.5000000000
5688  -14.392  -74.587  -10.309 0.5000000000
5110  -11.319  -75.703  -6.413 0.5000000000
126704  -14.489  -75.402  -8.259 0.6000000238
5117  -12.065  -76.142  -7.004 0.6000000238
133538  -15.114  -75.049  -7.681 0.6000000238
5118  -13.214  -75.943  -7.080 0.6000000238
120433  -10.867  -75.397  -5.738 0.6999999881
5101  -13.798  -75.622  -5.471 0.6999999881
5659  -12.131  -75.306  -5.135 0.6999999881
5076  -12.876  -75.149  -4.166 0.6999999881
5653  -12.098  -75.035  -4.540 0.6999999881
5651  -10.949  -75.020  -4.333 0.6999999881
9119  -15.657  -69.511  -12.073 0.5000000000
137101  -16.607  -70.827  -11.268 0.6000000238
9910  -16.045  -68.980  -11.865 0.6000000238
8302  -16.694  -70.227  -10.683 0.6000000238
6869  -14.934  -73.200  -9.587 0.5000000000
5109  -10.211  -75.630  -5.680 0.5000000000
137741  -9.826  -75.995  -6.178 0.5000000000
119949  -9.670  -77.605  -4.293 0.6999999881
5088  -10.159  -75.703  -4.949 0.6999999881
120791  -9.991  -76.983  -3.754 0.6999999881
135265  -14.851  -74.858  -8.589 0.6000000238
5676  -14.899  -74.104  -7.941 0.6999999881
141102  -10.367  -76.315  -3.387 0.6999999881
5113  -14.798  -75.386  -6.158 0.6999999881
5091  -13.814  -75.505  -4.638 0.6999999881
4488  -10.492  -77.117  -1.746 0.6999999881
5645  -12.845  -74.847  -3.348 0.6999999881
5635  -11.919  -74.657  -2.987 0.6999999881
5075  -11.328  -74.866  -3.608 0.6999999881
119028  -11.119  -76.630  -1.208 0.6999999881
133746  -11.868  -74.620  -2.065 0.6999999881
5619  -11.958  -74.682  -1.319 0.6999999881
135645  -11.619  -76.150  -0.813 0.6999999881
118751  -11.936  -75.237  -0.785 0.6999999881
9937  -14.558  -68.265  -12.358 0.5000000000
133851  -15.606  -68.200  -11.789 0.6000000238
10772  -15.465  -67.962  -10.873 0.6000000238
9909  -16.057  -68.703  -11.097 0.6000000238
9894  -15.721  -68.498  -9.964 0.6000000238
129793  -16.745  -72.042  -9.142 0.6000000238
126295  -16.779  -70.487  -9.612 0.6000000238
6858  -15.705  -72.563  -8.664 0.6000000238
118935  -8.748  -78.983  -2.918 0.6999999881
6857  -15.004  -72.972  -8.730 0.6999999881
118873  -8.703  -78.880  -1.933 0.6999999881
133170  -8.775  -79.761  -2.735 0.6999999881
2844  -9.846  -79.568  -2.976 0.6999999881
127361  -15.271  -72.785  -7.946 0.6999999881
118038  -8.345  -79.780  -1.275 0.6999999881
3372  -10.897  -78.897  -2.755 0.6999999881
5670  -15.277  -74.541  -7.091 0.6999999881
6208  -15.404  -74.320  -5.700 0.6999999881
4487  -9.852  -77.425  -2.561 0.6999999881
135633  -8.611  -79.088  -0.842 0.6999999881
119068  -9.512  -80.082  -1.342 0.6999999881
3357  -10.863  -79.359  -1.671 0.6999999881
5114  -15.287  -75.055  -5.555 0.6999999881
5093  -15.141  -75.079  -4.163 0.6999999881
135585  -10.152  -77.763  -0.517 0.6999999881
2825  -10.804  -79.466  -0.689 0.6999999881
5636  -12.666  -74.586  -2.453 0.6999999881
136279  -10.431  -78.233  0.131 0.6999999881
135639  -9.291  -78.710  -0.346 0.6999999881
5620  -12.576  -74.391  -1.486 0.6999999881
118039  -11.125  -77.183  -0.194 0.6999999881
135663  -11.260  -78.112  0.530 0.6999999881
5603  -12.294  -74.523  -0.710 0.6999999881
118866  -11.475  -77.500  0.408 0.6999999881
5594  -12.723  -74.884  0.687 0.6999999881
10785  -14.118  -67.475  -12.420 0.5000000000
10780  -14.513  -67.072  -12.127 0.6000000238
10771  -14.458  -66.895  -11.468 0.6000000238
11633  -12.749  -66.307  -12.071 0.5000000000
10760  -14.356  -67.209  -9.595 0.6000000238
125580  -11.046  -66.925  -13.003 0.5000000000
10791  -12.933  -66.946  -12.548 0.5000000000
10761  -15.049  -67.788  -9.691 0.6000000238
10742  -14.347  -67.324  -8.632 0.6000000238
9068  -15.844  -68.977  -9.007 0.6000000238
10743  -14.892  -67.816  -8.624 0.6000000238
7568  -16.998  -71.973  -8.363 0.6000000238
6843  -16.184  -72.374  -7.856 0.6999999881
8268  -17.091  -71.281  -7.683 0.6999999881
6828  -15.225  -72.942  -6.454 0.6999999881
6829  -16.241  -72.295  -7.036 0.6999999881
3358  -11.843  -78.310  -2.356 0.6999999881
6197  -15.421  -73.938  -5.028 0.6999999881
6813  -15.470  -72.587  -5.431 0.6999999881
137100  -13.189  -77.343  -3.302 0.6999999881
6187  -15.479  -73.570  -4.167 0.6999999881
3345  -11.898  -78.924  -1.211 0.6999999881
3359  -12.778  -77.859  -1.959 0.6999999881
3957  -13.540  -77.341  -4.494 0.6999999881
119163  -14.468  -74.667  -2.224 0.6000000238
2821  -11.125  -79.194  0.052 0.6999999881
3346  -12.828  -78.318  -0.916 0.6999999881
3926  -13.587  -77.316  -2.729 0.6999999881
3943  -13.673  -77.259  -3.645 0.6999999881
3969  -14.307  -77.405  -5.235 0.6999999881
123171  -13.471  -74.580  -2.040 0.6999999881
3321  -11.925  -78.279  0.684 0.6999999881
137912  -12.938  -78.397  0.329 0.6000000238
3347  -13.544  -77.995  -0.623 0.6999999881
3910  -13.806  -77.617  -1.574 0.6999999881
5604  -12.646  -74.299  0.010 0.6000000238
122370  -12.170  -76.868  0.617 0.6999999881
4453  -12.765  -76.785  1.095 0.6999999881
3877  -12.693  -77.645  1.048 0.6999999881
3323  -13.368  -77.695  1.200 0.6000000238
3341  -13.641  -78.153  0.037 0.6000000238
5012  -13.207  -74.706  1.453 0.6000000238
132969  -13.016  -75.679  1.229 0.6000000238
120463  -13.248  -77.194  1.409 0.6000000238
3878  -14.718  -77.241  1.553 0.5000000000
3897  -14.384  -77.916  0.347 0.5000000000
3898  -15.307  -77.758  -0.126 0.5000000000
4442  -13.886  -75.724  2.367 0.6000000238
4443  -14.750  -75.926  2.484 0.5000000000
4455  -14.318  -76.615  2.084 0.5000000000
11629  -13.468  -66.513  -10.701 0.6000000238
131494  -12.268  -66.200  -11.442 0.6000000238
11616  -13.054  -66.832  -8.137 0.5000000000
11615  -12.075  -66.651  -8.458 0.6999999881
11637  -11.512  -66.586  -12.532 0.5000000000
12478  -10.872  -66.188  -12.277 0.6000000238
12472  -10.972  -65.912  -11.605 0.6000000238
12475  -8.548  -65.727  -12.658 0.6000000238
12477  -10.006  -66.018  -12.491 0.6000000238
125090  -13.936  -67.048  -7.909 0.4000000060
12470  -9.623  -65.267  -12.004 0.6000000238
10723  -15.003  -68.050  -7.809 0.5000000000
9866  -15.498  -68.545  -7.376 0.6000000238
133157  -16.468  -69.749  -7.361 0.6000000238
7539  -16.783  -72.009  -6.557 0.6999999881
129707  -17.240  -71.462  -6.844 0.6000000238
7507  -15.945  -72.198  -4.819 0.6999999881
6180  -15.557  -73.976  -3.118 0.6000000238
6785  -15.618  -73.091  -3.454 0.6000000238
5606  -14.461  -74.015  -0.815 0.6000000238
124599  -14.892  -77.590  -1.637 0.6000000238
123591  -14.642  -77.410  -2.431 0.6000000238
3944  -14.468  -77.265  -3.289 0.6999999881
3959  -15.288  -77.496  -4.645 0.6999999881
3970  -15.338  -77.581  -5.588 0.6999999881
5605  -13.493  -73.893  -0.192 0.6000000238
3911  -14.488  -77.804  -0.669 0.6000000238
3983  -15.418  -77.744  -6.555 0.6999999881
5566  -13.760  -74.648  2.262 0.6000000238
3891  -15.055  -77.628  0.819 0.4000000060
3899  -16.041  -77.632  -0.505 0.4000000060
3912  -15.664  -77.712  -1.169 0.5000000000
3927  -15.721  -77.733  -2.289 0.6000000238
3960  -16.090  -77.730  -4.128 0.6000000238
3971  -16.204  -77.711  -5.929 0.6000000238
4996  -15.055  -75.112  2.779 0.5000000000
4997  -15.843  -74.903  2.729 0.5000000000
5014  -15.658  -75.855  2.289 0.5000000000
122140  -15.814  -76.512  1.705 0.5000000000
3914  -17.103  -77.474  -1.806 0.4000000060
3928  -16.722  -77.772  -2.654 0.6000000238
11614  -11.245  -66.383  -8.902 0.6000000238
11625  -11.998  -66.559  -9.418 0.6000000238
11586  -11.416  -66.290  -6.899 0.6000000238
13340  -9.951  -64.893  -11.332 0.6000000238
12468  -10.723  -65.526  -10.827 0.5000000000
133036  -10.715  -63.892  -10.100 0.6000000238
14267  -9.963  -63.147  -10.151 0.6000000238
11606  -13.269  -66.871  -7.213 0.6000000238
13338  -8.336  -64.635  -11.741 0.6999999881
14283  -9.363  -63.662  -10.545 0.6000000238
14266  -8.946  -63.174  -10.099 0.6000000238
10704  -14.938  -67.868  -7.030 0.5000000000
10703  -14.212  -67.157  -6.914 0.6000000238
14285  -6.537  -64.584  -11.171 0.6000000238
14265  -7.896  -63.424  -9.955 0.6999999881
143361  -15.398  -68.293  -6.833 0.5000000000
135071  -6.843  -63.470  -9.806 0.6999999881
9031  -16.586  -69.677  -6.645 0.6000000238
127266  -6.228  -63.025  -9.360 0.6000000238
7524  -17.323  -71.476  -5.976 0.6000000238
124695  -17.314  -70.715  -6.384 0.6000000238
8252  -17.720  -71.147  -5.234 0.6000000238
6797  -16.653  -71.963  -4.078 0.6000000238
6765  -15.793  -73.227  -1.896 0.6000000238
6755  -15.715  -73.166  -0.939 0.6000000238
7404  -15.991  -72.182  2.403 0.6000000238
130588  -14.348  -73.380  1.350 0.6000000238
6728  -17.134  -72.496  2.938 0.6000000238
129426  -14.860  -73.796  2.702 0.6000000238
3946  -16.771  -77.734  -3.648 0.6000000238
133384  -16.836  -77.666  -4.528 0.6000000238
128148  -16.884  -77.647  -5.391 0.6000000238
5569  -16.046  -74.033  2.989 0.5000000000
5016  -16.960  -75.275  1.524 0.5000000000
125664  -17.324  -77.609  -7.877 0.6000000238
4501  -17.692  -76.778  -3.070 0.4000000060
120525  -17.357  -77.418  -4.103 0.6000000238
141199  -17.392  -77.413  -5.712 0.6000000238
12457  -10.491  -65.407  -9.114 0.6000000238
127067  -11.556  -63.660  -8.648 0.5000000000
13302  -10.994  -64.555  -7.855 0.6000000238
13284  -12.276  -63.753  -6.723 0.5000000000
12463  -10.557  -65.419  -10.052 0.6000000238
14269  -11.912  -62.821  -9.095 0.6000000238
137737  -10.869  -66.065  -7.664 0.5000000000
12435  -11.462  -65.553  -6.125 0.5000000000
11565  -11.972  -66.337  -5.863 0.5000000000
14268  -10.789  -63.232  -9.942 0.5000000000
13326  -10.705  -64.413  -9.735 0.6000000238
15266  -10.573  -62.544  -9.806 0.5000000000
126038  -12.833  -66.636  -5.852 0.6000000238
15264  -7.533  -63.250  -9.261 0.6999999881
15246  -8.479  -62.771  -8.833 0.6000000238
15234  -8.034  -62.796  -7.849 0.6000000238
9855  -16.360  -69.061  -6.054 0.5000000000
15232  -5.753  -61.759  -8.383 0.5000000000
15245  -6.852  -62.674  -8.508 0.6999999881
8251  -17.639  -70.820  -5.770 0.5000000000
7489  -17.509  -71.608  -3.766 0.5000000000
6775  -16.315  -72.580  -2.413 0.6000000238
7444  -16.808  -71.851  -0.014 0.6000000238
6756  -16.238  -72.496  -0.485 0.5000000000
7416  -16.511  -71.584  2.138 0.6000000238
6747  -15.449  -72.517  1.049 0.6000000238
6121  -17.178  -73.333  2.775 0.5000000000
4502  -17.859  -76.165  -3.664 0.5000000000
4515  -17.913  -76.432  -4.361 0.5000000000
3985  -17.857  -76.983  -6.539 0.6000000238
3995  -17.803  -76.975  -7.369 0.6000000238
14234  -12.418  -63.019  -8.595 0.6000000238
13303  -11.981  -63.695  -7.833 0.6000000238
16200  -12.478  -62.151  -8.524 0.6000000238
13265  -11.830  -65.056  -5.297 0.5000000000
140985  -11.483  -62.121  -9.343 0.6000000238
15248  -10.390  -61.742  -8.994 0.6999999881
11566  -12.738  -66.401  -5.062 0.6000000238
15235  -8.993  -62.371  -8.065 0.6000000238
15247  -9.616  -62.155  -8.905 0.6000000238
11567  -13.539  -66.830  -5.472 0.6000000238
15220  -7.191  -61.921  -7.287 0.6000000238
15222  -8.688  -62.491  -6.310 0.6000000238
9843  -15.898  -68.358  -5.831 0.5000000000
8243  -18.070  -70.691  -4.630 0.5000000000
16176  -4.822  -61.090  -7.803 0.5000000000
16178  -6.440  -60.997  -7.574 0.6000000238
7474  -16.985  -72.151  -2.003 0.5000000000
7459  -17.702  -71.437  -0.723 0.6000000238
7458  -17.005  -72.168  -1.029 0.5000000000
7417  -17.270  -71.277  2.468 0.5000000000
7405  -16.737  -71.909  2.786 0.5000000000
5104  -17.938  -75.384  -5.586 0.6000000238
5115  -18.075  -75.807  -6.282 0.6000000238
124395  -13.560  -62.325  -7.993 0.6000000238
14223  -13.614  -62.608  -7.816 0.5000000000
14222  -13.258  -63.035  -6.992 0.5000000000
17184  -12.997  -61.691  -7.977 0.6999999881
14211  -12.859  -63.446  -5.892 0.5000000000
17162  -11.001  -61.013  -7.534 0.6999999881
16181  -11.397  -61.340  -8.263 0.6000000238
13247  -12.358  -64.573  -4.585 0.5000000000
125631  -10.270  -61.411  -7.715 0.6000000238
12401  -12.177  -65.341  -4.682 0.5000000000
11550  -13.622  -66.805  -4.501 0.6000000238
16152  -9.112  -62.225  -5.460 0.6999999881
10690  -14.284  -67.127  -5.099 0.6000000238
16151  -8.265  -61.913  -5.664 0.6000000238
9829  -15.981  -68.009  -4.966 0.6000000238
17127  -6.569  -59.705  -5.826 0.6999999881
16150  -7.212  -60.922  -6.116 0.6999999881
8997  -17.167  -69.317  -5.009 0.5000000000
134775  -16.665  -68.551  -4.766 0.5000000000
17144  -6.295  -59.946  -6.676 0.6000000238
8232  -18.360  -70.118  -3.975 0.5000000000
17126  -5.599  -59.465  -6.108 0.5000000000
7476  -18.570  -71.096  -2.572 0.6000000238
128435  -18.035  -71.442  -3.207 0.5000000000
134482  -5.018  -59.834  -5.656 0.6000000238
123571  -17.564  -71.830  -1.564 0.5000000000
7445  -17.310  -71.182  0.468 0.6000000238
8155  -18.884  -70.438  2.509 0.5000000000
17165  -13.641  -60.938  -7.617 0.6999999881
16167  -14.290  -61.729  -7.090 0.5000000000
138467  -13.976  -62.236  -6.361 0.5000000000
18069  -12.875  -60.041  -7.209 0.8000000119
128856  -13.965  -60.002  -7.321 0.6999999881
15208  -13.747  -62.355  -5.395 0.5000000000
15194  -13.225  -63.127  -4.955 0.5000000000
17130  -11.443  -60.184  -5.829 0.6999999881
17146  -11.474  -60.371  -7.056 0.6999999881
17147  -11.981  -60.262  -7.228 0.8000000119
16166  -10.401  -61.375  -6.872 0.6999999881
143794  -13.231  -63.582  -3.623 0.5000000000
16153  -9.870  -62.009  -4.911 0.6999999881
138431  -10.370  -61.669  -5.749 0.6999999881
142084  -12.733  -65.796  -4.008 0.6000000238
124192  -12.813  -64.547  -3.724 0.5000000000
17113  -8.368  -60.534  -4.377 0.6000000238
16140  -8.876  -61.739  -4.880 0.6000000238
142539  -15.011  -67.394  -3.991 0.6000000238
17112  -6.991  -59.511  -4.833 0.6999999881
17128  -7.702  -60.740  -5.261 0.6999999881
9830  -17.235  -68.761  -4.317 0.6000000238
10677  -16.541  -68.057  -4.192 0.6000000238
18052  -6.009  -59.089  -5.324 0.6000000238
8983  -18.527  -69.642  -3.176 0.6000000238
7460  -18.324  -71.366  -1.710 0.6000000238
131605  -5.063  -60.400  -4.381 0.6000000238
8192  -18.274  -70.647  -0.073 0.6000000238
8179  -18.477  -70.194  1.079 0.5000000000
140789  -14.695  -59.290  -7.232 0.6000000238
17166  -14.813  -60.372  -7.378 0.5000000000
17148  -15.285  -60.490  -7.278 0.5000000000
16133  -13.840  -61.793  -3.788 0.5000000000
18053  -11.969  -59.698  -6.248 0.8000000119
124007  -13.551  -62.545  -3.375 0.5000000000
17114  -11.427  -60.430  -4.711 0.6999999881
11531  -13.549  -66.564  -3.615 0.6000000238
15115  -8.317  -62.549  1.253 0.6000000238
17099  -9.623  -60.678  -3.612 0.8000000119
16091  -8.607  -61.708  0.527 0.6000000238
18017  -8.176  -59.133  -3.422 0.6999999881
18018  -9.057  -59.539  -3.327 0.8000000119
10662  -14.040  -66.968  -3.783 0.6000000238
17067  -6.207  -60.984  -0.677 0.6000000238
18035  -6.947  -59.071  -4.194 0.6000000238
9814  -17.144  -68.263  -3.593 0.6000000238
9799  -18.224  -68.847  -2.597 0.6000000238
17999  -5.759  -59.227  -2.639 0.6000000238
18014  -5.446  -59.241  -3.493 0.6000000238
130525  -5.765  -58.940  -4.062 0.6000000238
8207  -18.986  -70.561  -1.869 0.6000000238
8963  -19.147  -69.628  -1.447 0.6000000238
18051  -5.364  -59.288  -5.191 0.5000000000
126142  -19.057  -70.037  -0.005 0.5000000000
8937  -19.024  -69.953  1.843 0.5000000000
8948  -19.692  -68.879  0.476 0.5000000000
19017  -15.627  -58.814  -7.406 0.5000000000
17149  -15.717  -60.165  -7.465 0.5000000000
18055  -13.170  -58.886  -6.155 0.6000000238
19008  -14.853  -58.392  -6.860 0.5000000000
123500  -11.944  -59.740  -5.343 0.8000000119
18996  -12.996  -58.724  -5.318 0.6999999881
18037  -11.925  -59.924  -4.246 0.8000000119
17101  -11.250  -60.402  -3.710 0.8000000119
12366  -13.085  -65.026  -3.170 0.6000000238
15169  -13.433  -62.696  -2.357 0.5000000000
15079  -10.242  -62.446  2.492 0.6000000238
18019  -10.797  -59.997  -2.995 0.8000000119
13222  -13.574  -64.436  -2.016 0.5000000000
16092  -9.431  -61.421  0.626 0.6999999881
16073  -9.316  -62.276  1.179 0.6000000238
140291  -8.620  -58.608  -3.044 0.8000000119
10664  -15.258  -67.533  -3.311 0.6000000238
10639  -14.132  -66.926  -3.070 0.6000000238
12367  -13.551  -65.565  -2.588 0.6000000238
17053  -8.884  -60.736  0.109 0.6000000238
9797  -17.049  -67.953  -2.831 0.6000000238
10665  -16.229  -67.777  -3.284 0.6000000238
10624  -14.796  -67.218  -1.686 0.6000000238
17079  -6.154  -60.046  -1.150 0.6000000238
18970  -7.342  -58.749  -3.065 0.6000000238
18971  -7.985  -58.538  -3.025 0.5000000000
9787  -17.984  -68.250  -1.935 0.6000000238
18937  -6.439  -58.853  -2.625 0.6000000238
8957  -19.333  -69.346  -0.434 0.6000000238
9780  -19.265  -68.669  -1.032 0.6000000238
9781  -19.587  -68.444  -0.129 0.5000000000
9769  -20.144  -68.194  0.884 0.5000000000
9757  -20.693  -68.547  1.890 0.5000000000
9758  -21.325  -68.005  1.880 0.5000000000
18998  -14.345  -58.005  -6.036 0.6000000238
18985  -12.957  -58.911  -4.300 0.6999999881
16027  -9.903  -62.025  4.749 0.6000000238
16042  -9.778  -62.072  3.748 0.6000000238
18020  -11.577  -59.780  -3.273 0.8000000119
119989  -13.412  -63.210  -1.741 0.5000000000
143313  -10.574  -62.309  3.118 0.6000000238
18002  -11.120  -59.434  -2.497 0.8000000119
14164  -13.490  -63.302  -1.053 0.5000000000
15098  -10.423  -62.116  1.969 0.6999999881
19859  -9.007  -57.316  -2.554 0.8000000119
11498  -14.021  -66.141  -1.933 0.6000000238
12345  -13.798  -65.258  -1.686 0.6000000238
17954  -9.539  -59.455  0.474 0.8000000119
19872  -8.512  -57.928  -2.695 0.6999999881
135322  -15.516  -67.581  -2.548 0.6000000238
11499  -14.449  -66.759  -1.304 0.6000000238
17971  -8.099  -59.033  -0.672 0.6999999881
18921  -7.543  -58.635  -1.443 0.6999999881
19857  -8.045  -58.142  -2.562 0.6000000238
10643  -17.127  -67.927  -2.037 0.6000000238
10599  -15.216  -67.157  0.213 0.6000000238
17987  -6.818  -59.352  -1.296 0.6000000238
10616  -16.749  -67.578  -0.199 0.5000000000
10618  -19.193  -67.961  -0.288 0.5000000000
18986  -13.466  -58.292  -4.816 0.6000000238
19894  -14.747  -57.438  -5.474 0.5000000000
16009  -8.424  -61.640  6.775 0.6000000238
18973  -13.443  -58.525  -3.723 0.6999999881
134071  -9.021  -61.851  6.274 0.6000000238
18972  -12.706  -58.978  -3.130 0.6999999881
18957  -13.154  -58.581  -2.445 0.6000000238
138199  -10.562  -62.126  5.070 0.6000000238
143636  -10.526  -62.092  5.651 0.6000000238
18956  -12.287  -58.947  -1.955 0.6000000238
18941  -11.809  -58.422  -1.422 0.6999999881
17012  -11.101  -60.809  2.335 0.8000000119
18940  -10.966  -58.263  -1.825 0.6999999881
19847  -11.240  -57.498  -1.468 0.6000000238
17037  -10.525  -60.594  1.419 0.8000000119
20721  -8.849  -56.638  -2.044 0.8000000119
20709  -9.306  -56.092  -1.635 0.6999999881
18904  -9.330  -58.473  0.307 0.6999999881
18903  -8.618  -58.368  -0.429 0.6999999881
19835  -8.520  -56.682  -1.140 0.6000000238
20707  -8.608  -56.232  -1.286 0.8000000119
16000  -7.754  -61.417  7.155 0.6000000238
16010  -9.443  -61.692  6.548 0.6000000238
16022  -11.008  -62.014  5.516 0.6999999881
19836  -11.477  -56.413  -1.118 0.6000000238
16043  -11.428  -61.683  4.023 0.6999999881
127136  -11.382  -60.373  3.214 0.6999999881
127502  -10.356  -56.395  -1.654 0.6999999881
21556  -10.379  -54.795  -0.672 0.6000000238
17937  -10.735  -59.695  1.892 0.8000000119
18890  -10.488  -58.568  1.717 0.6000000238
18889  -9.957  -57.938  0.974 0.5000000000
135121  -8.875  -55.085  -0.497 0.6999999881
21542  -9.972  -54.562  0.295 0.6999999881
132746  -10.708  -54.333  -0.196 0.6000000238
137282  -10.098  -59.318  1.021 0.8000000119
19819  -9.741  -56.658  1.085 0.6000000238
138526  -8.676  -55.738  -0.086 0.6000000238
17874  -7.189  -60.094  7.490 0.6000000238
16958  -7.971  -60.955  7.473 0.6000000238
16966  -9.432  -61.255  6.993 0.6999999881
16001  -8.651  -61.401  7.113 0.6000000238
16011  -10.960  -61.696  6.120 0.6999999881
16012  -11.397  -61.414  5.695 0.6999999881
16994  -11.661  -60.850  4.104 0.6999999881
17906  -11.553  -59.731  3.906 0.6000000238
20694  -11.239  -55.205  -0.908 0.6000000238
17922  -11.160  -59.356  3.185 0.6000000238
123913  -10.368  -57.564  1.590 0.6000000238
121263  -11.718  -54.663  -0.665 0.5000000000
21543  -10.832  -54.514  0.482 0.6000000238
22368  -11.542  -53.977  0.158 0.5000000000
22369  -12.207  -53.603  0.046 0.5000000000
21530  -11.241  -55.147  1.114 0.6000000238
22356  -12.327  -54.104  0.653 0.5000000000
18819  -6.685  -58.656  8.112 0.6000000238
18826  -7.387  -58.996  7.343 0.6000000238
16959  -8.864  -60.671  7.229 0.6999999881
18827  -8.210  -58.901  6.940 0.6999999881
17880  -9.783  -60.453  6.907 0.6999999881
17881  -10.662  -60.286  6.438 0.6999999881
17882  -11.342  -60.164  6.038 0.6000000238
17899  -11.719  -59.889  4.749 0.5000000000
18847  -11.829  -58.838  4.435 0.6999999881
18848  -12.436  -58.304  5.085 0.6000000238
130993  -11.420  -58.878  3.668 0.6000000238
128865  -11.387  -57.859  2.986 0.6000000238
19793  -11.823  -57.542  3.376 0.6000000238
20677  -10.886  -55.893  1.482 0.6000000238
20678  -11.786  -55.875  1.800 0.5000000000
21517  -12.733  -55.797  2.035 0.5000000000
21533  -13.913  -54.840  1.725 0.5000000000
22276  -7.288  -54.863  9.143 0.6999999881
21469  -6.654  -54.775  7.904 0.6999999881
23136  -6.472  -53.517  9.002 0.6999999881
19756  -7.167  -57.475  6.862 0.6000000238
21470  -6.955  -55.566  8.144 0.6999999881
23151  -6.088  -53.827  7.551 0.6999999881
23162  -5.425  -53.022  6.890 0.6999999881
24073  -5.477  -52.377  6.670 0.6000000238
18830  -7.857  -58.038  6.688 0.6999999881
20610  -7.051  -56.729  6.235 0.6999999881
129017  -6.840  -56.058  5.588 0.6999999881
23163  -5.853  -53.740  6.353 0.6999999881
18831  -8.657  -58.454  6.489 0.6999999881
129128  -7.726  -57.136  6.084 0.6999999881
21482  -6.907  -55.293  5.442 0.6999999881
125654  -11.075  -59.379  6.289 0.6999999881
123643  -11.756  -59.352  5.984 0.6000000238
18839  -12.081  -59.116  5.447 0.6000000238
19775  -12.934  -57.564  5.204 0.6000000238
19770  -13.351  -57.020  5.559 0.6000000238
18859  -12.084  -57.957  4.184 0.6000000238
123722  -12.666  -57.787  4.543 0.6000000238
19795  -13.230  -57.408  4.367 0.6000000238
20648  -13.312  -57.080  3.525 0.5000000000
19777  -13.866  -57.113  4.092 0.6000000238
20634  -14.346  -56.721  4.359 0.6000000238
20664  -12.302  -56.779  2.743 0.5000000000
20665  -13.539  -56.474  2.693 0.5000000000
20650  -15.009  -56.107  3.275 0.5000000000
23117  -6.707  -53.337  10.040 0.6999999881
24061  -5.540  -52.854  8.042 0.6999999881
131298  -5.276  -52.182  7.421 0.6000000238
25036  -5.449  -51.638  7.052 0.6000000238
139312  -5.832  -51.240  6.896 0.6000000238
25049  -6.797  -51.501  6.931 0.4000000060
23175  -6.673  -53.924  5.858 0.6000000238
23173  -5.743  -53.020  6.451 0.5000000000
24082  -5.906  -52.544  6.331 0.5000000000
129636  -8.061  -51.325  7.164 0.4000000060
26030  -8.563  -50.734  6.796 0.5000000000
17879  -9.064  -59.431  6.906 0.6999999881
19761  -8.709  -57.616  6.036 0.8000000119
21483  -7.443  -55.783  5.378 0.6999999881
23176  -7.602  -53.682  6.550 0.5000000000
24085  -8.124  -52.707  6.986 0.4000000060
25050  -8.749  -51.735  6.623 0.4000000060
25063  -8.812  -51.056  6.276 0.4000000060
25064  -9.294  -51.022  5.020 0.4000000060
18832  -9.489  -58.447  6.391 0.8000000119
20619  -9.218  -56.909  6.023 0.8000000119
21484  -8.277  -56.335  5.700 0.8000000119
21476  -8.262  -55.692  5.923 0.8000000119
23164  -8.256  -54.329  6.685 0.6000000238
23177  -8.853  -53.382  6.920 0.5000000000
135026  -9.191  -52.490  6.597 0.4000000060
24103  -9.608  -51.773  5.525 0.4000000060
122046  -10.118  -59.376  6.533 0.6999999881
18833  -10.623  -58.416  6.464 0.8000000119
19757  -10.709  -57.364  6.726 0.6999999881
19763  -11.681  -57.246  6.795 0.5000000000
126604  -9.844  -53.450  6.698 0.5000000000
24086  -10.006  -52.632  6.063 0.4000000060
18835  -12.187  -57.939  6.350 0.6000000238
19769  -12.767  -57.471  5.955 0.5000000000
19765  -12.945  -56.888  6.088 0.5000000000
20622  -13.398  -56.416  5.959 0.6000000238
19776  -13.725  -57.123  4.831 0.6000000238
20626  -14.123  -56.491  5.276 0.6000000238
24053  -5.829  -52.754  9.291 0.6000000238
24052  -5.267  -52.175  9.623 0.5000000000
119660  -5.131  -51.969  8.614 0.5000000000
25999  -5.652  -50.522  8.424 0.4000000060
26012  -5.715  -50.860  7.463 0.5000000000
26028  -6.249  -50.981  7.026 0.5000000000
26029  -7.366  -50.820  7.337 0.5000000000
26968  -8.020  -50.366  7.471 0.5000000000
26969  -8.933  -50.252  6.394 0.5000000000
27914  -9.611  -49.336  5.272 0.5000000000
26047  -9.011  -50.542  5.250 0.5000000000
26985  -9.662  -49.487  4.311 0.5000000000
20611  -9.284  -55.915  6.751 0.6999999881
22297  -8.804  -55.029  6.923 0.6000000238
22298  -9.925  -55.009  7.281 0.5000000000
22312  -9.400  -54.241  7.048 0.5000000000
25079  -9.664  -50.741  4.045 0.5000000000
26995  -9.864  -49.936  3.349 0.5000000000
19762  -9.769  -57.637  6.272 0.8000000119
20612  -10.142  -56.592  6.841 0.6999999881
20613  -11.093  -56.548  7.073 0.6000000238
140471  -10.687  -54.172  6.805 0.5000000000
23178  -10.535  -53.261  6.302 0.4000000060
24104  -10.264  -52.029  5.024 0.5000000000
25065  -9.884  -51.258  4.426 0.4000000060
26061  -10.270  -50.508  3.121 0.5000000000
20620  -12.001  -56.474  6.937 0.5000000000
21486  -12.326  -55.682  6.795 0.5000000000
22313  -11.706  -54.893  6.880 0.6000000238
23179  -11.150  -53.411  6.097 0.5000000000
23192  -11.580  -53.011  5.544 0.5000000000
131094  -11.047  -52.264  4.956 0.5000000000
21487  -13.118  -55.733  6.331 0.5000000000
22314  -12.669  -54.910  6.437 0.5000000000
129221  -11.967  -53.939  6.223 0.5000000000
21491  -13.844  -55.767  5.823 0.6000000238
22324  -14.078  -54.961  5.723 0.6000000238
24031  -5.098  -52.143  10.498 0.5000000000
140822  -5.079  -50.997  9.814 0.5000000000
129652  -5.266  -51.116  8.966 0.5000000000
26000  -6.011  -50.137  7.800 0.4000000060
24971  -4.500  -51.158  11.254 0.5000000000
25012  -5.426  -50.508  9.654 0.4000000060
26948  -6.476  -49.992  7.756 0.5000000000
26014  -6.707  -50.369  7.494 0.6000000238
26950  -8.501  -49.993  7.349 0.5000000000
26970  -9.325  -49.706  6.316 0.5000000000
27896  -10.080  -49.036  6.026 0.4000000060
27897  -10.665  -48.443  5.987 0.4000000060
26897  -5.701  -49.963  10.241 0.4000000060
26904  -5.924  -50.072  9.249 0.4000000060
26905  -6.400  -49.787  8.960 0.4000000060
26929  -6.433  -49.824  8.213 0.5000000000
26930  -7.101  -49.633  8.193 0.5000000000
26931  -7.911  -49.418  8.234 0.5000000000
26906  -6.803  -49.601  8.679 0.4000000060
26907  -8.127  -49.281  9.050 0.4000000060
26932  -8.917  -49.522  8.078 0.5000000000
27855  -9.822  -49.411  7.118 0.4000000060
27871  -10.694  -48.801  6.687 0.4000000060
28834  -11.207  -47.892  6.451 0.4000000060
26881  -5.886  -49.443  11.057 0.4000000060
26898  -6.290  -49.721  10.094 0.4000000060
27834  -6.881  -49.548  9.573 0.4000000060
27818  -6.351  -48.944  11.793 0.4000000060
27819  -6.943  -49.035  11.408 0.4000000060
130039  -7.478  -49.393  9.658 0.4000000060
129501  -9.109  -49.416  8.821 0.5000000000
26933  -9.873  -49.424  8.201 0.5000000000
27856  -10.679  -49.088  7.610 0.4000000060
26908  -8.979  -49.435  9.846 0.4000000060
27837  -11.408  -48.925  9.225 0.4000000060
27857  -11.416  -48.733  8.149 0.4000000060
27872  -11.255  -48.372  7.181 0.4000000060
27798  -5.981  -48.592  12.374 0.4000000060
28788  -6.923  -48.508  12.157 0.3000000119
27820  -7.695  -48.816  11.417 0.3000000119
27828  -8.075  -49.219  10.459 0.4000000060
28769  -8.082  -47.493  12.754 0.4000000060
28789  -7.517  -48.326  12.142 0.3000000119
27821  -8.521  -48.543  11.499 0.3000000119
28797  -10.520  -47.560  10.887 0.5000000000
28803  -11.896  -48.166  9.823 0.4000000060
27838  -12.112  -48.270  8.821 0.4000000060
28821  -12.517  -47.433  8.520 0.4000000060
29762  -12.004  -45.866  7.290 0.3000000119
29719  -10.977  -46.652  10.808 0.5000000000
28799  -12.265  -47.390  10.156 0.4000000060
29727  -13.027  -46.815  9.446 0.4000000060
29744  -12.740  -46.512  8.254 0.3000000119
28768  -7.385  -47.801  12.871 0.4000000060
29689  -8.403  -46.348  13.171 0.4000000060
28770  -8.628  -47.165  12.579 0.4000000060
28791  -9.048  -47.505  12.042 0.5000000000
28792  -9.743  -47.478  11.465 0.5000000000
29699  -9.047  -46.347  12.538 0.4000000060
29715  -10.179  -46.501  11.364 0.5000000000
30674  -10.412  -45.677  11.152 0.5000000000
30679  -11.467  -45.890  10.736 0.4000000060
30680  -12.818  -45.913  10.429 0.4000000060
29728  -13.255  -45.975  9.199 0.3000000119
31694  -9.820  -44.597  11.372 0.3000000119
132864  -10.727  -45.099  10.956 0.3000000119
130720  -11.700  -45.016  10.679 0.3000000119
28754  -7.867  -46.938  13.335 0.4000000060
30658  -8.565  -45.310  12.803 0.3000000119
31693  -9.038  -44.446  11.832 0.4000000060
31702  -13.521  -45.212  10.118 0.3000000119
30650  -7.763  -45.141  13.449 0.3000000119
31678  -7.412  -43.802  12.764 0.3000000119
125267  -12.016  -66.402  -10.381 0.6000000238
11624  -11.244  -66.316  -9.852 0.5000000000
21529  -10.303  -55.103  0.899 0.6000000238
20676  -9.982  -55.832  1.167 0.6000000238
5133  -13.843  -75.710  -9.600 0.5000000000
5119  -14.416  -75.519  -7.209 0.6000000238
127610  -15.404  -72.749  -9.349 0.5000000000
5100  -12.745  -75.655  -5.616 0.6999999881
5089  -10.549  -75.406  -4.451 0.6999999881
5060  -10.652  -76.138  -2.717 0.6999999881
5092  -14.633  -75.318  -4.374 0.6999999881
5047  -11.050  -75.984  -2.048 0.6999999881
5048  -11.545  -75.343  -1.593 0.6999999881
9069  -16.481  -69.850  -8.825 0.5000000000
118036  -8.871  -79.461  -0.579 0.6999999881
5646  -15.324  -74.735  -3.572 0.6999999881
5637  -14.803  -75.045  -2.952 0.6999999881
118803  -10.743  -78.773  0.229 0.6999999881
119457  -12.831  -74.151  -0.699 0.6999999881
10759  -13.598  -66.785  -9.776 0.6000000238
3340  -12.872  -78.527  -0.115 0.6999999881
6164  -15.205  -73.876  -1.432 0.6000000238
6131  -13.745  -73.888  1.647 0.6000000238
4454  -13.477  -76.408  1.756 0.5000000000
13339  -9.242  -64.647  -11.558 0.6999999881
6150  -14.285  -73.671  -0.050 0.6000000238
3945  -16.008  -77.785  -3.245 0.6000000238
127445  -16.135  -77.685  -5.019 0.6000000238
6132  -14.398  -73.372  1.984 0.5000000000
5585  -17.294  -74.198  2.061 0.5000000000
3947  -17.348  -77.453  -3.300 0.5000000000
13334  -9.726  -64.213  -10.951 0.6000000238
14286  -7.716  -64.289  -11.168 0.6999999881
139841  -14.748  -67.350  -5.536 0.6000000238
6766  -16.366  -72.663  -1.478 0.5000000000
142290  -15.193  -72.956  0.732 0.5000000000
6726  -15.432  -72.761  2.495 0.6000000238
6737  -14.873  -72.955  2.079 0.5000000000
6120  -16.445  -73.264  2.923 0.5000000000
131895  -17.458  -77.379  -6.882 0.6000000238
3962  -17.928  -76.707  -5.013 0.6000000238
5094  -17.791  -75.009  -4.887 0.5000000000
16165  -9.463  -62.144  -7.183 0.6000000238
14177  -13.144  -63.974  -3.288 0.5000000000
16090  -7.535  -62.009  0.523 0.6000000238
17088  -5.471  -60.075  -2.711 0.6000000238
129047  -19.052  -70.273  -0.896 0.6000000238
17052  -7.852  -61.018  -0.012 0.6000000238
18001  -10.157  -59.117  -2.615 0.8000000119
17970  -7.499  -59.460  -0.863 0.6000000238
10625  -15.396  -67.434  -1.321 0.6000000238
140573  -7.591  -58.246  -2.029 0.6000000238
131344  -17.535  -67.808  -1.209 0.6000000238
19860  -9.578  -56.859  -2.182 0.8000000119
12330  -13.943  -65.202  -0.629 0.6000000238
19845  -8.411  -56.955  -1.756 0.6000000238
18939  -8.152  -57.672  -1.634 0.6999999881
124181  -8.908  -57.557  -0.235 0.6000000238
19808  -10.912  -57.919  2.314 0.6000000238
20675  -9.361  -55.759  0.700 0.6999999881
19820  -10.714  -56.830  1.721 0.6000000238
21531  -12.108  -55.034  1.327 0.5000000000
132749  -12.197  -58.674  6.022 0.5000000000
20663  -11.439  -56.545  2.045 0.6000000238
20666  -14.415  -56.135  2.689 0.5000000000
21459  -7.373  -55.649  9.471 0.6999999881
127923  -7.050  -56.342  8.378 0.6000000238
22296  -6.238  -54.617  6.555 0.6999999881
20617  -7.517  -56.525  5.532 0.8000000119
121169  -7.193  -55.194  5.354 0.6000000238
24084  -7.446  -52.108  6.947 0.5000000000
143577  -6.301  -53.086  6.187 0.5000000000
25066  -10.489  -51.485  4.293 0.5000000000
24994  -5.051  -51.581  9.629 0.5000000000
26984  -9.120  -49.851  5.113 0.5000000000
21477  -10.474  -55.815  7.229 0.6000000238
21485  -11.463  -55.736  7.149 0.6000000238
22323  -13.180  -54.209  5.868 0.5000000000
25978  -4.936  -50.687  10.456 0.5000000000
26951  -8.771  -49.741  7.495 0.5000000000
27817  -5.806  -49.089  11.831 0.4000000060
122782  -6.418  -49.353  11.006 0.4000000060
27826  -6.730  -49.457  10.536 0.4000000060
27827  -7.249  -49.334  10.531 0.4000000060
26909  -9.878  -49.431  9.220 0.5000000000
27836  -10.699  -49.260  8.645 0.4000000060
27829  -9.068  -49.014  10.822 0.4000000060
136982  -10.599  -49.257  9.547 0.4000000060
28820  -11.905  -47.965  7.748 0.4000000060
28836  -12.038  -46.943  7.377 0.4000000060
28790  -8.234  -48.018  12.129 0.3000000119
136530  -9.229  -48.232  11.397 0.5000000000
28796  -9.875  -48.423  10.843 0.4000000060
28798  -11.482  -47.576  10.450 0.5000000000
27830  -10.876  -48.646  10.228 0.4000000060
29720  -12.109  -46.771  10.470 0.4000000060
29721  -12.822  -46.785  10.131 0.4000000060
29714  -9.597  -46.406  11.968 0.5000000000
30659  -9.162  -45.304  12.200 0.5000000000
30673  -9.722  -45.405  11.672 0.4000000060
31701  -12.927  -44.724  10.484 0.4000000060
31679  -8.376  -44.465  12.351 0.3000000119
31692  -8.232  -43.702  12.126 0.3000000119
32715  -9.022  -43.707  11.633 0.3000000119
1558  -15.627  -82.802  -6.598 0.5000000000
1569  -16.408  -82.556  -7.296 0.5000000000
1200  -17.581  -84.001  -7.030 0.5000000000
1570  -17.891  -83.217  -7.616 0.5000000000
896  -18.627  -83.850  -7.065 0.5000000000
1571  -18.878  -83.096  -7.636 0.5000000000
1203  -19.948  -83.060  -6.926 0.6000000238
1568  -15.513  -81.884  -7.097 0.5000000000
1992  -16.272  -81.585  -7.753 0.5000000000
142345  -17.497  -81.782  -8.354 0.5000000000
2001  -18.151  -81.865  -8.583 0.5000000000
129136  -20.433  -82.140  -6.720 0.6000000238
1579  -19.074  -82.291  -8.276 0.6000000238
1572  -19.692  -82.804  -7.521 0.6000000238
1990  -14.592  -81.136  -7.081 0.4000000060
2869  -11.747  -79.470  -7.831 0.4000000060
2870  -12.526  -79.019  -8.067 0.4000000060
2427  -12.476  -80.074  -7.820 0.5000000000
140042  -13.195  -80.255  -7.540 0.5000000000
135266  -12.993  -81.087  -6.601 0.5000000000
2419  -14.033  -80.221  -7.632 0.5000000000
2876  -13.355  -79.179  -8.124 0.5000000000
1982  -13.793  -81.445  -6.380 0.5000000000
2420  -14.875  -80.424  -7.710 0.5000000000
1976  -20.241  -81.660  -6.170 0.6000000238
2405  -20.491  -80.753  -6.269 0.6000000238
2430  -15.455  -80.131  -8.205 0.5000000000
1998  -16.199  -80.725  -8.293 0.5000000000
2431  -16.170  -79.887  -8.735 0.5000000000
1993  -20.721  -81.643  -7.249 0.6000000238
2000  -17.540  -81.160  -8.773 0.5000000000
133684  -18.771  -81.415  -8.861 0.6000000238
2003  -20.430  -81.479  -8.279 0.6000000238
2411  -21.177  -80.582  -6.865 0.6000000238
2433  -20.850  -80.813  -8.543 0.6000000238
2421  -21.527  -80.418  -7.756 0.6000000238
2862  -21.961  -79.546  -7.263 0.6999999881
2880  -21.768  -79.969  -8.248 0.6000000238
2413  -22.047  -79.629  -7.725 0.6999999881
126492  -10.126  -78.829  -5.164 0.6000000238
120119  -11.021  -78.355  -5.118 0.6000000238
3373  -11.689  -77.966  -3.451 0.6000000238
3393  -11.518  -78.267  -6.136 0.5000000000
3401  -12.086  -78.313  -7.136 0.5000000000
3956  -12.747  -77.509  -4.677 0.6000000238
3411  -13.231  -78.762  -8.008 0.5000000000
126799  -13.125  -78.015  -7.057 0.5000000000
3402  -13.729  -78.319  -7.708 0.5000000000
2877  -14.340  -79.130  -8.232 0.5000000000
3992  -14.613  -77.942  -7.208 0.5000000000
2878  -15.343  -79.303  -8.478 0.5000000000
3394  -20.253  -78.789  -5.154 0.6999999881
2858  -20.848  -79.305  -6.060 0.6000000238
121089  -20.628  -78.043  -4.911 0.8000000119
2438  -16.903  -79.801  -9.194 0.5000000000
2439  -17.578  -80.410  -9.213 0.5000000000
134121  -18.277  -80.316  -9.479 0.6000000238
2861  -21.513  -79.752  -6.763 0.6999999881
3395  -21.229  -78.527  -5.828 0.6999999881
2008  -20.086  -80.974  -8.933 0.6000000238
3415  -22.683  -78.879  -7.865 0.6999999881
2442  -20.503  -80.292  -9.186 0.6000000238
2443  -21.246  -80.136  -8.775 0.6000000238
3435  -21.558  -78.630  -9.484 0.6999999881
3425  -22.706  -78.675  -8.445 0.6999999881
3416  -23.304  -78.285  -8.000 0.6000000238
3391  -9.950  -78.705  -5.558 0.5000000000
125764  -10.600  -78.808  -3.647 0.6000000238
3942  -12.785  -77.447  -3.846 0.6000000238
3981  -13.640  -77.602  -6.164 0.6000000238
3982  -14.561  -77.614  -6.261 0.6000000238
3421  -14.895  -78.858  -8.280 0.5000000000
3993  -15.434  -78.045  -7.522 0.6000000238
3386  -19.892  -78.235  -3.984 0.6999999881
3422  -15.750  -78.912  -8.622 0.5000000000
3994  -16.352  -78.047  -7.894 0.5000000000
3974  -21.541  -77.636  -5.114 0.5000000000
4516  -21.930  -76.602  -3.492 0.6000000238
3423  -16.500  -78.785  -8.993 0.6000000238
2887  -17.746  -79.587  -9.583 0.5000000000
3975  -22.660  -77.471  -5.657 0.6000000238
2888  -18.678  -79.609  -9.832 0.5000000000
3403  -21.939  -78.937  -6.734 0.6999999881
3986  -23.095  -77.959  -6.562 0.6000000238
2896  -19.493  -79.131  -10.012 0.5000000000
3405  -23.190  -78.315  -7.370 0.6000000238
3996  -23.881  -77.732  -7.573 0.6000000238
133815  -19.999  -78.454  -10.259 0.5000000000
3447  -21.043  -77.823  -10.169 0.6000000238
3437  -23.137  -78.017  -8.671 0.5000000000
4029  -22.272  -76.883  -10.033 0.5000000000
5136  -24.652  -76.081  -9.190 0.5000000000
3381  -9.360  -78.886  -4.128 0.6000000238
2853  -9.678  -79.321  -3.737 0.6000000238
3955  -9.604  -78.181  -4.837 0.4000000060
3984  -16.256  -77.821  -6.878 0.5000000000
3964  -22.259  -77.005  -4.657 0.6000000238
4004  -16.837  -78.183  -8.641 0.5000000000
3443  -18.118  -78.229  -9.992 0.5000000000
3976  -23.610  -77.322  -6.164 0.5000000000
4525  -24.074  -76.784  -5.857 0.5000000000
4524  -23.266  -76.778  -5.188 0.5000000000
4024  -18.379  -77.484  -10.082 0.5000000000
3987  -23.895  -77.687  -6.951 0.5000000000
3988  -24.541  -77.209  -7.212 0.5000000000
4025  -19.137  -77.368  -10.383 0.6000000238
4577  -19.632  -76.224  -10.640 0.6000000238
4007  -24.271  -77.026  -8.461 0.5000000000
4550  -24.903  -76.628  -8.174 0.6000000238
135814  -20.927  -75.988  -10.817 0.6000000238
4566  -21.809  -76.177  -10.673 0.5000000000
4512  -9.951  -76.507  -4.709 0.4000000060
4005  -17.423  -77.645  -8.929 0.5000000000
4519  -24.061  -76.222  -5.241 0.5000000000
4015  -17.818  -77.801  -9.667 0.5000000000
4557  -17.997  -76.131  -9.757 0.5000000000
4542  -25.622  -76.204  -7.289 0.5000000000
5106  -25.289  -75.554  -5.855 0.5000000000
6212  -25.586  -74.181  -6.373 0.5000000000
127846  -25.281  -73.004  -6.268 0.5000000000
7542  -26.034  -71.213  -6.957 0.5000000000
5135  -17.898  -75.215  -9.692 0.6000000238
5144  -19.026  -75.127  -10.364 0.6000000238
4551  -25.509  -76.184  -7.940 0.5000000000
5157  -20.295  -75.360  -11.111 0.6000000238
5684  -26.102  -74.826  -9.324 0.5000000000
5700  -20.328  -74.493  -11.275 0.5000000000
143388  -21.457  -74.213  -11.552 0.5000000000
133098  -18.005  -74.830  -6.245 0.5000000000
5121  -25.961  -75.642  -7.184 0.5000000000
5672  -26.023  -74.807  -7.149 0.5000000000
123673  -25.631  -73.462  -7.274 0.5000000000
6833  -25.361  -72.206  -6.985 0.5000000000
5127  -17.898  -75.272  -8.159 0.5000000000
5671  -18.160  -74.347  -7.877 0.6000000238
129858  -26.172  -75.198  -7.931 0.5000000000
142313  -26.146  -74.442  -7.846 0.5000000000
6847  -25.630  -72.456  -7.964 0.5000000000
7554  -25.755  -71.540  -7.658 0.5000000000
7556  -27.171  -70.818  -7.693 0.5000000000
5690  -19.059  -74.423  -10.357 0.5000000000
5128  -25.843  -75.524  -8.439 0.5000000000
5685  -26.420  -74.249  -9.358 0.5000000000
5661  -17.956  -74.466  -5.493 0.5000000000
6862  -26.302  -71.933  -9.553 0.5000000000
7570  -25.882  -71.895  -8.573 0.5000000000
7571  -26.322  -71.265  -8.689 0.5000000000
7594  -28.240  -70.650  -9.684 0.4000000060
7592  -26.790  -71.148  -10.033 0.4000000060
10790  -11.480  -67.509  -13.123 0.4000000060
15077  -8.670  -62.827  2.516 0.5000000000
16985  -8.749  -60.998  4.587 0.5000000000
16026  -9.264  -61.433  4.273 0.5000000000
16007  -6.648  -61.562  6.707 0.5000000000
16020  -7.314  -61.517  6.214 0.5000000000
15062  -9.231  -62.482  3.032 0.5000000000
22266  -7.366  -54.662  10.827 0.5000000000
24032  -5.889  -52.716  10.251 0.5000000000
4540  -17.921  -76.182  -7.821 0.5000000000
4539  -17.718  -76.942  -8.378 0.5000000000
1573  -20.294  -82.397  -7.206 0.6000000238
2006  -18.160  -80.966  -9.021 0.6000000238
2004  -21.017  -81.130  -7.819 0.6000000238
2441  -19.685  -80.391  -9.444 0.6000000238
2892  -22.173  -78.921  -8.835 0.6999999881
3967  -12.189  -77.818  -5.309 0.6000000238
2886  -17.022  -79.131  -9.335 0.5000000000
3434  -20.653  -78.555  -9.964 0.6000000238
3436  -22.427  -78.308  -9.119 0.6000000238
4016  -21.902  -77.699  -9.784 0.6000000238
3387  -20.678  -77.537  -4.098 0.6999999881
3432  -17.702  -78.719  -9.660 0.5000000000
3445  -19.387  -78.270  -10.260 0.5000000000
4027  -20.507  -77.062  -10.584 0.6000000238
4028  -21.390  -76.955  -10.432 0.6000000238
4017  -22.779  -77.549  -9.366 0.5000000000
4560  -25.241  -76.122  -8.606 0.5000000000
4532  -24.448  -77.089  -6.569 0.5000000000
4526  -24.822  -76.347  -6.067 0.5000000000
4564  -18.574  -76.529  -10.147 0.5000000000
5158  -21.028  -74.935  -11.320 0.5000000000
4549  -17.707  -75.885  -8.977 0.5000000000
119634  -18.028  -74.503  -9.620 0.5000000000
128474  -17.843  -74.788  -8.960 0.5000000000
6222  -26.083  -73.626  -8.262 0.5000000000
5673  -26.325  -74.527  -8.544 0.5000000000
144274  -26.464  -73.849  -8.970 0.5000000000
8284  -27.469  -70.694  -9.074 0.5000000000
6233  -26.520  -73.360  -9.618 0.4000000060
8295  -27.295  -70.736  -9.761 0.4000000060
5036  -23.353  -75.572  -0.784 0.5000000000
5066  -23.567  -74.785  -1.751 0.6000000238
5648  -23.869  -74.962  -2.844 0.6000000238
5065  -22.546  -75.969  -1.638 0.6000000238
3900  -22.003  -76.718  -1.000 0.4000000060
5649  -24.424  -74.333  -3.377 0.4000000060
138922  -24.618  -75.208  -4.635 0.4000000060
5083  -24.316  -75.108  -3.867 0.5000000000
5081  -23.106  -75.605  -2.362 0.6000000238
5082  -23.640  -75.612  -3.566 0.5000000000
5095  -24.131  -75.650  -4.513 0.4000000060
4491  -21.949  -76.457  -1.570 0.5000000000
4517  -22.745  -76.500  -4.259 0.5000000000
4503  -21.380  -76.699  -2.340 0.6000000238
3374  -19.625  -78.246  -2.978 0.6000000238
3385  -19.377  -78.753  -3.332 0.6000000238
2856  -19.312  -80.171  -4.698 0.6000000238
2857  -20.038  -79.836  -5.520 0.6000000238
2400  -18.942  -80.944  -4.478 0.6000000238
2404  -19.657  -80.845  -5.437 0.5000000000
1550  -20.033  -82.545  -6.033 0.5000000000
1202  -19.701  -83.499  -6.363 0.4000000060
1201  -19.182  -84.190  -6.270 0.5000000000
7573  -28.358  -70.848  -8.579 0.3000000119
1207  -16.966  -83.345  -7.252 0.4000000060
13195  -13.777  -64.415  -0.327 0.4000000060
13196  -14.112  -65.066  0.320 0.4000000060
12331  -14.320  -65.904  0.006 0.5000000000
21500  -15.482  -55.812  3.922 0.5000000000
21499  -14.825  -56.090  4.558 0.5000000000
141358  -15.888  -55.392  4.127 0.5000000000
21493  -15.415  -55.346  4.624 0.4000000060
23194  -14.092  -54.112  5.614 0.4000000060
23208  -16.999  -52.890  3.639 0.4000000060
23193  -12.453  -53.267  5.556 0.4000000060
125536  -13.315  -53.415  5.625 0.4000000060
24107  -14.134  -53.314  5.708 0.4000000060
24105  -11.932  -52.513  5.082 0.4000000060
24106  -12.760  -52.693  5.412 0.4000000060
24109  -15.829  -52.906  5.744 0.4000000060
132728  -12.302  -51.908  5.014 0.4000000060
126363  -13.207  -52.121  5.522 0.4000000060
24088  -15.234  -52.291  6.252 0.4000000060
25067  -11.388  -51.728  4.498 0.4000000060
127929  -11.837  -50.972  4.399 0.4000000060
25081  -10.777  -51.033  3.706 0.4000000060
27915  -10.359  -48.645  4.925 0.3000000119
120738  -10.487  -49.107  3.729 0.4000000060
28835  -11.523  -46.911  6.700 0.3000000119
28857  -11.274  -47.007  6.089 0.3000000119
135314  -11.027  -48.017  4.587 0.3000000119
28856  -10.937  -47.860  5.586 0.3000000119
23207  -16.935  -53.569  4.255 0.4000000060
23196  -15.832  -53.658  5.247 0.4000000060
22326  -15.659  -54.457  4.937 0.4000000060
22333  -16.204  -54.862  4.252 0.4000000060
141851  -15.386  -53.370  5.598 0.4000000060
24110  -16.681  -52.363  5.454 0.4000000060
24087  -14.176  -52.386  6.010 0.4000000060
142846  -13.503  -52.814  5.607 0.4000000060
8184  -29.202  -70.411  0.752 0.3000000119
8198  -29.487  -70.136  0.135 0.3000000119
6742  -28.426  -72.166  1.479 0.4000000060
7436  -28.295  -71.332  0.992 0.3000000119
8951  -28.692  -70.000  0.176 0.4000000060
6145  -28.145  -73.158  -0.101 0.3000000119
6751  -27.719  -71.599  0.272 0.3000000119
8182  -27.551  -70.470  -0.011 0.4000000060
5614  -29.185  -74.683  -0.536 0.3000000119
6763  -27.746  -72.430  -0.096 0.3000000119
6762  -27.268  -72.071  -0.449 0.3000000119
5613  -28.552  -73.960  -0.903 0.3000000119
6159  -27.849  -73.073  -0.901 0.3000000119
6158  -27.087  -72.726  -1.070 0.3000000119
6171  -28.134  -73.873  -1.410 0.3000000119
6170  -27.578  -73.589  -1.431 0.3000000119
6169  -26.782  -73.373  -1.371 0.3000000119
5628  -27.984  -74.318  -1.872 0.3000000119
5627  -27.218  -74.116  -1.758 0.3000000119
5612  -26.226  -74.071  -1.276 0.3000000119
4495  -29.354  -76.245  -2.460 0.3000000119
5054  -28.491  -75.098  -2.211 0.3000000119
134532  -27.564  -75.030  -2.160 0.3000000119
5053  -26.576  -74.859  -1.558 0.3000000119
5039  -25.643  -74.857  -0.811 0.3000000119
4493  -27.934  -76.169  -2.916 0.4000000060
8965  -28.712  -69.954  -0.831 0.3000000119
6125  -28.601  -73.468  1.738 0.4000000060
8196  -27.351  -70.166  -0.545 0.4000000060
5598  -28.675  -73.999  0.114 0.3000000119
7448  -26.480  -71.002  -0.854 0.4000000060
5630  -29.079  -74.646  -1.192 0.3000000119
6761  -26.512  -71.818  -0.959 0.4000000060
6157  -26.176  -72.740  -1.195 0.4000000060
5040  -29.699  -75.111  -1.052 0.3000000119
5611  -25.319  -74.073  -0.764 0.4000000060
136120  -29.865  -76.552  -2.006 0.3000000119
4483  -30.342  -75.823  -1.321 0.4000000060
132000  -24.741  -74.778  -0.513 0.4000000060
5038  -25.112  -75.606  -0.504 0.3000000119
3905  -30.860  -76.768  -0.988 0.3000000119
8213  -29.652  -70.214  -0.771 0.3000000119
127827  -29.197  -70.301  -1.511 0.3000000119
7466  -30.970  -71.336  -1.653 0.3000000119
8212  -28.269  -70.206  -1.671 0.3000000119
8223  -28.327  -70.810  -2.729 0.3000000119
5576  -29.491  -74.676  2.376 0.4000000060
8211  -27.276  -70.064  -1.257 0.3000000119
8222  -27.328  -70.443  -2.272 0.3000000119
5599  -29.293  -74.768  0.382 0.3000000119
5588  -29.385  -74.792  1.387 0.4000000060
7465  -25.951  -70.990  -1.324 0.4000000060
8210  -26.130  -70.646  -1.755 0.3000000119
7447  -25.876  -71.607  -1.283 0.4000000060
131891  -25.230  -71.535  -1.960 0.4000000060
5027  -30.015  -75.229  -0.304 0.3000000119
5018  -31.202  -75.666  0.817 0.3000000119
6759  -25.089  -72.836  -1.134 0.4000000060
7463  -25.023  -72.070  -1.669 0.4000000060
5041  -30.468  -75.608  -0.782 0.3000000119
5020  -33.096  -75.954  1.456 0.3000000119
6168  -24.469  -73.403  -1.320 0.4000000060
6178  -24.363  -73.383  -1.999 0.5000000000
5029  -31.890  -75.880  0.308 0.3000000119
6154  -24.154  -74.005  -0.861 0.4000000060
6177  -23.984  -74.030  -1.394 0.4000000060
5640  -24.086  -74.145  -2.330 0.5000000000
3343  -30.600  -77.707  -0.666 0.3000000119
8224  -29.191  -70.704  -2.319 0.3000000119
7482  -30.600  -71.658  -2.426 0.3000000119
5560  -30.345  -75.197  2.790 0.4000000060
8220  -25.852  -70.816  -2.512 0.4000000060
7493  -25.269  -71.642  -3.236 0.4000000060
5006  -31.297  -75.672  1.842 0.4000000060
7479  -24.980  -71.961  -2.371 0.4000000060
6801  -25.132  -72.020  -3.920 0.5000000000
134633  -25.093  -72.736  -4.399 0.4000000060
5007  -32.505  -75.786  2.137 0.3000000119
129965  -24.903  -72.788  -3.494 0.4000000060
5008  -33.425  -75.927  2.193 0.3000000119
5655  -24.833  -74.520  -4.386 0.4000000060
5662  -25.194  -74.397  -5.084 0.4000000060
4465  -32.110  -76.241  0.183 0.3000000119
3906  -31.470  -76.456  -0.422 0.3000000119
3336  -31.085  -78.105  0.298 0.3000000119
8235  -27.555  -70.978  -3.239 0.3000000119
7496  -26.794  -71.090  -3.919 0.3000000119
4989  -31.955  -75.588  3.307 0.4000000060
7512  -25.542  -71.510  -4.076 0.5000000000
6802  -25.317  -71.874  -4.951 0.4000000060
4990  -33.311  -75.719  3.013 0.4000000060
6817  -25.193  -72.791  -5.333 0.4000000060
3862  -34.350  -76.644  3.670 0.3000000119
5009  -33.953  -75.945  2.711 0.3000000119
3887  -33.476  -76.745  2.068 0.3000000119
3886  -33.122  -76.954  1.366 0.3000000119
3337  -31.766  -77.950  0.892 0.3000000119
7497  -27.841  -71.536  -4.094 0.3000000119
7514  -26.356  -71.183  -4.922 0.4000000060
7526  -25.574  -71.582  -5.730 0.4000000060
3861  -33.991  -77.430  3.770 0.3000000119
3850  -33.176  -78.117  4.520 0.3000000119
3874  -33.620  -77.391  2.807 0.3000000119
3860  -33.136  -78.084  3.587 0.3000000119
3318  -32.510  -78.152  2.454 0.3000000119
3839  -32.210  -78.052  5.358 0.3000000119
128015  -31.766  -78.393  4.630 0.3000000119
3300  -32.217  -78.476  4.168 0.3000000119
3309  -31.613  -78.733  3.618 0.3000000119
3310  -32.366  -78.443  3.313 0.3000000119
7544  -27.915  -71.495  -6.291 0.3000000119
7527  -26.019  -71.224  -5.975 0.4000000060
143877  -31.101  -78.491  4.333 0.3000000119
3858  -29.891  -78.319  3.699 0.3000000119
6819  -29.726  -72.852  -5.588 0.3000000119
127165  -29.021  -72.313  -6.077 0.3000000119
131613  -28.646  -71.738  -6.903 0.3000000119
6835  -29.880  -72.756  -6.310 0.3000000119
6834  -29.409  -72.282  -6.803 0.3000000119
7558  -29.210  -71.674  -7.710 0.3000000119
21492  -14.584  -55.622  5.261 0.5000000000
26996  -10.740  -49.750  3.199 0.5000000000
26062  -11.148  -50.285  3.511 0.4000000060
22325  -14.830  -54.752  5.288 0.4000000060
3931  -20.624  -77.298  -2.227 0.6000000238
4504  -22.277  -76.250  -2.437 0.5000000000
129602  -25.050  -75.037  -5.138 0.4000000060
6818  -25.276  -72.019  -6.006 0.4000000060
7541  -25.610  -71.549  -6.567 0.4000000060
7543  -26.770  -70.994  -6.780 0.4000000060
7557  -28.157  -71.097  -7.688 0.3000000119
21510  -16.163  -54.973  3.058 0.5000000000
22334  -16.526  -54.657  3.624 0.4000000060
23197  -16.550  -53.250  5.017 0.4000000060
6752  -28.027  -72.279  0.650 0.3000000119
119406  -29.222  -75.034  -1.682 0.3000000119
5068  -29.295  -75.552  -2.182 0.3000000119
5587  -28.873  -74.085  2.042 0.4000000060
6155  -24.699  -73.416  -0.987 0.4000000060
5005  -30.243  -75.330  1.661 0.4000000060
5028  -30.936  -75.632  -0.026 0.3000000119
7480  -25.402  -71.310  -2.528 0.4000000060
4462  -33.129  -76.349  1.364 0.3000000119
3894  -32.705  -76.592  0.746 0.3000000119
4439  -34.442  -76.320  4.240 0.3000000119
2812  -31.116  -78.769  1.471 0.3000000119
7529  -28.165  -71.847  -5.485 0.3000000119
131015  -30.622  -79.080  3.622 0.3000000119
1549  -19.385  -82.808  -5.162 0.5000000000
1543  -18.780  -82.941  -4.206 0.5000000000
128897  -18.710  -81.019  -3.519 0.5000000000
3360  -19.518  -78.839  -2.691 0.5000000000
3930  -20.819  -77.731  -1.623 0.4000000060
131285  -18.243  -74.351  -6.883 0.4000000060
4471  -23.525  -76.247  -0.540 0.3000000119
4473  -25.515  -76.459  -0.907 0.3000000119
5037  -24.140  -75.479  -0.461 0.4000000060
4481  -27.461  -75.945  -2.509 0.3000000119
5052  -26.061  -75.671  -1.110 0.3000000119
122143  -34.049  -75.804  3.315 0.3000000119
4977  -33.612  -75.619  4.017 0.3000000119
4976  -32.458  -75.487  4.093 0.3000000119
129198  -28.543  -72.792  1.857 0.3000000119
120833  -34.046  -75.576  4.960 0.3000000119
5552  -31.766  -74.908  4.832 0.3000000119
4988  -30.945  -75.245  3.545 0.3000000119
129099  -30.277  -74.703  3.642 0.3000000119
6126  -29.179  -73.304  3.291 0.3000000119
5550  -29.981  -74.033  4.100 0.3000000119
4965  -32.891  -75.316  5.046 0.3000000119
5551  -30.757  -74.629  4.416 0.3000000119
6097  -30.327  -73.631  4.931 0.3000000119
130302  -28.741  -73.147  2.526 0.3000000119
7422  -29.507  -71.515  2.109 0.3000000119
5540  -32.265  -74.503  5.745 0.3000000119
6732  -29.181  -72.422  3.116 0.3000000119
894  -17.197  -84.547  -6.414 0.3000000119
4490  -21.323  -77.039  -1.529 0.5000000000
3361  -20.040  -78.122  -2.253 0.4000000060
2392  -19.070  -80.338  -3.062 0.5000000000
4472  -24.523  -76.316  -0.494 0.3000000119
24090  -16.621  -51.723  6.027 0.3000000119
24089  -16.061  -52.094  6.198 0.3000000119
26049  -12.481  -50.490  5.003 0.3000000119
1190  -19.495  -84.026  -5.657 0.4000000060
1180  -18.664  -83.740  -3.788 0.4000000060
1166  -20.959  -83.649  -2.133 0.4000000060
1524  -19.957  -82.766  -2.161 0.4000000060
1939  -19.358  -81.784  -2.452 0.4000000060
2383  -20.022  -80.071  -2.239 0.4000000060
140637  -19.960  -79.034  -2.061 0.4000000060
1938  -18.762  -82.199  -2.752 0.4000000060
1954  -18.913  -81.258  -2.921 0.4000000060
2835  -19.459  -79.682  -2.639 0.4000000060
857  -22.449  -83.492  -1.847 0.3000000119
139297  -22.186  -83.001  -3.001 0.4000000060
1942  -21.847  -81.221  -3.068 0.4000000060
1953  -18.532  -82.568  -3.306 0.4000000060
1165  -19.621  -83.565  -1.741 0.4000000060
1523  -19.041  -82.845  -2.168 0.4000000060
1167  -22.074  -83.454  -2.357 0.3000000119
134821  -21.347  -82.832  -2.684 0.4000000060
142227  -20.311  -82.024  -2.416 0.4000000060
2384  -21.015  -80.506  -2.432 0.4000000060
131056  -20.609  -79.638  -2.032 0.4000000060
1168  -22.935  -83.219  -2.391 0.3000000119
1525  -22.702  -82.963  -3.014 0.3000000119
1537  -22.311  -82.212  -3.309 0.3000000119
1955  -23.272  -81.693  -3.551 0.3000000119
2837  -22.497  -79.690  -2.361 0.3000000119
2828  -22.443  -78.897  -1.543 0.3000000119
3351  -22.867  -78.346  -1.136 0.3000000119
3902  -22.955  -76.957  -0.590 0.3000000119
3916  -22.432  -77.579  -0.752 0.3000000119
2827  -21.634  -78.931  -1.553 0.3000000119
3349  -21.117  -78.232  -1.316 0.3000000119
3348  -20.490  -78.380  -1.766 0.3000000119
4998  -21.297  -75.429  2.745 0.3000000119
5572  -22.416  -74.393  2.804 0.3000000119
4412  -33.154  -77.119  6.977 0.3000000119
6107  -25.099  -73.038  3.632 0.3000000119
6108  -25.962  -73.299  3.777 0.3000000119
5536  -27.712  -74.051  5.193 0.3000000119
5537  -28.331  -74.528  5.548 0.3000000119
4948  -29.750  -75.374  6.446 0.3000000119
4949  -30.587  -75.825  6.834 0.3000000119
4950  -31.497  -76.251  7.263 0.3000000119
4398  -32.549  -76.539  7.619 0.3000000119
6706  -26.552  -72.925  5.397 0.3000000119
6083  -27.351  -73.428  5.802 0.3000000119
6084  -27.927  -74.032  5.878 0.3000000119
5520  -28.481  -74.316  6.336 0.3000000119
4934  -30.050  -75.330  7.411 0.3000000119
2385  -22.065  -80.442  -2.838 0.3000000119
5573  -23.358  -74.195  2.707 0.3000000119
141993  -27.083  -74.459  3.728 0.3000000119
124743  -24.779  -73.680  3.069 0.3000000119
5574  -23.976  -73.629  2.955 0.3000000119
5558  -26.348  -74.273  3.320 0.3000000119
5547  -26.738  -73.732  4.038 0.3000000119
6073  -27.255  -73.366  6.671 0.3000000119
872  -18.734  -84.786  -4.008 0.4000000060
895  -18.224  -84.514  -6.488 0.3000000119
1155  -21.484  -83.931  -1.815 0.3000000119
1199  -16.610  -83.953  -6.731 0.4000000060
1522  -18.585  -83.311  -2.559 0.4000000060
1526  -23.375  -82.771  -2.905 0.3000000119
1538  -23.094  -82.444  -3.396 0.3000000119
1560  -19.800  -83.339  -5.863 0.5000000000
1561  -20.067  -82.860  -6.554 0.6000000238
1577  -17.699  -82.425  -8.066 0.5000000000
1578  -18.333  -82.595  -8.066 0.5000000000
1580  -20.028  -82.159  -7.991 0.6000000238
1940  -20.150  -81.081  -2.408 0.4000000060
1941  -21.131  -81.659  -2.698 0.4000000060
1966  -18.692  -81.933  -4.103 0.5000000000
1975  -19.402  -81.802  -5.280 0.5000000000
1983  -20.796  -81.358  -6.829 0.6000000238
1984  -21.144  -80.890  -7.330 0.6000000238
1989  -13.569  -80.786  -7.046 0.5000000000
1991  -15.500  -80.964  -7.652 0.5000000000
1999  -16.912  -81.310  -8.345 0.5000000000
2002  -19.612  -81.586  -8.630 0.6000000238
2007  -19.252  -80.922  -9.147 0.6000000238
2382  -19.411  -80.651  -2.602 0.4000000060
2386  -22.904  -80.393  -3.196 0.3000000119
2393  -22.696  -81.147  -3.417 0.3000000119
2410  -11.893  -80.355  -7.447 0.5000000000
2412  -21.607  -80.175  -7.320 0.6000000238
2418  -12.695  -80.588  -7.202 0.5000000000
2428  -13.187  -79.766  -7.913 0.5000000000
2429  -14.664  -79.722  -8.086 0.5000000000
2432  -16.870  -80.547  -8.842 0.5000000000
2440  -18.935  -80.354  -9.573 0.6000000238
2815  -11.457  -78.787  0.340 0.6999999881
2826  -20.789  -78.963  -1.682 0.3000000119
2833  -9.237  -80.170  -2.287 0.6999999881
2834  -10.075  -79.659  -2.204 0.6999999881
2836  -21.419  -79.683  -2.096 0.3000000119
2843  -9.093  -79.936  -2.892 0.6999999881
2845  -19.168  -79.457  -3.192 0.5000000000
2852  -9.213  -79.350  -3.502 0.6000000238
2854  -19.412  -79.268  -4.231 0.6000000238
2860  -20.832  -80.056  -6.358 0.6000000238
2875  -12.490  -79.580  -8.056 0.5000000000
2879  -16.250  -79.281  -8.963 0.6000000238
2881  -22.257  -79.321  -8.312 0.6999999881
2889  -19.338  -79.871  -9.765 0.6000000238
2890  -20.033  -79.736  -9.696 0.6000000238
2891  -21.704  -79.458  -8.870 0.6999999881
2895  -18.907  -78.831  -10.053 0.5000000000
3308  -31.215  -78.776  3.978 0.3000000119
3317  -31.728  -78.745  2.896 0.3000000119
3322  -12.777  -78.045  0.943 0.6000000238
3329  -31.947  -78.332  1.817 0.3000000119
3330  -32.694  -77.632  1.721 0.3000000119
3333  -12.129  -78.735  0.303 0.6999999881
3334  -13.426  -78.087  0.706 0.6000000238
3339  -11.961  -79.002  -0.324 0.6999999881
3350  -21.925  -78.232  -1.014 0.3000000119
3371  -8.856  -79.248  -3.230 0.6999999881
3382  -9.690  -78.956  -4.506 0.5000000000
3383  -10.252  -78.841  -4.474 0.6000000238
3384  -11.924  -77.775  -4.411 0.6000000238
3396  -22.199  -78.170  -6.158 0.6000000238
3400  -10.953  -78.713  -6.941 0.5000000000
3404  -22.664  -78.531  -6.884 0.6999999881
3410  -11.783  -78.891  -7.689 0.4000000060
3412  -14.655  -78.418  -7.941 0.5000000000
3413  -15.495  -78.505  -8.202 0.5000000000
3414  -16.177  -78.538  -8.529 0.5000000000
3420  -14.014  -78.779  -8.096 0.5000000000
3424  -17.225  -78.424  -9.266 0.5000000000
3433  -18.281  -78.877  -9.897 0.5000000000
3444  -18.695  -78.169  -10.122 0.5000000000
3446  -20.387  -77.925  -10.355 0.5000000000
3848  -30.484  -77.991  4.222 0.3000000119
3849  -32.478  -78.259  4.893 0.3000000119
3859  -30.609  -78.751  3.894 0.3000000119
3873  -33.159  -77.440  2.165 0.3000000119
3879  -15.520  -77.068  1.289 0.4000000060
3885  -32.518  -77.395  1.001 0.3000000119
3889  -12.039  -77.602  0.768 0.6999999881
3890  -14.168  -77.739  1.133 0.5000000000
3893  -31.319  -77.186  -0.455 0.3000000119
3901  -22.269  -76.978  -0.740 0.3000000119
3904  -24.915  -77.071  -0.815 0.3000000119
3913  -16.494  -77.608  -1.135 0.5000000000
3915  -21.638  -77.450  -1.048 0.3000000119
3917  -23.401  -77.725  -0.805 0.3000000119
3919  -25.693  -77.347  -1.733 0.3000000119
3922  -30.392  -76.344  -1.486 0.3000000119
3925  -12.665  -77.607  -2.956 0.6999999881
3929  -17.384  -77.342  -2.584 0.4000000060
3941  -9.182  -78.575  -3.792 0.6999999881
3948  -20.128  -77.634  -3.069 0.6000000238
3949  -20.926  -77.060  -3.196 0.6000000238
3958  -14.441  -77.313  -4.180 0.6999999881
3961  -17.479  -77.324  -4.980 0.6000000238
3963  -21.426  -77.110  -4.131 0.6999999881
3968  -13.187  -77.483  -5.350 0.6000000238
3972  -17.026  -77.643  -6.286 0.6000000238
3973  -17.855  -77.005  -5.750 0.6000000238
3980  -12.632  -77.836  -6.208 0.5000000000
4006  -23.810  -77.646  -8.220 0.5000000000
4018  -23.563  -77.325  -8.890 0.5000000000
4026  -19.796  -76.860  -10.616 0.6000000238
4451  -34.015  -76.535  2.863 0.3000000119
4456  -15.169  -76.615  1.969 0.5000000000
4457  -16.336  -76.014  1.650 0.5000000000
4461  -32.642  -76.096  0.794 0.3000000119
4468  -16.632  -77.200  -0.416 0.4000000060
4470  -22.701  -76.409  -0.770 0.5000000000
4474  -30.849  -76.072  -0.886 0.4000000060
4480  -26.530  -76.452  -1.909 0.3000000119
4482  -29.905  -75.931  -1.870 0.3000000119
4494  -28.568  -75.947  -2.729 0.4000000060
4500  -9.277  -78.124  -3.222 0.6999999881
4505  -22.891  -76.149  -3.405 0.5000000000
4513  -10.272  -75.957  -4.165 0.6999999881
4514  -17.766  -76.981  -3.811 0.5000000000
4518  -23.446  -76.135  -4.392 0.4000000060
4523  -18.037  -76.256  -5.631 0.6000000238
4531  -18.030  -76.340  -6.881 0.5000000000
4533  -25.136  -76.672  -6.892 0.5000000000
4534  -25.592  -76.040  -6.619 0.5000000000
4541  -25.069  -76.674  -7.518 0.5000000000
4547  -13.281  -76.211  -8.467 0.5000000000
4548  -17.791  -76.939  -9.342 0.5000000000
4565  -19.256  -76.569  -10.466 0.5000000000
4576  -19.109  -75.901  -10.362 0.5000000000
4578  -20.182  -76.188  -10.806 0.6000000238
4579  -21.513  -75.484  -11.036 0.5000000000
4975  -31.494  -75.262  4.076 0.3000000119
4991  -34.278  -76.106  3.372 0.3000000119
4995  -14.315  -75.165  2.664 0.6000000238
5013  -13.391  -75.418  1.870 0.6000000238
5015  -16.329  -75.393  2.171 0.5000000000
5017  -30.204  -75.295  0.596 0.3000000119
5019  -32.303  -75.847  1.042 0.3000000119
5021  -33.481  -76.189  2.126 0.3000000119
5034  -12.317  -75.092  -0.043 0.6999999881
5050  -22.543  -76.097  -1.044 0.5000000000
5051  -23.088  -75.452  -1.308 0.6000000238
5055  -29.867  -75.480  -1.511 0.3000000119
5061  -11.245  -75.130  -2.669 0.6999999881
5062  -13.933  -75.082  -2.866 0.6999999881
5067  -28.031  -75.596  -2.661 0.3000000119
5074  -10.716  -75.412  -3.620 0.6999999881
5077  -13.836  -75.343  -3.794 0.6999999881
5078  -14.685  -75.209  -3.594 0.6999999881
5090  -12.873  -75.453  -4.897 0.6999999881
5097  -9.822  -76.127  -5.523 0.5000000000
5098  -10.622  -75.249  -5.040 0.6999999881
5099  -11.759  -75.477  -5.693 0.6999999881
5102  -14.697  -75.361  -5.183 0.6999999881
5103  -15.196  -75.084  -4.820 0.6999999881
5105  -24.670  -75.670  -5.260 0.4000000060
5111  -12.430  -75.845  -6.327 0.6000000238
5112  -13.607  -75.742  -6.312 0.6000000238
5120  -18.061  -75.302  -7.148 0.5000000000
5125  -13.925  -75.860  -8.818 0.5000000000
5126  -14.422  -75.365  -9.184 0.5000000000
5137  -25.422  -75.535  -9.195 0.5000000000
5143  -18.392  -75.554  -10.068 0.6000000238
5156  -19.653  -75.599  -10.778 0.6000000238
5521  -29.205  -74.722  7.062 0.3000000119
5538  -29.015  -74.915  5.999 0.3000000119
5548  -27.418  -74.243  4.385 0.3000000119
5556  -24.113  -72.970  3.558 0.3000000119
5557  -25.559  -73.742  3.264 0.3000000119
5559  -29.579  -74.264  3.319 0.3000000119
5567  -14.525  -74.417  2.692 0.5000000000
5568  -15.291  -74.239  2.882 0.5000000000
5570  -16.708  -73.886  2.743 0.5000000000
5571  -21.619  -74.579  3.016 0.3000000119
5584  -16.571  -74.640  2.434 0.5000000000
5595  -13.180  -74.138  0.760 0.6000000238
5609  -24.040  -74.703  -0.650 0.4000000060
5610  -24.611  -74.043  -0.729 0.4000000060
5621  -13.727  -74.280  -1.277 0.6999999881
5622  -14.614  -74.256  -1.594 0.6000000238
5623  -15.026  -74.324  -2.069 0.6000000238
5626  -23.638  -74.689  -0.960 0.5000000000
5629  -28.588  -74.474  -1.601 0.3000000119
5638  -15.145  -74.548  -2.709 0.6000000238
5644  -12.052  -74.776  -3.827 0.6999999881
5652  -11.536  -74.912  -4.259 0.6999999881
5654  -15.390  -74.589  -4.479 0.6999999881
5658  -11.367  -75.100  -4.968 0.6999999881
5660  -15.394  -74.666  -5.122 0.6999999881
5663  -25.437  -74.748  -5.696 0.5000000000
5666  -15.391  -74.835  -6.326 0.6999999881
5667  -25.804  -75.244  -6.431 0.5000000000
5678  -26.222  -74.909  -8.704 0.5000000000
5682  -14.597  -74.764  -9.524 0.5000000000
5689  -18.336  -74.762  -10.044 0.5000000000
5695  -26.465  -74.119  -9.981 0.5000000000
5699  -19.638  -74.822  -10.900 0.5000000000
6074  -27.893  -73.816  6.511 0.3000000119
6094  -26.285  -72.997  4.535 0.3000000119
6095  -27.061  -73.483  4.862 0.3000000119
6109  -29.571  -73.513  3.811 0.3000000119
6117  -14.278  -73.843  2.348 0.5000000000
6118  -14.868  -73.318  2.441 0.5000000000
6119  -15.576  -73.414  2.823 0.6000000238
6122  -17.826  -72.824  2.705 0.5000000000
6135  -28.330  -73.156  0.990 0.4000000060
6141  -13.896  -73.665  0.696 0.6000000238
6142  -14.730  -73.301  0.519 0.5000000000
6143  -15.508  -72.917  0.125 0.5000000000
6151  -15.005  -73.548  -0.441 0.6000000238
6156  -25.247  -73.276  -0.972 0.4000000060
6173  -15.419  -73.929  -2.324 0.6000000238
6184  -24.549  -73.492  -2.939 0.4000000060
6186  -15.254  -73.097  -5.000 0.6999999881
6191  -24.887  -73.622  -3.884 0.4000000060
6196  -15.248  -73.269  -5.704 0.6999999881
6201  -25.152  -73.667  -4.752 0.4000000060
6202  -25.313  -73.818  -5.561 0.4000000060
6207  -15.317  -73.899  -6.439 0.6999999881
6209  -18.632  -73.552  -7.118 0.4000000060
6218  -14.894  -73.324  -8.142 0.6999999881
6228  -14.644  -73.775  -8.901 0.6000000238
6232  -26.085  -72.774  -8.866 0.5000000000
6720  -24.618  -72.508  4.169 0.3000000119
6727  -16.208  -72.633  2.808 0.6000000238
6731  -28.779  -72.272  2.272 0.3000000119
6738  -15.382  -72.502  1.914 0.5000000000
6746  -14.961  -72.994  1.352 0.5000000000
6748  -16.063  -72.203  0.557 0.6000000238
6760  -25.299  -72.222  -1.393 0.4000000060
6769  -24.872  -72.780  -1.324 0.4000000060
6774  -15.771  -73.201  -2.739 0.6000000238
6778  -24.705  -72.687  -1.809 0.4000000060
6786  -16.118  -72.499  -3.285 0.6000000238
6796  -15.446  -72.741  -4.704 0.6999999881
6842  -15.505  -72.647  -7.118 0.6999999881
6859  -16.480  -72.253  -8.696 0.6999999881
6870  -15.471  -72.783  -10.356 0.5000000000
6871  -16.138  -72.341  -9.570 0.6000000238
6874  -26.650  -72.819  -10.225 0.4000000060
6878  -16.168  -72.215  -10.765 0.5000000000
6887  -15.563  -72.465  -12.148 0.5000000000
6900  -15.268  -72.232  -12.288 0.5000000000
7408  -29.165  -71.873  2.530 0.3000000119
7415  -15.932  -72.026  1.604 0.6000000238
7431  -16.530  -71.546  1.100 0.6000000238
7432  -17.101  -71.082  1.566 0.6000000238
7435  -27.763  -70.936  0.385 0.4000000060
7449  -27.170  -71.106  -0.249 0.3000000119
7464  -25.466  -71.550  -1.576 0.4000000060
7475  -17.765  -71.698  -2.370 0.5000000000
7488  -17.004  -71.970  -3.027 0.5000000000
7490  -18.587  -70.662  -3.329 0.6000000238
7494  -25.705  -71.141  -3.283 0.4000000060
7495  -26.223  -70.813  -3.225 0.4000000060
7508  -16.980  -71.685  -5.069 0.6000000238
7509  -17.644  -71.398  -4.504 0.5000000000
7513  -25.782  -71.410  -4.954 0.5000000000
7523  -16.330  -72.058  -5.686 0.6999999881
7528  -26.948  -71.235  -5.725 0.4000000060
7538  -15.716  -72.437  -6.291 0.6999999881
7552  -16.911  -72.016  -7.378 0.6999999881
7555  -26.419  -71.020  -7.727 0.5000000000
7572  -27.579  -70.742  -8.327 0.5000000000
7589  -16.653  -71.844  -10.017 0.6000000238
7624  -15.707  -71.716  -12.273 0.5000000000
7625  -16.234  -71.323  -11.854 0.5000000000
8163  -18.380  -70.371  2.109 0.5000000000
8178  -17.753  -70.664  1.902 0.5000000000
8183  -28.325  -70.470  0.558 0.3000000119
8195  -26.602  -70.447  -1.030 0.4000000060
8197  -27.987  -69.997  -0.070 0.3000000119
8206  -18.658  -70.963  -1.090 0.6000000238
8209  -25.592  -71.065  -1.886 0.4000000060
8218  -18.870  -70.360  -2.708 0.6000000238
8221  -26.484  -70.587  -2.408 0.3000000119
8225  -30.057  -70.768  -1.807 0.3000000119
8234  -26.848  -70.761  -3.003 0.3000000119
8245  -25.991  -71.128  -4.065 0.4000000060
8272  -26.899  -70.798  -8.496 0.5000000000
8280  -16.957  -70.918  -8.590 0.6999999881
8283  -26.823  -70.897  -9.277 0.5000000000
8308  -16.235  -70.597  -11.850 0.5000000000
8315  -15.073  -70.643  -12.244 0.5000000000
8317  -15.931  -71.033  -12.182 0.5000000000
8938  -19.890  -69.271  1.724 0.5000000000
8947  -19.303  -69.563  0.771 0.5000000000
8959  -27.924  -69.870  -0.696 0.3000000119
8960  -28.414  -69.868  -0.283 0.3000000119
8973  -18.894  -69.668  -2.342 0.6000000238
8982  -17.939  -69.083  -3.738 0.6000000238
8998  -17.828  -69.698  -4.518 0.6000000238
9012  -17.090  -69.842  -5.796 0.5000000000
9013  -17.697  -70.358  -5.187 0.5000000000
9030  -16.033  -69.180  -7.179 0.6000000238
9049  -16.030  -69.269  -7.972 0.6000000238
9050  -16.707  -70.250  -7.910 0.5000000000
9085  -16.375  -69.413  -10.064 0.6000000238
9098  -16.386  -69.518  -11.251 0.6000000238
9108  -16.166  -69.836  -11.853 0.6000000238
9770  -20.718  -67.709  1.459 0.5000000000
9788  -18.694  -68.841  -1.804 0.6000000238
9798  -17.583  -68.258  -2.495 0.6000000238
9844  -16.514  -68.819  -5.406 0.5000000000
9854  -15.853  -68.721  -6.606 0.5000000000
9881  -15.410  -68.484  -8.293 0.6000000238
9938  -15.328  -68.614  -12.109 0.5000000000
9950  -13.767  -68.123  -12.647 0.5000000000
10589  -21.029  -67.270  1.420 0.5000000000
10614  -14.977  -67.179  -0.767 0.6000000238
10615  -15.726  -67.486  -0.385 0.5000000000
10626  -16.327  -67.656  -1.317 0.6000000238
10627  -18.554  -68.168  -1.175 0.6000000238
10640  -14.768  -67.314  -2.592 0.6000000238
10641  -15.163  -67.464  -1.989 0.6000000238
10642  -16.316  -67.742  -2.326 0.6000000238
10663  -14.585  -67.234  -3.483 0.6000000238
10675  -14.435  -67.164  -4.275 0.6000000238
10676  -15.685  -67.692  -4.095 0.6000000238
10691  -15.321  -67.740  -5.614 0.5000000000
10722  -14.513  -67.496  -7.803 0.5000000000
10741  -13.763  -66.949  -8.836 0.6000000238
10781  -15.069  -67.481  -11.665 0.6000000238
10784  -13.561  -67.018  -12.422 0.5000000000
10786  -14.953  -67.779  -12.218 0.6000000238
10792  -13.325  -67.494  -12.680 0.5000000000
11491  -14.602  -66.688  -0.330 0.6000000238
11514  -13.807  -66.293  -2.822 0.6000000238
11515  -14.289  -66.853  -2.221 0.6000000238
11530  -12.975  -66.246  -4.172 0.6000000238
11568  -14.220  -67.079  -5.941 0.6000000238
11587  -12.486  -66.670  -6.580 0.6000000238
11588  -13.462  -66.855  -6.330 0.6000000238
11603  -10.699  -66.110  -8.492 0.6000000238
11604  -11.302  -66.396  -7.935 0.5000000000
11605  -12.193  -66.696  -7.496 0.6999999881
11613  -10.697  -66.080  -9.446 0.6000000238
11623  -10.799  -66.014  -10.245 0.5000000000
11630  -14.141  -66.831  -10.588 0.6000000238
11632  -11.818  -66.256  -12.097 0.6000000238
11634  -13.313  -66.313  -11.636 0.5000000000
11635  -13.983  -66.578  -11.952 0.5000000000
11638  -12.484  -66.594  -12.338 0.5000000000
11639  -13.336  -66.604  -12.208 0.5000000000
11640  -13.922  -66.899  -12.270 0.6000000238
11644  -10.013  -66.775  -13.142 0.5000000000
11645  -12.004  -66.985  -12.709 0.5000000000
12346  -14.176  -66.015  -0.976 0.6000000238
12382  -13.129  -65.819  -3.466 0.6000000238
12402  -12.446  -65.838  -4.487 0.6000000238
12420  -11.979  -65.823  -5.193 0.5000000000
12448  -10.654  -65.454  -8.135 0.6000000238
12449  -10.961  -65.525  -7.182 0.5000000000
12471  -10.285  -65.585  -11.841 0.6000000238
12476  -9.278  -65.632  -12.444 0.6000000238
13185  -14.001  -64.203  0.509 0.4000000060
13208  -13.519  -63.834  -1.543 0.5000000000
13221  -13.291  -64.425  -2.761 0.5000000000
13266  -12.217  -64.169  -5.573 0.5000000000
13283  -11.673  -64.614  -6.053 0.5000000000
13301  -10.773  -64.531  -8.817 0.6000000238
13327  -11.256  -63.350  -9.588 0.6000000238
13333  -8.809  -64.127  -11.095 0.6999999881
13335  -10.397  -64.620  -10.603 0.6000000238
13342  -7.958  -65.217  -12.300 0.6000000238
13343  -8.859  -65.089  -12.180 0.6000000238
14147  -13.721  -63.546  -0.230 0.4000000060
14178  -13.405  -63.685  -2.409 0.5000000000
14190  -13.337  -63.150  -3.920 0.5000000000
14201  -12.684  -63.818  -5.018 0.5000000000
14235  -12.948  -63.089  -7.843 0.6000000238
14281  -6.936  -63.939  -10.410 0.6999999881
14282  -8.293  -63.742  -10.517 0.6000000238
14284  -10.233  -63.807  -10.417 0.6000000238
15063  -9.993  -62.387  3.086 0.6000000238
15064  -11.048  -62.029  3.560 0.6999999881
15078  -9.512  -62.685  2.447 0.6000000238
15096  -9.031  -62.861  1.886 0.5000000000
15097  -9.865  -62.550  1.834 0.6000000238
15180  -13.613  -62.461  -4.348 0.5000000000
15206  -7.712  -62.012  -6.476 0.6000000238
15207  -13.524  -62.797  -6.129 0.5000000000
15221  -7.983  -62.564  -7.062 0.6000000238
15223  -13.856  -62.434  -7.143 0.5000000000
15233  -6.495  -61.699  -7.948 0.6999999881
15236  -13.125  -62.608  -8.179 0.6000000238
15244  -5.108  -62.055  -8.718 0.5000000000
15249  -12.517  -62.597  -8.567 0.6000000238
15250  -13.119  -62.303  -8.141 0.6000000238
15265  -8.518  -63.026  -9.552 0.6999999881
15267  -11.380  -62.614  -9.550 0.6000000238
15268  -11.936  -62.440  -9.045 0.6000000238
15999  -6.838  -61.454  7.106 0.6000000238
16008  -7.500  -61.608  6.790 0.6000000238
16021  -9.105  -61.624  5.431 0.6000000238
16028  -11.097  -62.055  4.499 0.6000000238
16029  -11.490  -61.565  4.823 0.6999999881
16041  -9.075  -61.613  3.569 0.5000000000
16056  -10.876  -61.908  2.614 0.6000000238
16074  -10.124  -61.663  1.248 0.6999999881
16075  -10.705  -61.479  1.858 0.6999999881
16106  -6.838  -61.406  -0.109 0.6000000238
16132  -10.260  -61.379  -4.115 0.6999999881
16139  -4.901  -60.438  -5.122 0.6000000238
16141  -9.455  -61.356  -4.227 0.6000000238
16142  -14.012  -61.747  -4.840 0.5000000000
16154  -14.215  -61.741  -5.946 0.5000000000
16163  -6.034  -60.278  -7.344 0.6000000238
16164  -6.804  -60.913  -6.968 0.6999999881
16168  -14.746  -60.978  -7.291 0.5000000000
16177  -5.718  -60.931  -7.853 0.5000000000
16179  -9.839  -61.715  -8.288 0.6000000238
16180  -10.635  -61.392  -8.311 0.6999999881
16182  -13.654  -61.843  -7.879 0.6000000238
16183  -14.189  -61.314  -7.592 0.6999999881
16198  -5.241  -61.449  -8.215 0.5000000000
16199  -11.810  -61.874  -8.848 0.6000000238
16216  -10.914  -62.019  -9.539 0.6000000238
16957  -7.023  -61.028  7.478 0.6000000238
16967  -10.313  -61.328  6.543 0.6999999881
16968  -11.157  -61.066  6.223 0.6999999881
16977  -8.161  -61.222  5.410 0.5000000000
16978  -11.502  -60.732  5.786 0.6999999881
16986  -11.651  -60.777  5.108 0.6999999881
17013  -11.384  -61.381  3.260 0.6999999881
17036  -9.729  -60.426  0.612 0.8000000119
17068  -7.010  -60.297  -0.569 0.6000000238
17069  -8.114  -60.045  -0.394 0.6000000238
17078  -5.716  -59.949  -1.854 0.6000000238
17097  -5.139  -59.936  -3.801 0.6000000238
17098  -8.675  -60.025  -3.741 0.6000000238
17100  -10.483  -60.638  -3.558 0.8000000119
17111  -4.965  -59.697  -4.790 0.6000000238
17129  -10.819  -61.235  -5.026 0.6999999881
17143  -5.608  -59.887  -6.859 0.6000000238
17145  -11.106  -60.708  -6.455 0.6999999881
17161  -5.207  -60.348  -7.323 0.5000000000
17163  -11.718  -60.818  -7.626 0.8000000119
17164  -12.564  -60.830  -7.660 0.8000000119
17183  -12.182  -61.461  -8.182 0.6000000238
17875  -8.116  -59.861  7.262 0.6999999881
17890  -11.661  -59.993  5.507 0.6000000238
17921  -11.016  -59.833  2.627 0.6000000238
17953  -8.919  -59.535  -0.018 0.6999999881
17986  -6.203  -59.256  -1.896 0.6000000238
18000  -9.175  -58.188  -2.794 0.8000000119
18003  -11.919  -59.343  -2.668 0.6000000238
18015  -5.986  -58.869  -3.310 0.6000000238
18016  -6.535  -58.945  -3.722 0.6000000238
18033  -5.318  -59.266  -4.381 0.5000000000
18034  -6.289  -58.976  -4.548 0.6000000238
18036  -7.667  -59.466  -3.983 0.6999999881
18038  -12.472  -59.306  -4.851 0.6999999881
18054  -12.515  -59.278  -5.781 0.8000000119
18068  -11.986  -59.918  -6.817 0.6999999881
18070  -13.550  -59.362  -6.856 0.6000000238
18071  -16.462  -59.897  -7.486 0.5000000000
18083  -15.729  -59.641  -7.483 0.5000000000
18834  -11.652  -58.653  6.336 0.6000000238
18840  -12.504  -58.125  5.802 0.5000000000
18858  -11.588  -58.216  3.639 0.6000000238
18875  -10.851  -58.968  2.496 0.6000000238
18876  -11.180  -58.502  3.064 0.6000000238
18922  -8.191  -58.225  -1.097 0.6999999881
18938  -6.948  -58.759  -2.003 0.6000000238
18953  -7.364  -58.545  -2.521 0.6000000238
18954  -9.974  -57.874  -2.470 0.6999999881
18955  -11.475  -58.993  -1.952 0.8000000119
18969  -6.668  -58.813  -3.086 0.6000000238
18987  -14.059  -57.808  -5.164 0.6000000238
18997  -13.603  -58.300  -5.691 0.6000000238
19007  -13.989  -58.622  -6.574 0.6000000238
19764  -12.419  -57.089  6.481 0.5000000000
19794  -12.541  -57.448  3.815 0.6000000238
19809  -11.409  -57.219  2.577 0.6000000238
19827  -8.698  -56.538  -0.317 0.6000000238
19828  -9.265  -57.161  0.368 0.6000000238
19844  -8.064  -57.787  -2.152 0.6000000238
19846  -10.407  -57.340  -1.988 0.8000000119
19858  -8.497  -57.274  -2.220 0.6000000238
19885  -15.243  -56.955  -4.922 0.5000000000
20608  -6.930  -56.972  7.416 0.6000000238
20618  -8.265  -56.852  5.764 0.8000000119
20621  -12.722  -56.389  6.466 0.5000000000
20635  -14.822  -56.327  3.891 0.6000000238
20649  -14.272  -56.691  3.430 0.5000000000
20684  -8.594  -55.892  -0.648 0.6000000238
20685  -8.941  -55.354  0.244 0.6999999881
20708  -8.747  -56.069  -1.432 0.8000000119
20710  -10.674  -55.580  -1.209 0.6999999881
20720  -8.607  -56.593  -1.759 0.6000000238
21474  -6.524  -55.350  6.943 0.6999999881
21475  -7.768  -55.169  5.798 0.8000000119
21481  -6.496  -55.375  5.975 0.6999999881
21501  -16.080  -55.282  3.728 0.5000000000
21509  -15.632  -55.545  3.233 0.5000000000
21518  -13.714  -55.662  2.135 0.5000000000
21519  -14.417  -55.464  2.284 0.5000000000
21528  -9.517  -55.126  0.566 0.6999999881
21532  -13.031  -54.929  1.450 0.5000000000
21540  -8.746  -55.297  -0.297 0.6999999881
21541  -9.166  -54.753  0.002 0.6999999881
21554  -8.690  -55.570  -0.845 0.8000000119
21555  -9.401  -54.872  -0.498 0.6000000238
21572  -8.975  -55.400  -1.020 0.6999999881
21573  -9.811  -55.434  -1.179 0.6000000238
22299  -10.880  -55.097  7.199 0.6000000238
22309  -6.489  -54.461  5.867 0.6999999881
22310  -6.916  -54.806  5.526 0.6000000238
22311  -7.268  -54.622  5.724 0.6000000238
22315  -13.445  -55.126  6.111 0.6000000238
22355  -11.590  -54.494  0.712 0.5000000000
22366  -9.967  -54.462  -0.087 0.6999999881
22367  -10.700  -54.254  0.052 0.6000000238
22370  -12.857  -53.467  0.173 0.5000000000
22386  -11.411  -54.089  -0.251 0.5000000000
23137  -7.284  -54.139  9.835 0.6999999881
23152  -6.873  -54.222  8.801 0.6999999881
23174  -6.221  -53.417  6.187 0.5000000000
23191  -10.781  -52.761  5.611 0.5000000000
23195  -14.972  -53.838  5.457 0.4000000060
23206  -16.370  -54.033  4.605 0.4000000060
23252  -11.996  -53.737  -0.158 0.5000000000
24083  -6.339  -52.346  6.444 0.5000000000
24108  -14.952  -53.052  5.887 0.4000000060
24117  -17.065  -52.676  4.502 0.4000000060
24993  -4.858  -51.379  10.456 0.5000000000
25023  -5.331  -51.359  7.902 0.6000000238
25047  -5.686  -51.897  6.612 0.6000000238
25048  -5.992  -51.701  6.507 0.4000000060
25080  -10.022  -50.971  3.576 0.4000000060
25979  -5.266  -50.212  10.493 0.4000000060
26013  -6.098  -50.535  7.318 0.5000000000
26048  -9.411  -50.277  4.129 0.5000000000
26060  -9.795  -50.541  3.462 0.5000000000
26899  -9.894  -49.267  10.201 0.4000000060
26928  -6.051  -49.976  8.440 0.4000000060
26949  -7.345  -49.924  7.781 0.6000000238
27835  -7.349  -49.380  8.818 0.4000000060
28753  -7.304  -47.010  13.657 0.4000000060
28804  -12.524  -47.524  9.572 0.4000000060
118035  -9.611  -79.003  -0.017 0.6999999881
118037  -9.749  -79.616  -0.310 0.6999999881
118040  -12.496  -75.905  0.589 0.6999999881
118743  -9.291  -78.230  -1.114 0.6999999881
118884  -8.720  -80.113  -0.938 0.6999999881
118953  -12.004  -76.332  -0.081 0.6999999881
119039  -8.605  -80.264  -1.939 0.6999999881
119046  -8.436  -79.642  -2.315 0.6999999881
119075  -11.424  -57.936  6.592 0.6000000238
119198  -22.449  -78.977  -7.401 0.6999999881
119384  -13.919  -62.069  -7.743 0.5000000000
119502  -15.728  -72.572  -4.064 0.6000000238
119870  -7.869  -49.641  7.884 0.5000000000
120008  -8.232  -61.631  6.292 0.5000000000
120346  -13.377  -63.279  -3.156 0.5000000000
120464  -16.961  -77.729  -7.146 0.5000000000
120470  -19.885  -77.681  -10.493 0.5000000000
120596  -27.759  -71.183  -7.037 0.3000000119
120736  -12.722  -78.539  -7.789 0.5000000000
120771  -12.580  -65.288  -3.984 0.6000000238
120848  -7.161  -58.191  7.324 0.6000000238
120909  -17.013  -70.558  -7.140 0.6000000238
121395  -12.912  -66.710  -9.078 0.5000000000
121853  -9.907  -62.015  5.762 0.6000000238
122135  -29.850  -71.290  -2.607 0.3000000119
122779  -15.303  -70.114  -12.178 0.5000000000
122879  -10.421  -61.919  6.067 0.6999999881
123028  -14.803  -67.490  -6.224 0.6000000238
123051  -11.335  -64.600  -6.871 0.5000000000
123185  -10.500  -62.239  3.972 0.6000000238
123325  -15.277  -77.499  -3.752 0.6999999881
123422  -7.537  -54.914  9.996 0.5000000000
124064  -7.382  -58.960  -3.568 0.6000000238
124081  -8.485  -57.437  -0.860 0.6999999881
124089  -15.100  -73.363  -7.296 0.6999999881
124226  -16.810  -71.100  -10.324 0.6000000238
124279  -9.953  -59.950  -3.072 0.8000000119
124300  -17.200  -82.785  -7.686 0.5000000000
124449  -7.408  -62.466  -7.743 0.6000000238
124477  -17.996  -75.926  -4.960 0.6000000238
124569  -12.438  -67.499  -12.903 0.4000000060
124791  -16.918  -71.480  -9.313 0.6000000238
125085  -31.346  -75.573  2.765 0.4000000060
125213  -17.041  -82.067  -7.877 0.5000000000
125308  -15.088  -67.445  -4.800 0.6000000238
125567  -15.247  -77.526  -3.010 0.6999999881
125763  -8.589  -62.586  -7.189 0.6000000238
125868  -17.640  -68.555  -3.061 0.6000000238
125918  -9.660  -62.187  -5.946 0.6000000238
126121  -17.629  -71.678  2.884 0.5000000000
126324  -11.108  -78.291  -4.228 0.6000000238
126335  -26.717  -71.954  -10.420 0.5000000000
126426  -15.370  -68.292  -9.096 0.6000000238
126613  -13.887  -77.241  1.636 0.6000000238
127751  -25.659  -72.397  -1.246 0.4000000060
127782  -20.879  -79.454  -9.468 0.6000000238
127808  -5.373  -49.806  10.901 0.4000000060
127983  -20.977  -74.026  -11.566 0.5000000000
128940  -11.108  -61.661  -8.987 0.6999999881
129248  -12.337  -59.451  -3.725 0.6999999881
129445  -5.685  -62.392  -8.934 0.6000000238
129453  -6.931  -52.999  6.442 0.5000000000
129730  -32.018  -77.077  0.148 0.3000000119
129877  -25.870  -75.776  -7.713 0.5000000000
130320  -14.787  -67.348  -10.665 0.6000000238
130337  -15.688  -67.589  -1.886 0.6000000238
130363  -17.879  -75.569  -4.268 0.5000000000
130653  -9.491  -62.647  -9.596 0.6000000238
130758  -5.447  -60.811  -3.107 0.6000000238
131182  -10.762  -58.807  -2.207 0.8000000119
131424  -9.013  -56.113  0.370 0.6000000238
131430  -18.980  -80.159  -3.806 0.6000000238
131534  -13.924  -66.522  -11.345 0.6000000238
131552  -19.480  -83.486  -6.975 0.6000000238
131566  -17.697  -70.674  0.991 0.5000000000
131690  -9.093  -60.747  -3.917 0.6000000238
131750  -18.021  -76.509  -6.209 0.6000000238
131808  -25.887  -73.450  -1.135 0.4000000060
131978  -11.093  -54.533  -0.528 0.6000000238
132392  -12.636  -78.339  0.634 0.6000000238
132651  -15.370  -68.046  -6.351 0.5000000000
132709  -12.643  -59.477  -6.543 0.8000000119
132892  -16.390  -77.752  -1.818 0.4000000060
133281  -27.019  -70.589  -0.502 0.4000000060
133421  -11.601  -60.074  -6.613 0.6999999881
133486  -12.926  -63.819  -4.142 0.5000000000
133967  -24.455  -77.191  -7.828 0.6000000238
134435  -11.332  -66.110  -10.879 0.6000000238
134462  -13.444  -64.949  -2.441 0.5000000000
134840  -21.368  -80.540  -8.197 0.6000000238
134923  -24.661  -76.521  -8.692 0.5000000000
135195  -10.383  -65.335  -11.184 0.6000000238
136553  -10.897  -60.930  -4.143 0.8000000119
136725  -14.991  -69.141  -12.261 0.5000000000
136758  -28.725  -74.137  1.131 0.3000000119
136827  -10.704  -66.484  -12.726 0.6000000238
136961  -28.754  -76.631  -2.779 0.3000000119
137516  -18.181  -71.064  -3.961 0.5000000000
137625  -28.968  -69.897  -0.264 0.3000000119
138254  -26.718  -70.370  -1.700 0.3000000119
138470  -12.789  -66.583  -10.011 0.6000000238
138794  -26.855  -75.583  -1.876 0.3000000119
138988  -13.919  -79.535  -8.018 0.5000000000
139238  -24.728  -72.732  -2.604 0.5000000000
139252  -21.394  -79.110  -6.387 0.6999999881
139495  -13.681  -64.513  -1.172 0.6000000238
139529  -20.529  -81.775  -7.663 0.6000000238
139941  -11.723  -63.187  -9.090 0.6000000238
140105  -17.557  -77.302  -6.215 0.6000000238
140408  -9.514  -52.977  6.621 0.5000000000
140499  -32.995  -77.939  2.872 0.3000000119
140746  -6.723  -56.129  6.802 0.6999999881
140856  -5.653  -58.972  -4.757 0.5000000000
140945  -12.358  -58.588  5.680 0.5000000000
140967  -18.585  -81.733  -3.223 0.4000000060
141007  -9.968  -57.162  6.353 0.6999999881
141009  -11.534  -47.581  6.996 0.4000000060
141172  -29.047  -73.925  2.777 0.3000000119
141352  -9.351  -50.605  4.463 0.5000000000
141594  -12.809  -66.328  -10.844 0.6000000238
141695  -18.091  -76.953  -9.902 0.5000000000
141861  -24.993  -72.205  -3.137 0.5000000000
142000  -13.091  -64.489  -3.241 0.5000000000
142094  -15.185  -75.142  -6.913 0.6999999881
142223  -10.236  -62.111  -9.464 0.5000000000
142260  -26.532  -71.242  -9.397 0.4000000060
142318  -16.493  -70.178  -11.455 0.6000000238
142415  -17.766  -77.050  -4.444 0.6000000238
142591  -11.186  -63.713  -9.263 0.6000000238
142639  -18.124  -68.999  -3.183 0.6000000238
142680  -14.656  -67.533  -9.115 0.6000000238
142689  -13.946  -77.845  -6.887 0.5000000000
142793  -11.086  -60.723  -7.069 0.6999999881
142837  -14.627  -73.178  1.733 0.5000000000
142975  -20.217  -79.083  -9.927 0.5000000000
143007  -10.783  -48.512  4.220 0.3000000119
143220  -11.606  -66.092  -11.593 0.6000000238
143316  -13.595  -63.919  -0.858 0.5000000000
143440  -21.891  -83.888  -1.773 0.3000000119
143668  -15.340  -72.756  -5.953 0.6999999881
143705  -18.638  -80.770  -9.237 0.6000000238
143981  -9.343  -59.051  -2.946 0.8000000119
144000  -16.690  -54.266  4.088 0.4000000060
