#Insight Transform File V1.0
#Transform 0
Transform: AffineTransform_float_3_3
Parameters: 0.999999 0.000478869 -0.000634012 -0.000478802 0.999999 0.000856812 0.000633838 -0.000857123 1 -0.0180679 -0.00846966 0.00427941
FixedParameters: 0 0 0

#Transform 1
Transform: AffineTransform_float_3_3
Parameters: 0.999999 0.000428363 -0.000628622 -0.000428047 1 0.000955317 0.000628499 -0.000954701 1 -0.0203175 -0.0043637 0.0113838
FixedParameters: 0 0 0

#Transform 2
Transform: AffineTransform_float_3_3
Parameters: 0.999999 0.000386662 -0.000618835 -0.000386143 1 0.00113497 0.00061877 -0.00113442 0.999999 -0.0184459 0.00670405 0.00794439
FixedParameters: 0 0 0

#Transform 3
Transform: AffineTransform_float_3_3
Parameters: 1 9.46568e-05 -0.000515487 -9.46885e-05 0.999999 0.000933066 0.00051572 -0.000932942 1 -0.0134059 -0.00237737 -0.00820302
FixedParameters: 0 0 0

#Transform 4
Transform: AffineTransform_float_3_3
Parameters: 1 0.000112513 -0.000294143 -0.000111839 1 0.00100771 0.000294368 -0.00100864 1 -0.0119748 -0.0011298 0.00140525
FixedParameters: 0 0 0

#Transform 5
Transform: AffineTransform_float_3_3
Parameters: 1 0.000193207 -0.000345818 -0.000192631 0.999999 0.000831355 0.000345142 -0.000831168 0.999999 -0.0127984 -0.00362421 -0.00160982
FixedParameters: 0 0 0

#Transform 6
Transform: AffineTransform_float_3_3
Parameters: 1 0.000102091 -0.000503198 -0.000101053 0.999999 0.00103075 0.000503461 -0.00103065 1 -0.00438241 0.0243969 0.0237564
FixedParameters: 0 0 0

#Transform 7
Transform: AffineTransform_float_3_3
Parameters: 0.999999 0.00018429 -0.000668519 -0.000183933 0.999999 0.00102995 0.000668901 -0.00103068 0.999999 -0.00444492 0.00292558 0.00154665
FixedParameters: 0 0 0

#Transform 8
Transform: AffineTransform_float_3_3
Parameters: 0.999999 0.000128391 -0.000681169 -0.000128301 0.999999 0.000795686 0.000681429 -0.000795484 1 0.000305071 0.0015333 -0.00863645
FixedParameters: 0 0 0

#Transform 9
Transform: AffineTransform_float_3_3
Parameters: 1 0.00013588 -0.000287169 -0.000135833 1 8.22852e-05 0.000287191 -8.22071e-05 1 -0.000776823 0.0196524 -0.0250488
FixedParameters: 0 0 0

#Transform 10
Transform: AffineTransform_float_3_3
Parameters: 0.999999 -0.000168586 -0.000718568 0.000168726 1 9.73064e-05 0.000718535 -9.75488e-05 0.999999 0.00603302 0.0121088 -0.00790258
FixedParameters: 0 0 0

#Transform 11
Transform: AffineTransform_float_3_3
Parameters: 1 0.000100758 -0.000439005 -0.000100079 0.999999 0.000773787 0.000439161 -0.000773699 0.999999 -0.00126739 -0.0153822 -0.00575582
FixedParameters: 0 0 0

#Transform 12
Transform: AffineTransform_float_3_3
Parameters: 1 2.25677e-05 -0.000238021 -2.23614e-05 1 0.000433219 0.000238041 -0.000433209 1 0.00427511 0.00534076 0.0221385
FixedParameters: 0 0 0

#Transform 13
Transform: AffineTransform_float_3_3
Parameters: 1 -4.63123e-05 -0.000270978 4.66874e-05 1 0.000693612 0.000271911 -0.000693691 0.999999 0.00574184 0.0135861 0.0178179
FixedParameters: 0 0 0

#Transform 14
Transform: AffineTransform_float_3_3
Parameters: 1 1.23887e-05 -0.000244482 -1.30933e-05 1 0.000591607 0.0002445 -0.000591574 1 0.000289566 -0.0118171 0.014717
FixedParameters: 0 0 0

#Transform 15
Transform: AffineTransform_float_3_3
Parameters: 1 0.000349566 -0.000113638 -0.000349389 0.999999 0.000774881 0.00011418 -0.000774801 0.999999 0.000856667 -0.00222051 0.0336787
FixedParameters: 0 0 0

#Transform 16
Transform: AffineTransform_float_3_3
Parameters: 1 -4.44656e-05 -0.00045639 4.34405e-05 0.999999 -0.00124083 0.000456553 0.00124078 0.999999 0.00463926 -0.00181425 -0.0455287
FixedParameters: 0 0 0

#Transform 17
Transform: AffineTransform_float_3_3
Parameters: 1 0.000352387 -0.000211415 -0.000352103 0.999999 0.000671071 0.000211888 -0.000670922 1 -2.94506e-05 -0.0322031 0.0145049
FixedParameters: 0 0 0

#Transform 18
Transform: AffineTransform_float_3_3
Parameters: 1 0.000368779 -7.38759e-05 -0.000368771 1 5.09152e-05 7.39135e-05 -5.08607e-05 1 -0.000869301 -0.0161021 0.039785
FixedParameters: 0 0 0

#Transform 19
Transform: AffineTransform_float_3_3
Parameters: 1 0.00021439 -0.000227801 -0.000214223 1 0.0003667 0.000227958 -0.000366602 1 0.00172242 -0.0231594 0.0322228
FixedParameters: 0 0 0

#Transform 20
Transform: AffineTransform_float_3_3
Parameters: 1 0.000215662 -0.000178366 -0.000215548 1 0.00031797 0.000178503 -0.000317893 1 0.00160267 -0.0116146 0.031127
FixedParameters: 0 0 0

#Transform 21
Transform: AffineTransform_float_3_3
Parameters: 1 -4.26178e-05 -4.75173e-05 4.26592e-05 1 0.000436213 4.74801e-05 -0.000436217 1 0.00208119 -0.0105243 0.056016
FixedParameters: 0 0 0

#Transform 22
Transform: AffineTransform_float_3_3
Parameters: 1 6.44996e-05 -0.000562238 -6.49683e-05 0.999999 -0.00139647 0.000562107 0.00139652 0.999999 0.00476256 -0.0289179 -0.0105386
FixedParameters: 0 0 0

#Transform 23
Transform: AffineTransform_float_3_3
Parameters: 1 -3.14595e-05 0.000116248 3.23539e-05 1 0.000427647 -0.000116278 -0.000427666 1 0.00794159 -0.0265726 0.0248824
FixedParameters: 0 0 0

#Transform 24
Transform: AffineTransform_float_3_3
Parameters: 1 2.60975e-05 -4.20562e-05 -2.70663e-05 1 0.000297528 4.20749e-05 -0.000297499 1 4.32572e-05 -0.0245375 0.0253107
FixedParameters: 0 0 0

#Transform 25
Transform: AffineTransform_float_3_3
Parameters: 1 -5.49654e-05 0.000142285 5.48491e-05 1 0.000408614 -0.000142329 -0.000408598 1 0.00532709 -0.0162143 0.033294
FixedParameters: 0 0 0

#Transform 26
Transform: AffineTransform_float_3_3
Parameters: 1 -1.76396e-05 0.0003599 1.70552e-05 1 -0.000568874 -0.000359878 0.000568913 1 -0.00648707 -0.0226728 -0.000441423
FixedParameters: 0 0 0

#Transform 27
Transform: AffineTransform_float_3_3
Parameters: 1 4.42156e-05 0.000303985 -4.43239e-05 1 0.000178098 -0.00030397 -0.000178125 1 -0.00448349 -0.0176559 0.0318131
FixedParameters: 0 0 0

#Transform 28
Transform: AffineTransform_float_3_3
Parameters: 1 5.98173e-05 -7.55703e-06 -5.98144e-05 1 0.000195353 7.5804e-06 -0.000195352 1 0.000815754 -0.00947018 0.053125
FixedParameters: 0 0 0

#Transform 29
Transform: AffineTransform_float_3_3
Parameters: 1 0.000488405 0.000353144 -0.000487902 0.999999 -0.00067446 -0.000353749 0.000675113 0.999999 -0.0107987 -0.0482572 0.000960007
FixedParameters: 0 0 0

#Transform 30
Transform: AffineTransform_float_3_3
Parameters: 1 0.000465124 -0.000180578 -0.000465056 1 0.000190543 0.000180755 -0.000190375 1 0.0110278 -0.0162907 0.0386299
FixedParameters: 0 0 0

#Transform 31
Transform: AffineTransform_float_3_3
Parameters: 0.999999 0.00080766 -0.000179794 -0.000807584 0.999999 0.000212721 0.000180137 -0.00021243 1 0.00644382 0.012442 0.0405238
FixedParameters: 0 0 0

#Transform 32
Transform: AffineTransform_float_3_3
Parameters: 0.999999 0.000722743 2.55735e-05 -0.000722765 0.999999 0.000431631 -2.49495e-05 -0.000431667 1 0.0048947 -0.0256606 0.0371388
FixedParameters: 0 0 0

#Transform 33
Transform: AffineTransform_float_3_3
Parameters: 1 0.000560518 -0.000195865 -0.000560553 1 -8.75776e-05 0.000195767 8.77971e-05 1 0.0118868 -0.011783 0.0433239
FixedParameters: 0 0 0

#Transform 34
Transform: AffineTransform_float_3_3
Parameters: 1 0.000562162 -0.000189001 -0.000562174 1 3.83242e-05 0.000188991 -3.91099e-05 1 0.0149446 0.00258593 0.0450677
FixedParameters: 0 0 0

#Transform 35
Transform: AffineTransform_float_3_3
Parameters: 0.999999 0.000952104 -0.000143385 -0.000951743 0.999999 0.000878828 0.000145058 -0.000878556 0.999999 -0.00195603 -0.190388 0.049677
FixedParameters: 0 0 0

#Transform 36
Transform: AffineTransform_float_3_3
Parameters: 0.999997 0.00218826 0.00105423 -0.0021879 0.999997 -0.000200308 -0.0010551 0.000197692 1 -0.0350591 -0.143501 -0.0562933
FixedParameters: 0 0 0

#Transform 37
Transform: AffineTransform_float_3_3
Parameters: 0.999998 0.00157282 0.000539111 -0.00157264 0.999999 -0.000963881 -0.000541088 0.00096315 1 0.00134341 0.0196022 0.0111011
FixedParameters: 0 0 0

#Transform 38
Transform: AffineTransform_float_3_3
Parameters: 0.999999 0.00174993 0.000369275 -0.00174891 0.999997 -0.00134357 -0.00037198 0.00134316 0.999999 0.00453658 0.0414141 0.0406326
FixedParameters: 0 0 0

#Transform 39
Transform: AffineTransform_float_3_3
Parameters: 0.999999 0.00172956 0.000637935 -0.00172879 0.999999 -0.000584601 -0.00063901 0.000583337 0.999999 -0.000187193 0.0374798 -0.0119248
FixedParameters: 0 0 0

#Transform 40
Transform: AffineTransform_float_3_3
Parameters: 0.999999 0.00127963 0.000604034 -0.0012793 0.999998 -0.00107029 -0.000605718 0.00106971 0.999999 0.000422439 0.0144619 -0.0401086
FixedParameters: 0 0 0

#Transform 41
Transform: AffineTransform_float_3_3
Parameters: 0.999999 0.00172939 0.000689412 -0.00172857 0.999999 -0.000577457 -0.000690462 0.000576015 0.999999 -0.0112411 -0.130238 -0.0455343
FixedParameters: 0 0 0

#Transform 42
Transform: AffineTransform_float_3_3
Parameters: 0.999999 0.00138038 0.000527742 -0.00137962 0.999998 -0.00153935 -0.000529939 0.0015388 0.999998 0.000668886 -0.0450565 -0.0207618
FixedParameters: 0 0 0

#Transform 43
Transform: AffineTransform_float_3_3
Parameters: 0.999999 0.00143711 0.00040442 -0.00143661 0.999997 -0.00168332 -0.000406209 0.00168301 0.999998 0.00155681 -0.0178378 0.0127113
FixedParameters: 0 0 0

#Transform 44
Transform: AffineTransform_float_3_3
Parameters: 0.999998 0.00174128 0.000757527 -0.0017397 0.999998 -0.00100877 -0.000759986 0.00100807 0.999999 -0.00384382 -0.00784947 0.0240227
FixedParameters: 0 0 0

#Transform 45
Transform: AffineTransform_float_3_3
Parameters: 0.999999 0.00139602 0.000455347 -0.0013947 0.999998 -0.00130853 -0.00045695 0.00130814 0.999999 0.0114465 0.00296112 0.0239212
FixedParameters: 0 0 0

#Transform 46
Transform: AffineTransform_float_3_3
Parameters: 0.999999 0.00133772 0.000438097 -0.00133751 0.999999 -0.00122491 -0.000439322 0.00122465 0.999999 0.0075436 -0.01659 0.00255225
FixedParameters: 0 0 0

#Transform 47
Transform: AffineTransform_float_3_3
Parameters: 0.999997 0.00254358 0.000770789 -0.00254438 0.999996 0.000484114 -0.000769424 -0.000485979 0.999999 -0.00565658 -0.0444382 0.051317
FixedParameters: 0 0 0

#Transform 48
Transform: AffineTransform_float_3_3
Parameters: 0.999995 0.00289424 0.000447247 -0.00289424 0.999996 6.67286e-05 -0.000446964 -6.73203e-05 1 -0.0107763 -0.0807299 0.0668822
FixedParameters: 0 0 0

#Transform 49
Transform: AffineTransform_float_3_3
Parameters: 0.999995 0.00319166 0.000541026 -0.0031908 0.999993 -0.00156208 -0.000546107 0.00156036 0.999998 -0.0112272 -0.0836233 0.0525666
FixedParameters: 0 0 0

#Transform 50
Transform: AffineTransform_float_3_3
Parameters: 0.999995 0.00315667 0.0004011 -0.0031564 0.999995 -0.000278462 -0.000402018 0.000277869 1 0.00797298 -0.0738008 0.0857849
FixedParameters: 0 0 0

#Transform 51
Transform: AffineTransform_float_3_3
Parameters: 0.999997 0.00269355 0.00032782 -0.00269339 0.999997 -0.000207301 -0.000328096 0.000206479 1 0.00468332 -0.0251248 0.0952333
FixedParameters: 0 0 0

#Transform 52
Transform: AffineTransform_float_3_3
Parameters: 0.999997 0.00268961 0.000240686 -0.00268966 0.999996 -0.000101261 -0.000241441 9.99669e-05 1 0.00238612 -0.0564506 0.0926714
FixedParameters: 0 0 0

#Transform 53
Transform: AffineTransform_float_3_3
Parameters: 0.999995 0.00331215 0.000153756 -0.00331219 0.999994 -0.000149976 -0.000155015 0.000149955 1 -0.0160332 -0.10271 0.07042
FixedParameters: 0 0 0

#Transform 54
Transform: AffineTransform_float_3_3
Parameters: 0.999996 0.00309536 8.33063e-05 -0.00309499 0.999994 -0.00139116 -8.80897e-05 0.00139141 0.999999 -0.00914877 -0.110338 0.0414107
FixedParameters: 0 0 0

#Transform 55
Transform: AffineTransform_float_3_3
Parameters: 0.999995 0.00312111 0.000357196 -0.00312137 0.999995 0.000407478 -0.000356856 -0.0004086 1 -0.018775 -0.160149 0.0743221
FixedParameters: 0 0 0

#Transform 56
Transform: AffineTransform_float_3_3
Parameters: 0.999996 0.00287251 0.000189501 -0.00287269 0.999996 0.000465583 -0.000188033 -0.000466613 1 -0.00633661 -0.113863 0.0792771
FixedParameters: 0 0 0

#Transform 57
Transform: AffineTransform_float_3_3
Parameters: 0.999996 0.00287608 0.00018195 -0.0028762 0.999996 0.000332844 -0.000181243 -0.000333834 1 -0.0133073 -0.11162 0.0776575
FixedParameters: 0 0 0

#Transform 58
Transform: AffineTransform_float_3_3
Parameters: 0.999996 0.00285792 0.000366873 -0.00285798 0.999996 0.000114436 -0.000366375 -0.000115533 1 -0.00640592 -0.0825267 0.0929377
FixedParameters: 0 0 0

#Transform 59
Transform: AffineTransform_float_3_3
Parameters: 0.999996 0.00298612 0.00054901 -0.00298635 0.999996 0.000255718 -0.000547638 -0.000256996 1 -0.0128198 -0.114057 0.08716
FixedParameters: 0 0 0

#Transform 60
Transform: AffineTransform_float_3_3
Parameters: 0.999995 0.00328309 0.000660902 -0.00328249 0.999994 0.00025704 -0.000660418 -0.000259351 1 -0.0235886 -0.129111 0.0835393
FixedParameters: 0 0 0

#Transform 61
Transform: AffineTransform_float_3_3
Parameters: 0.999994 0.00323876 0.000428759 -0.003239 0.999994 0.000347359 -0.000427662 -0.000348083 1 -0.0245096 -0.15853 0.0816682
FixedParameters: 0 0 0

#Transform 62
Transform: AffineTransform_float_3_3
Parameters: 0.999994 0.0032284 0.000493564 -0.0032287 0.999994 0.00035941 -0.000492395 -0.000360543 1 -0.0243412 -0.170549 0.0916491
FixedParameters: 0 0 0

#Transform 63
Transform: AffineTransform_float_3_3
Parameters: 0.999995 0.00331336 0.000503382 -0.00331374 0.999994 0.000322997 -0.000502446 -0.000324276 1 -0.0211775 -0.162083 0.0953318
FixedParameters: 0 0 0

#Transform 64
Transform: AffineTransform_float_3_3
Parameters: 0.999996 0.00275932 0.000439371 -0.00275944 0.999996 0.000171853 -0.000438578 -0.000173277 1 -0.00628749 -0.140492 0.116086
FixedParameters: 0 0 0

#Transform 65
Transform: AffineTransform_float_3_3
Parameters: 0.999996 0.00271909 0.000463088 -0.00271929 0.999997 0.000253618 -0.000462861 -0.000255084 1 -0.0107498 -0.1474 0.095042
FixedParameters: 0 0 0

#Transform 66
Transform: AffineTransform_float_3_3
Parameters: 0.999997 0.00243221 0.000479996 -0.00243242 0.999997 0.000245146 -0.000479904 -0.000246428 1 -0.00520733 -0.144921 0.106006
FixedParameters: 0 0 0

#Transform 67
Transform: AffineTransform_float_3_3
Parameters: 0.999998 0.00225369 0.000292587 -0.00225376 0.999998 0.000114751 -0.000292227 -0.000116069 1 0.00486508 -0.134634 0.103194
FixedParameters: 0 0 0

#Transform 68
Transform: AffineTransform_float_3_3
Parameters: 0.999997 0.00236514 0.000192523 -0.00236533 0.999997 0.000510083 -0.000191265 -0.000510937 1 0.0117087 -0.159852 0.115234
FixedParameters: 0 0 0

#Transform 69
Transform: AffineTransform_float_3_3
Parameters: 0.999997 0.00239483 0.000178464 -0.00239493 0.999997 0.000261176 -0.000178368 -0.000261976 1 0.0103566 -0.179393 0.110293
FixedParameters: 0 0 0

#Transform 70
Transform: AffineTransform_float_3_3
Parameters: 0.999998 0.00232574 0.00018294 -0.00232584 0.999997 0.000339248 -0.000182466 -0.000339046 1 0.0109036 -0.184933 0.127049
FixedParameters: 0 0 0

#Transform 71
Transform: AffineTransform_float_3_3
Parameters: 0.999997 0.00217126 0.000192439 -0.00217135 0.999998 0.00050495 -0.000191349 -0.000505732 1 0.00520082 -0.180033 0.134589
FixedParameters: 0 0 0

#Transform 72
Transform: AffineTransform_float_3_3
Parameters: 0.999997 0.00244699 0.000105322 -0.00244703 0.999997 0.000332815 -0.0001038 -0.000332328 1 0.00476951 -0.179435 0.131621
FixedParameters: 0 0 0

#Transform 73
Transform: AffineTransform_float_3_3
Parameters: 0.999997 0.00240458 0.000183197 -0.0024047 0.999997 0.000345331 -0.000182692 -0.000346157 1 0.00558572 -0.175714 0.137476
FixedParameters: 0 0 0

#Transform 74
Transform: AffineTransform_float_3_3
Parameters: 0.999997 0.00239196 0.00010741 -0.002392 0.999997 0.000333239 -0.000106921 -0.000332699 1 0.00539035 -0.193693 0.121507
FixedParameters: 0 0 0

#Transform 75
Transform: AffineTransform_float_3_3
Parameters: 0.999998 0.00196165 -0.000109196 -0.00196159 0.999998 0.000265801 0.000110132 -0.00026537 1 0.0170502 -0.189828 0.139499
FixedParameters: 0 0 0

#Transform 76
Transform: AffineTransform_float_3_3
Parameters: 0.999998 0.00205196 0.000178382 -0.00205205 0.999998 0.000252097 -0.00017845 -0.000252776 1 0.0121424 -0.196606 0.140706
FixedParameters: 0 0 0

#Transform 77
Transform: AffineTransform_float_3_3
Parameters: 0.999998 0.0022846 0.000183261 -0.00228469 0.999998 0.000344151 -0.000182792 -0.000343936 1 0.00991013 -0.21623 0.146027
FixedParameters: 0 0 0

#Transform 78
Transform: AffineTransform_float_3_3
Parameters: 0.999997 0.00239857 0.00022064 -0.00239858 0.999997 8.55573e-05 -0.000220336 -8.56168e-05 1 0.00849123 -0.227937 0.168576
FixedParameters: 0 0 0

#Transform 79
Transform: AffineTransform_float_3_3
Parameters: 0.999998 0.00225072 0.000182967 -0.00225084 0.999998 0.000338261 -0.000182599 -0.00033903 1 0.0102548 -0.219376 0.159868
FixedParameters: 0 0 0

#Transform 80
Transform: AffineTransform_float_3_3
Parameters: 0.999998 0.0022209 0.000178408 -0.00222099 0.999998 0.000256571 -0.000178424 -0.000257309 1 0.0105819 -0.217801 0.158695
FixedParameters: 0 0 0

#Transform 81
Transform: AffineTransform_float_3_3
Parameters: 0.999997 0.00240368 0.000174581 -0.00240375 0.999997 0.000192495 -0.000174811 -0.000193281 1 0.00863061 -0.224613 0.142123
FixedParameters: 0 0 0

#Transform 82
Transform: AffineTransform_float_3_3
Parameters: 0.999997 0.00243528 0.000357564 -0.00243537 0.999997 0.000169977 -0.000357838 -0.000170667 1 0.00629296 -0.225721 0.157404
FixedParameters: 0 0 0

#Transform 83
Transform: AffineTransform_float_3_3
Parameters: 0.999997 0.00236513 0.000393113 -0.0023653 0.999997 0.000248287 -0.000392042 -0.000249146 1 0.00686205 -0.218202 0.165
FixedParameters: 0 0 0

#Transform 84
Transform: AffineTransform_float_3_3
Parameters: 0.999996 0.00256696 0.000430994 -0.00256738 0.999996 0.000514965 -0.00042945 -0.000516121 1 0.00455724 -0.219714 0.166028
FixedParameters: 0 0 0
