#!ascii label  , from subject sub-v2s4x29611_ses-1 vox2ras=TkReg
1088
60695  21.415  -17.104  76.821 0.0000000000
55603  32.614  -21.499  84.324 0.0000000000
132472  41.309  -8.593  57.869 0.0000000000
62911  30.604  -16.291  69.959 0.0000000000
57626  35.321  -20.852  76.156 0.0000000000
75782  53.756  -2.715  49.783 0.0000000000
69728  39.783  -7.944  62.366 0.0000000000
66886  35.292  -12.102  62.475 0.0000000000
56719  17.364  -21.594  77.260 0.0000000000
59569  29.155  -18.240  80.563 0.0000000000
55699  29.247  -22.213  77.120 0.0000000000
146093  25.074  -18.725  74.006 0.0000000000
72876  47.555  -6.076  54.270 0.0000000000
60638  24.787  -16.586  83.304 0.0000000000
59565  19.815  -17.846  81.911 0.0000000000
69785  46.203  -9.316  57.740 0.0000000000
57572  14.816  -19.959  80.323 0.0000000000
54582  10.297  -23.792  82.007 0.0000000000
65862  33.829  -12.322  67.210 0.0000000000
60734  32.666  -18.555  74.237 0.0000000000
55806  34.632  -23.899  71.437 0.0000000000
52702  31.619  -26.249  74.320 0.0000000000
68720  40.232  -10.090  64.874 0.0000000000
67788  37.676  -10.596  62.690 0.0000000000
66870  38.361  -11.938  64.089 0.0000000000
70802  41.806  -7.748  64.299 0.0000000000
141850  20.318  -19.530  75.075 0.0000000000
56742  18.179  -21.467  75.840 0.0000000000
58591  19.523  -19.078  76.952 0.0000000000
61736  25.606  -16.227  78.448 0.0000000000
59601  26.848  -18.309  76.258 0.0000000000
61772  24.018  -17.077  75.387 0.0000000000
59644  21.912  -19.204  72.788 0.0000000000
69834  41.473  -8.816  55.034 0.0000000000
69740  43.534  -8.289  59.117 0.0000000000
68798  43.783  -9.396  57.844 0.0000000000
69831  44.196  -9.023  55.978 0.0000000000
58507  19.095  -19.022  84.362 0.0000000000
58546  16.871  -18.782  81.020 0.0000000000
58509  16.726  -19.107  83.844 0.0000000000
57532  10.196  -20.670  85.544 0.0000000000
56635  10.619  -21.617  82.921 0.0000000000
54548  9.900  -23.461  83.577 0.0000000000
52557  8.427  -25.582  84.234 0.0000000000
53517  7.237  -24.924  85.915 0.0000000000
62816  33.835  -16.144  75.592 0.0000000000
59628  34.344  -19.893  75.147 0.0000000000
58642  34.272  -21.023  72.705 0.0000000000
56762  35.598  -22.369  73.896 0.0000000000
55761  27.790  -22.588  74.244 0.0000000000
53655  29.970  -24.394  76.139 0.0000000000
144909  28.340  -24.725  73.288 0.0000000000
139069  29.917  -25.520  71.526 0.0000000000
64860  31.911  -13.688  68.907 0.0000000000
64885  31.408  -13.351  65.975 0.0000000000
63912  29.741  -15.534  66.474 0.0000000000
76744  56.357  -1.633  47.579 0.0000000000
75787  54.705  -3.042  47.465 0.0000000000
70831  40.641  -7.473  60.573 0.0000000000
69744  37.524  -8.793  60.931 0.0000000000
71882  42.826  -6.646  61.666 0.0000000000
57558  30.709  -20.520  82.205 0.0000000000
55664  31.142  -21.521  80.724 0.0000000000
147862  29.585  -20.707  78.443 0.0000000000
135157  28.026  -20.896  75.692 0.0000000000
57670  26.369  -21.010  72.220 0.0000000000
72859  50.146  -6.713  55.556 0.0000000000
73853  50.532  -5.134  54.037 0.0000000000
74851  50.536  -4.085  52.719 0.0000000000
75775  51.233  -3.539  50.284 0.0000000000
61717  23.629  -16.766  80.566 0.0000000000
60672  20.720  -17.394  79.481 0.0000000000
133540  22.121  -17.480  82.097 0.0000000000
139512  27.529  -17.185  81.937 0.0000000000
132747  46.922  -7.840  56.196 0.0000000000
58559  18.090  -18.835  79.436 0.0000000000
56677  16.201  -20.959  78.752 0.0000000000
55691  13.671  -22.277  78.516 0.0000000000
58524  14.124  -19.369  82.765 0.0000000000
56665  11.407  -21.670  81.009 0.0000000000
53498  4.558  -24.922  87.292 0.0000000000
126407  38.178  -11.740  66.830 0.0000000000
63871  32.393  -14.391  71.409 0.0000000000
63859  32.846  -14.912  73.094 0.0000000000
61824  31.218  -17.850  72.280 0.0000000000
59695  33.213  -20.170  70.939 0.0000000000
127692  34.601  -22.283  70.126 0.0000000000
55831  32.597  -24.364  68.865 0.0000000000
53581  31.517  -22.931  78.533 0.0000000000
52647  32.998  -25.024  77.401 0.0000000000
54697  35.610  -24.248  75.661 0.0000000000
53713  33.168  -25.790  72.875 0.0000000000
54754  31.994  -25.230  70.922 0.0000000000
126501  34.942  -13.062  64.032 0.0000000000
65952  32.394  -13.229  62.409 0.0000000000
68702  40.304  -10.470  65.191 0.0000000000
67770  39.221  -10.933  64.166 0.0000000000
65917  39.415  -11.835  65.382 0.0000000000
69684  41.445  -9.309  65.790 0.0000000000
59612  21.108  -18.021  75.837 0.0000000000
58602  19.714  -19.223  76.378 0.0000000000
59590  20.623  -17.668  77.246 0.0000000000
134316  23.749  -15.935  77.618 0.0000000000
61749  24.540  -16.201  77.082 0.0000000000
60694  22.436  -16.786  76.381 0.0000000000
59620  21.937  -17.706  75.099 0.0000000000
137588  41.565  -8.658  56.941 0.0000000000
151331  42.396  -8.590  58.391 0.0000000000
68784  43.486  -9.192  58.005 0.0000000000
69790  42.271  -8.828  57.400 0.0000000000
130233  42.617  -8.955  57.118 0.0000000000
56611  9.887  -22.103  85.802 0.0000000000
55610  10.189  -22.734  84.587 0.0000000000
55597  9.793  -23.168  85.121 0.0000000000
53524  8.838  -24.671  84.317 0.0000000000
53515  8.671  -24.333  85.282 0.0000000000
52536  7.540  -25.526  85.263 0.0000000000
60711  34.125  -18.387  76.160 0.0000000000
59627  34.873  -20.234  75.792 0.0000000000
58628  34.832  -21.356  74.287 0.0000000000
57645  35.386  -21.899  74.701 0.0000000000
55612  33.278  -21.932  83.673 0.0000000000
145196  27.254  -23.437  72.154 0.0000000000
136477  28.180  -24.230  73.594 0.0000000000
142487  27.586  -24.182  72.239 0.0000000000
129417  28.304  -25.103  71.753 0.0000000000
63897  30.860  -14.936  69.001 0.0000000000
63904  30.886  -14.005  67.721 0.0000000000
75773  52.778  -2.878  50.926 0.0000000000
131058  53.842  -2.154  50.859 0.0000000000
76729  54.191  -2.286  49.930 0.0000000000
151449  54.716  -2.227  49.179 0.0000000000
76735  54.164  -2.625  49.121 0.0000000000
70819  39.711  -7.531  61.463 0.0000000000
70833  39.065  -7.821  60.413 0.0000000000
69729  39.206  -8.410  62.110 0.0000000000
67789  36.697  -10.956  62.395 0.0000000000
68745  36.341  -10.399  61.752 0.0000000000
67791  35.255  -11.339  61.590 0.0000000000
70803  41.226  -7.967  63.933 0.0000000000
131930  41.096  -6.762  62.051 0.0000000000
135905  41.646  -7.021  61.328 0.0000000000
56733  18.048  -21.361  76.608 0.0000000000
55721  16.125  -22.368  76.899 0.0000000000
59562  29.765  -19.154  80.876 0.0000000000
57568  30.448  -20.497  80.813 0.0000000000
58557  29.709  -19.377  79.895 0.0000000000
146766  26.514  -18.694  74.858 0.0000000000
58590  27.628  -19.334  76.065 0.0000000000
58609  26.852  -19.562  74.789 0.0000000000
57647  26.910  -20.603  74.286 0.0000000000
58631  25.484  -19.409  72.911 0.0000000000
59659  24.336  -19.040  72.547 0.0000000000
59714  32.196  -19.919  69.783 0.0000000000
72860  49.083  -6.499  55.460 0.0000000000
72873  50.642  -6.305  55.024 0.0000000000
73840  49.003  -5.540  54.157 0.0000000000
73862  48.972  -4.706  52.765 0.0000000000
74860  49.454  -4.167  51.135 0.0000000000
138759  50.474  -3.624  50.973 0.0000000000
61709  24.617  -16.920  81.605 0.0000000000
60655  22.955  -17.183  81.707 0.0000000000
60646  23.729  -16.865  83.144 0.0000000000
61703  25.758  -16.793  82.647 0.0000000000
61715  25.412  -16.967  80.979 0.0000000000
70876  48.840  -8.575  56.781 0.0000000000
147216  46.365  -8.850  57.173 0.0000000000
70897  44.527  -8.531  55.194 0.0000000000
59564  20.444  -17.733  81.309 0.0000000000
59581  19.228  -17.966  78.993 0.0000000000
146418  18.583  -18.354  80.166 0.0000000000
58547  16.216  -18.770  81.255 0.0000000000
57584  16.538  -20.091  79.250 0.0000000000
57586  15.161  -20.598  79.658 0.0000000000
56695  15.169  -21.669  78.783 0.0000000000
56679  13.765  -21.305  79.495 0.0000000000
58512  12.581  -19.208  83.728 0.0000000000
55637  10.542  -22.367  82.337 0.0000000000
56649  11.087  -21.542  81.740 0.0000000000
55655  10.870  -22.405  81.470 0.0000000000
55679  11.357  -22.783  80.257 0.0000000000
64853  33.460  -13.044  70.457 0.0000000000
60721  32.668  -17.532  74.959 0.0000000000
62843  33.451  -15.651  74.727 0.0000000000
62845  32.148  -16.571  73.846 0.0000000000
62858  31.841  -16.405  73.297 0.0000000000
61812  31.611  -17.438  73.083 0.0000000000
60758  31.819  -19.002  72.017 0.0000000000
60757  32.583  -19.542  72.413 0.0000000000
56785  35.172  -22.603  71.630 0.0000000000
57681  34.810  -21.510  71.079 0.0000000000
56797  34.876  -22.828  70.510 0.0000000000
145108  33.884  -23.778  69.966 0.0000000000
55818  33.393  -24.402  70.417 0.0000000000
55684  29.894  -22.074  78.027 0.0000000000
54607  31.530  -22.355  79.483 0.0000000000
54625  30.241  -23.104  77.750 0.0000000000
52704  30.067  -25.421  74.953 0.0000000000
52671  30.921  -25.096  77.117 0.0000000000
52669  32.182  -26.003  76.305 0.0000000000
136754  34.474  -25.231  76.114 0.0000000000
128632  33.663  -25.929  74.810 0.0000000000
53712  33.861  -25.639  73.417 0.0000000000
138686  32.648  -26.133  73.362 0.0000000000
129033  29.325  -25.011  69.483 0.0000000000
53745  30.462  -25.420  70.942 0.0000000000
65860  36.109  -11.925  66.979 0.0000000000
65898  35.864  -12.549  65.349 0.0000000000
128326  34.148  -12.720  65.642 0.0000000000
63940  30.743  -14.073  64.279 0.0000000000
64917  31.576  -13.521  63.854 0.0000000000
130113  56.903  -1.456  47.195 0.0000000000
69713  40.208  -9.157  64.075 0.0000000000
68742  38.811  -9.397  62.615 0.0000000000
67778  38.813  -10.618  63.637 0.0000000000
67779  38.141  -10.960  63.282 0.0000000000
66885  36.241  -12.152  62.947 0.0000000000
71833  42.468  -7.927  65.427 0.0000000000
70791  41.333  -8.506  64.776 0.0000000000
58611  19.720  -20.099  75.380 0.0000000000
57615  18.710  -20.515  76.424 0.0000000000
57604  18.135  -20.982  77.180 0.0000000000
133714  27.693  -17.128  79.562 0.0000000000
59579  28.526  -17.975  78.873 0.0000000000
60683  26.377  -16.756  77.779 0.0000000000
60701  25.804  -17.371  76.059 0.0000000000
59630  24.638  -18.164  74.345 0.0000000000
59643  23.620  -18.678  73.205 0.0000000000
60723  22.577  -17.981  74.304 0.0000000000
58620  20.885  -19.320  74.443 0.0000000000
72892  46.545  -6.534  52.780 0.0000000000
60629  24.190  -16.413  84.460 0.0000000000
69739  44.352  -8.626  59.074 0.0000000000
68782  44.949  -9.422  58.285 0.0000000000
69787  44.414  -9.464  57.622 0.0000000000
69811  44.641  -9.233  56.915 0.0000000000
69812  43.807  -9.220  56.867 0.0000000000
69832  43.376  -8.792  55.789 0.0000000000
58532  19.425  -18.468  83.178 0.0000000000
58545  18.582  -18.407  81.831 0.0000000000
144734  18.314  -18.644  83.154 0.0000000000
58536  16.474  -18.701  82.301 0.0000000000
58537  15.267  -19.061  81.919 0.0000000000
128037  11.608  -19.719  83.640 0.0000000000
57549  10.702  -21.232  83.850 0.0000000000
55622  10.272  -22.498  83.189 0.0000000000
131010  10.063  -23.505  82.742 0.0000000000
53544  9.360  -24.887  82.921 0.0000000000
60712  33.737  -18.288  75.740 0.0000000000
60720  33.391  -18.720  74.992 0.0000000000
59657  33.875  -20.473  73.167 0.0000000000
131479  34.216  -20.853  73.441 0.0000000000
57668  34.985  -21.858  72.874 0.0000000000
55790  35.365  -23.493  72.728 0.0000000000
134835  28.744  -22.209  75.950 0.0000000000
54661  29.589  -23.200  76.712 0.0000000000
54699  29.058  -23.245  75.045 0.0000000000
54712  28.900  -24.474  73.961 0.0000000000
53717  29.552  -25.398  73.394 0.0000000000
53716  30.481  -25.828  73.031 0.0000000000
53732  28.891  -25.276  72.580 0.0000000000
128195  28.382  -25.170  70.699 0.0000000000
64865  32.536  -12.980  68.297 0.0000000000
65877  32.489  -12.797  66.487 0.0000000000
64871  31.529  -13.299  67.128 0.0000000000
145597  30.636  -14.046  65.884 0.0000000000
77723  56.342  -1.260  48.501 0.0000000000
76745  55.637  -1.890  47.949 0.0000000000
70853  40.517  -8.037  58.762 0.0000000000
69792  40.084  -8.219  57.546 0.0000000000
69771  39.772  -7.906  58.527 0.0000000000
69730  37.814  -9.306  61.662 0.0000000000
150404  36.055  -9.422  60.433 0.0000000000
72783  43.716  -6.627  63.673 0.0000000000
72804  43.908  -6.409  62.792 0.0000000000
71881  43.675  -6.850  61.266 0.0000000000
70816  43.305  -7.099  60.876 0.0000000000
70842  41.592  -7.737  59.804 0.0000000000
56630  31.402  -21.017  83.389 0.0000000000
55630  31.793  -21.927  82.721 0.0000000000
56644  31.183  -21.146  82.112 0.0000000000
56673  30.387  -21.196  79.399 0.0000000000
56688  29.579  -21.363  78.050 0.0000000000
58579  28.564  -19.763  77.339 0.0000000000
57602  28.466  -20.549  76.947 0.0000000000
56716  28.485  -21.452  76.287 0.0000000000
56741  27.786  -21.700  75.279 0.0000000000
57659  26.862  -21.628  73.114 0.0000000000
146257  26.757  -21.859  72.123 0.0000000000
135979  51.574  -5.380  54.140 0.0000000000
73854  49.459  -5.065  53.719 0.0000000000
74842  51.045  -4.664  53.545 0.0000000000
74850  51.556  -4.185  53.022 0.0000000000
75758  51.971  -3.738  52.448 0.0000000000
75766  52.279  -3.232  51.770 0.0000000000
142693  52.589  -3.150  50.046 0.0000000000
148143  52.811  -3.327  49.256 0.0000000000
61739  22.148  -16.359  78.251 0.0000000000
60671  21.316  -16.796  78.890 0.0000000000
60663  21.617  -16.926  80.038 0.0000000000
60664  21.054  -17.533  80.638 0.0000000000
140806  21.503  -17.739  82.456 0.0000000000
60639  23.129  -16.917  83.888 0.0000000000
59552  20.717  -18.121  83.413 0.0000000000
59544  20.335  -18.550  84.192 0.0000000000
149365  32.418  -20.779  85.148 0.0000000000
57547  31.166  -20.381  83.742 0.0000000000
58517  30.511  -19.329  82.980 0.0000000000
59557  29.524  -17.836  81.952 0.0000000000
60644  28.397  -17.265  82.289 0.0000000000
133970  28.322  -17.383  80.828 0.0000000000
61723  26.392  -16.881  80.214 0.0000000000
61724  24.647  -16.139  79.280 0.0000000000
70893  50.035  -8.091  56.295 0.0000000000
71933  48.541  -7.112  55.917 0.0000000000
71934  47.297  -7.139  55.531 0.0000000000
133251  45.327  -8.107  55.420 0.0000000000
70905  45.620  -7.569  54.756 0.0000000000
71949  46.322  -7.013  54.544 0.0000000000
151088  19.987  -17.883  78.146 0.0000000000
58581  18.850  -18.976  77.999 0.0000000000
57595  17.916  -20.772  77.714 0.0000000000
58560  17.616  -18.957  79.776 0.0000000000
57583  17.216  -19.918  78.959 0.0000000000
56707  16.951  -21.587  77.662 0.0000000000
55689  15.578  -21.946  78.175 0.0000000000
55706  14.121  -22.649  77.924 0.0000000000
58523  15.164  -19.161  82.802 0.0000000000
58538  14.385  -19.501  81.950 0.0000000000
57561  12.662  -20.399  81.395 0.0000000000
57574  13.011  -20.706  80.805 0.0000000000
56680  12.617  -21.493  79.855 0.0000000000
53509  6.084  -24.559  86.747 0.0000000000
146699  39.362  -11.840  66.399 0.0000000000
65852  33.925  -12.195  68.978 0.0000000000
65843  33.104  -12.928  69.716 0.0000000000
64855  32.097  -13.961  69.714 0.0000000000
62910  31.056  -15.599  70.540 0.0000000000
135476  32.598  -14.638  72.265 0.0000000000
63872  31.802  -15.180  71.937 0.0000000000
62896  30.669  -16.782  70.873 0.0000000000
60771  31.108  -18.582  70.903 0.0000000000
59696  32.423  -19.789  70.667 0.0000000000
58672  33.825  -20.805  70.453 0.0000000000
58643  33.914  -20.711  72.110 0.0000000000
58671  34.395  -21.362  70.452 0.0000000000
57709  34.277  -21.626  69.636 0.0000000000
56806  34.161  -22.390  68.896 0.0000000000
140938  33.100  -24.009  68.587 0.0000000000
57625  35.667  -21.408  77.072 0.0000000000
54572  32.264  -22.760  81.942 0.0000000000
53562  33.147  -23.024  80.428 0.0000000000
53577  33.763  -23.346  79.478 0.0000000000
53618  30.321  -23.739  77.235 0.0000000000
53615  33.003  -24.022  78.153 0.0000000000
53594  34.201  -23.742  78.349 0.0000000000
54659  34.903  -23.935  77.418 0.0000000000
135542  35.710  -23.190  76.820 0.0000000000
55745  35.978  -22.978  75.349 0.0000000000
55759  35.844  -23.935  74.387 0.0000000000
54726  35.111  -24.370  73.000 0.0000000000
54752  34.119  -24.657  71.745 0.0000000000
53729  31.786  -25.756  72.131 0.0000000000
53744  32.121  -25.520  71.633 0.0000000000
54753  33.390  -24.883  71.267 0.0000000000
54777  32.598  -24.510  69.764 0.0000000000
65896  37.606  -12.332  65.372 0.0000000000
125897  36.755  -12.570  64.219 0.0000000000
65934  35.152  -12.728  63.402 0.0000000000
132688  33.409  -12.889  64.746 0.0000000000
65936  33.457  -12.803  63.133 0.0000000000
65950  34.151  -12.572  62.197 0.0000000000
75800  53.466  -3.788  47.860 0.0000000000
67742  40.313  -10.952  65.628 0.0000000000
67756  39.921  -11.010  64.970 0.0000000000
66844  40.178  -11.393  66.128 0.0000000000
68701  40.811  -10.306  65.837 0.0000000000
59602  20.855  -17.863  76.490 0.0000000000
132542  22.981  -16.329  77.719 0.0000000000
61750  23.392  -16.344  76.824 0.0000000000
60704  21.715  -17.378  76.036 0.0000000000
136874  40.333  -8.589  56.605 0.0000000000
69791  41.078  -8.543  57.425 0.0000000000
69769  41.896  -8.676  57.936 0.0000000000
146369  41.695  -8.675  57.474 0.0000000000
148956  42.180  -8.820  56.986 0.0000000000
129365  9.583  -22.715  85.764 0.0000000000
54533  9.308  -23.822  84.795 0.0000000000
147672  9.108  -23.508  85.722 0.0000000000
59617  35.115  -20.202  76.673 0.0000000000
60710  34.835  -19.444  76.719 0.0000000000
58616  35.065  -21.133  75.257 0.0000000000
57636  35.442  -21.548  75.760 0.0000000000
56614  33.442  -21.341  84.568 0.0000000000
55602  32.904  -21.712  84.245 0.0000000000
55792  27.154  -24.204  71.348 0.0000000000
63888  30.963  -15.274  69.683 0.0000000000
62924  30.472  -15.905  68.998 0.0000000000
75772  53.491  -2.623  50.496 0.0000000000
66898  35.848  -11.576  62.301 0.0000000000
67790  35.893  -10.988  61.949 0.0000000000
66899  34.934  -11.841  61.800 0.0000000000
66906  34.603  -11.817  61.050 0.0000000000
70804  40.593  -8.249  63.595 0.0000000000
70808  41.279  -7.207  62.855 0.0000000000
70809  40.465  -7.579  62.635 0.0000000000
70818  40.541  -7.090  61.624 0.0000000000
56718  17.689  -21.557  76.711 0.0000000000
55719  17.281  -21.889  76.512 0.0000000000
152058  17.252  -21.813  77.016 0.0000000000
55720  16.794  -22.133  76.707 0.0000000000
55703  16.790  -21.919  77.305 0.0000000000
141427  29.196  -18.651  79.396 0.0000000000
59619  26.029  -18.756  74.273 0.0000000000
58618  26.635  -19.704  74.280 0.0000000000
58619  25.809  -19.119  73.763 0.0000000000
59642  24.801  -18.825  73.403 0.0000000000
58687  33.693  -20.806  69.489 0.0000000000
71948  48.000  -6.450  55.153 0.0000000000
72875  48.520  -5.932  54.686 0.0000000000
61704  24.718  -16.846  82.482 0.0000000000
61705  23.789  -17.001  82.162 0.0000000000
61708  25.582  -16.948  81.820 0.0000000000
68795  46.109  -9.591  58.170 0.0000000000
69809  47.109  -9.078  57.631 0.0000000000
142852  19.684  -17.849  80.972 0.0000000000
58558  19.035  -18.151  81.206 0.0000000000
58548  15.334  -19.043  81.006 0.0000000000
57571  15.645  -19.732  80.262 0.0000000000
130254  14.754  -21.277  79.306 0.0000000000
57587  14.302  -20.760  79.853 0.0000000000
59546  12.696  -18.949  84.675 0.0000000000
55656  10.444  -23.044  82.120 0.0000000000
148048  10.637  -23.240  81.516 0.0000000000
132997  10.852  -23.405  80.846 0.0000000000
61800  32.125  -17.407  74.250 0.0000000000
61801  31.815  -17.191  73.680 0.0000000000
61811  32.036  -18.162  73.624 0.0000000000
60750  31.958  -18.618  72.834 0.0000000000
60749  32.650  -19.181  73.337 0.0000000000
55805  35.174  -23.347  71.912 0.0000000000
56786  35.076  -23.100  71.095 0.0000000000
55817  34.419  -23.525  70.664 0.0000000000
55807  34.004  -24.316  71.027 0.0000000000
55683  30.264  -22.064  78.505 0.0000000000
55698  29.574  -22.510  77.437 0.0000000000
52703  30.810  -26.060  74.571 0.0000000000
52689  31.441  -26.024  75.904 0.0000000000
52688  32.122  -26.255  75.244 0.0000000000
53671  33.013  -26.201  74.899 0.0000000000
53692  32.458  -26.263  74.148 0.0000000000
53691  33.318  -26.016  73.919 0.0000000000
53693  31.916  -26.189  73.467 0.0000000000
65861  34.849  -11.936  67.237 0.0000000000
65874  35.595  -12.299  66.151 0.0000000000
65875  34.513  -12.433  66.332 0.0000000000
68729  39.921  -9.888  64.404 0.0000000000
68736  39.615  -9.494  63.726 0.0000000000
68730  39.367  -10.252  64.040 0.0000000000
66869  39.063  -11.489  64.372 0.0000000000
67771  38.617  -11.292  63.823 0.0000000000
66883  37.873  -11.599  63.490 0.0000000000
66884  37.117  -11.913  63.192 0.0000000000
66871  37.581  -12.071  63.669 0.0000000000
69697  41.011  -9.253  65.227 0.0000000000
69698  40.473  -9.556  64.763 0.0000000000
69712  40.768  -8.813  64.463 0.0000000000
58603  19.307  -19.934  76.053 0.0000000000
58592  19.094  -19.855  76.643 0.0000000000
57616  18.296  -21.016  76.791 0.0000000000
57603  18.555  -20.487  76.935 0.0000000000
60669  26.977  -16.634  79.081 0.0000000000
133253  27.032  -16.870  78.228 0.0000000000
61760  24.555  -16.737  76.137 0.0000000000
61759  25.384  -16.687  76.662 0.0000000000
60702  25.144  -17.468  75.420 0.0000000000
60713  24.561  -17.611  74.899 0.0000000000
60722  23.475  -18.190  73.998 0.0000000000
60714  23.432  -17.538  74.721 0.0000000000
59621  20.825  -18.656  75.242 0.0000000000
59632  21.682  -18.552  74.402 0.0000000000
138293  43.991  -7.894  59.633 0.0000000000
68783  44.159  -9.397  58.132 0.0000000000
68797  44.307  -9.505  57.980 0.0000000000
69788  43.772  -9.386  57.585 0.0000000000
134931  42.015  -8.689  56.386 0.0000000000
69813  42.943  -8.900  56.573 0.0000000000
69833  42.456  -8.688  55.481 0.0000000000
58519  18.910  -18.767  83.595 0.0000000000
58533  18.795  -18.477  82.776 0.0000000000
58521  16.949  -18.858  83.147 0.0000000000
134232  15.884  -18.748  81.871 0.0000000000
58522  16.091  -18.890  82.834 0.0000000000
58501  10.613  -20.145  85.108 0.0000000000
132411  9.872  -23.360  84.336 0.0000000000
55623  10.204  -22.917  83.869 0.0000000000
143687  10.106  -23.040  83.229 0.0000000000
54562  9.683  -24.123  83.217 0.0000000000
53533  8.869  -25.486  83.526 0.0000000000
53516  8.026  -24.734  85.680 0.0000000000
59618  34.470  -19.310  75.976 0.0000000000
60719  34.030  -19.093  75.447 0.0000000000
59629  33.879  -19.593  74.745 0.0000000000
59640  34.054  -20.356  74.180 0.0000000000
57657  35.153  -21.868  73.702 0.0000000000
56773  35.335  -22.281  73.259 0.0000000000
56774  35.282  -22.548  72.508 0.0000000000
56763  35.627  -22.819  73.302 0.0000000000
55747  28.039  -22.260  75.005 0.0000000000
133981  28.743  -22.591  75.485 0.0000000000
55746  28.446  -22.922  74.645 0.0000000000
135954  29.193  -24.984  74.007 0.0000000000
137097  28.748  -25.033  73.361 0.0000000000
65863  32.247  -12.975  67.493 0.0000000000
64866  31.727  -13.511  68.057 0.0000000000
63905  30.248  -14.762  67.171 0.0000000000
63911  30.177  -14.709  66.186 0.0000000000
76746  54.826  -2.433  48.324 0.0000000000
76734  55.415  -1.786  48.800 0.0000000000
76755  55.260  -2.490  47.564 0.0000000000
70843  40.796  -7.814  59.414 0.0000000000
70844  39.876  -7.798  59.517 0.0000000000
69756  38.249  -8.111  60.284 0.0000000000
69757  37.292  -8.504  59.936 0.0000000000
68743  38.101  -9.787  62.351 0.0000000000
67798  35.531  -10.719  61.306 0.0000000000
68756  35.930  -9.872  60.959 0.0000000000
68757  35.024  -10.351  60.491 0.0000000000
68769  35.497  -9.567  59.977 0.0000000000
71836  43.161  -6.984  64.284 0.0000000000
72770  44.032  -6.796  64.457 0.0000000000
71864  42.519  -6.552  62.554 0.0000000000
72805  42.973  -6.617  63.154 0.0000000000
71863  43.321  -6.484  62.103 0.0000000000
71862  44.197  -6.597  61.851 0.0000000000
129984  42.589  -7.114  61.043 0.0000000000
147202  41.365  -7.361  60.709 0.0000000000
70830  42.218  -7.522  60.355 0.0000000000
139799  30.997  -20.683  82.956 0.0000000000
56639  31.302  -21.274  82.833 0.0000000000
57567  30.796  -20.833  81.381 0.0000000000
58568  29.901  -20.338  79.370 0.0000000000
57581  30.310  -20.717  79.852 0.0000000000
57593  30.034  -20.990  78.852 0.0000000000
57594  29.161  -21.044  77.720 0.0000000000
59589  28.293  -18.398  77.753 0.0000000000
59600  27.852  -18.906  76.795 0.0000000000
58600  27.906  -20.110  75.760 0.0000000000
58589  28.197  -19.953  76.484 0.0000000000
57614  28.337  -20.756  76.349 0.0000000000
57601  28.683  -21.203  77.060 0.0000000000
136331  28.113  -21.400  75.611 0.0000000000
57627  27.568  -21.074  75.248 0.0000000000
57660  26.639  -20.781  73.460 0.0000000000
57646  27.035  -21.438  74.114 0.0000000000
130180  22.716  -18.962  72.777 0.0000000000
59661  22.418  -19.328  72.007 0.0000000000
71931  50.536  -7.579  55.862 0.0000000000
135978  50.065  -5.622  54.474 0.0000000000
73839  51.109  -5.861  54.571 0.0000000000
73856  47.627  -5.542  52.739 0.0000000000
73855  48.471  -5.202  53.248 0.0000000000
74852  49.529  -4.173  52.250 0.0000000000
74843  49.974  -4.549  53.245 0.0000000000
74849  52.468  -4.314  53.314 0.0000000000
75759  51.061  -3.717  52.076 0.0000000000
75767  51.528  -3.396  51.370 0.0000000000
75774  52.070  -3.222  50.629 0.0000000000
128331  51.906  -3.540  49.478 0.0000000000
61725  23.504  -16.421  79.738 0.0000000000
61726  22.375  -16.476  79.341 0.0000000000
61718  22.730  -16.906  80.299 0.0000000000
60656  22.107  -17.288  81.082 0.0000000000
60657  21.322  -17.629  81.683 0.0000000000
141819  23.972  -16.594  83.949 0.0000000000
59542  21.876  -17.405  84.331 0.0000000000
59551  21.528  -17.756  83.604 0.0000000000
59543  21.101  -17.980  84.245 0.0000000000
59553  20.034  -18.450  83.510 0.0000000000
57539  31.677  -20.561  84.628 0.0000000000
59549  30.100  -18.533  82.521 0.0000000000
60645  27.044  -16.846  82.636 0.0000000000
60653  28.628  -17.499  81.483 0.0000000000
60654  27.377  -17.272  81.382 0.0000000000
60662  27.446  -17.138  80.595 0.0000000000
61714  26.415  -17.138  81.183 0.0000000000
146532  24.465  -16.795  80.815 0.0000000000
145598  25.152  -16.675  80.171 0.0000000000
61716  24.281  -16.485  80.144 0.0000000000
61738  23.404  -16.086  78.604 0.0000000000
70863  39.166  -7.937  57.802 0.0000000000
70895  47.999  -7.958  56.453 0.0000000000
69830  44.995  -8.784  56.162 0.0000000000
70906  44.903  -8.001  54.292 0.0000000000
71950  45.557  -7.451  53.881 0.0000000000
60685  20.484  -17.471  78.243 0.0000000000
59580  19.954  -17.686  78.814 0.0000000000
58570  18.587  -18.496  79.151 0.0000000000
58571  18.241  -19.603  78.350 0.0000000000
126301  17.734  -18.622  81.341 0.0000000000
127400  18.281  -18.518  80.669 0.0000000000
57569  17.010  -19.152  80.050 0.0000000000
56693  16.870  -20.782  78.396 0.0000000000
150124  17.005  -21.130  77.992 0.0000000000
137875  16.598  -21.356  78.102 0.0000000000
56708  16.362  -21.788  77.855 0.0000000000
56694  15.917  -21.545  78.463 0.0000000000
56696  14.253  -21.711  78.919 0.0000000000
55690  14.665  -22.068  78.364 0.0000000000
54632  13.248  -23.066  78.229 0.0000000000
59545  13.777  -19.156  83.626 0.0000000000
58539  13.336  -19.777  81.977 0.0000000000
57548  11.144  -20.589  83.274 0.0000000000
57554  11.363  -20.729  82.325 0.0000000000
145890  11.773  -20.738  81.597 0.0000000000
56648  11.915  -21.020  81.036 0.0000000000
56664  12.235  -21.278  80.527 0.0000000000
56663  13.317  -20.957  80.157 0.0000000000
54513  6.379  -23.967  87.046 0.0000000000
130831  5.888  -23.792  87.299 0.0000000000
133269  4.863  -24.212  87.504 0.0000000000
53497  5.394  -24.536  87.141 0.0000000000
66812  36.712  -11.512  67.647 0.0000000000
65841  34.378  -12.008  69.597 0.0000000000
65853  33.213  -12.551  68.896 0.0000000000
65842  33.671  -12.540  69.687 0.0000000000
64845  32.945  -13.706  70.934 0.0000000000
64854  32.716  -13.473  70.126 0.0000000000
63878  32.230  -14.170  70.551 0.0000000000
136407  31.565  -14.696  70.138 0.0000000000
63879  31.671  -14.933  71.009 0.0000000000
63846  33.141  -15.284  73.887 0.0000000000
62878  31.368  -16.366  72.466 0.0000000000
62895  31.181  -15.910  71.442 0.0000000000
62879  30.891  -16.915  71.759 0.0000000000
61825  30.877  -17.768  71.362 0.0000000000
59679  32.528  -19.699  71.511 0.0000000000
60770  31.794  -19.180  71.195 0.0000000000
59713  33.140  -20.265  70.034 0.0000000000
59658  33.329  -19.999  72.800 0.0000000000
57693  34.726  -21.760  70.460 0.0000000000
55819  33.228  -24.097  69.406 0.0000000000
55830  33.686  -23.405  68.867 0.0000000000
54787  32.242  -24.702  68.409 0.0000000000
55648  31.645  -22.000  82.088 0.0000000000
55647  31.969  -22.353  82.335 0.0000000000
55663  31.501  -21.864  81.298 0.0000000000
54606  32.118  -22.520  80.252 0.0000000000
53580  32.283  -22.926  79.198 0.0000000000
53561  33.511  -23.046  80.429 0.0000000000
53579  32.979  -23.247  79.476 0.0000000000
53635  29.818  -23.728  76.395 0.0000000000
54660  29.853  -23.510  76.956 0.0000000000
53634  30.115  -23.981  76.682 0.0000000000
52648  32.288  -25.362  77.095 0.0000000000
52649  31.663  -24.973  77.365 0.0000000000
52628  33.131  -24.385  77.815 0.0000000000
53614  33.481  -23.965  78.230 0.0000000000
52627  33.560  -24.538  77.638 0.0000000000
53612  34.414  -24.088  77.695 0.0000000000
53631  34.141  -24.631  77.393 0.0000000000
53668  35.039  -25.090  75.428 0.0000000000
151689  35.308  -24.492  76.187 0.0000000000
150638  35.927  -23.845  75.840 0.0000000000
137401  35.912  -23.293  76.076 0.0000000000
54696  36.012  -23.764  75.207 0.0000000000
54711  35.480  -24.409  74.813 0.0000000000
54727  34.573  -25.131  73.412 0.0000000000
54728  33.905  -25.440  72.791 0.0000000000
54741  34.353  -24.930  72.489 0.0000000000
54742  33.471  -25.304  72.095 0.0000000000
53730  30.764  -25.714  72.029 0.0000000000
53715  31.399  -25.996  72.823 0.0000000000
53755  31.094  -25.111  70.232 0.0000000000
141720  31.391  -25.509  71.335 0.0000000000
54743  32.726  -25.329  71.468 0.0000000000
54764  32.669  -24.912  70.671 0.0000000000
54765  31.886  -24.766  70.003 0.0000000000
65871  38.879  -11.756  66.776 0.0000000000
127701  38.973  -12.080  65.930 0.0000000000
126696  37.433  -12.019  66.077 0.0000000000
65921  35.386  -12.842  64.705 0.0000000000
65920  36.251  -12.616  64.747 0.0000000000
126429  35.745  -12.721  64.099 0.0000000000
65933  36.053  -12.506  63.542 0.0000000000
65900  33.321  -12.751  65.651 0.0000000000
65901  32.444  -12.979  65.347 0.0000000000
65937  32.396  -13.129  63.401 0.0000000000
65935  34.275  -12.655  62.841 0.0000000000
65951  33.368  -12.884  62.021 0.0000000000
77737  57.441  -1.242  46.965 0.0000000000
76763  57.051  -2.058  46.282 0.0000000000
76762  57.762  -1.721  45.965 0.0000000000
131430  53.169  -3.562  48.490 0.0000000000
75789  52.861  -4.159  48.044 0.0000000000
67769  39.786  -10.578  64.606 0.0000000000
66858  39.482  -11.530  64.899 0.0000000000
66859  38.995  -11.915  64.771 0.0000000000
69685  41.063  -9.721  65.691 0.0000000000
58610  20.010  -19.340  75.727 0.0000000000
59613  20.402  -18.587  76.098 0.0000000000
59603  20.156  -18.466  76.782 0.0000000000
61737  24.589  -15.933  78.081 0.0000000000
61748  25.513  -16.402  77.461 0.0000000000
61761  23.449  -16.727  76.012 0.0000000000
60703  22.807  -17.063  75.549 0.0000000000
69741  42.561  -8.118  59.258 0.0000000000
134282  43.110  -8.696  58.439 0.0000000000
69768  42.724  -8.892  57.867 0.0000000000
69789  43.166  -9.131  57.569 0.0000000000
148394  43.274  -9.172  57.214 0.0000000000
58508  18.257  -19.018  84.122 0.0000000000
53532  9.493  -23.992  83.973 0.0000000000
52547  8.273  -25.195  84.935 0.0000000000
53507  7.721  -24.271  86.308 0.0000000000
60700  34.538  -18.482  76.756 0.0000000000
58617  34.599  -20.675  74.767 0.0000000000
55777  27.536  -23.007  73.340 0.0000000000
55760  28.030  -23.437  73.901 0.0000000000
55776  27.737  -23.876  73.050 0.0000000000
53718  27.954  -24.547  72.845 0.0000000000
53733  28.232  -25.005  72.693 0.0000000000
54744  27.772  -24.680  71.779 0.0000000000
53746  27.680  -25.059  70.778 0.0000000000
63887  31.444  -14.449  69.347 0.0000000000
63896  31.184  -14.212  68.589 0.0000000000
128187  30.479  -15.052  68.192 0.0000000000
75765  52.716  -3.025  52.132 0.0000000000
76718  53.081  -2.808  52.353 0.0000000000
76723  53.177  -2.593  51.406 0.0000000000
75788  53.950  -3.127  48.172 0.0000000000
70832  39.828  -7.616  60.456 0.0000000000
69742  39.104  -8.027  61.283 0.0000000000
69743  38.394  -8.425  61.119 0.0000000000
68744  37.212  -10.095  62.136 0.0000000000
67799  34.756  -11.133  60.826 0.0000000000
126671  42.362  -7.119  63.815 0.0000000000
71865  42.096  -6.576  62.404 0.0000000000
70817  41.932  -6.540  61.861 0.0000000000
55722  15.389  -22.760  77.112 0.0000000000
58531  30.314  -19.714  82.196 0.0000000000
57559  30.462  -20.330  81.597 0.0000000000
58543  30.163  -19.823  81.280 0.0000000000
58556  30.092  -20.027  80.348 0.0000000000
58569  29.507  -19.799  78.873 0.0000000000
58601  27.108  -19.241  75.412 0.0000000000
57628  27.406  -20.314  75.244 0.0000000000
57638  27.075  -20.497  74.831 0.0000000000
58630  26.397  -19.882  73.644 0.0000000000
127563  26.197  -20.161  72.838 0.0000000000
58644  25.590  -20.134  71.821 0.0000000000
58645  24.816  -19.483  71.993 0.0000000000
72874  49.606  -5.983  54.999 0.0000000000
73863  48.103  -5.073  52.221 0.0000000000
74853  48.702  -4.614  51.710 0.0000000000
74859  50.149  -3.809  51.833 0.0000000000
75776  50.571  -3.934  50.081 0.0000000000
61711  23.054  -17.100  80.980 0.0000000000
61710  23.753  -16.946  81.315 0.0000000000
60647  22.900  -17.236  82.594 0.0000000000
61702  26.586  -17.034  81.936 0.0000000000
69808  48.090  -8.810  57.316 0.0000000000
70877  47.085  -8.472  56.877 0.0000000000
59570  20.034  -17.720  80.063 0.0000000000
59571  19.138  -18.011  80.119 0.0000000000
57570  16.317  -19.440  80.212 0.0000000000
57585  15.879  -20.408  79.529 0.0000000000
56678  15.517  -21.170  79.094 0.0000000000
55677  13.139  -21.827  79.103 0.0000000000
55668  11.530  -22.023  80.535 0.0000000000
54598  10.985  -22.750  80.991 0.0000000000
133067  33.997  -12.546  70.308 0.0000000000
65836  34.042  -12.803  70.994 0.0000000000
64844  33.633  -13.352  71.297 0.0000000000
64836  33.146  -13.946  71.745 0.0000000000
62831  33.069  -16.517  75.196 0.0000000000
62844  32.621  -16.314  74.410 0.0000000000
62857  32.469  -15.796  73.544 0.0000000000
59678  33.232  -20.170  71.837 0.0000000000
57680  34.980  -21.807  71.915 0.0000000000
58656  34.528  -21.208  71.885 0.0000000000
56796  35.067  -22.227  70.905 0.0000000000
55829  34.341  -22.985  69.862 0.0000000000
55672  30.758  -21.606  79.575 0.0000000000
54590  31.274  -21.789  80.199 0.0000000000
54608  30.790  -22.091  79.026 0.0000000000
54624  30.846  -22.701  78.409 0.0000000000
53598  30.940  -23.371  77.891 0.0000000000
53672  29.775  -24.819  75.503 0.0000000000
127858  30.373  -24.667  76.639 0.0000000000
128464  30.845  -25.421  76.306 0.0000000000
52670  31.549  -25.538  76.726 0.0000000000
52668  32.891  -25.673  76.687 0.0000000000
52646  33.607  -25.237  76.961 0.0000000000
148343  33.355  -25.802  76.297 0.0000000000
53669  34.133  -25.551  75.433 0.0000000000
53689  35.013  -25.060  74.350 0.0000000000
53690  34.238  -25.513  74.355 0.0000000000
131799  29.398  -25.216  70.571 0.0000000000
53756  30.110  -25.058  69.876 0.0000000000
53769  31.284  -24.890  69.152 0.0000000000
146814  30.569  -24.966  69.301 0.0000000000
65859  37.169  -11.786  66.888 0.0000000000
65873  36.530  -12.093  66.173 0.0000000000
65899  35.018  -12.711  65.482 0.0000000000
65922  34.453  -12.930  64.792 0.0000000000
64886  30.835  -13.838  65.232 0.0000000000
64901  31.591  -13.462  64.848 0.0000000000
69720  39.938  -8.581  63.274 0.0000000000
69721  39.364  -8.961  62.950 0.0000000000
68737  39.035  -9.846  63.386 0.0000000000
68738  38.450  -10.241  63.002 0.0000000000
67780  37.370  -11.314  62.956 0.0000000000
66897  36.666  -11.632  62.750 0.0000000000
133183  43.236  -7.400  65.274 0.0000000000
71837  42.461  -7.575  64.711 0.0000000000
69696  41.509  -8.803  65.373 0.0000000000
70790  41.924  -8.221  65.074 0.0000000000
57640  18.734  -21.208  75.393 0.0000000000
57629  18.979  -20.583  75.739 0.0000000000
57630  18.456  -21.044  76.206 0.0000000000
56717  18.037  -21.269  76.954 0.0000000000
56706  17.771  -21.295  77.247 0.0000000000
60661  28.504  -17.650  79.978 0.0000000000
129334  27.711  -17.374  78.446 0.0000000000
60682  27.269  -17.642  77.370 0.0000000000
60693  26.208  -17.230  76.912 0.0000000000
59611  26.196  -18.219  75.465 0.0000000000
141888  25.571  -18.138  74.827 0.0000000000
59631  24.303  -18.543  73.838 0.0000000000
60735  22.444  -18.582  73.558 0.0000000000
72877  46.724  -6.415  53.845 0.0000000000
72891  47.157  -5.965  53.278 0.0000000000
127469  24.748  -16.356  83.898 0.0000000000
60628  25.166  -16.091  84.140 0.0000000000
70828  44.742  -8.040  59.725 0.0000000000
68754  45.269  -9.047  59.078 0.0000000000
68768  43.886  -9.014  58.512 0.0000000000
68767  44.669  -9.215  58.559 0.0000000000
68781  45.891  -9.596  58.565 0.0000000000
68796  45.264  -9.523  58.238 0.0000000000
69786  45.268  -9.412  57.709 0.0000000000
69810  45.536  -9.044  57.034 0.0000000000
69849  42.907  -8.767  54.564 0.0000000000
58544  19.260  -18.245  82.323 0.0000000000
58534  18.288  -18.508  82.371 0.0000000000
150807  17.862  -18.592  82.517 0.0000000000
58520  17.675  -18.763  83.260 0.0000000000
58535  17.127  -18.639  82.175 0.0000000000
57541  10.987  -20.170  84.272 0.0000000000
147159  10.406  -22.122  84.027 0.0000000000
55638  10.259  -22.887  82.707 0.0000000000
131740  9.237  -24.607  83.590 0.0000000000
61771  33.913  -17.280  76.161 0.0000000000
61784  33.313  -17.439  75.642 0.0000000000
59641  33.402  -19.647  73.943 0.0000000000
58629  34.453  -20.938  73.986 0.0000000000
57658  34.636  -21.343  73.340 0.0000000000
130960  34.642  -21.426  72.526 0.0000000000
151063  29.223  -22.470  76.767 0.0000000000
55715  29.415  -22.741  76.970 0.0000000000
54662  29.225  -22.698  76.312 0.0000000000
152447  29.223  -23.051  75.719 0.0000000000
147888  29.407  -23.522  75.463 0.0000000000
54713  28.720  -23.695  74.277 0.0000000000
54698  29.362  -23.932  74.768 0.0000000000
53696  29.443  -24.775  74.784 0.0000000000
53695  29.680  -25.237  74.254 0.0000000000
53694  30.275  -25.778  73.970 0.0000000000
52717  31.070  -26.132  73.664 0.0000000000
53731  29.778  -25.580  72.374 0.0000000000
132717  29.106  -25.333  71.631 0.0000000000
145779  33.234  -12.431  67.968 0.0000000000
135354  32.984  -12.629  67.323 0.0000000000
64872  30.704  -13.901  66.731 0.0000000000
63923  30.251  -14.684  65.135 0.0000000000
75798  55.319  -2.957  46.941 0.0000000000
69755  41.180  -8.365  58.423 0.0000000000
69770  40.715  -8.366  58.091 0.0000000000
70845  39.005  -7.809  59.498 0.0000000000
127361  38.602  -8.917  61.858 0.0000000000
68755  36.888  -9.616  61.425 0.0000000000
69745  36.632  -9.188  60.671 0.0000000000
69758  36.302  -9.065  59.937 0.0000000000
71880  44.447  -6.930  61.016 0.0000000000
70815  44.008  -7.353  60.422 0.0000000000
70829  43.213  -7.584  60.079 0.0000000000
69754  41.735  -8.291  58.841 0.0000000000
56628  32.262  -21.395  84.042 0.0000000000
55614  32.015  -21.686  83.380 0.0000000000
56638  31.594  -21.536  83.101 0.0000000000
56643  31.487  -21.639  82.451 0.0000000000
56658  31.027  -21.286  81.091 0.0000000000
56659  30.661  -21.018  80.431 0.0000000000
56672  30.760  -21.328  80.043 0.0000000000
55673  30.341  -21.581  78.936 0.0000000000
56687  29.945  -21.548  78.441 0.0000000000
56704  29.552  -21.935  77.699 0.0000000000
59578  28.996  -19.129  78.315 0.0000000000
58578  29.184  -20.244  77.958 0.0000000000
137362  28.794  -20.637  77.399 0.0000000000
56715  28.878  -21.772  76.912 0.0000000000
56731  28.896  -22.093  76.489 0.0000000000
56732  28.423  -21.772  75.829 0.0000000000
55732  28.310  -22.057  75.527 0.0000000000
56752  27.350  -21.967  74.633 0.0000000000
57637  27.211  -21.281  74.835 0.0000000000
56764  27.188  -22.228  73.783 0.0000000000
57669  27.037  -22.489  72.715 0.0000000000
56775  26.835  -22.558  71.503 0.0000000000
59660  23.344  -19.061  72.218 0.0000000000
135902  30.474  -17.192  70.096 0.0000000000
74840  53.024  -4.974  53.854 0.0000000000
72890  48.000  -5.629  53.757 0.0000000000
74841  52.058  -4.860  53.735 0.0000000000
75757  52.648  -3.703  52.819 0.0000000000
128018  53.223  -2.938  49.977 0.0000000000
60684  21.239  -16.869  77.754 0.0000000000
59558  20.728  -17.852  82.426 0.0000000000
129299  22.816  -17.187  83.297 0.0000000000
129021  22.608  -17.038  84.330 0.0000000000
60640  22.309  -17.304  83.744 0.0000000000
60648  22.063  -17.593  82.979 0.0000000000
60649  21.298  -17.882  82.996 0.0000000000
59559  19.995  -18.141  82.835 0.0000000000
58518  19.609  -18.774  83.865 0.0000000000
59532  20.192  -18.792  85.010 0.0000000000
56603  33.256  -21.002  85.120 0.0000000000
56617  32.436  -21.095  84.705 0.0000000000
56618  32.024  -20.946  84.355 0.0000000000
57546  31.590  -20.727  84.028 0.0000000000
58516  30.780  -19.906  83.411 0.0000000000
58530  30.641  -20.087  82.779 0.0000000000
59556  29.930  -18.916  81.709 0.0000000000
59563  29.480  -18.284  81.317 0.0000000000
130693  25.889  -16.427  79.344 0.0000000000
71930  51.309  -7.891  55.723 0.0000000000
70894  49.117  -7.883  56.420 0.0000000000
71932  49.643  -7.202  56.067 0.0000000000
149119  47.149  -6.549  54.706 0.0000000000
70878  46.041  -8.358  56.375 0.0000000000
70896  46.217  -7.601  55.502 0.0000000000
71962  46.050  -6.955  53.365 0.0000000000
59591  19.959  -18.254  77.522 0.0000000000
58580  19.394  -18.872  77.488 0.0000000000
59592  19.566  -18.241  78.117 0.0000000000
134526  18.951  -19.649  77.177 0.0000000000
58582  18.399  -20.247  77.456 0.0000000000
138879  17.479  -21.271  77.565 0.0000000000
57582  17.754  -19.847  78.645 0.0000000000
56692  17.437  -20.768  78.072 0.0000000000
55704  15.958  -22.159  77.542 0.0000000000
55705  15.047  -22.368  77.723 0.0000000000
54649  14.551  -23.141  77.358 0.0000000000
58510  15.868  -19.064  83.679 0.0000000000
58549  14.532  -19.548  81.088 0.0000000000
58525  12.995  -19.509  82.779 0.0000000000
57553  12.251  -20.055  82.032 0.0000000000
57560  13.662  -20.025  81.260 0.0000000000
57573  13.933  -20.327  80.530 0.0000000000
55678  12.143  -22.238  79.639 0.0000000000
55692  12.700  -22.605  78.854 0.0000000000
53508  6.893  -24.305  86.584 0.0000000000
53510  5.653  -25.349  86.585 0.0000000000
150861  5.917  -24.194  87.050 0.0000000000
142749  40.114  -11.517  66.525 0.0000000000
66813  35.608  -11.500  67.862 0.0000000000
138861  33.854  -12.058  68.114 0.0000000000
64859  32.577  -13.247  69.287 0.0000000000
62877  32.118  -15.471  72.805 0.0000000000
61842  30.650  -17.843  70.524 0.0000000000
60759  31.303  -18.513  71.587 0.0000000000
59697  31.553  -19.344  70.420 0.0000000000
58657  34.273  -21.066  71.198 0.0000000000
58658  33.708  -20.626  71.298 0.0000000000
58686  34.097  -21.167  69.816 0.0000000000
56807  33.799  -22.997  68.057 0.0000000000
55839  33.368  -23.729  67.951 0.0000000000
144598  35.549  -21.272  76.497 0.0000000000
55629  32.174  -22.100  82.935 0.0000000000
54552  32.389  -22.598  82.461 0.0000000000
152265  32.680  -22.959  82.092 0.0000000000
54589  31.760  -22.166  80.770 0.0000000000
54587  32.788  -22.968  81.416 0.0000000000
54571  33.626  -22.997  81.849 0.0000000000
54605  34.177  -23.086  79.734 0.0000000000
54643  29.666  -23.042  77.203 0.0000000000
53633  30.672  -24.370  77.103 0.0000000000
53616  31.825  -24.230  77.527 0.0000000000
53596  32.722  -23.591  78.580 0.0000000000
141437  33.246  -23.707  78.808 0.0000000000
53595  33.828  -23.757  78.608 0.0000000000
54622  34.430  -23.424  78.946 0.0000000000
144821  35.173  -23.101  78.427 0.0000000000
53630  34.748  -24.610  77.110 0.0000000000
54658  35.417  -23.649  77.131 0.0000000000
55713  35.691  -22.514  77.175 0.0000000000
56729  35.755  -22.242  76.965 0.0000000000
56740  35.746  -21.975  76.848 0.0000000000
57635  35.645  -21.838  76.365 0.0000000000
128146  35.680  -22.248  75.510 0.0000000000
56751  35.843  -22.612  74.623 0.0000000000
55774  35.857  -22.919  73.960 0.0000000000
127517  35.312  -24.436  73.908 0.0000000000
55775  35.658  -23.610  73.657 0.0000000000
55791  34.882  -24.215  72.171 0.0000000000
53714  32.271  -25.962  72.762 0.0000000000
53728  32.604  -25.648  72.159 0.0000000000
54778  31.986  -24.618  69.105 0.0000000000
65894  39.354  -11.980  65.957 0.0000000000
127728  38.971  -12.090  65.328 0.0000000000
65918  38.370  -12.212  64.708 0.0000000000
65897  36.716  -12.398  65.432 0.0000000000
144434  37.018  -12.577  64.869 0.0000000000
65932  37.613  -12.317  64.137 0.0000000000
65948  35.549  -12.460  63.007 0.0000000000
65949  34.822  -12.448  62.669 0.0000000000
65876  33.572  -12.598  66.445 0.0000000000
152197  33.862  -12.847  65.202 0.0000000000
65924  32.440  -13.111  64.358 0.0000000000
146429  33.162  -12.891  63.918 0.0000000000
65923  34.066  -12.898  63.998 0.0000000000
150306  34.449  -12.812  63.515 0.0000000000
65965  34.404  -12.327  61.855 0.0000000000
127493  53.529  -3.010  49.139 0.0000000000
52629  32.491  -24.564  77.627 0.0000000000
52687  32.859  -26.105  75.866 0.0000000000
52690  30.766  -25.782  75.448 0.0000000000
53563  32.679  -22.785  80.355 0.0000000000
53578  33.380  -23.339  79.545 0.0000000000
53597  31.890  -23.519  78.051 0.0000000000
53613  33.928  -24.077  77.951 0.0000000000
53617  31.114  -23.985  77.452 0.0000000000
53632  31.191  -24.561  77.371 0.0000000000
53651  34.990  -24.964  76.486 0.0000000000
53652  34.337  -25.059  76.780 0.0000000000
53653  33.892  -25.517  76.233 0.0000000000
53654  30.228  -25.130  75.874 0.0000000000
53670  33.496  -25.967  75.594 0.0000000000
53673  29.661  -24.071  75.602 0.0000000000
54551  32.949  -22.704  82.466 0.0000000000
54573  31.854  -22.318  81.704 0.0000000000
54588  32.268  -22.558  81.170 0.0000000000
54621  34.864  -22.987  79.092 0.0000000000
54623  34.092  -23.570  78.985 0.0000000000
54626  29.881  -22.708  77.712 0.0000000000
54641  34.725  -23.543  78.220 0.0000000000
54642  29.889  -23.261  77.334 0.0000000000
54680  35.183  -24.303  76.816 0.0000000000
54681  29.516  -23.369  76.084 0.0000000000
55613  32.485  -21.790  83.701 0.0000000000
55627  33.189  -22.258  83.006 0.0000000000
55628  32.642  -22.234  83.031 0.0000000000
55649  31.373  -21.602  81.680 0.0000000000
55731  35.751  -22.722  76.670 0.0000000000
55758  35.980  -23.330  74.509 0.0000000000
56604  32.951  -21.009  85.183 0.0000000000
56615  33.083  -21.403  84.724 0.0000000000
56616  32.792  -21.321  84.756 0.0000000000
56629  31.826  -21.251  83.708 0.0000000000
56705  29.185  -21.650  77.426 0.0000000000
56730  35.762  -22.490  76.283 0.0000000000
57538  32.025  -20.617  85.081 0.0000000000
60670  26.407  -16.509  78.595 0.0000000000
61751  22.162  -16.461  77.234 0.0000000000
65870  39.694  -11.740  66.508 0.0000000000
65872  38.310  -12.056  66.019 0.0000000000
65893  39.754  -11.741  65.981 0.0000000000
65895  38.369  -12.244  65.325 0.0000000000
65919  37.632  -12.422  64.748 0.0000000000
66857  39.844  -11.474  65.472 0.0000000000
66872  36.898  -12.320  63.583 0.0000000000
67757  39.508  -11.143  64.588 0.0000000000
68719  40.653  -9.896  65.289 0.0000000000
132660  32.459  -23.953  77.914 0.0000000000
134989  30.352  -24.130  76.871 0.0000000000
134994  33.532  -23.673  78.893 0.0000000000
136582  33.184  -23.075  81.988 0.0000000000
139057  32.880  -22.004  83.605 0.0000000000
139553  33.325  -23.087  81.303 0.0000000000
143346  19.768  -18.923  84.471 0.0000000000
144630  36.185  -12.349  65.743 0.0000000000
145611  35.733  -23.927  76.377 0.0000000000
145826  33.604  -21.854  83.612 0.0000000000
146827  31.334  -26.165  75.122 0.0000000000
147421  30.320  -22.524  78.204 0.0000000000
151595  34.517  -23.075  79.437 0.0000000000
152037  33.975  -24.090  70.515 0.0000000000
