#!ascii label  , from subject sub-v2s4x29611_ses-1 vox2ras=TkReg
831
53487  28.331  -26.649  88.444 0.0000000000
63886  45.926  -15.633  69.059 0.0000000000
61930  50.265  -17.649  63.338 0.0000000000
132656  48.353  -20.031  77.268 0.0000000000
48311  34.231  -30.835  84.217 0.0000000000
45255  32.197  -32.502  87.286 0.0000000000
62929  48.817  -16.574  67.114 0.0000000000
63881  52.735  -15.914  70.378 0.0000000000
57578  43.676  -21.354  80.744 0.0000000000
50404  38.767  -28.758  82.905 0.0000000000
66875  58.496  -11.949  63.076 0.0000000000
65911  51.710  -13.746  65.263 0.0000000000
60708  43.571  -17.892  75.653 0.0000000000
63812  48.904  -15.236  75.239 0.0000000000
50393  31.606  -28.659  85.849 0.0000000000
49253  29.848  -29.661  88.057 0.0000000000
138022  47.546  -15.016  68.587 0.0000000000
63890  50.249  -16.011  69.071 0.0000000000
64848  49.014  -14.238  70.597 0.0000000000
52624  43.572  -26.956  78.741 0.0000000000
47245  36.193  -31.297  85.621 0.0000000000
49343  36.522  -29.668  83.887 0.0000000000
47268  38.015  -31.705  83.352 0.0000000000
67733  57.882  -10.187  65.290 0.0000000000
65942  56.715  -13.982  63.034 0.0000000000
66853  56.152  -13.002  65.456 0.0000000000
64913  48.788  -15.007  63.885 0.0000000000
65867  49.520  -12.471  66.631 0.0000000000
63973  50.317  -15.360  62.456 0.0000000000
63984  52.618  -15.745  61.577 0.0000000000
61975  51.069  -17.930  61.398 0.0000000000
132008  45.634  -20.453  78.910 0.0000000000
59586  43.709  -19.427  78.240 0.0000000000
61731  46.190  -17.775  77.886 0.0000000000
63800  45.153  -15.727  76.123 0.0000000000
61741  48.141  -17.117  77.123 0.0000000000
61765  50.880  -16.730  74.674 0.0000000000
59605  50.350  -19.810  75.791 0.0000000000
49277  33.806  -30.877  86.596 0.0000000000
63919  47.083  -15.241  65.537 0.0000000000
61900  49.678  -16.792  64.939 0.0000000000
146388  51.591  -17.417  66.498 0.0000000000
60786  54.473  -18.481  68.611 0.0000000000
53548  41.185  -25.597  81.903 0.0000000000
54583  43.227  -24.258  81.017 0.0000000000
55694  44.603  -23.519  78.631 0.0000000000
133461  46.575  -22.963  76.591 0.0000000000
55742  49.724  -23.726  75.438 0.0000000000
52576  38.781  -26.777  82.205 0.0000000000
50444  40.979  -28.540  81.767 0.0000000000
66910  57.911  -12.431  59.688 0.0000000000
67720  53.615  -11.247  66.597 0.0000000000
140281  54.527  -14.813  63.714 0.0000000000
63020  54.804  -17.048  60.419 0.0000000000
148671  47.929  -14.921  72.019 0.0000000000
127231  50.314  -14.452  73.489 0.0000000000
61805  52.691  -17.029  72.856 0.0000000000
49256  28.593  -28.529  88.184 0.0000000000
51458  29.538  -27.984  88.195 0.0000000000
48276  29.256  -29.762  87.651 0.0000000000
64858  46.840  -14.886  68.599 0.0000000000
63884  47.847  -14.539  69.452 0.0000000000
64850  47.464  -14.240  69.976 0.0000000000
46286  37.053  -31.947  84.422 0.0000000000
68713  56.656  -10.036  65.615 0.0000000000
66835  57.298  -11.681  65.675 0.0000000000
67717  55.852  -10.866  66.336 0.0000000000
62972  49.217  -16.290  63.356 0.0000000000
64912  49.428  -15.263  63.244 0.0000000000
146838  49.705  -16.577  62.657 0.0000000000
63986  50.813  -16.460  61.570 0.0000000000
58586  46.815  -20.199  77.650 0.0000000000
59585  45.661  -19.139  78.616 0.0000000000
144445  47.150  -18.802  77.909 0.0000000000
61729  47.245  -17.615  77.659 0.0000000000
141138  48.211  -18.605  77.346 0.0000000000
59606  49.481  -19.138  76.436 0.0000000000
58595  49.567  -20.486  76.477 0.0000000000
146345  32.124  -29.849  86.733 0.0000000000
47227  32.892  -31.491  87.224 0.0000000000
45261  34.462  -32.617  86.575 0.0000000000
62931  47.375  -15.953  66.695 0.0000000000
63920  46.519  -14.765  66.158 0.0000000000
62942  47.661  -16.059  65.642 0.0000000000
62949  48.500  -16.303  64.772 0.0000000000
62941  48.880  -16.645  65.927 0.0000000000
126310  51.061  -17.243  65.920 0.0000000000
61874  50.921  -17.082  66.780 0.0000000000
144338  51.789  -15.657  69.993 0.0000000000
61859  52.685  -16.910  68.689 0.0000000000
61846  54.085  -17.337  69.705 0.0000000000
60778  54.584  -18.838  69.595 0.0000000000
61834  53.946  -17.554  70.733 0.0000000000
52575  41.720  -26.838  81.743 0.0000000000
53546  42.106  -25.313  81.577 0.0000000000
52587  42.608  -26.348  81.058 0.0000000000
53608  43.798  -25.374  78.074 0.0000000000
55709  45.058  -23.153  76.868 0.0000000000
50406  37.423  -29.375  83.650 0.0000000000
131129  37.808  -28.130  82.804 0.0000000000
51550  39.169  -27.739  82.696 0.0000000000
51548  40.238  -27.472  82.445 0.0000000000
50422  39.984  -28.512  82.355 0.0000000000
68725  58.709  -9.725  64.076 0.0000000000
138994  58.192  -12.245  61.408 0.0000000000
63967  56.369  -15.418  62.352 0.0000000000
65886  51.158  -13.106  66.196 0.0000000000
67724  49.635  -11.742  66.336 0.0000000000
66823  51.166  -11.896  66.685 0.0000000000
68699  51.864  -10.979  66.276 0.0000000000
66840  52.650  -12.318  66.583 0.0000000000
65883  54.250  -13.144  65.803 0.0000000000
64893  52.938  -14.291  64.172 0.0000000000
61991  53.194  -17.598  60.472 0.0000000000
63008  53.143  -16.381  60.849 0.0000000000
57565  42.652  -22.314  80.941 0.0000000000
57590  42.216  -21.363  79.046 0.0000000000
59607  43.819  -18.697  76.364 0.0000000000
148255  43.322  -20.199  76.279 0.0000000000
63814  46.701  -15.377  76.096 0.0000000000
63829  44.752  -15.649  74.753 0.0000000000
62827  46.257  -15.838  74.670 0.0000000000
62851  46.915  -16.768  72.876 0.0000000000
63839  48.349  -15.575  74.005 0.0000000000
64816  48.983  -14.526  72.915 0.0000000000
64795  49.505  -14.974  74.596 0.0000000000
60716  51.431  -18.204  74.433 0.0000000000
61794  52.028  -16.943  73.632 0.0000000000
60732  51.826  -18.220  73.453 0.0000000000
59670  52.200  -18.225  71.697 0.0000000000
50370  30.930  -28.848  87.405 0.0000000000
46256  31.166  -31.707  87.679 0.0000000000
45281  31.109  -32.958  86.273 0.0000000000
47238  29.905  -31.160  87.364 0.0000000000
150664  48.007  -15.697  68.166 0.0000000000
62916  49.781  -16.433  68.360 0.0000000000
63891  49.303  -15.782  68.982 0.0000000000
131222  49.826  -15.373  69.603 0.0000000000
63876  51.172  -15.084  70.636 0.0000000000
147523  35.159  -30.650  85.647 0.0000000000
48310  35.245  -30.662  84.231 0.0000000000
48298  36.619  -30.622  85.092 0.0000000000
49308  37.449  -30.469  84.258 0.0000000000
48308  38.451  -30.369  83.282 0.0000000000
47266  39.586  -30.890  82.437 0.0000000000
47267  38.884  -31.461  82.769 0.0000000000
66862  58.270  -11.552  64.620 0.0000000000
66876  57.789  -12.655  62.803 0.0000000000
66851  57.731  -12.185  64.907 0.0000000000
65906  56.549  -13.484  64.624 0.0000000000
64906  55.951  -14.676  63.814 0.0000000000
65889  47.942  -13.268  66.291 0.0000000000
131809  48.810  -14.561  64.504 0.0000000000
142264  50.307  -14.268  64.396 0.0000000000
64895  51.177  -14.182  64.362 0.0000000000
64909  52.614  -14.634  63.421 0.0000000000
142691  50.815  -15.609  61.964 0.0000000000
63010  51.515  -17.080  61.021 0.0000000000
57576  44.808  -21.133  80.234 0.0000000000
58564  43.533  -20.336  79.940 0.0000000000
59574  44.554  -19.793  79.432 0.0000000000
60678  44.917  -18.616  78.192 0.0000000000
61745  44.491  -17.362  77.012 0.0000000000
62812  44.080  -16.346  75.699 0.0000000000
62782  45.943  -16.555  77.273 0.0000000000
63781  47.116  -15.879  76.998 0.0000000000
62794  48.393  -15.969  76.585 0.0000000000
62811  49.586  -15.734  75.584 0.0000000000
61754  49.575  -17.441  75.914 0.0000000000
127325  50.374  -18.132  75.448 0.0000000000
58606  51.143  -19.742  74.998 0.0000000000
50409  31.571  -28.745  84.900 0.0000000000
49313  32.851  -29.866  85.257 0.0000000000
49312  34.214  -30.567  85.748 0.0000000000
48280  34.814  -31.408  86.386 0.0000000000
45296  35.344  -33.399  85.257 0.0000000000
64898  47.448  -14.949  65.048 0.0000000000
62957  48.571  -16.014  64.033 0.0000000000
61913  50.005  -17.091  64.040 0.0000000000
61898  51.143  -17.684  65.177 0.0000000000
61885  51.676  -17.809  66.015 0.0000000000
60801  52.887  -18.688  66.595 0.0000000000
62927  51.321  -17.017  67.774 0.0000000000
61872  52.794  -17.668  67.605 0.0000000000
54585  40.301  -24.862  81.335 0.0000000000
55660  41.573  -23.875  81.471 0.0000000000
55658  42.511  -23.407  81.352 0.0000000000
142532  43.542  -23.117  81.036 0.0000000000
53591  43.426  -25.842  80.067 0.0000000000
134412  44.073  -24.362  80.100 0.0000000000
56668  44.723  -22.574  80.326 0.0000000000
56698  45.189  -22.245  78.453 0.0000000000
57610  46.014  -21.363  77.342 0.0000000000
57622  48.000  -21.763  77.024 0.0000000000
57621  48.949  -21.961  76.754 0.0000000000
55726  49.084  -23.664  76.246 0.0000000000
53550  39.945  -26.056  82.199 0.0000000000
52561  40.867  -26.926  82.281 0.0000000000
136170  41.801  -28.453  81.270 0.0000000000
48316  40.559  -29.723  81.906 0.0000000000
48329  41.360  -29.413  81.414 0.0000000000
67804  59.147  -11.369  59.594 0.0000000000
68687  54.135  -10.847  66.381 0.0000000000
66838  54.641  -12.279  66.388 0.0000000000
65908  54.841  -13.958  65.004 0.0000000000
63955  55.076  -15.157  63.294 0.0000000000
63957  53.410  -15.022  63.053 0.0000000000
63982  54.675  -16.051  61.779 0.0000000000
63006  55.542  -16.521  60.930 0.0000000000
58587  42.921  -20.530  77.869 0.0000000000
62870  46.340  -16.867  71.370 0.0000000000
63870  46.951  -14.946  70.618 0.0000000000
130266  48.222  -14.227  71.197 0.0000000000
64830  50.040  -14.196  72.023 0.0000000000
63869  52.189  -15.285  72.302 0.0000000000
62825  50.837  -15.775  74.555 0.0000000000
63836  52.216  -15.749  73.263 0.0000000000
63853  53.145  -16.359  72.171 0.0000000000
60753  53.528  -17.932  71.102 0.0000000000
56722  50.348  -22.339  75.617 0.0000000000
57652  50.729  -21.235  74.548 0.0000000000
51449  28.506  -27.714  88.423 0.0000000000
51450  27.896  -27.259  88.509 0.0000000000
52485  28.103  -26.962  88.540 0.0000000000
52484  28.767  -27.462  88.373 0.0000000000
50348  28.983  -28.451  88.270 0.0000000000
64852  46.411  -15.063  68.783 0.0000000000
64851  46.819  -14.545  69.409 0.0000000000
147690  46.358  -15.036  69.395 0.0000000000
68695  55.820  -10.370  66.070 0.0000000000
68696  54.920  -10.413  66.040 0.0000000000
61931  49.656  -16.960  63.277 0.0000000000
61953  50.079  -17.342  62.578 0.0000000000
60832  50.596  -18.178  62.612 0.0000000000
58573  47.731  -20.106  77.473 0.0000000000
59583  47.034  -19.456  77.861 0.0000000000
59597  47.826  -19.247  77.531 0.0000000000
60689  47.518  -18.333  77.666 0.0000000000
59596  48.576  -19.490  77.140 0.0000000000
58585  48.883  -20.322  76.899 0.0000000000
132115  31.826  -31.552  87.597 0.0000000000
127927  32.275  -31.107  87.450 0.0000000000
46254  32.359  -32.079  87.385 0.0000000000
45263  32.559  -32.989  87.032 0.0000000000
142716  48.115  -16.341  66.540 0.0000000000
128116  49.756  -16.843  66.841 0.0000000000
62900  52.501  -16.360  69.400 0.0000000000
62899  53.459  -16.607  69.981 0.0000000000
62898  53.862  -17.106  70.421 0.0000000000
62887  53.407  -16.360  70.811 0.0000000000
51564  42.185  -27.199  81.374 0.0000000000
52574  42.151  -26.181  81.516 0.0000000000
137995  42.678  -27.289  80.870 0.0000000000
50405  38.112  -29.074  83.362 0.0000000000
51551  37.681  -28.603  83.216 0.0000000000
51527  38.044  -28.662  83.225 0.0000000000
52565  38.354  -28.021  82.804 0.0000000000
51526  38.606  -28.381  82.906 0.0000000000
51525  39.225  -28.079  82.728 0.0000000000
50423  39.274  -28.936  82.626 0.0000000000
133787  58.965  -11.149  63.359 0.0000000000
146672  59.059  -10.207  63.647 0.0000000000
67773  59.007  -11.513  62.335 0.0000000000
142249  58.420  -12.126  62.357 0.0000000000
65866  50.589  -12.407  66.633 0.0000000000
66841  51.628  -12.335  66.632 0.0000000000
66822  52.155  -11.763  66.733 0.0000000000
65885  52.201  -13.096  66.033 0.0000000000
65884  53.231  -13.118  65.894 0.0000000000
65910  52.794  -13.845  65.064 0.0000000000
134766  53.855  -18.449  60.585 0.0000000000
57579  42.930  -21.601  80.661 0.0000000000
57591  42.045  -21.850  79.714 0.0000000000
58553  43.241  -20.921  80.353 0.0000000000
59616  43.478  -18.890  75.341 0.0000000000
139345  47.282  -15.343  75.746 0.0000000000
148811  47.072  -15.444  75.182 0.0000000000
63827  48.135  -15.407  75.085 0.0000000000
62826  47.486  -15.923  74.399 0.0000000000
63826  49.014  -15.117  74.411 0.0000000000
59635  51.494  -18.967  73.940 0.0000000000
149976  51.613  -18.440  74.055 0.0000000000
59650  51.621  -18.647  73.199 0.0000000000
60746  51.568  -18.463  72.322 0.0000000000
51457  30.168  -27.983  87.972 0.0000000000
51471  30.333  -28.164  87.639 0.0000000000
50345  30.515  -29.162  87.769 0.0000000000
49264  31.005  -29.837  87.835 0.0000000000
48266  30.631  -30.117  87.914 0.0000000000
46257  30.539  -31.479  87.608 0.0000000000
47231  29.866  -31.030  87.654 0.0000000000
64864  47.004  -15.333  68.047 0.0000000000
63901  46.820  -15.656  67.315 0.0000000000
63893  47.191  -15.104  68.314 0.0000000000
63899  47.371  -15.555  67.751 0.0000000000
63892  48.373  -15.378  68.874 0.0000000000
64849  48.222  -14.194  70.291 0.0000000000
63883  48.909  -14.819  69.762 0.0000000000
64847  49.997  -14.672  70.425 0.0000000000
49292  36.052  -30.626  85.473 0.0000000000
49311  35.820  -30.505  85.488 0.0000000000
48289  36.295  -30.861  85.482 0.0000000000
46292  37.511  -31.875  83.871 0.0000000000
46285  37.407  -31.504  84.281 0.0000000000
129146  37.719  -31.360  83.871 0.0000000000
48309  37.828  -30.766  83.846 0.0000000000
47260  38.319  -31.105  83.352 0.0000000000
69695  57.424  -9.887  65.084 0.0000000000
68712  57.916  -9.904  64.999 0.0000000000
68711  58.286  -10.018  64.768 0.0000000000
67751  58.137  -10.686  65.088 0.0000000000
66850  57.876  -11.395  65.284 0.0000000000
66836  56.486  -12.021  66.034 0.0000000000
66852  56.955  -12.603  65.186 0.0000000000
65928  56.261  -14.148  64.128 0.0000000000
65907  55.827  -13.988  64.719 0.0000000000
64897  48.093  -14.728  64.683 0.0000000000
65914  48.427  -14.023  65.508 0.0000000000
64925  50.068  -14.916  62.960 0.0000000000
64896  49.600  -14.659  63.842 0.0000000000
64911  50.594  -14.541  63.552 0.0000000000
64924  50.953  -14.903  62.666 0.0000000000
63011  50.742  -17.219  61.540 0.0000000000
61974  51.761  -17.964  60.976 0.0000000000
60850  51.778  -18.806  61.502 0.0000000000
57589  45.205  -21.105  79.525 0.0000000000
58563  44.706  -20.172  79.808 0.0000000000
58562  45.090  -20.384  79.702 0.0000000000
60676  46.274  -18.378  78.128 0.0000000000
60666  45.041  -19.244  78.781 0.0000000000
60677  45.623  -18.504  78.231 0.0000000000
61733  44.742  -17.980  77.566 0.0000000000
61732  45.482  -17.746  77.746 0.0000000000
61744  45.031  -17.162  77.342 0.0000000000
62774  46.100  -17.173  77.581 0.0000000000
61742  47.578  -16.997  77.399 0.0000000000
136428  46.943  -16.368  77.328 0.0000000000
131290  47.927  -16.431  77.069 0.0000000000
62795  47.766  -15.883  76.834 0.0000000000
147620  48.416  -16.570  76.752 0.0000000000
62793  49.082  -16.308  76.232 0.0000000000
61755  48.756  -17.260  76.587 0.0000000000
146323  49.964  -19.341  76.003 0.0000000000
60697  49.800  -18.597  75.951 0.0000000000
60707  50.395  -19.072  75.610 0.0000000000
59615  50.745  -19.566  75.386 0.0000000000
58607  50.763  -20.270  75.423 0.0000000000
135106  31.183  -28.223  85.401 0.0000000000
145532  31.176  -28.616  84.052 0.0000000000
49278  32.727  -30.501  86.800 0.0000000000
49296  32.687  -29.917  86.161 0.0000000000
135835  33.385  -30.269  85.749 0.0000000000
49295  33.586  -30.508  86.313 0.0000000000
49294  34.538  -30.752  86.148 0.0000000000
48291  34.729  -31.000  86.274 0.0000000000
64883  46.775  -14.383  65.801 0.0000000000
62956  49.154  -16.595  63.974 0.0000000000
139174  50.465  -17.228  64.732 0.0000000000
60802  52.240  -18.347  66.148 0.0000000000
61884  52.311  -17.905  66.757 0.0000000000
62915  50.762  -16.564  68.447 0.0000000000
62928  50.320  -16.827  67.654 0.0000000000
134220  53.249  -17.377  68.391 0.0000000000
61871  53.743  -18.008  68.101 0.0000000000
60795  53.262  -18.343  67.336 0.0000000000
60794  54.151  -18.802  67.870 0.0000000000
54568  40.504  -25.243  81.869 0.0000000000
54584  40.995  -24.388  81.612 0.0000000000
54567  41.122  -25.001  81.795 0.0000000000
54564  42.609  -24.448  81.342 0.0000000000
55641  42.585  -23.876  81.407 0.0000000000
55640  43.142  -23.678  81.207 0.0000000000
134692  43.056  -23.219  81.231 0.0000000000
55657  43.738  -23.475  80.868 0.0000000000
52611  43.326  -26.930  79.767 0.0000000000
54637  44.138  -24.385  78.305 0.0000000000
53590  43.841  -25.000  79.395 0.0000000000
54618  44.309  -24.035  79.475 0.0000000000
55680  44.750  -23.247  79.773 0.0000000000
56682  45.011  -22.434  79.517 0.0000000000
56699  44.994  -22.905  78.867 0.0000000000
137257  45.699  -22.739  76.692 0.0000000000
56711  45.464  -22.249  77.338 0.0000000000
56727  46.153  -22.064  76.723 0.0000000000
57623  46.857  -21.470  76.982 0.0000000000
56726  47.246  -22.358  76.764 0.0000000000
56725  48.434  -22.852  76.681 0.0000000000
141794  47.598  -23.219  76.656 0.0000000000
142879  35.979  -30.068  84.429 0.0000000000
48319  35.430  -30.792  83.267 0.0000000000
131964  36.131  -30.104  83.163 0.0000000000
52589  38.294  -27.205  81.920 0.0000000000
52600  38.280  -27.132  81.063 0.0000000000
52588  38.734  -26.551  81.511 0.0000000000
53560  39.254  -26.151  81.905 0.0000000000
53551  39.344  -26.554  82.335 0.0000000000
126900  40.222  -27.905  82.378 0.0000000000
52562  40.308  -27.017  82.488 0.0000000000
50420  41.066  -27.887  81.823 0.0000000000
143362  41.395  -27.704  81.714 0.0000000000
50443  41.470  -28.126  81.558 0.0000000000
48317  39.828  -30.037  82.276 0.0000000000
48340  41.821  -29.565  80.794 0.0000000000
66902  58.674  -11.813  60.966 0.0000000000
66909  58.603  -11.799  60.094 0.0000000000
65941  57.151  -13.446  62.736 0.0000000000
65868  48.486  -12.494  66.600 0.0000000000
67726  47.937  -11.948  66.294 0.0000000000
66825  49.031  -12.127  66.593 0.0000000000
67721  52.678  -11.332  66.609 0.0000000000
68717  52.133  -10.730  65.556 0.0000000000
68688  53.120  -11.008  66.487 0.0000000000
68697  53.388  -10.665  66.063 0.0000000000
67719  54.580  -11.157  66.658 0.0000000000
66820  54.094  -11.594  66.677 0.0000000000
65909  53.830  -13.830  65.125 0.0000000000
64892  54.293  -14.375  64.353 0.0000000000
64907  55.256  -14.616  64.018 0.0000000000
63971  52.677  -15.165  62.552 0.0000000000
63021  53.697  -16.915  60.463 0.0000000000
63983  53.650  -16.022  61.301 0.0000000000
63007  54.219  -16.456  60.717 0.0000000000
59576  43.219  -20.101  79.229 0.0000000000
58576  42.773  -20.637  78.717 0.0000000000
59587  43.223  -19.978  78.487 0.0000000000
63801  44.460  -15.914  75.675 0.0000000000
62838  44.779  -16.182  73.580 0.0000000000
62868  47.497  -15.875  72.271 0.0000000000
61806  46.301  -17.201  72.352 0.0000000000
62869  46.956  -15.861  71.339 0.0000000000
62888  46.453  -15.743  70.548 0.0000000000
148100  47.463  -14.944  71.352 0.0000000000
64833  47.462  -14.471  70.755 0.0000000000
64832  47.953  -14.410  71.416 0.0000000000
64815  49.698  -14.402  73.256 0.0000000000
65826  49.258  -14.301  72.398 0.0000000000
65825  50.064  -14.251  72.809 0.0000000000
64829  50.788  -14.422  72.475 0.0000000000
64814  50.996  -14.599  73.222 0.0000000000
62810  50.257  -16.124  75.129 0.0000000000
63810  50.081  -15.354  74.994 0.0000000000
62835  51.785  -15.936  73.806 0.0000000000
146413  52.346  -16.411  73.301 0.0000000000
63854  52.552  -15.781  72.622 0.0000000000
61804  53.174  -16.901  72.263 0.0000000000
147464  53.388  -17.258  71.817 0.0000000000
60743  53.222  -17.551  71.755 0.0000000000
60767  53.117  -18.396  70.915 0.0000000000
56724  49.402  -22.843  76.332 0.0000000000
57620  49.845  -22.021  76.266 0.0000000000
56723  49.970  -22.817  75.927 0.0000000000
52499  29.746  -27.571  87.930 0.0000000000
137023  29.825  -29.057  88.017 0.0000000000
48267  29.983  -29.911  87.935 0.0000000000
49254  29.664  -29.121  88.018 0.0000000000
49265  28.904  -29.098  87.926 0.0000000000
63894  46.625  -15.404  68.101 0.0000000000
64857  47.173  -14.548  69.037 0.0000000000
45294  36.390  -32.338  84.927 0.0000000000
46273  36.624  -31.613  85.092 0.0000000000
126902  36.685  -32.615  84.265 0.0000000000
46293  37.197  -32.392  83.856 0.0000000000
69683  57.408  -10.118  65.519 0.0000000000
67734  57.496  -10.712  65.701 0.0000000000
68694  56.668  -10.446  65.974 0.0000000000
67735  56.656  -11.123  66.197 0.0000000000
66818  55.801  -11.374  66.487 0.0000000000
63958  48.971  -15.650  63.587 0.0000000000
63974  49.462  -15.885  62.878 0.0000000000
135732  50.063  -16.042  62.233 0.0000000000
62992  50.206  -16.903  62.000 0.0000000000
61952  50.502  -17.728  61.939 0.0000000000
57597  46.102  -20.632  77.995 0.0000000000
58575  45.612  -19.744  78.915 0.0000000000
58574  46.195  -19.833  78.313 0.0000000000
59584  46.391  -19.036  78.285 0.0000000000
61730  46.729  -17.682  77.793 0.0000000000
60675  46.883  -18.261  77.914 0.0000000000
138813  47.858  -17.738  77.439 0.0000000000
60688  48.472  -17.974  77.030 0.0000000000
60687  48.860  -18.888  76.919 0.0000000000
59595  49.192  -19.724  76.713 0.0000000000
131516  49.830  -19.871  76.272 0.0000000000
50381  31.979  -29.228  86.380 0.0000000000
47237  33.084  -31.084  87.056 0.0000000000
144808  34.240  -31.663  86.764 0.0000000000
46253  33.770  -32.695  86.910 0.0000000000
63908  46.802  -15.613  66.414 0.0000000000
62943  47.178  -15.640  65.883 0.0000000000
62958  47.845  -15.658  64.793 0.0000000000
61899  50.545  -17.096  65.327 0.0000000000
62940  50.169  -16.941  65.923 0.0000000000
62901  51.302  -16.108  69.188 0.0000000000
62914  51.799  -16.698  68.569 0.0000000000
61847  53.453  -16.991  69.161 0.0000000000
61858  54.197  -17.709  68.912 0.0000000000
61857  54.679  -18.187  68.820 0.0000000000
61845  54.504  -18.186  69.560 0.0000000000
61833  54.354  -18.245  70.138 0.0000000000
59684  54.270  -18.884  70.242 0.0000000000
132800  41.677  -26.087  81.775 0.0000000000
53547  41.630  -25.412  81.743 0.0000000000
53558  42.676  -25.257  81.139 0.0000000000
53574  43.084  -25.597  80.674 0.0000000000
52643  43.778  -26.403  77.954 0.0000000000
55710  44.538  -23.760  77.405 0.0000000000
55693  44.891  -22.917  77.780 0.0000000000
55729  44.923  -24.147  76.672 0.0000000000
55728  45.876  -23.710  76.531 0.0000000000
50407  36.950  -29.627  84.012 0.0000000000
50424  37.163  -29.135  83.498 0.0000000000
51567  37.356  -28.429  82.596 0.0000000000
51566  37.856  -27.871  82.269 0.0000000000
52577  38.341  -27.501  82.482 0.0000000000
52564  39.074  -27.187  82.551 0.0000000000
52563  39.780  -27.165  82.575 0.0000000000
51549  39.753  -27.573  82.572 0.0000000000
50403  39.646  -28.099  82.582 0.0000000000
67783  59.578  -10.862  61.795 0.0000000000
66903  58.025  -12.317  60.687 0.0000000000
64921  56.404  -14.786  62.673 0.0000000000
65887  50.087  -13.201  66.245 0.0000000000
67723  50.699  -11.620  66.418 0.0000000000
67722  51.768  -11.422  66.534 0.0000000000
66821  53.116  -11.686  66.703 0.0000000000
66839  53.659  -12.309  66.488 0.0000000000
142677  53.503  -14.192  64.465 0.0000000000
63022  52.631  -16.918  60.642 0.0000000000
145829  42.057  -22.660  80.796 0.0000000000
59598  43.888  -19.089  77.380 0.0000000000
59599  43.370  -19.825  77.657 0.0000000000
59608  43.546  -19.636  76.750 0.0000000000
136974  43.514  -19.619  75.830 0.0000000000
147664  46.000  -15.513  76.069 0.0000000000
63815  45.346  -15.576  75.443 0.0000000000
63828  45.478  -15.572  74.975 0.0000000000
62837  45.764  -16.443  73.816 0.0000000000
61796  46.173  -17.101  73.162 0.0000000000
62836  46.763  -16.515  73.751 0.0000000000
62850  47.630  -16.170  73.415 0.0000000000
63856  48.220  -15.374  72.928 0.0000000000
64817  48.494  -14.636  72.358 0.0000000000
63838  48.855  -14.867  73.392 0.0000000000
64800  49.428  -14.702  73.772 0.0000000000
64799  50.042  -14.624  74.068 0.0000000000
132113  50.906  -17.729  74.807 0.0000000000
61781  51.486  -17.303  74.276 0.0000000000
61795  51.826  -17.816  73.819 0.0000000000
60731  52.300  -17.637  73.153 0.0000000000
60744  52.731  -17.556  72.399 0.0000000000
60745  52.255  -18.064  72.629 0.0000000000
51505  31.089  -28.111  86.125 0.0000000000
51486  30.799  -28.116  86.927 0.0000000000
50382  31.373  -28.683  86.655 0.0000000000
49280  31.230  -29.632  87.552 0.0000000000
48265  31.058  -30.458  87.905 0.0000000000
46265  31.572  -32.350  87.424 0.0000000000
45265  31.332  -32.706  86.971 0.0000000000
46266  30.938  -32.124  87.321 0.0000000000
45266  30.684  -32.439  86.699 0.0000000000
47232  29.548  -30.535  87.538 0.0000000000
63900  47.127  -15.764  67.307 0.0000000000
62930  48.046  -16.146  67.422 0.0000000000
145287  49.474  -16.644  67.646 0.0000000000
62917  48.788  -16.249  68.150 0.0000000000
63882  50.721  -15.472  69.806 0.0000000000
149947  52.059  -15.431  70.758 0.0000000000
51589  42.919  -28.135  80.441 0.0000000000
48299  34.736  -30.564  85.072 0.0000000000
49329  35.741  -30.337  85.074 0.0000000000
49328  36.479  -30.018  84.506 0.0000000000
47253  37.119  -31.277  84.731 0.0000000000
130307  37.097  -30.748  84.769 0.0000000000
50391  36.934  -29.925  84.362 0.0000000000
148934  37.247  -29.912  84.138 0.0000000000
49326  37.941  -30.103  83.679 0.0000000000
49325  38.577  -29.569  83.109 0.0000000000
142927  39.090  -29.813  82.652 0.0000000000
48318  38.997  -30.665  82.734 0.0000000000
46305  39.159  -32.091  82.382 0.0000000000
67762  58.626  -10.672  64.255 0.0000000000
151179  58.556  -11.611  63.856 0.0000000000
66863  57.996  -12.371  63.893 0.0000000000
65926  57.282  -13.206  63.430 0.0000000000
65905  57.237  -12.967  64.314 0.0000000000
65927  56.714  -13.735  63.815 0.0000000000
64905  56.304  -14.462  63.421 0.0000000000
64922  56.094  -15.067  63.011 0.0000000000
63968  56.029  -15.491  62.629 0.0000000000
65888  48.977  -13.250  66.284 0.0000000000
65913  49.523  -14.026  65.149 0.0000000000
65912  50.677  -13.783  65.317 0.0000000000
64894  52.138  -14.187  64.272 0.0000000000
64910  51.561  -14.500  63.475 0.0000000000
64923  51.898  -14.848  62.812 0.0000000000
63972  51.714  -15.304  62.112 0.0000000000
63985  51.503  -15.959  61.497 0.0000000000
63009  52.087  -16.379  61.035 0.0000000000
61992  52.298  -17.559  60.705 0.0000000000
60865  52.674  -18.452  60.862 0.0000000000
57577  44.342  -21.233  80.570 0.0000000000
58552  43.974  -20.697  80.450 0.0000000000
58551  44.564  -20.621  80.232 0.0000000000
59567  44.222  -20.232  79.982 0.0000000000
60667  44.263  -19.398  78.721 0.0000000000
59573  45.104  -19.746  79.312 0.0000000000
60679  44.299  -18.780  77.926 0.0000000000
60690  44.209  -18.206  77.184 0.0000000000
137699  44.024  -17.616  76.437 0.0000000000
61768  43.682  -16.994  75.772 0.0000000000
61756  44.260  -16.820  76.371 0.0000000000
62784  44.772  -16.653  76.840 0.0000000000
63783  45.622  -16.077  76.826 0.0000000000
62781  46.547  -16.709  77.444 0.0000000000
63782  46.410  -16.055  77.060 0.0000000000
147166  45.964  -15.752  76.532 0.0000000000
63799  46.608  -15.607  76.543 0.0000000000
63798  47.415  -15.475  76.374 0.0000000000
150290  48.758  -15.327  75.776 0.0000000000
63811  49.353  -15.268  75.266 0.0000000000
63796  48.959  -15.506  76.066 0.0000000000
61767  49.752  -16.490  75.612 0.0000000000
61766  50.310  -17.089  75.259 0.0000000000
60698  49.158  -18.234  76.506 0.0000000000
60706  50.970  -18.812  75.045 0.0000000000
59624  51.389  -19.012  74.530 0.0000000000
48321  33.692  -30.892  83.443 0.0000000000
50392  32.181  -29.263  85.568 0.0000000000
49330  32.924  -30.019  84.360 0.0000000000
48312  33.506  -30.611  84.108 0.0000000000
49293  35.392  -30.766  85.795 0.0000000000
48290  35.628  -31.026  85.901 0.0000000000
47235  34.737  -31.985  86.532 0.0000000000
46275  35.239  -32.403  86.120 0.0000000000
46274  36.014  -32.030  85.645 0.0000000000
63936  48.338  -15.352  64.331 0.0000000000
61912  50.741  -17.749  64.221 0.0000000000
60810  51.883  -18.405  65.478 0.0000000000
61873  51.895  -17.324  67.174 0.0000000000
61860  52.288  -17.223  68.026 0.0000000000
54603  40.078  -24.755  80.519 0.0000000000
55670  41.243  -23.756  81.065 0.0000000000
55643  41.583  -24.261  81.602 0.0000000000
55659  42.022  -23.639  81.480 0.0000000000
56655  41.827  -23.337  81.178 0.0000000000
56653  42.936  -22.758  81.177 0.0000000000
56652  43.528  -22.625  81.001 0.0000000000
57563  44.015  -21.941  80.820 0.0000000000
145818  43.035  -27.363  80.432 0.0000000000
52598  43.007  -26.555  80.553 0.0000000000
130629  43.634  -24.929  80.355 0.0000000000
53609  43.470  -26.063  78.980 0.0000000000
54601  43.847  -24.093  80.569 0.0000000000
55669  44.349  -23.300  80.485 0.0000000000
56651  44.136  -22.688  80.747 0.0000000000
140680  44.534  -21.872  80.514 0.0000000000
56667  44.945  -21.796  80.034 0.0000000000
142424  45.192  -21.763  79.222 0.0000000000
57598  45.608  -21.379  78.390 0.0000000000
57609  46.600  -20.856  77.415 0.0000000000
57608  47.491  -20.872  77.324 0.0000000000
57607  48.446  -20.914  77.130 0.0000000000
54673  48.747  -24.477  76.093 0.0000000000
49358  36.270  -29.860  82.258 0.0000000000
134687  39.774  -25.211  81.000 0.0000000000
53559  39.824  -25.518  81.635 0.0000000000
53549  40.663  -25.828  82.056 0.0000000000
53536  40.252  -26.567  82.390 0.0000000000
53535  40.761  -26.370  82.193 0.0000000000
52560  41.237  -26.174  81.974 0.0000000000
145785  41.359  -26.662  81.967 0.0000000000
51565  41.673  -27.534  81.624 0.0000000000
50462  42.202  -28.476  80.943 0.0000000000
151184  39.727  -29.247  82.364 0.0000000000
49342  40.408  -29.060  82.062 0.0000000000
49357  40.892  -29.141  81.773 0.0000000000
48330  40.823  -29.958  81.752 0.0000000000
139026  40.969  -29.398  81.703 0.0000000000
49356  41.352  -28.837  81.518 0.0000000000
53488  28.259  -25.867  88.623 0.0000000000
66916  58.492  -11.875  59.179 0.0000000000
68686  55.119  -10.805  66.446 0.0000000000
67718  55.264  -11.098  66.660 0.0000000000
66837  55.577  -12.228  66.220 0.0000000000
65882  55.250  -13.176  65.653 0.0000000000
63954  55.697  -15.100  63.261 0.0000000000
140132  55.749  -15.929  62.161 0.0000000000
64908  53.650  -14.656  63.758 0.0000000000
63970  53.762  -15.566  62.364 0.0000000000
63956  54.247  -15.179  63.174 0.0000000000
63969  54.885  -15.632  62.710 0.0000000000
148058  55.874  -17.286  60.621 0.0000000000
63877  46.078  -15.681  69.824 0.0000000000
58565  42.865  -20.728  79.588 0.0000000000
57599  42.413  -21.212  78.093 0.0000000000
61807  45.568  -17.233  72.549 0.0000000000
62889  45.852  -16.711  70.485 0.0000000000
63885  46.573  -14.856  69.970 0.0000000000
64843  47.122  -14.354  70.189 0.0000000000
64842  47.681  -14.301  70.646 0.0000000000
64841  48.632  -14.123  71.101 0.0000000000
64831  48.606  -14.376  71.938 0.0000000000
65831  48.743  -14.262  71.681 0.0000000000
64840  49.541  -14.213  71.297 0.0000000000
64839  50.684  -14.513  71.498 0.0000000000
63875  51.709  -15.086  71.403 0.0000000000
150207  52.040  -15.199  71.851 0.0000000000
63825  49.902  -14.963  74.707 0.0000000000
63824  50.513  -14.988  74.460 0.0000000000
64798  50.794  -14.726  73.884 0.0000000000
62824  51.453  -16.393  74.211 0.0000000000
63823  51.184  -15.307  74.131 0.0000000000
63837  51.515  -15.159  73.601 0.0000000000
63855  51.895  -15.144  73.036 0.0000000000
139890  52.907  -15.792  72.048 0.0000000000
63868  53.309  -16.334  71.533 0.0000000000
62886  53.697  -16.901  71.045 0.0000000000
60752  54.037  -18.096  70.602 0.0000000000
60766  53.911  -18.395  70.517 0.0000000000
60754  52.887  -17.887  71.776 0.0000000000
58596  49.277  -21.164  76.657 0.0000000000
130017  49.894  -21.176  76.245 0.0000000000
57619  50.378  -21.519  75.784 0.0000000000
56746  50.472  -22.513  75.113 0.0000000000
57633  50.773  -21.724  75.150 0.0000000000
127882  50.724  -21.010  75.430 0.0000000000
58614  51.061  -20.691  74.912 0.0000000000
44250  32.479  -33.278  86.684 0.0000000000
45264  31.980  -32.870  87.076 0.0000000000
45277  35.666  -32.765  85.493 0.0000000000
46252  33.172  -32.073  87.199 0.0000000000
46255  31.730  -31.909  87.564 0.0000000000
46264  34.024  -32.122  86.940 0.0000000000
46267  30.296  -31.819  87.091 0.0000000000
47221  30.962  -30.758  87.984 0.0000000000
47222  30.841  -30.639  87.896 0.0000000000
47223  30.473  -30.427  87.882 0.0000000000
47228  31.584  -31.037  87.712 0.0000000000
47229  31.279  -31.182  87.756 0.0000000000
47230  30.772  -31.043  87.822 0.0000000000
47236  33.597  -31.611  87.031 0.0000000000
47244  36.736  -31.008  85.203 0.0000000000
47246  35.486  -31.664  86.087 0.0000000000
48268  29.499  -29.437  87.901 0.0000000000
48275  29.865  -30.141  87.814 0.0000000000
48281  34.046  -31.256  86.725 0.0000000000
48282  32.155  -30.689  87.355 0.0000000000
48297  37.477  -31.024  84.388 0.0000000000
48300  33.665  -30.439  84.965 0.0000000000
49252  30.675  -29.914  87.887 0.0000000000
49255  28.789  -29.159  88.151 0.0000000000
49279  31.917  -30.028  87.099 0.0000000000
49309  37.033  -30.258  84.542 0.0000000000
49310  36.372  -30.340  84.955 0.0000000000
49327  37.543  -29.866  83.828 0.0000000000
49344  35.849  -30.239  83.864 0.0000000000
50346  30.108  -28.973  87.972 0.0000000000
50347  29.496  -28.941  88.189 0.0000000000
50349  28.249  -27.951  88.409 0.0000000000
50356  30.357  -28.722  87.841 0.0000000000
50357  30.048  -28.568  87.996 0.0000000000
50421  40.578  -28.217  82.094 0.0000000000
50442  41.986  -27.988  81.336 0.0000000000
51448  29.224  -28.141  88.293 0.0000000000
51506  30.683  -27.738  85.508 0.0000000000
51546  41.277  -27.299  81.937 0.0000000000
51547  40.711  -27.583  82.195 0.0000000000
52500  29.049  -27.223  88.248 0.0000000000
53503  28.366  -26.019  88.220 0.0000000000
53537  39.716  -26.724  82.460 0.0000000000
53573  43.294  -24.801  80.757 0.0000000000
54565  42.088  -24.627  81.581 0.0000000000
54566  41.609  -24.798  81.691 0.0000000000
55642  42.061  -24.063  81.545 0.0000000000
55725  49.690  -23.443  75.868 0.0000000000
55727  48.246  -23.857  76.489 0.0000000000
56654  42.373  -23.004  81.240 0.0000000000
56737  50.126  -23.118  75.407 0.0000000000
57564  43.316  -22.060  80.966 0.0000000000
58594  50.257  -20.609  75.936 0.0000000000
59575  43.851  -19.911  79.410 0.0000000000
59721  54.716  -19.355  69.222 0.0000000000
60785  54.755  -18.929  69.134 0.0000000000
61743  47.032  -16.973  77.554 0.0000000000
61797  45.406  -16.821  73.177 0.0000000000
61817  53.646  -17.553  71.230 0.0000000000
62773  46.581  -17.267  77.646 0.0000000000
62775  45.589  -17.019  77.414 0.0000000000
62780  47.404  -16.386  77.252 0.0000000000
62783  45.314  -16.554  77.095 0.0000000000
62796  45.055  -16.165  76.680 0.0000000000
62797  44.608  -16.195  76.264 0.0000000000
62849  52.738  -16.385  72.776 0.0000000000
62867  53.592  -16.991  71.586 0.0000000000
63797  48.255  -15.509  76.279 0.0000000000
63813  48.171  -15.335  75.824 0.0000000000
63840  45.129  -15.807  74.347 0.0000000000
64828  51.485  -14.807  72.711 0.0000000000
64838  51.511  -14.804  72.100 0.0000000000
65830  49.221  -14.196  71.859 0.0000000000
66819  55.000  -11.487  66.707 0.0000000000
66824  50.103  -12.043  66.626 0.0000000000
66826  48.132  -12.150  66.509 0.0000000000
66889  58.606  -11.922  61.736 0.0000000000
67725  48.654  -11.857  66.344 0.0000000000
68689  52.410  -11.091  66.513 0.0000000000
68698  52.623  -10.831  66.206 0.0000000000
126097  46.276  -15.453  75.513 0.0000000000
131555  32.315  -31.572  87.422 0.0000000000
132011  54.123  -10.495  65.896 0.0000000000
132524  55.532  -15.464  62.851 0.0000000000
134518  52.665  -15.591  71.407 0.0000000000
135986  48.038  -14.152  70.653 0.0000000000
136749  42.554  -21.362  80.005 0.0000000000
138023  53.072  -17.260  72.231 0.0000000000
138992  31.129  -30.191  87.982 0.0000000000
139120  54.242  -17.715  70.145 0.0000000000
140190  43.560  -19.704  78.871 0.0000000000
140285  44.336  -23.789  80.184 0.0000000000
141661  38.159  -29.473  83.417 0.0000000000
143903  30.371  -29.420  87.823 0.0000000000
144569  30.088  -28.243  88.144 0.0000000000
145076  42.295  -21.986  80.421 0.0000000000
145401  34.174  -33.113  86.584 0.0000000000
147792  31.190  -29.102  87.470 0.0000000000
148597  46.844  -16.627  72.037 0.0000000000
148713  49.808  -15.487  62.699 0.0000000000
150325  49.577  -14.242  72.325 0.0000000000
150980  45.755  -17.374  71.883 0.0000000000
151075  51.343  -15.818  74.182 0.0000000000
152326  51.440  -16.465  61.271 0.0000000000
