#!ascii label  , from subject sub-v2s4x29611_ses-1 vox2ras=TkReg
859
19384  28.531  -61.343  14.252 0.6000000238
21185  20.821  -58.701  13.789 0.6999999881
21172  21.380  -59.324  15.277 0.6999999881
18470  24.290  -62.348  17.120 0.8999999762
19350  25.770  -62.001  16.875 0.8000000119
19370  27.413  -61.532  15.650 0.8000000119
20259  28.749  -60.688  14.743 0.6000000238
143633  29.618  -60.029  13.829 0.6999999881
21194  30.050  -59.583  13.408 0.6999999881
23084  20.511  -57.166  13.817 0.6999999881
132012  19.881  -56.887  12.382 0.6999999881
21184  21.121  -58.724  14.573 0.6999999881
21171  22.014  -59.068  15.659 0.6000000238
21161  21.878  -59.798  15.989 0.6999999881
147292  22.818  -60.829  17.038 0.6999999881
20215  23.523  -60.870  17.298 0.8000000119
20213  25.460  -60.703  17.373 0.8000000119
19326  25.765  -61.536  17.215 0.8000000119
19348  27.201  -61.312  16.358 0.8000000119
20244  28.313  -60.555  15.457 0.6000000238
143846  29.058  -59.307  14.724 0.6000000238
21182  29.629  -59.338  14.113 0.6999999881
21193  30.519  -59.123  12.807 0.6999999881
24066  20.096  -56.700  13.791 0.5000000000
23086  19.321  -57.196  13.881 0.6000000238
23083  21.078  -57.250  14.695 0.4000000060
22108  20.957  -57.954  14.153 0.6000000238
22093  22.370  -58.473  15.868 0.5000000000
21159  23.454  -59.259  16.781 0.6000000238
21147  23.989  -59.956  17.272 0.8000000119
21145  25.390  -59.797  17.143 0.6999999881
21157  26.610  -59.543  16.625 0.6999999881
22074  27.192  -59.353  16.141 0.6999999881
22105  28.613  -58.734  14.714 0.5000000000
22104  29.266  -58.487  14.260 0.6000000238
23094  29.634  -57.801  13.704 0.6000000238
22113  30.108  -58.626  13.582 0.6000000238
128322  31.062  -58.692  12.060 0.5000000000
23068  19.532  -56.578  15.434 0.5000000000
23069  19.244  -57.162  14.867 0.6000000238
22096  18.817  -58.085  15.016 0.6000000238
24067  19.977  -56.347  14.496 0.5000000000
22079  23.094  -58.491  16.446 0.5000000000
22077  24.595  -58.584  16.778 0.6000000238
23047  25.885  -57.967  16.130 0.6000000238
22107  27.197  -58.202  14.960 0.6000000238
23080  27.449  -57.853  14.333 0.5000000000
23095  28.141  -57.523  13.891 0.5000000000
24080  28.989  -57.114  13.476 0.6000000238
23111  29.982  -57.188  13.217 0.5000000000
146675  30.800  -56.287  12.120 0.5000000000
24118  31.611  -56.598  10.869 0.5000000000
22124  31.231  -57.757  12.222 0.5000000000
22095  19.236  -57.464  15.610 0.5000000000
22081  19.040  -58.553  15.892 0.5000000000
24046  21.171  -56.423  15.328 0.5000000000
141319  22.127  -56.974  15.739 0.4000000060
24030  22.604  -55.203  16.178 0.3000000119
134333  22.965  -56.620  16.206 0.4000000060
23049  24.277  -57.198  16.421 0.3000000119
24029  23.718  -56.026  16.275 0.3000000119
141066  24.216  -57.956  16.622 0.5000000000
23066  25.571  -57.184  15.994 0.5000000000
23065  26.083  -57.452  15.484 0.5000000000
23097  26.755  -57.476  13.813 0.5000000000
23096  27.220  -57.456  13.585 0.5000000000
24081  27.859  -57.015  13.258 0.6000000238
24096  27.634  -56.663  12.465 0.6000000238
24094  29.590  -56.524  12.868 0.5000000000
25066  30.130  -55.976  12.343 0.5000000000
24108  31.305  -56.344  11.580 0.5000000000
23037  19.947  -57.417  16.955 0.5000000000
23052  19.978  -56.411  16.648 0.5000000000
25011  20.406  -55.252  16.337 0.5000000000
25027  21.083  -54.737  16.252 0.4000000060
24045  21.883  -55.838  15.987 0.5000000000
25008  24.170  -55.265  16.072 0.3000000119
25044  25.273  -55.695  15.267 0.3000000119
24083  25.763  -56.827  13.489 0.4000000060
24082  26.280  -57.224  13.151 0.5000000000
24097  25.971  -57.430  12.167 0.4000000060
25068  28.386  -56.025  12.323 0.5000000000
26096  28.066  -54.888  11.443 0.5000000000
25084  28.696  -55.345  11.993 0.5000000000
25081  31.408  -55.592  10.707 0.5000000000
26093  31.140  -54.826  11.051 0.4000000060
25082  30.757  -55.520  11.643 0.5000000000
22061  20.365  -57.985  17.830 0.5000000000
23036  20.525  -56.834  17.503 0.5000000000
24996  20.947  -54.765  17.134 0.5000000000
26022  21.487  -54.083  16.638 0.4000000060
25010  22.226  -54.032  16.450 0.4000000060
131733  23.926  -54.064  16.129 0.3000000119
25025  24.557  -54.874  15.624 0.3000000119
25069  25.142  -56.380  12.731 0.4000000060
24099  24.684  -57.010  11.749 0.4000000060
24120  24.329  -57.409  10.828 0.4000000060
24098  25.539  -57.148  12.407 0.4000000060
24111  25.223  -57.409  11.483 0.4000000060
24110  25.815  -57.484  11.347 0.5000000000
25086  26.330  -57.245  10.717 0.5000000000
24109  26.665  -57.113  11.765 0.6000000238
25083  29.733  -55.231  12.000 0.5000000000
24016  21.033  -55.873  17.602 0.4000000060
26004  21.731  -53.559  16.972 0.4000000060
24995  21.650  -55.112  17.598 0.4000000060
26020  22.970  -53.534  16.663 0.4000000060
134942  24.118  -53.489  16.337 0.4000000060
25045  24.846  -54.737  14.932 0.4000000060
25058  24.817  -54.680  14.082 0.4000000060
25057  25.264  -55.729  14.095 0.4000000060
25070  24.399  -56.025  11.995 0.4000000060
25087  23.824  -56.714  11.139 0.4000000060
24119  25.232  -57.593  10.645 0.5000000000
25097  25.827  -57.220  9.550 0.5000000000
139826  26.535  -56.157  9.163 0.6000000238
26097  27.476  -55.476  10.933 0.5000000000
26109  27.273  -54.996  10.300 0.4000000060
27137  27.604  -54.245  10.904 0.4000000060
24004  21.953  -56.316  18.285 0.4000000060
24994  22.117  -53.576  17.206 0.4000000060
24993  22.905  -54.497  17.758 0.4000000060
27031  23.629  -53.328  16.887 0.4000000060
27093  24.657  -53.881  14.608 0.4000000060
25071  23.750  -55.690  11.367 0.4000000060
25099  23.369  -57.050  10.068 0.4000000060
25098  24.741  -57.112  8.766 0.5000000000
25109  25.752  -56.370  8.589 0.4000000060
26110  26.950  -55.230  9.428 0.6000000238
24982  23.523  -55.375  18.684 0.4000000060
26002  24.167  -53.715  17.546 0.4000000060
27030  24.719  -53.267  17.082 0.4000000060
27074  24.522  -53.282  15.809 0.4000000060
28263  24.682  -53.424  15.290 0.4000000060
134567  24.851  -53.656  13.807 0.4000000060
27124  24.435  -53.701  11.992 0.5000000000
26084  24.295  -54.702  12.048 0.4000000060
26099  23.354  -54.857  10.984 0.3000000119
26111  22.383  -54.846  10.074 0.3000000119
25100  22.549  -56.004  9.493 0.4000000060
25110  24.766  -56.257  8.152 0.4000000060
26120  25.774  -55.588  8.116 0.4000000060
26119  26.413  -55.408  8.593 0.5000000000
24002  23.109  -56.089  19.251 0.4000000060
28229  25.082  -52.923  16.008 0.4000000060
28262  25.043  -53.308  14.836 0.4000000060
27092  25.649  -53.170  13.875 0.3000000119
27108  25.090  -53.353  12.722 0.3000000119
26098  23.818  -54.110  11.373 0.3000000119
27139  23.085  -53.955  10.685 0.3000000119
141024  22.219  -55.171  9.383 0.3000000119
26132  25.175  -55.001  7.904 0.4000000060
27168  26.116  -53.891  8.036 0.4000000060
27009  25.280  -53.846  18.147 0.3000000119
28228  25.717  -52.967  16.052 0.3000000119
133026  25.684  -53.048  14.788 0.3000000119
28278  26.044  -52.778  12.975 0.3000000119
27123  24.847  -52.956  11.627 0.4000000060
27138  23.935  -53.319  11.144 0.3000000119
28311  23.182  -53.039  10.304 0.3000000119
26134  22.951  -53.928  8.759 0.3000000119
27170  23.896  -53.597  8.260 0.4000000060
141619  25.599  -53.178  8.018 0.4000000060
28344  26.429  -52.848  8.342 0.4000000060
28294  25.626  -52.619  12.112 0.4000000060
29438  24.930  -51.533  10.814 0.4000000060
28310  24.255  -52.360  10.714 0.4000000060
28324  23.563  -52.242  10.006 0.3000000119
27171  23.484  -52.848  8.822 0.4000000060
29466  25.010  -51.728  8.948 0.4000000060
29465  25.842  -51.630  8.765 0.4000000060
28345  25.456  -52.315  8.338 0.4000000060
130880  26.337  -52.103  8.521 0.4000000060
30493  25.065  -51.222  10.462 0.4000000060
30504  24.904  -51.221  10.000 0.5000000000
30518  25.377  -51.094  9.386 0.4000000060
30517  26.152  -50.306  9.366 0.4000000060
30515  27.485  -51.164  8.922 0.3000000119
31532  26.807  -49.843  9.063 0.3000000119
19369  28.111  -61.285  15.116 0.6999999881
19328  23.871  -61.729  17.353 0.8000000119
21183  28.797  -59.998  15.141 0.6000000238
20228  26.891  -60.390  16.879 0.6999999881
20226  27.923  -60.306  16.048 0.6999999881
22112  30.701  -58.270  12.822 0.6000000238
150522  22.136  -57.798  15.581 0.4000000060
23050  23.571  -57.650  16.446 0.4000000060
22076  25.287  -59.043  16.812 0.6999999881
131236  25.905  -58.835  16.491 0.6999999881
22090  28.336  -59.255  15.277 0.6999999881
24047  20.353  -55.920  15.354 0.5000000000
22092  26.635  -58.162  15.465 0.5000000000
24044  25.598  -56.643  15.554 0.4000000060
23112  26.803  -57.232  12.862 0.6000000238
25085  27.723  -56.038  11.684 0.5000000000
146201  27.057  -56.512  11.067 0.6000000238
26072  24.619  -54.245  13.464 0.3000000119
25111  23.473  -56.787  8.756 0.4000000060
24969  24.294  -55.138  19.137 0.4000000060
27153  22.460  -53.774  10.043 0.3000000119
27161  22.786  -53.050  9.579 0.3000000119
29459  24.415  -51.678  9.493 0.3000000119
30516  26.833  -50.701  8.913 0.3000000119
17643  21.334  -63.598  13.314 0.6000000238
145224  21.414  -63.620  12.912 0.6000000238
15932  23.598  -65.491  12.927 0.6000000238
151765  24.141  -65.184  12.019 0.6000000238
17665  19.264  -64.314  12.064 0.5000000000
152290  20.041  -64.287  13.511 0.6000000238
16721  21.729  -64.079  15.588 0.6999999881
17631  21.394  -64.085  14.618 0.6999999881
17644  20.638  -63.839  12.938 0.6000000238
18523  22.201  -63.356  12.961 0.6000000238
17662  22.930  -63.368  12.571 0.6000000238
17661  23.341  -62.780  11.908 0.6000000238
129376  23.517  -63.797  10.780 0.6000000238
127340  24.083  -64.713  10.860 0.6000000238
15965  24.520  -65.001  9.968 0.6000000238
15963  25.769  -65.201  10.382 0.6999999881
16738  18.892  -64.732  14.742 0.6000000238
16711  20.458  -63.949  16.018 0.6999999881
16778  18.853  -64.528  12.897 0.5000000000
16722  20.456  -64.218  15.578 0.6999999881
16756  19.813  -64.568  14.454 0.6999999881
17629  22.923  -63.408  14.588 0.6999999881
17641  23.040  -63.093  13.458 0.6999999881
18531  23.521  -62.484  12.261 0.5000000000
16816  23.810  -64.361  9.615 0.6000000238
16832  24.065  -64.138  8.624 0.6000000238
16815  25.135  -64.898  9.455 0.6999999881
16845  24.849  -64.070  8.250 0.6999999881
16814  26.160  -64.815  9.586 0.6999999881
16829  26.667  -64.389  8.872 0.6999999881
139282  34.854  -63.304  10.320 0.4000000060
135358  31.753  -63.183  9.743 0.5000000000
17720  29.863  -63.618  8.724 0.6000000238
17698  29.301  -63.900  9.679 0.6000000238
16828  27.633  -64.315  9.088 0.6999999881
125749  16.734  -63.090  14.056 0.5000000000
18514  17.363  -63.431  14.621 0.5000000000
18512  18.704  -62.613  15.215 0.6000000238
17633  17.249  -64.131  14.589 0.5000000000
18492  20.552  -62.933  16.479 0.6999999881
141409  18.707  -63.489  15.528 0.5000000000
148599  18.379  -64.609  15.046 0.6000000238
147588  21.695  -63.563  16.437 0.6999999881
16709  21.929  -63.884  16.113 0.6999999881
17617  23.481  -63.280  15.423 0.6999999881
127488  23.911  -62.325  12.802 0.6999999881
18557  23.549  -62.107  10.151 0.6000000238
18566  23.501  -62.570  9.238 0.6000000238
18584  24.185  -62.789  8.558 0.6999999881
16844  25.559  -64.199  8.295 0.6999999881
17744  26.947  -63.465  7.994 0.6999999881
17721  28.161  -63.815  8.454 0.6000000238
17743  27.904  -63.442  7.957 0.6000000238
19408  18.807  -60.222  11.423 0.5000000000
128744  16.516  -61.660  12.649 0.4000000060
19398  18.155  -61.424  13.397 0.5000000000
19409  17.889  -61.002  12.251 0.5000000000
18524  17.495  -62.389  14.041 0.5000000000
19397  18.952  -60.973  13.770 0.6000000238
19387  19.162  -61.538  14.740 0.6000000238
19352  21.570  -61.820  16.761 0.6999999881
18501  20.020  -62.544  16.195 0.6000000238
18491  21.344  -62.825  16.717 0.6999999881
17609  23.288  -63.190  16.537 0.6999999881
126004  23.829  -62.649  13.529 0.6999999881
129499  23.934  -62.143  12.118 0.6999999881
18545  23.646  -62.168  11.361 0.6999999881
19435  23.865  -61.634  9.888 0.6999999881
19442  24.866  -62.040  8.962 0.6999999881
19449  25.575  -62.400  8.429 0.8000000119
17758  26.592  -63.219  7.808 0.6999999881
17719  30.926  -63.309  8.352 0.5000000000
17742  28.956  -63.486  7.877 0.6000000238
141504  27.622  -63.121  7.763 0.6000000238
20292  17.438  -59.889  10.161 0.4000000060
20280  19.565  -59.728  11.911 0.6000000238
20274  18.828  -60.580  12.636 0.6000000238
20273  19.624  -60.054  13.087 0.6000000238
20260  20.342  -60.327  14.994 0.6000000238
150072  21.001  -61.352  16.296 0.6000000238
19330  22.222  -61.932  17.089 0.6999999881
17602  22.794  -63.026  16.847 0.6999999881
18499  24.419  -62.837  15.443 0.6999999881
18511  24.512  -62.697  14.327 0.6999999881
18510  25.275  -62.541  14.989 0.8000000119
151873  25.182  -62.548  14.144 0.8000000119
149529  25.212  -62.134  12.042 0.6000000238
18555  25.413  -61.726  10.317 0.6000000238
19440  27.028  -61.985  8.534 0.8000000119
19448  26.405  -62.448  8.158 0.6999999881
18581  32.339  -63.017  7.749 0.5000000000
17741  29.982  -63.256  7.717 0.6000000238
19463  28.481  -62.340  7.647 0.6999999881
18599  31.559  -62.458  7.478 0.6000000238
21221  18.680  -57.814  9.579 0.5000000000
22141  17.110  -57.231  10.294 0.4000000060
22128  15.939  -57.311  11.362 0.4000000060
21206  20.128  -58.967  11.286 0.5000000000
20291  18.640  -59.649  10.303 0.5000000000
21195  20.346  -59.055  12.242 0.6000000238
20272  20.367  -59.550  13.667 0.6000000238
20246  21.346  -60.084  15.718 0.6000000238
19351  22.249  -61.218  16.852 0.6999999881
18489  24.652  -62.648  16.511 0.8000000119
18497  26.069  -62.277  15.529 0.8000000119
18520  26.457  -62.352  13.615 0.6000000238
18541  27.102  -62.146  11.873 0.6000000238
19418  26.387  -61.880  10.000 0.6999999881
19432  27.228  -61.659  9.513 0.6999999881
20309  28.827  -61.168  8.552 0.6999999881
17756  29.360  -63.056  7.450 0.6000000238
19445  29.093  -61.643  7.839 0.6000000238
20327  30.247  -60.853  7.648 0.6000000238
18600  30.579  -62.274  7.365 0.6000000238
19462  29.710  -61.667  7.496 0.6000000238
23114  19.688  -56.912  11.544 0.5000000000
149502  18.621  -56.929  10.656 0.5000000000
22127  17.756  -56.993  10.958 0.5000000000
22116  16.863  -57.802  12.192 0.5000000000
150860  20.419  -57.397  12.342 0.5000000000
22138  20.305  -57.580  10.986 0.5000000000
21173  20.802  -59.406  14.619 0.6000000238
18496  26.824  -62.010  15.191 0.6999999881
19385  27.849  -61.793  14.384 0.6000000238
19407  27.830  -61.931  12.801 0.6000000238
19416  28.395  -61.458  11.285 0.6000000238
19431  28.161  -61.370  10.130 0.6999999881
19415  29.017  -61.040  10.734 0.6000000238
19430  28.804  -60.935  9.581 0.6000000238
20316  29.641  -60.703  8.187 0.6999999881
19459  32.003  -61.787  7.374 0.5000000000
21247  30.896  -59.989  7.895 0.4000000060
21196  18.689  -57.806  12.938 0.5000000000
21186  17.914  -58.727  13.786 0.5000000000
136661  17.159  -59.344  14.087 0.5000000000
20262  16.984  -60.121  14.718 0.5000000000
20248  16.512  -60.649  15.324 0.5000000000
19376  14.994  -60.827  16.068 0.5000000000
19383  29.225  -60.752  13.874 0.6000000238
19405  29.164  -61.050  11.812 0.6000000238
20289  29.696  -60.556  11.318 0.4000000060
21220  29.975  -59.847  9.793 0.5000000000
21238  29.976  -59.834  8.778 0.4000000060
21236  30.952  -59.228  8.290 0.4000000060
20315  30.413  -60.017  8.190 0.5000000000
22109  18.722  -58.172  14.095 0.6000000238
129628  18.353  -58.865  14.613 0.5000000000
21175  17.768  -59.646  14.866 0.5000000000
20247  17.351  -60.490  15.479 0.5000000000
19374  16.867  -61.120  15.948 0.5000000000
19356  15.308  -61.226  16.727 0.5000000000
19334  14.023  -61.243  18.219 0.4000000060
19316  13.504  -61.553  18.853 0.5000000000
18454  12.656  -62.291  18.936 0.4000000060
17589  12.734  -63.081  20.088 0.4000000060
136072  13.340  -64.008  19.447 0.4000000060
20288  30.282  -60.032  11.824 0.6000000238
21212  30.678  -59.371  11.437 0.4000000060
21229  30.428  -59.222  9.344 0.4000000060
22170  31.046  -58.751  8.511 0.4000000060
21174  18.514  -59.199  15.406 0.5000000000
20233  18.153  -60.196  16.027 0.4000000060
19353  18.033  -61.003  16.804 0.4000000060
19333  16.765  -61.855  17.328 0.5000000000
18453  15.744  -62.120  19.016 0.4000000060
19315  14.111  -61.440  19.169 0.5000000000
19297  15.515  -61.863  19.764 0.4000000060
130297  13.794  -61.630  21.118 0.5000000000
19299  13.463  -61.580  19.841 0.5000000000
18413  12.991  -61.951  21.636 0.3000000119
18414  12.717  -62.580  21.099 0.3000000119
17553  12.485  -63.548  22.024 0.3000000119
22136  31.456  -57.921  11.457 0.4000000060
21162  19.266  -59.099  16.860 0.5000000000
20216  18.606  -60.612  17.314 0.5000000000
19331  18.329  -61.363  17.668 0.4000000060
22062  19.795  -58.443  17.334 0.4000000060
21148  19.216  -59.980  17.732 0.4000000060
20199  18.921  -60.901  18.161 0.4000000060
19276  18.837  -61.018  19.947 0.4000000060
22049  20.161  -58.863  18.197 0.4000000060
21128  19.806  -59.608  18.499 0.4000000060
20189  19.438  -60.506  19.685 0.4000000060
22048  20.670  -58.427  18.743 0.4000000060
20172  19.853  -59.919  20.186 0.4000000060
20174  18.387  -60.611  20.487 0.4000000060
21093  17.847  -60.020  20.822 0.4000000060
21090  20.386  -59.355  19.922 0.4000000060
23026  20.875  -57.687  18.335 0.3000000119
21996  19.577  -58.979  21.104 0.4000000060
21070  18.979  -59.309  21.103 0.4000000060
133481  17.371  -59.290  20.915 0.4000000060
23008  22.047  -57.143  19.244 0.4000000060
21094  16.478  -59.266  20.880 0.4000000060
22016  16.121  -58.574  20.544 0.4000000060
23985  22.585  -56.642  19.715 0.3000000119
22992  21.569  -57.641  20.304 0.4000000060
22976  20.544  -57.731  21.016 0.4000000060
135340  19.540  -58.284  21.291 0.4000000060
140408  18.220  -57.868  21.216 0.4000000060
22015  16.960  -58.518  20.764 0.4000000060
22979  18.180  -57.071  21.131 0.3000000119
19395  28.639  -61.410  13.340 0.6000000238
131602  20.658  -58.635  12.915 0.5000000000
20279  29.810  -60.532  12.298 0.6000000238
21219  30.542  -59.274  10.412 0.4000000060
16774  23.225  -64.729  12.471 0.6000000238
16830  25.691  -64.509  8.662 0.6999999881
17759  25.882  -63.460  7.912 0.6999999881
138576  32.670  -63.070  10.056 0.5000000000
130684  31.992  -63.236  8.372 0.5000000000
140112  30.760  -63.454  9.465 0.5000000000
19399  17.317  -61.729  13.255 0.5000000000
18530  24.666  -62.202  12.611 0.6999999881
17757  28.492  -63.116  7.607 0.6000000238
19372  20.293  -61.446  15.844 0.6000000238
19419  24.427  -61.576  10.562 0.6999999881
19433  25.532  -61.859  9.409 0.8000000119
18603  27.303  -62.866  7.695 0.6999999881
22150  17.636  -57.805  9.606 0.4000000060
138238  25.780  -62.318  12.772 0.6000000238
18542  26.310  -62.025  11.045 0.6000000238
19439  28.012  -61.462  8.946 0.6999999881
18598  32.791  -62.476  7.434 0.5000000000
18597  33.829  -62.681  7.537 0.5000000000
19446  28.050  -61.986  8.085 0.6999999881
133507  29.158  -62.211  7.505 0.6000000238
18519  27.406  -62.142  13.636 0.6999999881
19417  27.381  -61.810  10.809 0.6999999881
20308  29.370  -60.388  9.134 0.6000000238
19461  30.359  -61.571  7.364 0.6000000238
20326  30.908  -60.765  7.410 0.6000000238
22115  17.920  -57.897  12.484 0.5000000000
21197  17.268  -58.628  13.268 0.5000000000
21198  16.390  -58.875  13.378 0.4000000060
19406  28.560  -61.471  12.337 0.6000000238
20302  29.504  -60.458  10.255 0.6000000238
17597  13.307  -63.906  18.366 0.3000000119
20301  30.159  -59.974  10.865 0.5000000000
22162  30.874  -58.627  8.908 0.4000000060
151586  15.682  -61.969  18.330 0.5000000000
18436  12.925  -61.875  20.443 0.4000000060
17569  13.341  -64.316  20.494 0.4000000060
22012  21.278  -58.196  19.972 0.4000000060
22013  20.681  -58.705  20.282 0.4000000060
9389  27.616  -73.149  10.084 0.3000000119
10108  28.215  -72.653  10.278 0.3000000119
14126  30.689  -67.766  11.608 0.4000000060
14157  31.919  -68.260  9.388 0.4000000060
148555  31.066  -68.402  9.710 0.4000000060
13277  31.372  -68.660  8.632 0.4000000060
15039  31.661  -66.240  12.695 0.4000000060
14084  30.303  -66.751  13.425 0.4000000060
14085  29.571  -67.026  13.900 0.4000000060
15018  29.952  -66.046  13.884 0.5000000000
14069  28.289  -67.198  14.665 0.5000000000
15888  28.064  -65.674  14.429 0.5000000000
15072  33.759  -66.809  10.660 0.4000000060
130154  31.964  -67.417  11.135 0.5000000000
14106  30.594  -67.352  12.581 0.5000000000
14980  26.987  -66.371  15.243 0.5000000000
14141  32.983  -67.377  10.412 0.5000000000
128974  32.304  -67.788  10.219 0.5000000000
14140  33.644  -67.510  9.582 0.5000000000
14156  32.845  -67.971  9.139 0.4000000060
14171  33.097  -68.265  7.933 0.4000000060
13288  31.660  -68.875  7.796 0.4000000060
13306  31.961  -69.061  7.532 0.4000000060
12432  31.318  -69.377  7.443 0.3000000119
11635  29.799  -70.344  7.352 0.4000000060
151530  33.894  -64.709  11.929 0.4000000060
16770  31.837  -64.339  12.737 0.4000000060
16771  30.994  -64.009  12.900 0.4000000060
15944  33.633  -65.334  11.911 0.4000000060
15056  32.857  -66.011  11.942 0.4000000060
15925  32.423  -65.148  12.540 0.4000000060
15905  31.139  -64.807  13.229 0.4000000060
16752  30.545  -64.528  13.250 0.5000000000
15907  29.408  -65.369  13.863 0.5000000000
15054  34.168  -65.984  11.384 0.4000000060
15055  33.518  -66.194  11.466 0.4000000060
14105  31.375  -67.154  12.076 0.4000000060
142610  29.450  -64.306  12.758 0.5000000000
16754  28.993  -64.703  13.372 0.5000000000
15909  27.613  -65.332  13.899 0.5000000000
15928  27.067  -65.345  12.879 0.6000000238
15889  26.258  -65.707  14.642 0.6000000238
16813  27.132  -64.732  9.812 0.6000000238
16795  27.533  -64.963  10.851 0.6000000238
127812  26.104  -65.652  12.916 0.5000000000
13286  33.083  -68.679  7.509 0.4000000060
15947  24.743  -65.267  11.048 0.5000000000
13324  32.287  -69.174  7.404 0.4000000060
12455  32.739  -69.523  7.220 0.4000000060
128166  31.247  -69.801  7.337 0.4000000060
17658  31.473  -63.498  12.323 0.4000000060
137956  31.202  -63.213  11.611 0.5000000000
17660  29.954  -63.688  11.989 0.5000000000
17681  29.668  -63.881  10.907 0.5000000000
16755  28.063  -64.969  13.068 0.5000000000
16811  28.825  -64.282  10.473 0.5000000000
138403  27.887  -64.984  11.938 0.6000000238
16827  28.451  -64.181  9.340 0.6000000238
16812  28.018  -64.638  10.074 0.6000000238
8694  27.542  -73.915  10.049 0.3000000119
10106  30.381  -72.526  10.295 0.3000000119
10153  32.541  -72.686  7.894 0.3000000119
16791  34.771  -64.102  11.545 0.4000000060
16792  34.069  -64.137  11.795 0.4000000060
17677  33.462  -63.516  11.689 0.4000000060
17657  32.270  -63.591  12.244 0.4000000060
17695  32.332  -63.016  10.900 0.4000000060
17680  30.466  -63.488  11.311 0.5000000000
17696  31.017  -63.259  10.603 0.4000000060
17697  30.200  -63.636  10.117 0.5000000000
143720  26.251  -65.365  11.150 0.6000000238
144448  25.587  -65.649  12.182 0.5000000000
17678  32.689  -63.273  11.612 0.4000000060
15927  31.133  -65.651  13.313 0.4000000060
131534  27.155  -65.733  14.709 0.5000000000
10898  32.826  -72.135  7.603 0.3000000119
16769  32.677  -64.338  12.416 0.4000000060
16772  30.164  -64.016  12.767 0.5000000000
16773  28.678  -64.578  12.441 0.5000000000
16794  28.364  -64.665  11.239 0.6000000238
26133  23.851  -54.579  8.090 0.3000000119
10107  29.296  -72.405  10.476 0.3000000119
10152  33.132  -72.877  7.935 0.3000000119
10899  32.023  -71.839  7.716 0.3000000119
11634  30.812  -70.361  7.375 0.4000000060
12456  31.940  -69.564  7.332 0.4000000060
13276  32.257  -68.483  8.286 0.4000000060
13287  32.502  -68.756  7.636 0.4000000060
13289  30.695  -68.924  8.006 0.4000000060
13323  33.031  -69.040  7.282 0.4000000060
14125  32.603  -66.981  11.256 0.5000000000
14142  31.558  -67.980  10.407 0.5000000000
14143  31.272  -67.693  11.188 0.5000000000
14184  33.716  -68.529  7.469 0.4000000060
14999  29.217  -66.154  14.228 0.5000000000
15000  28.515  -66.272  14.498 0.5000000000
15001  27.773  -66.334  14.850 0.5000000000
15017  30.597  -66.016  13.563 0.4000000060
15038  32.191  -65.880  12.450 0.4000000060
15040  30.992  -66.530  13.046 0.4000000060
15057  32.123  -66.638  11.933 0.4000000060
15073  33.157  -66.726  11.191 0.4000000060
15878  26.537  -65.960  15.169 0.5000000000
15887  28.752  -65.705  14.224 0.5000000000
15906  30.406  -65.279  13.557 0.4000000060
15908  28.505  -65.212  13.906 0.5000000000
15910  26.674  -65.498  13.882 0.6000000238
15911  25.767  -65.698  13.781 0.5000000000
15924  33.050  -65.035  12.309 0.4000000060
15926  31.762  -65.314  12.926 0.4000000060
15929  26.260  -65.490  12.002 0.6000000238
15930  25.267  -65.785  12.864 0.5000000000
15945  27.050  -65.268  11.660 0.6000000238
15946  25.494  -65.477  11.274 0.5000000000
15964  25.099  -65.237  10.379 0.6999999881
16693  13.698  -64.890  19.808 0.4000000060
16700  13.795  -65.075  18.770 0.4000000060
16710  21.183  -64.012  16.006 0.6999999881
16723  19.031  -64.428  15.315 0.6000000238
16724  17.810  -64.448  14.919 0.5000000000
16736  21.064  -64.243  15.414 0.6999999881
16737  20.522  -64.451  14.945 0.6999999881
16740  17.351  -64.479  14.330 0.5000000000
16741  16.766  -64.194  14.105 0.5000000000
16753  29.853  -64.629  13.385 0.5000000000
16757  19.271  -64.600  13.769 0.5000000000
16758  18.356  -64.752  13.913 0.6000000238
16768  33.423  -64.354  12.126 0.4000000060
16790  35.402  -64.056  11.263 0.4000000060
16793  29.232  -64.183  11.778 0.5000000000
16796  26.653  -65.103  10.558 0.6000000238
16831  24.875  -64.547  8.602 0.6999999881
16842  27.232  -63.859  8.362 0.6999999881
16843  26.289  -64.022  8.269 0.6999999881
17570  12.906  -63.735  21.379 0.3000000119
17598  12.776  -62.998  19.043 0.3000000119
17603  22.147  -63.059  16.852 0.6999999881
17608  23.828  -63.116  16.149 0.6999999881
17610  22.517  -63.531  16.399 0.6999999881
17611  20.867  -63.521  16.351 0.6999999881
17612  19.987  -63.498  16.180 0.6999999881
17618  22.414  -63.829  15.845 0.6999999881
17619  19.177  -63.879  15.745 0.5000000000
17620  18.363  -64.183  15.341 0.5000000000
17621  17.693  -64.061  15.079 0.5000000000
17630  22.268  -63.856  15.022 0.6999999881
17632  20.607  -64.111  13.906 0.6000000238
17642  22.148  -63.520  13.843 0.6999999881
17645  19.749  -64.268  12.837 0.5000000000
17656  32.927  -63.718  12.106 0.4000000060
17659  30.684  -63.502  12.241 0.5000000000
17664  20.040  -64.363  12.472 0.6000000238
17676  34.237  -63.364  11.146 0.4000000060
17679  31.927  -63.183  11.667 0.4000000060
17682  23.455  -62.778  10.959 0.6000000238
17694  33.267  -63.079  10.803 0.4000000060
17699  23.451  -63.160  9.941 0.6000000238
17722  23.727  -63.097  8.684 0.6000000238
17723  23.568  -63.485  9.056 0.6000000238
17740  31.386  -63.052  7.788 0.5000000000
17745  26.144  -63.746  8.068 0.6999999881
17746  25.032  -63.315  8.095 0.6999999881
17747  24.255  -63.512  8.342 0.6999999881
17754  30.814  -62.760  7.593 0.6000000238
17755  30.148  -62.882  7.452 0.6000000238
18437  12.529  -62.225  19.834 0.4000000060
18452  16.605  -62.285  19.089 0.4000000060
18469  25.145  -62.158  17.158 0.8999999762
18471  23.388  -62.520  17.058 0.6999999881
18472  22.555  -62.456  17.053 0.6999999881
18473  21.949  -62.438  16.993 0.6999999881
18475  16.409  -62.188  18.229 0.5000000000
18487  25.986  -62.129  16.340 0.8000000119
18488  25.393  -62.317  16.624 0.8000000119
18490  23.898  -62.779  16.667 0.8000000119
18498  25.346  -62.542  15.968 0.8000000119
18500  23.707  -62.993  14.462 0.6999999881
18502  19.301  -63.031  15.865 0.6999999881
18503  18.071  -63.523  15.209 0.5000000000
18508  27.060  -62.148  14.400 0.6000000238
18509  26.067  -62.379  14.492 0.8000000119
18513  17.988  -62.770  14.737 0.5000000000
18521  25.443  -62.414  13.517 0.8000000119
18522  24.559  -62.446  13.472 0.6999999881
18525  16.150  -63.246  13.490 0.5000000000
18528  26.820  -62.292  12.785 0.6000000238
18529  26.106  -62.213  11.974 0.6000000238
18543  25.257  -61.852  11.274 0.6999999881
18544  24.304  -61.845  11.542 0.6999999881
18556  23.861  -61.726  10.673 0.6999999881
18565  24.210  -62.227  8.840 0.6999999881
18582  26.726  -62.793  7.824 0.6999999881
18583  25.868  -62.850  7.908 0.6999999881
18601  29.711  -62.426  7.385 0.6000000238
18602  28.867  -62.727  7.447 0.6000000238
19295  18.381  -61.560  19.421 0.4000000060
19298  14.700  -61.624  20.217 0.4000000060
19300  12.900  -61.849  19.391 0.4000000060
19311  19.001  -61.076  19.110 0.4000000060
19314  15.017  -61.742  19.370 0.5000000000
19327  25.104  -61.465  17.407 0.8000000119
19329  22.937  -61.665  17.191 0.6999999881
19332  17.624  -61.674  17.362 0.4000000060
19349  26.452  -61.576  16.753 0.8000000119
19354  17.244  -61.402  16.652 0.4000000060
19355  16.306  -61.452  16.651 0.5000000000
19371  26.732  -61.860  16.041 0.8000000119
19373  19.528  -62.076  15.560 0.6000000238
19375  15.943  -61.088  15.938 0.5000000000
19386  19.749  -61.144  15.134 0.6000000238
19388  18.390  -61.917  14.363 0.5000000000
19394  29.249  -60.965  12.842 0.6000000238
19396  28.108  -61.781  13.715 0.6000000238
19400  16.592  -62.462  13.479 0.5000000000
19434  24.566  -61.624  9.665 0.6000000238
19436  23.631  -61.961  9.396 0.6000000238
19441  25.935  -62.172  8.765 0.8000000119
19443  23.998  -61.826  9.224 0.6999999881
19447  27.238  -62.480  7.947 0.6999999881
19458  32.798  -61.389  7.388 0.5000000000
19460  31.125  -61.580  7.274 0.6000000238
19464  27.807  -62.520  7.734 0.6999999881
20173  19.185  -60.344  20.364 0.4000000060
20175  17.528  -60.826  20.586 0.4000000060
20198  19.432  -60.374  18.776 0.4000000060
20212  26.368  -60.917  17.182 0.8000000119
20214  24.464  -60.950  17.456 0.8000000119
20227  27.413  -60.692  16.468 0.8000000119
20229  23.107  -60.084  16.958 0.8000000119
20230  22.382  -60.342  16.565 0.6999999881
20231  21.593  -60.729  16.323 0.6000000238
20232  20.886  -60.618  15.789 0.6000000238
20234  17.557  -60.901  16.149 0.4000000060
20245  27.800  -60.993  15.912 0.6000000238
20249  15.565  -60.620  15.331 0.5000000000
20261  19.689  -60.572  14.252 0.6000000238
20270  30.274  -59.912  12.659 0.6999999881
20271  29.777  -60.343  13.188 0.6999999881
20281  18.057  -60.379  11.061 0.5000000000
20290  19.539  -59.332  10.771 0.5000000000
21071  18.262  -59.276  21.058 0.4000000060
21091  19.437  -59.644  20.724 0.4000000060
21092  18.698  -59.892  20.815 0.4000000060
21110  19.927  -59.875  19.406 0.4000000060
21127  20.335  -59.180  19.098 0.4000000060
21144  26.152  -60.114  17.128 0.6999999881
21146  24.686  -59.437  17.058 0.6999999881
21149  18.704  -59.941  16.832 0.5000000000
21156  27.409  -59.959  16.462 0.6999999881
21158  24.109  -59.145  16.930 0.6000000238
21160  22.602  -59.353  16.350 0.6000000238
21163  18.760  -59.425  16.202 0.5000000000
21170  28.330  -59.947  15.647 0.6999999881
21204  30.598  -59.445  12.198 0.5000000000
21205  20.091  -58.350  10.547 0.5000000000
21213  19.278  -58.584  9.839 0.5000000000
21214  18.164  -58.795  9.563 0.4000000060
21237  30.613  -59.292  8.573 0.4000000060
21995  20.242  -58.434  20.944 0.4000000060
21997  18.788  -58.578  21.273 0.4000000060
21998  17.824  -58.525  21.090 0.4000000060
22014  20.107  -59.241  20.582 0.4000000060
22030  20.776  -58.651  19.598 0.4000000060
22047  21.296  -57.892  19.226 0.4000000060
22075  26.587  -58.791  16.050 0.6999999881
22078  23.838  -58.515  16.688 0.5000000000
22080  19.468  -57.967  16.436 0.5000000000
22091  27.830  -59.610  15.915 0.6999999881
22094  21.576  -58.272  15.148 0.6000000238
22106  27.905  -58.478  14.885 0.6999999881
22114  20.635  -57.750  13.076 0.6999999881
22125  20.638  -57.898  11.975 0.5000000000
22126  18.848  -57.040  11.557 0.5000000000
22137  31.178  -58.654  11.035 0.4000000060
22139  19.515  -57.470  10.215 0.5000000000
22140  18.414  -57.008  10.022 0.5000000000
22161  31.357  -58.068  8.580 0.4000000060
22975  21.103  -57.365  20.879 0.4000000060
22977  19.939  -57.716  21.300 0.4000000060
22978  19.014  -57.589  21.350 0.4000000060
22991  22.166  -57.239  20.034 0.3000000119
22993  20.925  -58.035  20.568 0.4000000060
22995  16.540  -57.872  20.326 0.4000000060
23009  21.725  -57.658  19.796 0.4000000060
23025  21.357  -57.059  18.326 0.3000000119
23048  25.100  -57.338  16.365 0.5000000000
23051  22.745  -57.689  16.129 0.4000000060
23053  19.545  -56.834  16.164 0.5000000000
23067  21.663  -57.356  15.248 0.4000000060
23079  28.405  -58.124  14.387 0.5000000000
23081  26.663  -57.687  14.700 0.5000000000
23082  26.272  -57.237  14.067 0.5000000000
23085  19.660  -56.594  14.590 0.5000000000
23093  30.248  -57.827  13.287 0.6000000238
23098  20.160  -57.032  12.858 0.6999999881
23099  19.817  -56.730  13.486 0.6000000238
23100  19.512  -56.954  12.566 0.5000000000
23110  30.642  -57.433  12.773 0.6000000238
23113  20.174  -57.128  11.758 0.5000000000
23121  31.481  -57.152  11.605 0.5000000000
23122  19.875  -57.078  10.949 0.5000000000
23123  19.242  -56.974  10.703 0.5000000000
23956  18.934  -56.608  21.257 0.3000000119
24003  22.547  -56.461  18.956 0.4000000060
24017  20.370  -55.550  16.852 0.5000000000
24027  25.205  -56.683  16.117 0.4000000060
24028  24.648  -56.428  16.222 0.3000000119
24031  19.832  -55.880  16.073 0.5000000000
24043  26.134  -57.110  14.904 0.5000000000
24048  19.886  -56.093  15.326 0.5000000000
24064  25.796  -56.553  14.606 0.4000000060
24065  20.444  -56.599  14.597 0.5000000000
24092  31.112  -56.919  12.244 0.5000000000
24093  30.405  -56.696  12.629 0.5000000000
24095  28.613  -56.478  12.857 0.5000000000
24983  22.617  -55.568  18.252 0.4000000060
25007  25.001  -55.905  15.980 0.3000000119
25009  23.237  -54.532  16.247 0.4000000060
25012  20.150  -55.618  15.855 0.5000000000
25026  21.629  -54.735  16.190 0.4000000060
25028  20.607  -55.223  16.020 0.5000000000
25067  29.233  -55.885  12.432 0.5000000000
25088  23.109  -55.908  10.554 0.4000000060
25096  27.058  -56.296  10.064 0.6000000238
25120  23.885  -55.711  8.112 0.4000000060
25989  24.714  -54.451  18.621 0.4000000060
25990  23.840  -54.436  18.127 0.4000000060
26003  23.046  -53.583  17.289 0.4000000060
26005  21.220  -54.227  16.872 0.4000000060
26006  20.892  -54.655  16.485 0.5000000000
26021  22.049  -53.477  16.814 0.4000000060
26039  24.436  -53.845  15.493 0.4000000060
26121  22.715  -55.322  8.714 0.3000000119
26131  26.289  -54.743  8.137 0.4000000060
27032  22.415  -53.330  16.976 0.4000000060
27052  25.248  -53.032  16.599 0.3000000119
27053  24.609  -53.130  16.345 0.4000000060
27109  24.604  -53.892  12.842 0.5000000000
27169  24.938  -53.868  7.887 0.4000000060
28246  25.337  -52.981  15.449 0.4000000060
28247  24.850  -53.090  15.639 0.4000000060
28335  23.602  -52.182  9.480 0.3000000119
28343  26.933  -52.078  8.722 0.3000000119
28346  24.274  -52.147  8.828 0.4000000060
29439  24.403  -51.710  10.280 0.4000000060
29451  24.118  -51.849  9.860 0.3000000119
29464  26.647  -51.491  8.771 0.4000000060
31531  27.621  -50.232  8.884 0.3000000119
126240  14.895  -61.593  18.464 0.5000000000
126364  27.879  -61.801  11.833 0.6000000238
126757  21.009  -55.372  15.793 0.5000000000
127065  15.680  -61.694  17.572 0.5000000000
127435  31.542  -59.947  7.763 0.6000000238
127745  23.113  -63.574  16.045 0.6999999881
127860  14.628  -61.236  17.514 0.4000000060
128019  23.103  -62.993  12.624 0.6000000238
128498  24.383  -64.779  9.092 0.6999999881
129535  26.385  -61.879  9.133 0.8000000119
129802  24.909  -65.658  11.997 0.5000000000
129817  25.258  -58.235  16.576 0.6000000238
130176  24.723  -55.264  13.072 0.4000000060
130410  27.485  -61.761  14.969 0.6999999881
130828  34.433  -65.002  11.726 0.4000000060
131064  26.163  -51.031  8.972 0.4000000060
131737  19.735  -64.501  15.184 0.6999999881
132491  21.521  -54.041  17.154 0.4000000060
134417  22.837  -63.611  15.445 0.6999999881
134522  22.283  -54.336  9.429 0.3000000119
134950  28.074  -62.792  7.609 0.6999999881
135111  28.930  -57.765  14.006 0.6000000238
135235  24.792  -60.154  17.326 0.6999999881
135622  24.715  -57.847  16.594 0.5000000000
136434  24.913  -62.548  8.448 0.8000000119
136902  29.289  -60.059  14.479 0.6999999881
137322  24.327  -57.563  9.716 0.5000000000
137527  19.646  -59.215  17.730 0.4000000060
138321  23.433  -62.643  12.880 0.6999999881
138392  19.803  -64.139  15.700 0.6999999881
140061  24.579  -52.944  8.223 0.4000000060
140376  30.639  -63.040  7.707 0.5000000000
140454  23.731  -62.310  8.946 0.6000000238
140650  13.133  -61.885  18.483 0.5000000000
141017  16.592  -57.039  10.916 0.4000000060
142865  25.541  -63.855  8.118 0.6999999881
142956  24.593  -61.784  17.373 0.8000000119
144221  20.477  -58.341  11.291 0.5000000000
144908  26.967  -61.034  16.844 0.8000000119
145920  27.384  -58.841  15.522 0.6999999881
145930  28.892  -63.757  8.721 0.6000000238
145972  22.077  -54.404  17.510 0.4000000060
146969  23.505  -64.241  11.706 0.6000000238
148027  29.709  -64.014  12.367 0.5000000000
148056  16.520  -59.682  14.190 0.4000000060
148414  20.927  -59.936  15.297 0.6000000238
148833  31.626  -57.304  10.946 0.5000000000
148858  19.047  -57.632  14.513 0.6000000238
149037  12.560  -62.535  19.433 0.4000000060
149122  29.692  -61.228  7.741 0.6000000238
149163  20.767  -62.170  16.480 0.6999999881
149424  27.094  -63.138  7.785 0.6000000238
149751  35.440  -63.379  10.016 0.4000000060
149981  32.464  -67.416  10.763 0.5000000000
150398  18.368  -60.430  16.752 0.5000000000
150824  23.333  -63.355  11.720 0.6000000238
150847  12.612  -63.168  21.762 0.3000000119
150871  25.879  -59.449  16.858 0.6999999881
151042  23.686  -56.917  16.355 0.4000000060
151122  27.538  -65.161  12.406 0.6000000238
151639  26.731  -57.347  13.328 0.4000000060
151849  31.653  -63.081  10.989 0.4000000060
151931  20.744  -54.821  16.722 0.5000000000
