#!ascii label  , from subject sub-v2s4x29630_ses-1 vox2ras=TkReg
1462
2029  21.937  -75.141  -4.137 0.6999999881
2014  21.489  -74.253  -3.832 0.8000000119
2353  21.044  -73.406  -3.620 0.8000000119
2779  20.548  -72.825  -3.175 0.6999999881
1722  21.480  -76.062  -5.200 0.6000000238
1713  21.179  -75.372  -4.837 0.6000000238
2015  20.632  -73.722  -4.328 0.6000000238
1389  21.010  -76.399  -5.907 0.6000000238
2341  22.187  -73.412  -2.619 0.8000000119
105469  20.995  -72.648  -2.553 0.6999999881
3209  21.031  -72.206  -1.785 0.6999999881
3210  19.975  -71.787  -1.923 0.6999999881
1712  21.908  -75.759  -4.657 0.6000000238
2352  21.866  -73.832  -3.195 0.6999999881
2764  20.237  -72.382  -2.535 0.6999999881
1399  21.567  -76.905  -6.367 0.6000000238
1121  21.959  -77.344  -7.833 0.6000000238
1409  20.192  -77.072  -7.556 0.6000000238
1139  20.192  -77.796  -9.917 0.6000000238
1123  19.932  -77.303  -8.499 0.6000000238
2751  22.068  -72.415  -1.478 0.8000000119
3192  21.612  -71.759  -0.860 0.8000000119
3691  20.433  -70.538  -0.363 0.6999999881
3672  20.432  -69.536  0.115 0.6999999881
4153  20.233  -68.416  0.241 0.6999999881
2762  22.654  -72.963  -2.063 0.8000000119
107510  19.680  -70.220  -0.557 0.6999999881
2351  22.632  -73.906  -3.071 0.6999999881
2763  21.710  -72.862  -2.180 0.8000000119
3193  20.616  -71.442  -1.010 0.6999999881
2012  23.184  -74.358  -3.542 0.6999999881
1378  22.355  -76.186  -5.001 0.6999999881
1114  22.239  -77.132  -6.957 0.6000000238
1398  22.610  -76.802  -6.230 0.6000000238
1130  20.617  -77.538  -9.170 0.6000000238
1122  20.898  -77.361  -8.121 0.6000000238
1149  20.806  -78.298  -10.245 0.6000000238
712  21.013  -79.604  -9.850 0.6999999881
720  19.725  -79.114  -10.401 0.6000000238
498  21.120  -80.517  -8.559 0.5000000000
507  20.644  -80.128  -9.205 0.6000000238
489  20.880  -80.877  -7.888 0.5000000000
3178  22.233  -71.118  -0.303 0.8999999762
3671  21.261  -69.831  0.200 0.8000000119
4152  21.186  -68.850  0.140 0.6999999881
2750  22.842  -72.377  -1.440 0.6999999881
3191  22.542  -71.887  -0.878 0.8999999762
2339  23.142  -73.711  -3.062 0.8000000119
2761  23.439  -73.152  -2.664 0.8000000119
2028  23.469  -74.871  -4.076 0.8000000119
1721  23.869  -75.414  -5.392 0.6999999881
1702  22.943  -75.119  -3.944 0.6999999881
1386  23.542  -76.043  -5.423 0.8000000119
1397  23.550  -76.438  -6.298 0.8000000119
1120  22.983  -77.076  -7.628 0.6999999881
1129  21.679  -77.478  -8.892 0.6999999881
1138  21.477  -77.835  -9.799 0.6000000238
101551  21.342  -79.144  -10.254 0.6999999881
506  21.482  -80.069  -9.238 0.6999999881
3177  22.997  -71.198  -0.570 0.8999999762
3670  22.089  -70.110  0.175 0.8000000119
4674  20.902  -68.015  -0.091 0.6999999881
2749  23.432  -72.474  -1.934 0.8000000119
3190  23.449  -71.750  -1.176 0.8000000119
2350  23.580  -73.688  -3.397 0.6999999881
114627  23.946  -74.852  -5.184 0.6999999881
2027  23.794  -74.772  -4.637 0.6000000238
1710  23.437  -75.514  -4.612 0.8000000119
1396  24.029  -76.110  -6.768 0.8000000119
1119  23.689  -76.507  -7.360 0.8000000119
1128  22.743  -77.313  -8.567 0.6999999881
1148  22.019  -78.113  -10.147 0.8000000119
99770  22.411  -77.485  -9.437 0.6999999881
919  22.617  -78.439  -10.320 0.8000000119
710  22.722  -79.567  -9.834 0.6999999881
104064  22.336  -79.074  -10.248 0.6999999881
505  22.340  -80.012  -9.122 0.6999999881
711  21.880  -79.600  -9.826 0.6999999881
5310  18.288  -68.154  -10.587 0.6000000238
5835  18.948  -67.371  -10.842 0.6000000238
5845  18.786  -66.904  -11.303 0.6000000238
6386  19.898  -65.720  -11.515 0.6999999881
3669  22.943  -70.349  -0.062 0.8999999762
104621  24.089  -72.946  -3.386 0.6000000238
110218  23.901  -74.266  -5.043 0.6000000238
2364  24.124  -73.108  -4.172 0.6000000238
1727  23.988  -75.613  -6.276 0.6999999881
1736  23.770  -75.559  -7.482 0.6999999881
1735  24.071  -75.798  -6.970 0.6999999881
4198  21.009  -69.870  -4.119 0.6999999881
4199  20.221  -69.565  -4.133 0.6999999881
1408  23.722  -76.367  -8.017 0.8000000119
112702  24.033  -76.098  -7.491 0.8000000119
4213  20.785  -70.014  -4.841 0.6000000238
4214  20.054  -69.892  -4.947 0.6000000238
100854  19.323  -69.616  -5.283 0.6999999881
1127  23.437  -76.833  -8.286 0.6999999881
4228  19.658  -69.584  -5.581 0.5000000000
4229  18.771  -69.587  -5.848 0.6999999881
1147  23.125  -77.848  -10.047 0.8000000119
1137  22.763  -77.567  -9.749 0.8000000119
4227  20.388  -69.699  -5.317 0.5000000000
4740  19.825  -69.365  -5.907 0.5000000000
718  23.220  -79.112  -10.288 0.6999999881
5251  18.471  -66.929  -6.210 0.5000000000
114451  18.683  -66.337  -5.494 0.6000000238
5265  18.252  -67.496  -7.156 0.6000000238
4768  18.176  -68.813  -8.197 0.6999999881
4782  17.541  -69.695  -9.184 0.6999999881
97309  18.019  -66.571  -7.071 0.5000000000
100370  18.211  -66.945  -7.875 0.6000000238
5286  18.279  -67.942  -8.569 0.6000000238
5821  18.936  -67.543  -10.008 0.6000000238
6335  18.001  -65.977  -6.635 0.6000000238
5812  18.520  -67.205  -8.869 0.6000000238
5811  19.054  -66.580  -9.218 0.6000000238
6898  18.518  -65.017  -7.607 0.5000000000
97448  18.458  -66.391  -8.328 0.5000000000
99271  19.988  -66.349  -9.865 0.6000000238
5834  19.622  -66.783  -11.071 0.6000000238
5833  20.188  -66.303  -11.272 0.6999999881
105177  20.629  -64.447  -11.772 0.6000000238
6947  19.804  -64.515  -11.485 0.6999999881
6349  18.751  -65.720  -8.328 0.6000000238
6348  19.463  -65.846  -9.021 0.6000000238
6357  20.811  -65.946  -10.340 0.6000000238
6356  21.406  -65.867  -10.948 0.6999999881
6944  22.451  -64.839  -11.898 0.5000000000
4150  22.798  -69.365  0.093 0.8999999762
2760  24.101  -72.411  -2.556 0.6000000238
3208  24.028  -71.932  -1.868 0.6999999881
4673  21.814  -68.596  -0.136 0.8000000119
103476  19.872  -66.611  -0.289 0.6999999881
4690  20.906  -67.769  -0.787 0.6999999881
4689  21.628  -68.316  -0.701 0.8000000119
2373  23.649  -73.684  -5.636 0.6999999881
4183  21.554  -69.478  -3.102 0.8000000119
4184  20.743  -69.161  -3.152 0.6000000238
4197  21.774  -69.782  -3.952 0.6999999881
4721  21.723  -69.491  -4.515 0.6000000238
1429  23.631  -76.704  -9.263 0.8000000119
1752  23.108  -75.404  -9.898 0.8000000119
1158  24.120  -77.250  -10.014 0.8000000119
5249  20.469  -69.131  -5.431 0.5000000000
926  23.618  -78.051  -10.504 0.8000000119
5250  19.563  -68.394  -5.948 0.5000000000
5764  19.906  -66.594  -4.278 0.5000000000
6327  18.924  -65.880  -4.849 0.6000000238
5780  19.319  -67.014  -5.339 0.6000000238
113382  18.299  -65.574  -5.761 0.6000000238
6888  18.350  -64.580  -6.166 0.6000000238
8182  22.237  -63.141  -11.968 0.5000000000
7518  22.896  -64.182  -12.241 0.5000000000
7520  21.007  -63.888  -11.931 0.6000000238
6905  19.322  -64.923  -8.420 0.6000000238
6915  20.860  -65.235  -9.579 0.6999999881
6914  21.644  -65.363  -10.271 0.6999999881
6930  22.057  -65.525  -11.323 0.6999999881
7480  19.772  -64.046  -8.006 0.6000000238
6913  22.643  -65.264  -10.559 0.6000000238
7479  20.648  -63.835  -8.328 0.6999999881
7493  22.104  -64.581  -9.453 0.6000000238
7492  23.108  -64.648  -9.717 0.5000000000
3189  24.338  -71.221  -1.403 0.6999999881
3668  23.813  -70.630  -0.567 0.6999999881
4149  23.628  -69.566  -0.127 0.6999999881
4672  22.662  -68.787  -0.162 0.8000000119
4687  23.254  -68.488  -0.690 0.6999999881
4182  22.205  -69.288  -3.064 0.6999999881
4700  22.051  -68.979  -1.961 0.6999999881
9482  23.928  -60.955  -12.011 0.5000000000
6878  19.214  -64.446  -3.878 0.5000000000
110331  18.552  -64.682  -5.329 0.6000000238
8181  22.881  -62.470  -12.057 0.5000000000
6887  18.846  -64.053  -4.782 0.5000000000
7453  19.498  -63.449  -4.185 0.5000000000
106382  18.727  -63.924  -5.713 0.6000000238
6897  18.985  -64.281  -7.481 0.6000000238
6929  22.853  -65.205  -11.362 0.5000000000
8085  19.812  -62.697  -4.902 0.5000000000
7458  19.255  -63.311  -5.270 0.6000000238
101547  19.494  -63.626  -7.147 0.6000000238
7463  20.179  -62.975  -6.848 0.6000000238
3689  24.658  -70.297  -1.009 0.6999999881
3667  24.300  -69.729  -0.475 0.6999999881
4671  23.467  -68.867  -0.247 0.6999999881
7469  21.995  -63.038  -8.046 0.5000000000
8084  20.125  -62.708  -4.072 0.5000000000
102100  22.528  -63.830  -8.773 0.5000000000
8097  20.378  -62.226  -5.395 0.5000000000
111647  20.948  -62.554  -6.951 0.5000000000
7470  20.985  -63.030  -7.750 0.5000000000
7478  21.545  -63.737  -8.572 0.5000000000
8128  22.555  -62.557  -7.475 0.5000000000
8127  23.554  -62.588  -7.586 0.5000000000
8772  21.884  -61.490  -6.074 0.5000000000
8110  23.057  -62.132  -7.008 0.5000000000
7477  23.014  -63.152  -8.185 0.5000000000
99455  21.581  -61.426  -5.106 0.5000000000
8112  21.376  -62.075  -6.539 0.5000000000
8129  21.660  -62.513  -7.270 0.5000000000
106646  20.310  -62.251  -4.663 0.5000000000
8113  20.609  -62.355  -6.245 0.5000000000
8771  22.981  -61.518  -6.348 0.5000000000
98772  22.619  -59.436  -10.492 0.6000000238
9473  21.451  -60.669  -10.487 0.6000000238
10142  23.086  -59.857  -11.122 0.5000000000
10126  22.476  -59.122  -9.675 0.6999999881
10132  21.955  -59.846  -10.061 0.6000000238
9474  20.601  -60.920  -10.129 0.6000000238
9457  20.076  -60.896  -8.352 0.6999999881
113955  22.450  -58.871  -8.878 0.6000000238
10118  21.952  -59.551  -9.019 0.6999999881
9466  20.485  -60.700  -9.501 0.6999999881
9467  19.900  -61.025  -9.218 0.6999999881
9445  20.400  -60.607  -7.303 0.8000000119
11362  22.803  -57.190  -9.504 0.5000000000
10765  23.199  -57.854  -10.241 0.5000000000
9444  20.778  -60.334  -8.119 0.8000000119
9443  21.585  -59.699  -7.955 0.6000000238
9432  19.164  -60.892  -5.775 0.6999999881
11991  22.739  -56.058  -9.568 0.5000000000
11377  23.183  -56.798  -9.994 0.5000000000
8773  19.824  -60.763  -6.504 0.6999999881
104421  18.906  -61.331  -6.765 0.6999999881
113185  21.189  -59.973  -7.163 0.6999999881
10750  22.414  -58.344  -8.492 0.6999999881
8764  18.466  -61.058  -5.015 0.6999999881
9431  19.925  -60.158  -5.620 0.6999999881
106982  22.550  -57.631  -8.867 0.6000000238
10113  21.782  -59.120  -7.438 0.8000000119
103586  14.155  -58.666  -4.573 0.6999999881
102540  15.238  -58.604  -4.446 0.8000000119
13328  21.662  -54.789  -8.336 0.4000000060
8754  18.129  -60.980  -4.063 0.6999999881
99461  21.868  -55.371  -9.087 0.5000000000
9425  19.316  -60.248  -4.954 0.6999999881
11992  22.024  -55.638  -9.221 0.6000000238
11351  21.122  -56.812  -8.770 0.6000000238
9430  20.707  -59.955  -6.297 0.6999999881
10744  22.062  -58.437  -7.779 0.8000000119
10733  21.576  -58.580  -7.158 0.8000000119
111903  11.964  -53.892  1.890 0.5000000000
14669  11.525  -53.183  1.240 0.5000000000
14687  10.982  -52.245  0.430 0.5000000000
11962  10.907  -56.682  -6.263 0.5000000000
103307  12.383  -57.615  -7.094 0.6000000238
11961  11.793  -56.727  -7.033 0.6000000238
12578  10.663  -56.038  -5.315 0.6000000238
13261  10.044  -53.483  -2.769 0.6000000238
11323  12.031  -58.293  -6.224 0.6999999881
98108  11.528  -57.477  -6.705 0.6999999881
107053  13.229  -58.707  -4.874 0.6999999881
10691  12.366  -58.633  -5.044 0.6999999881
10082  18.963  -58.977  -4.069 0.6999999881
10074  18.613  -58.973  -3.482 0.6999999881
10703  17.249  -58.514  -4.857 0.8000000119
12622  21.012  -55.238  -8.633 0.5000000000
104960  18.863  -60.280  -4.173 0.6999999881
11983  21.032  -55.832  -9.046 0.6000000238
9424  19.726  -59.635  -5.144 0.8000000119
11342  21.529  -57.798  -7.833 0.6999999881
10717  20.176  -58.711  -5.827 0.8000000119
10101  20.883  -59.076  -6.091 0.8000000119
13931  12.664  -53.471  1.477 0.6000000238
13952  13.471  -53.056  0.906 0.5000000000
14686  12.276  -52.599  0.672 0.6000000238
14711  10.492  -51.697  -0.561 0.6000000238
115844  11.133  -51.543  -0.864 0.6000000238
15512  9.932  -51.627  -1.826 0.5000000000
115732  12.035  -55.383  -6.368 0.5000000000
13306  11.029  -55.056  -5.825 0.5000000000
11960  12.654  -56.870  -6.918 0.6000000238
14040  10.662  -54.532  -5.201 0.6000000238
12570  10.452  -55.306  -4.669 0.6999999881
14748  9.916  -52.397  -2.698 0.6000000238
98661  13.306  -57.718  -7.155 0.6000000238
11322  13.127  -58.231  -6.873 0.6999999881
11307  11.580  -58.228  -5.061 0.6999999881
11945  10.534  -56.902  -5.122 0.6999999881
99722  10.618  -56.031  -4.718 0.8000000119
13274  10.141  -53.935  -3.773 0.6999999881
11321  14.052  -58.119  -7.138 0.6999999881
10723  13.931  -58.545  -6.626 0.6999999881
10722  14.870  -58.391  -6.643 0.6999999881
10705  14.528  -58.630  -5.645 0.8000000119
110574  16.374  -58.510  -5.626 0.8000000119
10687  16.515  -58.570  -4.307 0.8000000119
12623  19.965  -55.642  -8.697 0.5000000000
11975  18.508  -56.126  -8.383 0.6000000238
10702  19.099  -58.759  -4.864 0.8000000119
10685  18.279  -58.573  -4.586 0.8000000119
11352  20.072  -56.307  -8.867 0.6000000238
11353  19.208  -56.125  -8.715 0.6999999881
10718  19.315  -58.462  -5.779 0.8000000119
11331  19.762  -57.511  -7.747 0.6999999881
10735  19.480  -58.100  -6.798 0.6999999881
10734  20.558  -58.347  -6.586 0.8000000119
13193  13.385  -54.357  3.258 0.4000000060
13920  12.878  -54.221  2.331 0.5000000000
96911  13.095  -52.164  0.122 0.4000000060
14710  11.773  -51.844  -0.292 0.5000000000
100410  10.489  -51.522  -2.100 0.5000000000
12589  12.220  -55.910  -6.627 0.5000000000
14039  11.246  -54.275  -5.337 0.6000000238
14028  10.614  -53.697  -4.630 0.6000000238
15529  10.158  -51.823  -2.375 0.6000000238
11943  13.651  -56.783  -6.243 0.6000000238
103523  10.190  -53.650  -4.017 0.6999999881
14012  9.959  -53.172  -3.288 0.6999999881
11959  14.234  -57.737  -6.932 0.6000000238
10721  15.793  -58.270  -6.542 0.8000000119
11345  18.078  -56.753  -8.052 0.6999999881
11332  18.508  -57.432  -7.768 0.6999999881
10719  18.215  -58.357  -5.996 0.8000000119
10737  17.189  -57.949  -7.164 0.8000000119
11344  18.815  -56.750  -8.404 0.6999999881
13919  13.957  -54.204  2.518 0.4000000060
13906  13.696  -53.851  3.917 0.4000000060
13893  13.074  -53.295  4.365 0.4000000060
14685  14.202  -52.806  0.190 0.5000000000
13930  13.731  -53.845  1.703 0.4000000060
15427  12.260  -52.137  4.736 0.5000000000
106967  11.627  -51.535  -1.293 0.5000000000
15539  11.304  -51.648  -3.176 0.5000000000
15540  10.582  -51.994  -3.054 0.5000000000
113579  12.038  -51.402  -3.638 0.5000000000
14761  10.400  -52.821  -3.705 0.6999999881
11320  14.820  -58.033  -7.318 0.6000000238
112739  16.280  -57.842  -6.971 0.8000000119
11976  18.010  -56.297  -7.980 0.6000000238
11346  17.584  -56.725  -7.895 0.6000000238
11971  17.088  -56.995  -7.691 0.6999999881
11334  16.572  -57.458  -7.228 0.6999999881
11333  17.510  -57.361  -7.696 0.6999999881
16247  11.610  -50.505  3.873 0.3000000119
110944  14.520  -53.411  1.126 0.4000000060
13918  14.736  -53.757  2.668 0.3000000119
13905  14.435  -53.453  3.624 0.4000000060
14647  13.804  -53.106  4.142 0.4000000060
14648  13.154  -52.372  4.316 0.4000000060
15439  11.918  -51.363  4.409 0.5000000000
14709  13.813  -52.163  -0.646 0.4000000060
101368  12.337  -50.809  3.690 0.3000000119
15494  12.711  -51.796  -0.978 0.4000000060
15548  12.139  -51.636  -4.093 0.5000000000
15510  12.272  -51.427  -2.021 0.4000000060
14775  12.420  -52.975  -4.605 0.6000000238
15493  13.512  -51.662  -1.694 0.4000000060
15547  12.825  -51.013  -4.256 0.4000000060
15527  11.800  -51.313  -2.952 0.5000000000
10738  15.227  -58.041  -7.102 0.6999999881
98248  16.910  -57.531  -7.412 0.6999999881
99342  11.216  -51.031  4.794 0.4000000060
16996  12.014  -49.964  3.263 0.3000000119
14684  14.957  -52.898  0.344 0.3000000119
15526  12.895  -51.288  -2.815 0.4000000060
16325  13.278  -50.438  -4.093 0.4000000060
15538  12.630  -50.919  -3.660 0.4000000060
14658  14.997  -52.876  3.028 0.3000000119
14659  14.225  -52.332  3.710 0.3000000119
15437  13.272  -51.267  3.671 0.4000000060
16258  13.602  -50.614  3.147 0.3000000119
16246  12.834  -50.270  3.212 0.3000000119
14668  15.377  -52.908  1.564 0.3000000119
14730  14.327  -52.007  -1.096 0.3000000119
15525  13.842  -51.234  -2.486 0.3000000119
15509  14.433  -51.682  -1.678 0.3000000119
16320  13.404  -50.697  -3.408 0.3000000119
15455  14.112  -51.322  3.292 0.3000000119
17008  13.476  -49.771  2.783 0.3000000119
15454  14.887  -51.821  3.033 0.3000000119
16257  14.469  -50.680  2.905 0.3000000119
14729  14.876  -52.116  -1.050 0.3000000119
16314  14.571  -51.191  -2.122 0.3000000119
16319  14.348  -50.583  -2.893 0.3000000119
16997  11.322  -49.678  3.425 0.3000000119
15453  15.425  -52.249  2.295 0.3000000119
98500  15.257  -51.311  2.585 0.3000000119
15508  15.168  -51.557  -1.350 0.3000000119
4247  19.106  -69.415  -6.240 0.6000000238
112572  18.656  -69.355  -6.838 0.6999999881
4260  18.069  -69.454  -7.603 0.6999999881
4769  17.777  -69.415  -8.525 0.6999999881
14760  11.312  -52.062  -3.723 0.6000000238
100879  12.466  -49.466  2.819 0.3000000119
2030  20.955  -74.547  -4.555 0.6999999881
3194  19.493  -70.938  -1.387 0.6999999881
1377  23.067  -76.069  -4.936 0.8000000119
921  20.145  -78.673  -10.472 0.6000000238
920  21.626  -78.658  -10.352 0.6999999881
2349  23.865  -73.591  -3.847 0.6000000238
1423  23.380  -76.344  -9.688 0.8000000119
107584  23.099  -78.676  -10.428 0.8000000119
6946  20.671  -65.228  -11.572 0.6999999881
5264  18.834  -68.218  -6.622 0.5000000000
5297  18.381  -68.204  -9.620 0.6000000238
7521  20.100  -63.521  -11.511 0.6000000238
6904  20.298  -64.624  -8.821 0.6999999881
4701  21.300  -68.685  -1.964 0.8000000119
104520  20.773  -67.454  -4.377 0.5000000000
5230  20.313  -67.927  -5.157 0.6000000238
7459  18.782  -63.971  -6.618 0.6000000238
10091  19.787  -59.015  -5.107 0.8000000119
101318  21.685  -77.978  -2.534 0.4000000060
1080  21.786  -77.511  -1.518 0.4000000060
105339  21.768  -79.952  -4.165 0.3000000119
678  20.978  -78.803  -3.947 0.4000000060
888  20.797  -78.121  -3.084 0.4000000060
881  20.821  -77.997  -2.111 0.4000000060
674  25.291  -79.392  -3.840 0.4000000060
887  25.000  -79.198  -3.341 0.5000000000
669  24.143  -79.379  -3.237 0.5000000000
112322  24.091  -80.096  -3.988 0.3000000119
676  23.852  -79.953  -3.662 0.4000000060
880  22.542  -78.415  -2.846 0.4000000060
456  23.527  -80.315  -4.086 0.3000000119
677  22.356  -79.661  -3.710 0.3000000119
110465  21.879  -78.657  -3.231 0.3000000119
114287  22.544  -80.750  -4.552 0.3000000119
98513  24.511  -80.025  -4.889 0.4000000060
464  25.311  -79.525  -4.560 0.4000000060
111376  26.020  -78.972  -3.891 0.5000000000
473  25.107  -79.733  -5.490 0.3000000119
100499  23.847  -80.346  -4.499 0.3000000119
311  22.585  -81.089  -5.713 0.4000000060
300  23.206  -80.769  -5.095 0.3000000119
328  21.873  -81.114  -6.957 0.4000000060
321  21.345  -81.509  -6.316 0.4000000060
329  21.087  -81.213  -7.174 0.4000000060
684  25.862  -79.255  -5.348 0.4000000060
687  26.375  -78.952  -6.078 0.4000000060
478  24.828  -79.831  -6.315 0.4000000060
484  25.270  -79.589  -7.123 0.4000000060
902  26.817  -78.557  -7.859 0.5000000000
479  24.104  -80.225  -6.242 0.4000000060
694  24.981  -79.766  -7.936 0.4000000060
480  22.705  -80.887  -6.745 0.5000000000
495  24.163  -79.919  -7.984 0.4000000060
487  22.316  -80.769  -7.517 0.4000000060
112937  19.336  -79.603  -9.776 0.6000000238
499  20.250  -80.681  -8.358 0.4000000060
905  27.271  -78.127  -8.554 0.6000000238
906  26.692  -78.656  -8.843 0.6000000238
699  25.445  -79.462  -8.578 0.6000000238
706  26.010  -79.103  -9.192 0.6000000238
700  24.676  -79.694  -8.754 0.6000000238
716  24.880  -79.106  -10.339 0.6999999881
113744  23.478  -80.117  -8.056 0.5000000000
701  23.741  -79.817  -8.883 0.6000000238
717  24.013  -79.124  -10.401 0.6999999881
1145  27.238  -76.809  -10.281 0.6999999881
1154  26.092  -76.863  -11.074 0.6999999881
911  26.587  -78.500  -9.831 0.6000000238
112204  26.129  -78.339  -10.689 0.6999999881
1433  24.550  -76.801  -10.413 0.6999999881
1434  23.902  -75.838  -10.094 0.6999999881
1748  23.155  -75.836  -9.309 0.6999999881
916  25.370  -78.474  -10.949 0.6999999881
1157  24.284  -77.481  -10.615 0.6999999881
925  24.237  -77.898  -11.058 0.6999999881
1755  25.607  -75.765  -10.799 0.5000000000
1756  24.528  -75.169  -10.691 0.6000000238
1155  25.426  -77.098  -11.155 0.6999999881
100801  24.513  -75.949  -10.516 0.6000000238
2086  22.255  -74.115  -10.350 0.6999999881
924  24.999  -77.783  -11.257 0.6999999881
1749  22.726  -75.223  -9.933 0.6999999881
114789  22.976  -75.525  -8.820 0.6000000238
1757  23.626  -74.920  -10.428 0.6000000238
2091  22.655  -74.108  -10.519 0.6000000238
1742  22.295  -74.917  -9.344 0.6000000238
105364  21.757  -73.811  -10.400 0.6000000238
2800  23.648  -72.680  -5.573 0.5000000000
3692  18.921  -70.350  -1.137 0.6000000238
2765  19.476  -72.005  -2.642 0.6000000238
2077  21.876  -74.348  -8.798 0.6000000238
2069  23.015  -74.593  -7.241 0.6000000238
2807  23.023  -72.969  -6.383 0.5000000000
4676  18.438  -68.339  0.765 0.6000000238
4169  19.353  -69.603  -0.208 0.6000000238
4170  18.586  -69.960  -0.555 0.6000000238
97729  21.612  -73.945  -9.800 0.6000000238
2400  22.608  -73.582  -7.174 0.5000000000
2387  23.299  -74.101  -6.415 0.5000000000
5706  17.435  -66.339  0.624 0.6000000238
5704  18.900  -66.439  0.460 0.6000000238
4654  18.482  -67.373  0.923 0.6000000238
4655  17.811  -67.872  1.128 0.6000000238
4154  19.038  -68.941  0.212 0.6000000238
5181  19.746  -66.776  0.291 0.6000000238
4675  19.398  -67.623  0.519 0.6000000238
3207  24.703  -71.560  -2.389 0.6000000238
2070  22.101  -74.082  -7.937 0.6000000238
5714  17.764  -65.854  0.071 0.6000000238
5197  18.517  -66.750  -2.283 0.6000000238
5719  19.253  -66.152  -0.079 0.6000000238
5196  19.480  -67.426  -2.140 0.6000000238
5187  19.192  -66.385  -1.110 0.6000000238
116004  19.802  -68.486  -3.224 0.5000000000
5186  20.190  -67.086  -0.973 0.6000000238
4702  20.448  -68.089  -2.036 0.5000000000
5169  16.887  -66.947  0.772 0.6999999881
5715  16.851  -66.124  -0.182 0.6000000238
5730  18.012  -65.948  -1.551 0.6000000238
5211  18.797  -67.776  -3.159 0.6000000238
4723  19.101  -68.975  -4.361 0.6000000238
5233  15.631  -67.517  -4.890 0.6000000238
5721  17.409  -65.728  -0.892 0.6000000238
5198  17.563  -66.344  -2.454 0.6000000238
4713  18.021  -67.829  -3.797 0.5000000000
5213  17.267  -66.899  -3.280 0.6000000238
100170  16.971  -68.279  -4.844 0.6000000238
5232  16.264  -67.574  -4.476 0.6000000238
4742  15.709  -68.151  -5.710 0.6000000238
5731  17.018  -65.879  -1.814 0.6000000238
4215  18.699  -69.409  -5.246 0.6000000238
5231  17.086  -67.651  -4.101 0.6000000238
4724  17.909  -68.648  -4.775 0.5000000000
4741  17.334  -69.006  -5.420 0.6000000238
4725  16.339  -68.511  -5.337 0.5000000000
4759  15.702  -68.817  -6.547 0.5000000000
4248  18.252  -69.563  -6.672 0.6000000238
4249  17.411  -69.648  -6.571 0.6000000238
4250  16.505  -69.537  -6.795 0.6000000238
4262  16.621  -69.764  -7.969 0.6000000238
4274  15.958  -69.755  -8.643 0.6999999881
107421  15.547  -69.548  -9.312 0.6999999881
4798  15.605  -69.514  -10.106 0.6999999881
4814  15.188  -68.704  -10.376 0.6999999881
101821  17.423  -69.675  -7.364 0.6000000238
4261  17.338  -69.852  -8.482 0.6999999881
4283  17.135  -69.547  -10.405 0.6999999881
4284  16.117  -70.001  -9.593 0.6999999881
4813  15.787  -69.054  -10.597 0.6999999881
5312  16.012  -68.449  -10.897 0.6000000238
4796  17.825  -69.023  -10.234 0.6000000238
114281  23.886  -71.869  -5.562 0.5000000000
2799  24.097  -72.316  -4.791 0.5000000000
3732  25.155  -70.937  -4.528 0.5000000000
115251  24.623  -71.690  -4.453 0.5000000000
3235  24.962  -71.560  -3.842 0.6000000238
4225  25.325  -69.508  -5.301 0.6000000238
3738  25.554  -70.084  -4.674 0.6000000238
116576  25.640  -70.453  -4.199 0.6000000238
3206  25.384  -70.828  -2.711 0.6000000238
3711  25.567  -69.953  -2.190 0.6000000238
4211  25.808  -69.206  -4.527 0.5000000000
100776  25.968  -68.870  -3.611 0.6000000238
4167  25.328  -69.407  -1.558 0.6000000238
5206  25.494  -68.082  -3.365 0.6000000238
116336  24.844  -68.022  -2.181 0.5000000000
4684  25.201  -68.889  -1.403 0.6000000238
4685  24.749  -68.633  -1.014 0.6000000238
112989  24.662  -67.651  -3.071 0.5000000000
4697  24.543  -68.243  -1.497 0.6000000238
4712  22.265  -69.232  -3.811 0.5000000000
5209  22.494  -68.087  -3.463 0.5000000000
4699  22.828  -68.676  -1.943 0.6000000238
4698  23.777  -68.224  -1.470 0.6000000238
497  22.349  -80.467  -8.271 0.6000000238
709  23.500  -79.542  -9.804 0.6999999881
2791  24.526  -72.340  -3.978 0.5000000000
4216  18.139  -69.401  -5.511 0.6000000238
4272  16.939  -69.931  -9.621 0.6999999881
2777  24.654  -72.094  -3.222 0.6000000238
4686  24.053  -68.511  -0.747 0.6000000238
4711  22.751  -68.752  -2.978 0.6000000238
104696  23.219  -80.087  -3.756 0.3000000119
670  23.130  -79.376  -3.265 0.4000000060
466  23.042  -80.637  -4.507 0.3000000119
474  23.933  -80.419  -5.341 0.4000000060
102823  23.387  -80.696  -6.019 0.4000000060
692  26.110  -79.034  -7.148 0.4000000060
485  24.460  -79.896  -7.130 0.3000000119
693  25.571  -79.401  -7.831 0.5000000000
698  26.075  -79.015  -8.251 0.6000000238
486  23.605  -80.333  -7.125 0.5000000000
97738  22.920  -80.464  -7.719 0.5000000000
912  25.753  -78.958  -10.153 0.6000000238
113975  25.135  -76.104  -10.797 0.6999999881
5212  18.032  -67.089  -3.031 0.6000000238
5313  15.098  -67.969  -10.712 0.6000000238
5226  25.112  -67.572  -4.065 0.5000000000
3722  25.843  -70.219  -3.052 0.6000000238
4196  25.953  -69.415  -2.878 0.6000000238
4720  25.655  -68.292  -4.325 0.5000000000
4710  25.682  -68.581  -2.682 0.6000000238
112031  24.434  -67.152  -3.952 0.5000000000
5194  24.275  -67.940  -2.198 0.5000000000
5195  23.456  -68.196  -2.397 0.5000000000
1287  20.632  -76.972  4.674 0.4000000060
1296  21.113  -76.076  4.409 0.4000000060
1039  20.677  -77.501  4.008 0.5000000000
1586  21.468  -75.448  7.256 0.5000000000
1575  21.068  -75.774  8.296 0.5000000000
113878  20.696  -76.447  9.286 0.5000000000
1275  21.348  -75.672  6.405 0.5000000000
1308  21.221  -76.589  3.905 0.4000000060
111830  22.139  -76.012  3.360 0.4000000060
1038  21.264  -77.429  3.730 0.5000000000
860  22.653  -78.067  0.575 0.3000000119
865  22.958  -79.354  0.264 0.3000000119
660  21.704  -79.014  0.038 0.3000000119
867  21.176  -78.287  -0.372 0.3000000119
1894  21.411  -74.671  7.185 0.4000000060
1587  21.234  -75.236  7.734 0.5000000000
1887  20.269  -75.120  8.129 0.5000000000
1597  21.497  -74.948  6.701 0.4000000060
1286  21.077  -75.940  5.267 0.4000000060
1621  21.374  -75.534  3.915 0.3000000119
1926  21.423  -74.490  4.135 0.3000000119
1027  23.181  -77.529  4.029 0.4000000060
1635  22.134  -75.279  3.299 0.3000000119
100400  22.957  -75.775  3.502 0.4000000060
1306  22.612  -76.668  3.562 0.5000000000
1634  22.811  -74.959  3.377 0.3000000119
859  23.668  -78.585  0.688 0.3000000119
655  24.290  -79.569  0.365 0.3000000119
866  21.895  -78.142  0.225 0.3000000119
1072  21.712  -77.478  -0.369 0.3000000119
872  20.925  -77.926  -1.145 0.3000000119
1909  21.279  -74.003  7.138 0.3000000119
1895  20.915  -74.474  7.520 0.4000000060
1908  21.420  -74.138  6.356 0.3000000119
1938  22.260  -74.326  3.331 0.3000000119
1619  24.232  -75.369  4.758 0.4000000060
1285  24.223  -76.216  4.725 0.4000000060
1620  23.626  -75.118  3.848 0.4000000060
2282  22.960  -73.507  3.441 0.3000000119
1056  24.841  -77.308  1.401 0.4000000060
849  24.307  -77.982  1.070 0.4000000060
848  25.569  -78.450  1.087 0.4000000060
847  25.976  -78.712  1.279 0.4000000060
637  26.151  -78.499  2.075 0.4000000060
638  26.378  -78.395  2.563 0.5000000000
1333  22.812  -76.613  0.414 0.3000000119
1067  22.301  -77.340  0.347 0.3000000119
1090  22.621  -77.763  -2.354 0.3000000119
2255  21.047  -73.423  6.722 0.3000000119
1915  24.883  -74.323  5.214 0.3000000119
1916  24.667  -75.055  5.379 0.3000000119
1596  25.107  -75.626  5.934 0.4000000060
1273  25.657  -76.271  6.620 0.4000000060
114016  24.526  -74.066  4.640 0.3000000119
2274  24.027  -73.691  4.007 0.3000000119
1925  23.308  -74.335  3.532 0.3000000119
804  27.465  -77.589  6.064 0.5000000000
1002  27.688  -77.184  6.836 0.5000000000
1950  25.770  -74.723  2.110 0.3000000119
1653  25.346  -75.485  2.068 0.3000000119
106527  25.064  -74.684  1.624 0.3000000119
1322  25.061  -76.404  1.770 0.3000000119
1055  25.923  -77.638  1.814 0.4000000060
1036  27.425  -77.120  3.747 0.5000000000
822  27.444  -77.434  3.939 0.5000000000
1654  24.416  -75.311  1.417 0.3000000119
99394  26.263  -78.371  1.561 0.4000000060
644  26.285  -78.226  1.805 0.4000000060
841  26.450  -78.106  2.432 0.5000000000
831  26.958  -77.771  3.411 0.5000000000
1338  22.368  -76.862  -0.066 0.3000000119
1349  22.343  -76.787  -0.790 0.3000000119
1079  22.838  -77.017  -1.762 0.3000000119
1089  23.652  -77.672  -2.438 0.4000000060
1906  25.692  -74.389  5.794 0.3000000119
1595  25.892  -75.316  6.255 0.4000000060
2703  23.678  -71.804  3.609 0.3000000119
103454  24.465  -73.053  4.159 0.3000000119
2273  24.767  -73.631  4.667 0.3000000119
1272  26.425  -75.974  6.909 0.4000000060
2695  23.704  -72.793  3.718 0.3000000119
114640  26.893  -76.498  7.917 0.4000000060
988  27.432  -76.985  7.586 0.5000000000
114814  28.752  -76.008  6.847 0.4000000060
987  28.118  -76.530  7.023 0.5000000000
1957  28.012  -74.704  1.550 0.3000000119
1001  28.111  -77.006  5.934 0.5000000000
1949  26.660  -74.960  2.538 0.3000000119
1024  28.742  -76.375  4.398 0.4000000060
1013  29.326  -76.487  5.058 0.5000000000
1960  25.458  -74.003  1.338 0.3000000119
1645  26.193  -75.677  2.612 0.4000000060
1317  26.640  -76.661  2.857 0.4000000060
1035  28.112  -76.489  4.112 0.5000000000
1025  28.140  -76.973  4.310 0.5000000000
1049  26.464  -77.333  2.401 0.4000000060
1048  26.842  -77.534  2.632 0.5000000000
1047  26.756  -77.754  2.599 0.5000000000
1674  23.454  -75.444  0.021 0.3000000119
1683  23.603  -75.611  -0.718 0.4000000060
1347  24.089  -76.008  -1.537 0.3000000119
1348  23.178  -76.281  -1.205 0.4000000060
1360  23.888  -76.828  -1.974 0.4000000060
1417  17.837  -75.929  -8.889 0.5000000000
879  23.447  -78.531  -2.865 0.3000000119
3134  24.654  -71.348  3.646 0.3000000119
2694  24.559  -72.284  3.905 0.3000000119
1904  27.421  -74.851  6.726 0.3000000119
106823  28.828  -74.840  7.468 0.3000000119
1259  28.337  -75.731  7.299 0.5000000000
1271  30.065  -75.547  6.365 0.4000000060
1258  29.208  -75.377  7.158 0.3000000119
1969  28.605  -75.113  0.395 0.3000000119
1284  29.995  -76.076  5.247 0.5000000000
1958  27.250  -74.598  1.842 0.3000000119
1294  29.573  -76.127  4.350 0.4000000060
1644  26.998  -75.872  3.048 0.4000000060
1305  27.575  -75.885  3.641 0.4000000060
102101  27.559  -76.471  3.716 0.4000000060
1303  28.809  -75.968  4.180 0.4000000060
1961  24.613  -74.431  1.031 0.3000000119
1984  24.434  -74.459  0.393 0.3000000119
1316  27.200  -76.926  3.302 0.4000000060
1304  27.867  -76.471  3.927 0.5000000000
1682  24.418  -75.371  -1.089 0.3000000119
1346  24.875  -75.865  -1.669 0.4000000060
1743  18.872  -75.486  -8.188 0.5000000000
1359  24.979  -76.712  -2.109 0.5000000000
1425  17.752  -76.696  -9.101 0.5000000000
97039  25.471  -71.795  4.003 0.3000000119
4134  17.551  -68.947  1.231 0.5000000000
1582  30.083  -74.866  7.308 0.3000000119
4155  18.280  -69.570  0.239 0.5000000000
4135  16.913  -69.147  1.690 0.6000000238
1968  29.644  -75.361  0.192 0.3000000119
100928  28.725  -74.754  1.111 0.3000000119
1947  28.042  -74.456  2.762 0.3000000119
1283  30.395  -75.903  4.463 0.4000000060
1607  30.736  -75.639  5.432 0.4000000060
2780  19.534  -72.456  -3.335 0.5000000000
4156  15.252  -69.104  0.283 0.5000000000
1643  27.928  -75.166  3.597 0.3000000119
1633  28.297  -75.783  4.000 0.3000000119
1632  29.327  -75.478  4.006 0.3000000119
110484  30.419  -75.393  3.818 0.3000000119
2354  20.114  -73.043  -3.941 0.5000000000
1971  25.026  -73.922  0.552 0.3000000119
1983  24.878  -74.337  -0.168 0.3000000119
2042  20.401  -74.789  -5.276 0.5000000000
1672  24.818  -74.859  -0.771 0.3000000119
103634  19.319  -74.947  -7.246 0.5000000000
1681  25.191  -75.272  -1.417 0.4000000060
1690  25.599  -75.954  -2.125 0.4000000060
104266  25.822  -76.873  -2.499 0.5000000000
1410  19.308  -76.620  -8.204 0.5000000000
1086  26.365  -77.442  -2.948 0.4000000060
1087  25.610  -77.595  -2.723 0.3000000119
878  24.439  -78.547  -2.890 0.4000000060
1424  18.314  -76.800  -9.094 0.6000000238
1095  28.482  -77.350  -3.806 0.3000000119
1103  27.992  -77.874  -4.079 0.4000000060
885  26.432  -78.459  -3.710 0.4000000060
877  25.352  -78.437  -3.035 0.3000000119
1151  18.899  -77.973  -10.022 0.6000000238
1142  17.755  -77.462  -9.412 0.5000000000
1102  28.760  -77.512  -4.381 0.3000000119
893  28.141  -78.060  -4.823 0.5000000000
890  27.360  -78.277  -4.451 0.4000000060
110949  26.156  -79.023  -4.511 0.4000000060
923  18.539  -78.499  -10.095 0.6000000238
1101  29.548  -77.133  -4.806 0.3000000119
1108  28.837  -77.601  -5.266 0.5000000000
894  27.326  -78.474  -5.344 0.4000000060
683  26.584  -78.844  -5.270 0.4000000060
1112  28.776  -77.466  -6.253 0.4000000060
898  28.110  -78.062  -5.854 0.5000000000
115678  26.890  -78.722  -5.824 0.4000000060
899  27.183  -78.479  -6.593 0.5000000000
4656  17.070  -68.033  1.342 0.6000000238
113689  30.396  -75.569  -0.010 0.3000000119
4677  16.403  -67.815  0.705 0.6000000238
4678  15.706  -68.161  0.159 0.6000000238
1981  29.023  -75.276  -0.316 0.3000000119
1946  28.813  -74.241  3.123 0.3000000119
4691  15.523  -67.700  -0.723 0.6000000238
2331  28.535  -73.183  -1.289 0.3000000119
1937  28.555  -74.880  3.716 0.3000000119
103574  29.397  -74.780  3.687 0.3000000119
4692  15.034  -67.772  -1.464 0.6000000238
2321  25.600  -73.802  -0.146 0.3000000119
5216  14.062  -66.462  -2.903 0.6000000238
4703  14.355  -68.009  -2.090 0.6000000238
5200  13.895  -67.274  -2.643 0.6000000238
5218  12.965  -67.731  -3.698 0.5000000000
1357  27.056  -76.180  -2.879 0.4000000060
1096  27.627  -77.614  -3.635 0.4000000060
1111  29.265  -76.922  -6.502 0.4000000060
900  28.085  -77.793  -6.898 0.5000000000
1966  31.306  -75.062  -0.090 0.3000000119
1954  31.036  -75.066  0.408 0.3000000119
1955  30.396  -75.345  0.393 0.3000000119
100343  29.472  -74.833  1.189 0.3000000119
1956  28.731  -74.170  2.186 0.3000000119
2281  29.468  -73.591  2.698 0.3000000119
1936  29.451  -74.113  3.365 0.3000000119
5168  17.719  -67.009  1.076 0.5000000000
1979  30.595  -75.154  -0.564 0.3000000119
2317  29.436  -74.805  -0.862 0.3000000119
5188  16.186  -66.318  -0.953 0.5000000000
5182  16.148  -67.084  -0.184 0.6000000238
1935  30.376  -74.679  3.632 0.3000000119
5189  15.596  -66.858  -1.260 0.6000000238
2330  29.928  -73.722  -1.179 0.3000000119
5199  14.783  -66.636  -2.210 0.6000000238
1688  26.855  -75.109  -2.659 0.3000000119
1689  26.295  -75.466  -2.365 0.3000000119
5749  13.922  -66.261  -3.662 0.6000000238
5782  13.664  -66.478  -5.219 0.6000000238
5723  15.776  -66.172  -1.770 0.6000000238
5732  16.177  -65.966  -2.155 0.5000000000
5748  15.390  -65.944  -3.325 0.6000000238
5734  14.641  -66.023  -3.045 0.6000000238
5766  14.338  -66.240  -4.371 0.6000000238
5767  13.674  -66.485  -4.519 0.6000000238
5794  14.113  -65.996  -5.987 0.6000000238
5781  14.425  -66.446  -5.174 0.6000000238
113748  13.989  -65.777  -7.059 0.5000000000
5722  16.568  -65.907  -1.310 0.5000000000
5747  15.915  -66.027  -2.838 0.5000000000
101517  14.773  -65.947  -3.873 0.5000000000
5253  14.860  -66.447  -6.111 0.6000000238
102566  13.715  -65.860  -9.162 0.5000000000
5836  14.594  -66.989  -11.011 0.6000000238
5837  14.232  -67.025  -10.722 0.6000000238
105691  13.447  -65.967  -10.357 0.5000000000
97978  13.936  -66.394  -10.950 0.6000000238
6359  12.648  -65.119  -9.874 0.6000000238
5215  15.558  -66.508  -4.154 0.5000000000
5278  15.066  -67.403  -7.220 0.5000000000
5279  14.783  -66.803  -7.870 0.5000000000
99007  14.978  -66.468  -6.947 0.6000000238
4784  14.804  -67.974  -8.512 0.6000000238
5287  14.492  -67.373  -9.128 0.5000000000
5813  14.305  -66.131  -8.495 0.5000000000
5298  14.595  -67.841  -10.255 0.6000000238
4812  16.590  -69.179  -10.798 0.6000000238
6377  13.638  -65.524  -10.802 0.5000000000
8053  14.690  -62.257  -2.157 0.5000000000
5214  16.280  -66.584  -3.548 0.5000000000
5252  15.187  -67.072  -5.450 0.5000000000
4770  15.302  -68.421  -7.280 0.6000000238
8710  14.978  -61.786  -0.555 0.5000000000
8011  14.073  -62.166  0.222 0.6000000238
8733  15.320  -61.857  -1.327 0.6000000238
8732  15.781  -61.963  -2.083 0.6000000238
8037  14.480  -62.157  -1.201 0.5000000000
8052  15.282  -62.256  -2.983 0.5000000000
106151  14.942  -62.429  -3.803 0.5000000000
7511  14.311  -63.549  -10.621 0.5000000000
6936  14.239  -64.604  -10.917 0.5000000000
110751  17.184  -58.610  -2.847 0.6000000238
99234  16.027  -58.484  -3.146 0.6999999881
10670  16.741  -58.771  -1.983 0.6000000238
10655  16.131  -58.950  -1.361 0.6999999881
10052  15.279  -59.213  -0.320 0.6000000238
8677  15.068  -60.738  0.313 0.6000000238
10050  16.762  -59.520  -1.222 0.6000000238
10051  16.041  -59.443  -0.689 0.6000000238
10064  17.971  -59.124  -2.475 0.6000000238
10049  17.434  -59.435  -1.787 0.6000000238
10034  16.490  -60.247  -0.670 0.6000000238
8690  15.911  -60.850  -0.282 0.5000000000
9352  14.269  -61.023  0.634 0.6000000238
9390  18.368  -59.643  -2.917 0.6000000238
9392  17.312  -60.701  -1.662 0.6000000238
8709  15.812  -61.393  -0.640 0.5000000000
8678  14.565  -61.535  0.352 0.6000000238
102830  18.170  -60.375  -2.689 0.6000000238
114846  16.184  -61.541  -1.294 0.6000000238
8742  17.876  -60.966  -3.187 0.6000000238
8731  16.798  -61.398  -1.945 0.6000000238
8743  17.033  -61.468  -3.011 0.6000000238
109650  16.508  -61.962  -3.619 0.5000000000
8087  14.593  -62.592  -4.511 0.5000000000
98525  16.076  -62.356  -5.362 0.5000000000
8116  15.373  -62.473  -6.299 0.5000000000
114799  15.082  -62.475  -7.288 0.5000000000
96795  15.327  -58.704  -1.154 0.6000000238
10656  14.810  -58.696  -0.706 0.6999999881
9403  18.489  -60.311  -3.367 0.5000000000
8755  17.212  -61.614  -4.005 0.6000000238
8766  16.979  -62.010  -4.954 0.6000000238
106740  15.471  -62.473  -4.510 0.5000000000
8099  16.853  -62.033  -5.748 0.6000000238
8115  16.385  -62.224  -6.388 0.5000000000
106405  17.450  -61.914  -7.334 0.6000000238
8132  15.929  -62.331  -7.223 0.6000000238
11940  16.064  -56.653  -5.020 0.4000000060
10690  12.944  -58.356  -4.106 0.6999999881
11906  13.430  -56.603  -2.141 0.5000000000
11893  13.348  -56.222  -1.194 0.5000000000
11957  16.122  -57.150  -6.603 0.6000000238
11319  15.694  -57.842  -7.035 0.5000000000
11274  13.843  -57.258  -1.290 0.6000000238
11255  13.655  -57.618  -0.192 0.5000000000
11956  16.971  -56.711  -6.808 0.5000000000
10689  13.902  -58.344  -3.463 0.6000000238
10673  14.280  -58.040  -1.946 0.8000000119
10688  14.876  -58.470  -3.334 0.6999999881
111219  14.689  -58.392  -1.301 0.8000000119
10641  13.875  -58.391  0.168 0.6999999881
8765  17.583  -61.692  -5.509 0.6000000238
8114  17.332  -61.910  -6.473 0.6000000238
12543  13.135  -55.789  -1.900 0.5000000000
11958  15.233  -57.360  -6.464 0.5000000000
11297  12.221  -57.984  -3.995 0.6999999881
11879  12.604  -56.321  -0.615 0.5000000000
11938  18.409  -56.354  -4.842 0.4000000060
113605  16.605  -56.667  -5.729 0.4000000060
114002  18.729  -56.228  -5.314 0.4000000060
11969  18.319  -55.781  -6.894 0.5000000000
106183  19.358  -55.178  -7.615 0.4000000060
11907  12.930  -56.028  -2.713 0.5000000000
12544  12.596  -55.445  -1.290 0.5000000000
11941  15.317  -56.510  -4.829 0.3000000119
11942  14.557  -56.659  -5.447 0.3000000119
11925  12.919  -57.124  -3.083 0.6000000238
11953  19.933  -56.137  -5.355 0.4000000060
12588  19.870  -55.493  -6.330 0.4000000060
12612  19.162  -55.580  -8.351 0.4000000060
12568  12.021  -55.630  -3.225 0.6000000238
11926  12.176  -56.711  -3.615 0.6000000238
106047  20.308  -54.866  -7.275 0.4000000060
12557  11.583  -54.833  -2.688 0.5000000000
12545  11.939  -54.778  -1.829 0.5000000000
12565  16.630  -55.724  -3.226 0.3000000119
12566  15.034  -56.030  -4.206 0.3000000119
12567  14.168  -55.965  -4.956 0.3000000119
12577  13.138  -55.874  -5.997 0.4000000060
12601  21.336  -54.778  -6.942 0.3000000119
12611  20.006  -55.048  -8.219 0.4000000060
12610  20.908  -54.740  -7.944 0.4000000060
13272  14.752  -55.297  -4.056 0.4000000060
12569  10.714  -55.327  -3.916 0.6000000238
13260  11.013  -54.275  -2.223 0.4000000060
13288  13.815  -54.854  -5.003 0.4000000060
13258  17.371  -54.371  -2.384 0.3000000119
13259  16.499  -54.955  -2.740 0.3000000119
13273  10.465  -54.349  -3.247 0.5000000000
13304  12.639  -54.929  -5.903 0.4000000060
13305  11.779  -54.929  -5.948 0.4000000060
14027  11.570  -53.380  -4.705 0.5000000000
106831  13.307  -53.881  -5.047 0.4000000060
14038  12.325  -53.981  -5.194 0.4000000060
15555  15.144  -51.331  -5.666 0.3000000119
16342  14.273  -50.740  -5.123 0.3000000119
15556  14.307  -51.569  -5.455 0.3000000119
16333  13.482  -50.584  -4.632 0.3000000119
16332  13.872  -50.163  -4.449 0.3000000119
13907  12.785  -54.004  3.842 0.4000000060
16341  15.487  -50.746  -5.458 0.3000000119
1631  31.228  -75.076  3.824 0.3000000119
1358  26.394  -76.531  -2.662 0.4000000060
14037  13.181  -52.982  -4.788 0.3000000119
8783  18.590  -61.547  -7.583 0.6000000238
15428  11.460  -51.867  5.155 0.4000000060
11970  17.687  -56.281  -7.465 0.5000000000
14767  12.831  -51.959  -4.563 0.3000000119
886  25.773  -78.883  -3.488 0.3000000119
891  26.645  -78.553  -4.149 0.4000000060
5765  15.016  -66.498  -4.671 0.5000000000
103320  21.254  -75.271  4.692 0.4000000060
1276  20.686  -76.681  5.893 0.5000000000
1571  20.220  -75.991  8.907 0.5000000000
1037  22.055  -77.446  3.578 0.5000000000
858  24.803  -78.992  0.669 0.4000000060
106999  21.350  -74.514  5.156 0.4000000060
107892  23.826  -75.804  4.084 0.4000000060
1026  24.122  -77.101  4.717 0.4000000060
1066  23.122  -77.355  0.890 0.4000000060
857  25.483  -79.178  0.903 0.4000000060
431  25.525  -79.302  1.321 0.4000000060
1896  19.791  -74.291  7.564 0.3000000119
2283  22.217  -73.304  3.499 0.3000000119
1924  24.246  -74.551  4.524 0.3000000119
1608  24.621  -75.864  5.439 0.4000000060
116332  24.513  -76.654  5.326 0.4000000060
1324  23.387  -76.402  0.896 0.3000000119
1665  23.316  -75.865  0.460 0.4000000060
1907  25.123  -74.899  5.786 0.4000000060
1262  26.018  -76.682  7.627 0.4000000060
1737  18.443  -74.509  -8.109 0.5000000000
1337  22.916  -76.145  -0.214 0.4000000060
2272  25.324  -72.848  4.506 0.3000000119
1585  27.684  -75.603  7.437 0.4000000060
1261  26.894  -76.286  7.823 0.4000000060
1260  27.643  -76.285  7.586 0.5000000000
1000  28.755  -76.510  6.003 0.5000000000
1948  27.405  -75.026  2.939 0.3000000119
1664  23.873  -75.049  0.617 0.3000000119
1673  24.083  -74.904  -0.234 0.3000000119
1416  18.485  -76.088  -8.764 0.6000000238
1583  29.357  -74.575  7.527 0.3000000119
1584  28.003  -75.616  7.339 0.4000000060
1302  29.884  -75.739  4.028 0.3000000119
2055  19.928  -74.900  -6.149 0.5000000000
1903  31.711  -74.403  6.544 0.3000000119
115442  30.685  -75.671  4.044 0.3000000119
1097  26.842  -77.904  -3.466 0.4000000060
1098  26.124  -78.202  -3.272 0.4000000060
1375  30.147  -76.485  -4.576 0.3000000119
2296  29.552  -73.499  1.936 0.3000000119
5733  15.404  -66.063  -2.574 0.6000000238
1369  27.857  -76.879  -3.376 0.3000000119
2746  30.128  -72.548  -1.561 0.3000000119
5804  14.539  -65.912  -7.465 0.5000000000
5822  13.982  -66.809  -9.932 0.6000000238
10672  14.754  -58.327  -2.204 0.6999999881
10657  14.273  -58.164  -0.705 0.6999999881
11286  13.490  -57.740  -2.942 0.6000000238
11924  15.898  -56.138  -3.935 0.3000000119
13271  15.650  -55.384  -3.402 0.3000000119
1400  20.560  -76.758  -6.689 0.5000000000
1723  20.652  -75.624  -5.578 0.5000000000
1430  27.069  -76.212  -10.454 0.6000000238
4263  15.838  -69.308  -7.558 0.5000000000
6376  14.502  -65.892  -11.149 0.5000000000
5321  17.387  -67.933  -11.108 0.5000000000
5322  16.514  -67.812  -11.021 0.5000000000
5848  15.399  -66.614  -11.139 0.5000000000
6935  15.157  -64.848  -11.094 0.5000000000
6375  15.716  -65.586  -11.206 0.5000000000
5320  18.174  -67.789  -11.092 0.5000000000
7510  15.189  -63.871  -10.793 0.4000000060
6388  18.038  -66.575  -11.417 0.5000000000
113048  17.281  -66.223  -11.348 0.5000000000
6934  16.175  -64.464  -10.894 0.5000000000
7509  16.046  -63.326  -10.552 0.5000000000
6387  18.878  -65.977  -11.542 0.6000000238
6374  16.795  -65.464  -11.184 0.5000000000
101897  16.849  -63.790  -10.635 0.5000000000
105125  16.363  -62.158  -8.069 0.5000000000
6932  18.330  -64.861  -11.107 0.6000000238
8161  15.566  -62.440  -9.628 0.5000000000
8145  15.970  -62.220  -8.903 0.5000000000
6933  17.308  -64.640  -10.883 0.6000000238
7508  16.930  -62.985  -10.457 0.6000000238
8175  15.126  -62.906  -10.292 0.5000000000
6948  19.211  -65.107  -11.427 0.6000000238
6931  18.795  -64.094  -11.017 0.6000000238
100093  17.769  -63.696  -10.696 0.6000000238
8160  16.488  -62.341  -9.568 0.6000000238
7506  19.165  -63.277  -11.192 0.6000000238
8144  16.818  -62.080  -8.865 0.5000000000
8130  17.154  -61.964  -8.040 0.5000000000
100520  17.803  -62.710  -10.506 0.6000000238
98907  17.137  -62.525  -10.061 0.6000000238
10020  14.184  -60.220  0.592 0.5000000000
10634  13.229  -58.863  0.578 0.5000000000
10037  14.007  -59.283  0.396 0.5000000000
8797  18.627  -61.580  -8.561 0.6000000238
8172  18.661  -62.370  -10.794 0.6000000238
8798  17.661  -61.859  -8.792 0.6000000238
8173  17.991  -62.202  -10.187 0.6000000238
8809  18.233  -61.813  -9.573 0.6000000238
8816  18.720  -61.788  -10.326 0.6000000238
13908  11.719  -54.119  3.480 0.3000000119
901  27.553  -77.996  -7.691 0.4000000060
1135  27.517  -77.607  -9.137 0.5000000000
721  18.914  -79.083  -10.228 0.5000000000
922  19.339  -78.589  -10.337 0.5000000000
104901  27.538  -77.041  -9.636 0.4000000060
1150  19.734  -78.144  -10.178 0.4000000060
105797  26.728  -75.725  -10.565 0.4000000060
1729  20.126  -75.913  -6.401 0.4000000060
1401  19.665  -76.244  -7.312 0.4000000060
1131  19.062  -77.053  -8.967 0.4000000060
1140  19.126  -77.575  -9.664 0.4000000060
2417  24.881  -73.443  -10.522 0.4000000060
2085  24.633  -73.963  -10.630 0.4000000060
2089  24.117  -74.041  -10.781 0.4000000060
2084  25.453  -74.462  -10.404 0.4000000060
2088  25.089  -74.919  -10.773 0.4000000060
2421  22.558  -73.437  -10.928 0.4000000060
2419  21.471  -73.437  -10.531 0.5000000000
8184  20.502  -62.691  -11.512 0.5000000000
8183  21.349  -62.358  -11.553 0.5000000000
8826  20.599  -61.791  -11.155 0.5000000000
8825  21.504  -61.477  -11.152 0.5000000000
9483  22.905  -60.740  -11.495 0.5000000000
8814  20.794  -61.256  -10.672 0.5000000000
9472  22.312  -60.233  -10.756 0.5000000000
10642  13.093  -58.082  0.333 0.4000000060
109737  12.948  -57.477  0.040 0.4000000060
9484  22.112  -60.930  -11.004 0.5000000000
9475  19.887  -61.186  -9.912 0.5000000000
1432  25.799  -76.460  -10.920 0.5000000000
2087  26.155  -75.461  -10.659 0.4000000060
2420  23.359  -73.193  -11.052 0.4000000060
1252  21.225  -76.445  8.842 0.4000000060
370  20.037  -79.795  9.501 0.4000000060
1251  21.427  -76.106  8.030 0.4000000060
375  20.542  -79.195  8.927 0.4000000060
112378  21.414  -76.797  8.605 0.4000000060
782  21.614  -78.499  8.319 0.4000000060
566  21.179  -78.015  8.597 0.4000000060
567  20.853  -78.575  9.424 0.4000000060
1264  21.243  -76.453  7.187 0.5000000000
1005  19.969  -77.578  6.579 0.4000000060
992  20.566  -77.517  7.502 0.4000000060
112010  21.268  -77.985  8.850 0.4000000060
1029  19.944  -78.144  4.467 0.5000000000
1017  19.793  -77.843  5.476 0.5000000000
993  19.015  -78.466  7.172 0.4000000060
784  20.980  -77.694  8.144 0.4000000060
96641  18.904  -79.004  5.317 0.4000000060
1006  18.996  -78.476  6.250 0.4000000060
599  21.222  -79.754  5.895 0.4000000060
115264  20.853  -79.800  6.757 0.4000000060
795  21.335  -78.518  7.863 0.4000000060
98394  19.926  -77.897  7.939 0.4000000060
620  19.927  -79.806  4.701 0.5000000000
92281  18.369  -79.985  5.659 0.4000000060
94902  18.230  -79.259  6.493 0.4000000060
113350  19.939  -78.299  7.720 0.4000000060
609  20.466  -80.120  5.430 0.5000000000
600  20.146  -80.391  6.158 0.4000000060
95235  18.977  -79.186  6.101 0.4000000060
796  19.088  -78.848  7.445 0.4000000060
793  23.082  -78.461  7.669 0.3000000119
780  24.179  -78.292  7.941 0.3000000119
978  23.929  -78.059  7.798 0.4000000060
806  23.104  -78.429  6.790 0.3000000119
990  24.589  -77.530  7.684 0.4000000060
1004  23.851  -77.933  7.394 0.4000000060
597  25.420  -79.208  6.378 0.3000000119
598  24.813  -79.238  7.110 0.4000000060
573  24.613  -78.588  7.891 0.4000000060
977  24.726  -77.742  7.976 0.4000000060
582  25.486  -78.587  7.317 0.4000000060
779  25.349  -78.049  7.995 0.4000000060
976  25.466  -77.486  8.029 0.4000000060
1250  25.918  -77.020  8.077 0.3000000119
107271  22.185  -78.931  6.935 0.3000000119
1003  24.495  -77.333  6.893 0.3000000119
102510  23.875  -77.881  6.312 0.4000000060
606  25.942  -79.048  5.532 0.4000000060
989  25.268  -77.197  7.939 0.3000000119
99537  26.071  -77.687  7.921 0.4000000060
791  27.065  -77.647  7.175 0.4000000060
975  26.277  -77.099  8.075 0.4000000060
608  21.580  -79.546  5.468 0.4000000060
815  23.148  -78.500  5.616 0.4000000060
607  25.255  -79.685  5.520 0.4000000060
1263  25.139  -76.934  7.311 0.3000000119
605  26.514  -78.541  4.526 0.4000000060
619  25.713  -79.409  4.637 0.4000000060
111919  27.224  -77.823  4.367 0.4000000060
813  27.058  -77.985  5.272 0.4000000060
596  26.131  -78.694  6.441 0.4000000060
816  21.187  -79.503  4.669 0.4000000060
104151  22.279  -79.054  5.017 0.4000000060
1016  23.825  -77.898  5.038 0.3000000119
823  22.884  -78.393  4.512 0.4000000060
1274  24.924  -76.605  6.160 0.3000000119
413  26.011  -79.066  3.704 0.4000000060
630  26.274  -78.805  2.878 0.4000000060
618  26.505  -78.503  3.506 0.4000000060
812  27.858  -77.410  4.853 0.4000000060
805  26.800  -78.172  6.338 0.4000000060
833  20.603  -78.225  4.015 0.4000000060
826  19.759  -79.089  4.478 0.4000000060
832  21.423  -78.155  3.750 0.4000000060
825  20.704  -78.942  4.118 0.4000000060
1028  22.296  -78.090  3.846 0.4000000060
2416  21.322  -73.151  -9.885 0.4000000060
814  26.516  -78.541  5.649 0.4000000060
397  18.222  -79.481  7.282 0.4000000060
398  17.856  -79.293  7.273 0.4000000060
457  22.720  -80.443  -4.187 0.3000000119
465  24.586  -79.913  -4.155 0.3000000119
488  21.638  -80.778  -7.869 0.4000000060
496  22.978  -80.097  -8.564 0.5000000000
504  23.055  -79.808  -9.270 0.6000000238
586  19.971  -79.065  7.777 0.4000000060
587  18.083  -78.990  7.230 0.4000000060
610  19.298  -80.200  5.384 0.4000000060
617  26.962  -78.003  3.670 0.4000000060
621  18.952  -79.888  5.231 0.4000000060
629  26.662  -78.241  3.091 0.4000000060
645  25.931  -78.726  1.501 0.4000000060
652  25.697  -79.050  1.120 0.4000000060
653  25.248  -79.466  0.925 0.4000000060
675  24.533  -79.748  -3.692 0.5000000000
688  25.600  -79.417  -6.259 0.4000000060
707  25.220  -79.407  -9.456 0.6000000238
708  24.343  -79.514  -9.650 0.6999999881
713  20.169  -79.619  -9.868 0.6000000238
719  20.522  -79.135  -10.355 0.6999999881
774  21.073  -78.016  9.303 0.4000000060
778  26.769  -77.322  7.877 0.4000000060
783  21.352  -78.024  8.615 0.4000000060
792  26.302  -78.126  7.251 0.4000000060
797  18.182  -79.404  7.230 0.4000000060
807  22.344  -79.111  6.055 0.3000000119
824  21.843  -78.759  4.139 0.4000000060
840  26.786  -77.677  3.066 0.5000000000
884  27.154  -78.103  -3.910 0.4000000060
895  26.813  -78.625  -4.701 0.4000000060
910  27.196  -77.696  -9.844 0.6000000238
915  25.942  -77.600  -11.145 0.6999999881
917  24.517  -78.501  -10.882 0.6999999881
918  23.791  -78.561  -10.609 0.8000000119
991  21.431  -76.888  8.147 0.4000000060
1014  28.608  -76.846  4.954 0.5000000000
1015  24.386  -77.275  5.689 0.3000000119
1054  26.617  -77.985  1.990 0.5000000000
1057  23.854  -77.009  1.197 0.4000000060
1088  24.692  -77.644  -2.527 0.4000000060
1113  23.101  -76.844  -6.881 0.6000000238
1115  21.190  -77.217  -7.163 0.6000000238
1136  23.220  -77.159  -9.213 0.6999999881
1141  18.337  -77.410  -9.445 0.5000000000
1144  27.541  -76.333  -9.698 0.4000000060
1146  26.713  -77.694  -10.588 0.6999999881
1152  18.263  -77.914  -9.753 0.6000000238
1153  26.688  -76.910  -10.906 0.6999999881
1156  24.742  -77.284  -10.970 0.6999999881
1246  19.948  -76.483  9.740 0.5000000000
1248  27.007  -76.771  7.971 0.4000000060
1249  26.544  -76.734  7.990 0.4000000060
1295  23.596  -76.551  4.009 0.4000000060
1307  21.767  -76.645  3.534 0.4000000060
1315  27.169  -77.091  3.448 0.5000000000
1318  25.903  -76.526  2.396 0.4000000060
1323  24.111  -76.281  1.335 0.3000000119
1370  27.058  -77.150  -3.197 0.4000000060
1385  23.910  -75.990  -6.023 0.8000000119
1387  22.944  -76.468  -5.510 0.8000000119
1388  21.991  -76.573  -5.631 0.6999999881
1422  23.539  -76.547  -8.848 0.6999999881
1431  26.576  -76.375  -10.791 0.6000000238
1593  30.870  -75.032  6.490 0.3000000119
1594  26.887  -75.400  6.791 0.4000000060
1609  21.397  -75.040  5.816 0.4000000060
1618  31.277  -75.321  4.045 0.3000000119
1655  23.716  -75.700  0.963 0.3000000119
1711  22.653  -75.703  -4.471 0.6000000238
1728  23.796  -75.129  -6.663 0.6999999881
1741  23.698  -75.957  -8.340 0.8000000119
1744  18.063  -75.207  -8.543 0.5000000000
1753  26.997  -75.893  -10.471 0.6000000238
1754  26.440  -75.986  -10.731 0.4000000060
1758  22.912  -74.740  -10.254 0.6999999881
1967  30.760  -75.503  -0.044 0.3000000119
1980  30.106  -75.520  -0.286 0.3000000119
2011  23.671  -74.249  -3.950 0.8000000119
2013  22.384  -74.506  -3.548 0.6999999881
2041  23.890  -74.761  -5.765 0.6999999881
2076  22.711  -75.060  -8.228 0.6000000238
2082  22.169  -74.352  -10.105 0.6000000238
2090  23.405  -74.123  -10.718 0.6000000238
2340  22.831  -73.467  -2.644 0.6999999881
2372  23.901  -73.337  -4.893 0.5000000000
2410  21.570  -73.608  -8.837 0.6000000238
2422  21.928  -73.634  -10.615 0.6000000238
2778  21.391  -73.165  -2.883 0.6999999881
2836  21.929  -73.096  -10.930 0.5000000000
3222  25.539  -70.803  -3.642 0.6000000238
3223  25.105  -71.412  -3.177 0.6000000238
3688  25.148  -69.950  -1.452 0.6000000238
3690  21.334  -70.908  -0.178 0.8000000119
3712  25.022  -70.685  -1.831 0.6000000238
4151  21.995  -69.163  0.195 0.8000000119
4168  24.887  -69.358  -0.918 0.6000000238
4171  18.188  -70.341  -0.630 0.5000000000
4181  25.623  -69.033  -2.015 0.6000000238
4212  21.343  -69.901  -4.588 0.6999999881
4230  17.843  -69.613  -6.048 0.6000000238
4231  16.867  -69.341  -6.024 0.6000000238
4273  16.595  -69.956  -8.927 0.6999999881
4670  24.233  -68.987  -0.419 0.6999999881
4688  22.453  -68.523  -0.709 0.6999999881
4696  25.170  -68.422  -1.846 0.6000000238
4722  21.123  -69.678  -5.065 0.6000000238
4756  19.131  -69.088  -6.445 0.5000000000
4757  18.495  -68.780  -7.215 0.6999999881
4758  16.107  -69.054  -5.996 0.5000000000
4771  14.959  -67.969  -7.802 0.6000000238
4781  18.000  -69.055  -9.226 0.6999999881
4783  15.274  -68.906  -8.362 0.6999999881
4797  16.331  -69.757  -10.325 0.6999999881
4799  14.957  -68.698  -9.534 0.6999999881
4811  17.499  -68.730  -10.898 0.6000000238
5166  19.044  -66.935  0.663 0.6000000238
5167  18.446  -66.770  0.822 0.6000000238
5180  20.465  -67.118  -0.105 0.6999999881
5193  25.225  -68.068  -2.571 0.5000000000
5208  23.159  -67.931  -2.961 0.5000000000
5217  13.481  -67.002  -3.290 0.6000000238
5229  21.249  -68.694  -4.784 0.6000000238
5234  13.127  -66.934  -4.036 0.5000000000
5254  13.008  -66.865  -4.862 0.6000000238
5266  15.273  -67.502  -6.408 0.5000000000
5277  18.170  -67.895  -7.831 0.6000000238
5311  16.807  -68.515  -11.011 0.6000000238
5323  15.536  -67.537  -10.931 0.6000000238
5705  18.129  -66.320  0.654 0.6000000238
5713  18.536  -65.978  0.196 0.6000000238
5720  18.400  -65.815  -0.558 0.6000000238
5746  16.645  -66.178  -2.659 0.6000000238
5820  20.241  -66.472  -10.730 0.6000000238
5844  19.526  -66.364  -11.384 0.6000000238
5846  17.159  -67.068  -11.223 0.5000000000
5847  16.199  -67.082  -11.091 0.5000000000
6315  18.784  -64.948  -4.559 0.6000000238
6340  18.207  -65.906  -7.500 0.5000000000
6358  20.160  -65.526  -9.352 0.6000000238
6371  21.217  -65.622  -11.349 0.6999999881
6372  20.850  -66.173  -11.093 0.6999999881
6373  17.811  -65.657  -11.350 0.6000000238
6385  20.602  -65.864  -11.339 0.6999999881
6389  16.431  -66.327  -11.245 0.5000000000
6893  18.484  -64.554  -6.932 0.6000000238
6903  21.187  -64.535  -9.138 0.6999999881
6928  23.349  -64.705  -11.704 0.5000000000
6937  13.322  -64.512  -10.675 0.5000000000
6945  21.464  -64.864  -11.808 0.6000000238
7464  19.310  -63.363  -6.242 0.6000000238
7471  20.212  -63.469  -7.619 0.5000000000
7507  18.396  -63.129  -10.849 0.6000000238
7512  13.427  -63.506  -10.460 0.5000000000
7519  21.940  -64.151  -12.193 0.5000000000
8023  14.278  -62.227  -0.353 0.5000000000
8072  20.574  -62.609  -3.337 0.5000000000
8073  15.789  -62.276  -3.711 0.5000000000
8086  16.352  -62.203  -4.366 0.5000000000
8096  21.051  -61.745  -5.776 0.5000000000
8098  19.875  -62.772  -5.826 0.5000000000
8111  22.225  -62.015  -6.794 0.5000000000
8131  16.770  -62.113  -7.253 0.6000000238
8159  17.370  -62.127  -9.576 0.6000000238
8171  19.524  -62.474  -11.234 0.6000000238
8174  16.187  -62.718  -10.104 0.6000000238
8679  13.777  -61.666  0.674 0.6000000238
8691  15.245  -61.401  -0.044 0.6000000238
8692  14.664  -61.859  -0.009 0.5000000000
8708  16.653  -60.949  -0.998 0.6000000238
8730  17.641  -60.842  -2.328 0.6000000238
8744  16.197  -61.943  -2.905 0.6000000238
8753  20.639  -62.082  -4.045 0.5000000000
8763  20.815  -61.781  -4.883 0.5000000000
8774  18.092  -61.734  -7.014 0.6000000238
8782  19.448  -61.236  -7.673 0.6000000238
8784  17.924  -61.786  -7.890 0.6000000238
8796  19.442  -61.268  -8.708 0.6999999881
8808  19.136  -61.428  -9.568 0.5000000000
8815  20.016  -61.488  -10.593 0.5000000000
8823  23.413  -61.704  -12.061 0.5000000000
8824  22.438  -61.543  -11.571 0.5000000000
8827  19.886  -61.961  -11.142 0.5000000000
9378  17.181  -60.225  -1.341 0.6000000238
9391  17.859  -60.078  -2.078 0.6000000238
9412  19.247  -59.461  -4.524 0.6999999881
9423  20.281  -59.415  -5.588 0.8000000119
9456  20.423  -60.608  -8.888 0.6999999881
9465  21.195  -60.265  -9.720 0.6000000238
10035  15.722  -60.066  -0.097 0.5000000000
10036  14.878  -59.709  0.244 0.6000000238
10112  22.180  -59.032  -8.171 0.6000000238
10114  21.336  -59.319  -6.778 0.6999999881
10640  14.596  -58.827  -0.045 0.6999999881
10671  15.600  -58.532  -2.155 0.6999999881
10686  17.866  -58.633  -3.531 0.6000000238
10704  15.531  -58.528  -5.641 0.8000000119
10706  13.673  -58.812  -5.620 0.6999999881
10720  16.959  -58.324  -6.191 0.8000000119
10724  12.940  -58.945  -6.045 0.6999999881
10736  18.231  -58.043  -7.105 0.6999999881
10739  14.553  -58.176  -7.179 0.6999999881
10756  22.724  -58.255  -9.369 0.5000000000
11308  10.955  -57.764  -5.752 0.6999999881
11330  21.000  -58.004  -7.221 0.8000000119
11341  22.090  -57.658  -8.403 0.8000000119
11343  20.470  -57.206  -8.327 0.6999999881
11878  13.205  -56.932  -0.493 0.4000000060
11927  11.132  -56.372  -4.259 0.8000000119
11939  16.935  -56.467  -4.666 0.4000000060
11944  11.206  -57.516  -4.559 0.6000000238
11954  19.020  -55.943  -5.911 0.5000000000
11955  17.980  -56.172  -6.076 0.4000000060
11982  22.152  -56.662  -9.052 0.6000000238
12556  12.571  -55.269  -2.253 0.5000000000
12590  11.484  -55.757  -6.503 0.5000000000
12591  10.920  -55.762  -5.908 0.5000000000
12592  10.611  -55.196  -5.271 0.6000000238
12602  18.960  -55.520  -6.920 0.4000000060
12613  18.513  -55.770  -7.776 0.6000000238
13198  12.513  -54.446  3.140 0.4000000060
13289  10.333  -54.460  -4.539 0.6999999881
13317  21.706  -54.633  -7.591 0.4000000060
13917  15.170  -53.137  2.279 0.3000000119
13928  15.006  -53.546  1.742 0.4000000060
13929  14.443  -53.849  1.934 0.4000000060
13951  15.106  -53.204  1.062 0.4000000060
13996  9.691  -52.798  -2.600 0.6000000238
14708  14.681  -52.504  -0.499 0.3000000119
14768  11.897  -52.448  -4.268 0.5000000000
14769  11.028  -52.824  -4.271 0.6000000238
15438  12.614  -51.592  4.202 0.4000000060
15495  10.633  -51.481  -1.441 0.6000000238
15496  9.935  -51.633  -1.267 0.6000000238
15511  11.213  -51.461  -2.118 0.5000000000
15528  10.868  -51.586  -2.633 0.5000000000
15530  9.559  -51.957  -2.024 0.6000000238
15557  13.454  -51.152  -5.058 0.3000000119
92282  18.214  -79.781  5.780 0.4000000060
97072  29.396  -76.062  6.169 0.5000000000
97116  18.276  -61.506  -6.081 0.6000000238
98924  27.276  -76.239  7.711 0.5000000000
99449  17.660  -61.493  -4.725 0.6999999881
99457  18.172  -65.212  -6.764 0.6000000238
101008  19.571  -66.957  -10.360 0.6000000238
101033  14.569  -65.997  -6.714 0.6000000238
101249  13.812  -64.012  -10.748 0.5000000000
101414  25.941  -69.888  -3.821 0.6000000238
101991  21.898  -55.080  -8.879 0.4000000060
102289  20.244  -67.453  0.202 0.6000000238
102334  17.955  -67.305  -11.255 0.5000000000
102541  15.529  -62.309  -8.091 0.5000000000
102909  13.864  -65.595  -8.082 0.5000000000
102942  20.160  -78.129  -2.736 0.4000000060
103166  17.426  -56.481  -5.296 0.4000000060
104087  23.896  -73.924  -4.372 0.6000000238
104315  19.281  -61.844  -10.845 0.6000000238
105740  21.410  -63.248  -11.791 0.6000000238
105927  17.541  -69.630  -9.839 0.6000000238
106076  19.536  -56.739  -8.626 0.6999999881
106766  21.042  -60.167  -8.905 0.8000000119
107193  22.054  -62.159  -11.649 0.5000000000
108993  18.078  -79.542  6.631 0.4000000060
110413  27.113  -78.207  -9.249 0.5000000000
110590  21.798  -80.403  -8.650 0.6000000238
111580  24.841  -77.981  8.061 0.4000000060
111661  26.578  -77.719  7.628 0.4000000060
111839  22.846  -58.721  -10.187 0.5000000000
111938  28.658  -75.059  7.406 0.3000000119
112439  22.566  -74.684  -10.197 0.6999999881
112495  19.363  -61.523  -10.306 0.6000000238
112927  10.264  -54.675  -4.124 0.6999999881
113138  20.856  -78.789  -10.429 0.6999999881
113308  26.639  -78.059  2.873 0.5000000000
113463  18.761  -59.567  -3.708 0.6999999881
113670  23.234  -63.431  -12.247 0.5000000000
114187  22.064  -81.294  -6.227 0.4000000060
114525  17.415  -58.915  -2.197 0.6000000238
114944  21.505  -59.544  -7.281 0.8000000119
115384  24.472  -80.058  -5.632 0.4000000060
115457  18.623  -65.248  -5.108 0.6000000238
115532  25.038  -76.686  -10.866 0.6999999881
115741  20.525  -69.992  -4.575 0.6999999881
115746  13.394  -67.802  -3.105 0.6000000238
115762  19.742  -77.517  -9.327 0.6000000238
116158  21.180  -58.683  -6.627 0.8000000119
116233  27.018  -75.826  7.441 0.4000000060
116262  25.692  -79.221  -4.138 0.5000000000
116297  18.361  -59.028  -2.984 0.6000000238
116315  26.142  -78.725  2.319 0.5000000000
116445  14.135  -54.069  3.282 0.4000000060
116554  25.796  -78.116  7.717 0.4000000060
116577  13.956  -62.396  -1.728 0.5000000000
