#!ascii label  , from subject sub-v2s4x29625_ses-1 vox2ras=TkReg
1459
27440  33.455  -36.228  1.433 0.8999999762
27453  34.137  -36.492  0.672 0.8000000119
26637  34.545  -37.697  -0.155 0.6999999881
26646  34.475  -37.356  -0.900 0.8000000119
28237  32.741  -35.813  1.877 0.8999999762
28249  33.924  -35.799  1.049 1.0000000000
28248  34.388  -35.797  0.279 1.0000000000
106251  34.485  -36.322  -0.139 0.8999999762
27452  34.497  -36.947  -0.143 0.8000000119
26657  34.298  -37.730  -1.494 0.8000000119
27479  34.272  -36.932  -1.747 0.8999999762
26658  33.949  -37.697  -2.152 0.8000000119
26670  33.350  -37.593  -2.744 0.6999999881
25815  33.359  -38.414  -2.455 0.6999999881
28222  31.801  -35.645  2.093 0.8000000119
28221  32.360  -35.040  2.138 0.8999999762
29028  31.446  -34.879  2.339 0.8999999762
29030  29.856  -34.715  2.184 0.8999999762
27468  34.509  -36.536  -0.881 0.8999999762
28273  34.116  -35.459  -2.378 1.0000000000
27486  33.952  -36.274  -2.576 0.8999999762
27487  33.815  -37.074  -2.469 0.8999999762
120695  32.014  -38.282  -3.041 0.6999999881
29042  33.007  -34.313  2.177 0.8999999762
102862  32.000  -34.237  2.499 0.8999999762
29772  31.001  -34.006  2.753 0.8999999762
29773  30.061  -33.586  2.455 0.8999999762
29774  29.292  -33.630  1.960 0.8999999762
102589  33.164  -35.149  1.821 0.8999999762
29041  33.765  -35.196  1.369 0.8999999762
115836  34.581  -35.204  -1.150 1.0000000000
27488  33.319  -36.887  -3.002 0.8000000119
26671  32.778  -37.378  -3.143 0.8000000119
26678  31.981  -37.500  -3.269 0.8000000119
26679  30.992  -37.301  -3.474 0.8000000119
109779  30.636  -38.143  -3.343 0.8000000119
25833  29.877  -38.288  -3.414 0.8000000119
106044  29.340  -32.594  2.125 0.8999999762
29783  28.065  -32.747  1.242 0.8999999762
30516  28.748  -31.864  1.910 0.8999999762
108428  27.705  -31.881  1.342 0.8000000119
108774  27.243  -32.072  0.901 0.8000000119
122542  33.577  -34.630  1.649 0.8999999762
31311  27.656  -31.545  1.889 0.6999999881
30529  26.240  -31.658  1.264 0.6999999881
30520  25.401  -31.774  1.313 0.6999999881
119604  34.088  -34.534  1.203 0.8999999762
29775  25.281  -32.226  1.874 0.6999999881
29033  24.587  -33.758  2.142 0.6999999881
108944  34.403  -34.401  0.495 1.0000000000
28207  25.551  -34.807  2.679 0.6000000238
29056  34.573  -35.015  -0.240 1.0000000000
113116  34.516  -34.371  -1.159 1.0000000000
29063  34.305  -34.950  -1.863 1.0000000000
28274  33.701  -35.481  -3.012 1.0000000000
27494  33.194  -36.155  -3.205 0.8999999762
29069  33.952  -34.750  -2.645 1.0000000000
28281  33.014  -35.451  -3.463 0.8999999762
109703  32.427  -36.032  -3.543 0.8000000119
27495  32.545  -36.759  -3.338 0.8000000119
110461  30.895  -36.594  -3.698 0.8000000119
27496  30.329  -36.800  -3.701 0.8000000119
26680  30.147  -37.489  -3.549 0.8000000119
110258  28.832  -36.959  -3.696 0.8000000119
106994  29.082  -36.329  -3.918 0.8000000119
117417  32.471  -33.614  2.558 0.8999999762
29771  31.569  -33.384  2.865 0.8999999762
105908  30.540  -32.999  2.880 0.8999999762
120394  29.843  -32.495  2.491 0.8999999762
30517  28.039  -31.608  1.798 0.8999999762
109226  33.754  -33.922  1.668 0.8999999762
30519  26.181  -31.860  1.928 0.6999999881
29792  34.305  -33.736  1.041 0.8999999762
29031  26.080  -33.045  2.455 0.6000000238
29032  25.298  -33.368  2.338 0.6000000238
29800  34.560  -33.596  0.201 1.0000000000
27419  25.203  -36.870  3.073 0.5000000000
113466  34.583  -34.211  -0.297 1.0000000000
25742  25.603  -38.228  4.300 0.5000000000
29806  34.228  -33.577  -1.520 1.0000000000
29064  34.118  -34.094  -2.081 1.0000000000
29818  33.601  -33.836  -2.955 1.0000000000
29077  33.418  -34.741  -3.285 1.0000000000
120921  32.416  -35.426  -3.755 0.8999999762
117460  31.653  -36.569  -3.573 0.8000000119
28293  31.291  -35.277  -4.255 0.8999999762
28284  30.448  -36.244  -3.919 0.8000000119
29087  30.630  -34.699  -4.470 0.8999999762
29088  29.780  -35.089  -4.366 0.8000000119
29832  29.915  -34.064  -4.565 0.8999999762
28285  29.355  -35.763  -4.137 0.8000000119
28287  27.780  -35.783  -3.719 0.8000000119
29081  27.779  -35.028  -3.892 0.8000000119
28275  27.087  -35.382  -3.550 0.8000000119
108738  29.346  -31.790  2.334 0.8999999762
30514  32.355  -32.713  2.850 0.8999999762
31298  28.222  -31.483  2.300 0.6999999881
30518  27.057  -31.638  1.873 0.8000000119
29780  34.039  -32.950  1.637 0.8999999762
30513  33.456  -32.367  2.341 0.8999999762
29759  26.821  -32.737  2.785 0.6999999881
27433  25.351  -35.998  2.838 0.6000000238
29015  26.789  -33.932  3.224 0.6999999881
28206  26.610  -35.158  3.479 0.6000000238
27418  26.024  -36.847  3.665 0.5000000000
29805  34.528  -33.529  -0.752 1.0000000000
26593  26.487  -36.997  4.463 0.5000000000
25728  25.792  -38.378  4.844 0.5000000000
29809  33.812  -33.200  -2.161 1.0000000000
29810  33.242  -32.792  -2.864 1.0000000000
103884  33.015  -34.150  -3.522 1.0000000000
29829  32.307  -34.043  -4.037 0.8999999762
29819  32.819  -33.371  -3.465 0.8999999762
29831  30.800  -33.751  -4.527 0.8999999762
29830  31.544  -33.592  -4.275 0.8999999762
29079  29.112  -34.413  -4.416 0.8999999762
29080  28.441  -34.761  -4.205 0.8999999762
30569  31.080  -32.811  -4.218 0.8999999762
29821  29.095  -33.417  -4.506 0.8999999762
103317  27.855  -34.223  -4.138 0.8999999762
30559  28.511  -32.576  -4.439 0.8999999762
30515  31.048  -32.509  3.236 0.8999999762
30501  30.017  -31.891  2.811 0.8999999762
31310  29.451  -31.418  2.668 0.8999999762
31297  29.443  -31.177  2.897 1.0000000000
31309  31.644  -31.856  3.292 0.8999999762
30503  27.512  -31.745  2.642 0.6999999881
30534  34.494  -32.885  0.777 0.8999999762
113327  27.350  -32.397  3.039 0.6999999881
28205  27.414  -34.788  4.069 0.6999999881
27417  26.624  -36.273  4.065 0.5000000000
30539  34.574  -32.655  -0.235 1.0000000000
26580  26.487  -37.310  5.027 0.5000000000
25700  25.723  -38.350  5.124 0.5000000000
119739  34.136  -32.718  -1.352 1.0000000000
110984  33.791  -31.818  -1.546 1.0000000000
30545  33.496  -32.288  -2.133 1.0000000000
30555  32.456  -32.478  -3.313 0.8999999762
106112  30.325  -32.181  -4.194 0.8999999762
29844  23.659  -33.914  -5.521 0.6999999881
104279  22.952  -33.570  -5.157 0.8000000119
29833  22.722  -34.100  -4.644 0.8000000119
29825  22.987  -33.608  -4.039 0.8000000119
114561  30.671  -31.738  3.346 1.0000000000
109281  28.899  -31.185  2.892 0.6999999881
107473  28.257  -31.481  3.070 0.6999999881
30525  34.378  -32.298  1.251 0.8999999762
29014  27.658  -33.546  3.731 0.6999999881
27405  26.821  -36.528  4.795 0.6000000238
104702  34.555  -31.943  0.584 0.8999999762
30526  34.102  -31.970  1.805 0.8999999762
26561  25.370  -38.016  5.477 0.4000000060
30541  34.312  -31.944  -0.895 1.0000000000
31339  33.215  -31.476  -2.064 1.0000000000
31353  32.062  -31.794  -3.157 1.0000000000
121245  32.651  -31.133  -2.347 1.0000000000
109794  25.095  -32.241  -3.563 0.8999999762
29842  26.160  -33.732  -5.746 0.6000000238
121095  24.250  -34.099  -5.685 0.6000000238
113780  23.675  -33.024  -5.464 0.8000000119
30571  22.620  -33.175  -4.556 0.8000000119
29074  23.815  -34.002  -3.593 0.8999999762
122539  24.427  -33.297  -3.475 0.8999999762
31307  33.690  -31.421  2.403 0.8999999762
31308  32.757  -31.720  2.887 0.8999999762
31282  29.601  -31.108  3.660 0.8000000119
30488  28.057  -32.501  3.591 0.6999999881
29003  27.925  -34.478  4.708 0.6999999881
120709  27.445  -35.523  5.428 0.6000000238
112604  25.459  -36.370  5.934 0.4000000060
105816  34.577  -31.788  -0.228 1.0000000000
31329  34.132  -31.331  -1.218 1.0000000000
31330  33.645  -31.056  -1.640 1.0000000000
32164  33.051  -30.743  -2.063 1.0000000000
32165  32.406  -30.465  -2.369 1.0000000000
118624  26.464  -32.367  -3.874 0.8999999762
32168  25.996  -30.952  -3.631 0.8999999762
31342  25.447  -31.626  -3.607 0.8999999762
30549  23.451  -32.287  -3.655 0.8999999762
30548  24.377  -32.603  -3.520 0.8999999762
29854  27.060  -32.926  -5.817 0.6000000238
29843  24.761  -33.450  -5.687 0.6000000238
30583  24.808  -32.429  -5.618 0.8000000119
30585  22.898  -32.557  -4.998 0.8000000119
30562  22.860  -32.651  -3.991 0.8999999762
31295  31.084  -31.196  3.530 0.8999999762
31296  30.069  -31.259  3.195 0.8999999762
32115  31.553  -30.506  3.742 0.8999999762
32116  30.731  -30.801  3.753 0.8999999762
29749  28.284  -33.493  4.718 0.6000000238
31306  34.277  -31.046  1.822 1.0000000000
32127  33.948  -30.526  2.590 1.0000000000
32128  33.096  -30.849  2.995 1.0000000000
29734  28.575  -32.997  5.307 0.6000000238
28987  27.866  -34.981  5.448 0.6000000238
28161  26.344  -35.421  6.172 0.5000000000
31316  34.547  -31.100  1.003 1.0000000000
122025  34.400  -31.680  1.315 1.0000000000
32134  34.488  -30.449  1.376 1.0000000000
31321  34.594  -31.129  0.140 1.0000000000
31324  34.462  -31.209  -0.685 1.0000000000
32153  34.207  -30.559  -1.222 1.0000000000
32154  33.574  -30.305  -1.790 1.0000000000
106704  32.960  -29.991  -2.164 1.0000000000
32166  31.684  -30.258  -2.591 1.0000000000
123741  31.323  -30.747  -2.874 1.0000000000
32182  30.234  -30.168  -3.107 1.0000000000
103572  29.966  -30.848  -3.527 1.0000000000
32184  28.623  -30.280  -3.763 1.0000000000
108035  28.294  -31.057  -4.145 0.8999999762
105548  29.161  -30.918  -3.937 0.8999999762
31359  26.855  -31.095  -3.904 0.8999999762
31343  24.333  -31.725  -3.523 0.8999999762
122350  22.973  -32.089  -3.844 0.8999999762
31392  28.329  -31.788  -6.507 0.6000000238
30594  27.756  -32.316  -6.109 0.6000000238
30595  26.911  -32.085  -5.762 0.6000000238
30582  25.971  -32.737  -5.731 0.6000000238
30584  23.742  -32.085  -5.370 0.8000000119
31368  22.834  -31.665  -4.483 0.8000000119
32114  32.513  -30.262  3.554 0.8999999762
32099  30.536  -30.422  4.333 0.6999999881
30502  29.192  -31.573  4.172 0.6000000238
30473  28.838  -32.263  5.359 0.6000000238
29735  28.411  -33.702  5.859 0.6000000238
28988  27.724  -34.477  6.121 0.5000000000
32140  34.591  -30.268  0.559 1.0000000000
32937  34.531  -29.684  1.312 0.8999999762
32145  34.539  -30.430  -0.402 1.0000000000
32978  33.996  -29.739  -1.510 1.0000000000
32989  33.075  -29.246  -2.263 1.0000000000
33954  32.603  -28.764  -2.625 1.0000000000
32990  32.238  -29.564  -2.456 1.0000000000
32992  30.570  -29.484  -2.866 1.0000000000
32183  29.475  -30.209  -3.494 1.0000000000
33007  28.134  -29.573  -3.688 1.0000000000
33008  27.208  -29.579  -3.694 0.8999999762
32186  26.618  -30.283  -3.683 0.8999999762
32169  24.935  -30.858  -3.520 0.8999999762
32170  23.799  -30.278  -3.537 0.8999999762
31393  27.615  -31.505  -6.057 0.6000000238
31378  25.910  -31.837  -5.691 0.6000000238
32200  25.838  -30.959  -5.677 0.6999999881
31380  23.771  -31.236  -5.347 0.6999999881
120157  23.115  -31.721  -5.049 0.6999999881
118064  22.804  -30.381  -3.972 0.8999999762
31411  28.910  -31.284  -6.969 0.6000000238
32202  23.713  -30.384  -5.336 0.6999999881
31381  23.062  -30.961  -4.931 0.8000000119
33016  22.655  -29.741  -4.351 0.8999999762
31264  29.570  -30.942  4.928 0.6999999881
30474  28.557  -32.860  6.084 0.6000000238
32126  34.344  -30.094  2.054 0.8999999762
32113  33.485  -30.023  3.245 0.8000000119
32950  34.602  -29.431  0.572 0.8999999762
32964  34.582  -29.623  -0.147 1.0000000000
32977  34.384  -29.758  -0.898 1.0000000000
112622  34.220  -29.170  -1.257 1.0000000000
33944  33.805  -28.991  -1.841 1.0000000000
33953  33.359  -28.546  -2.400 1.0000000000
33955  31.777  -28.840  -2.748 1.0000000000
33956  30.974  -28.847  -2.857 1.0000000000
33005  29.836  -29.499  -3.233 1.0000000000
33006  29.032  -29.522  -3.539 1.0000000000
33009  26.290  -29.500  -3.632 0.8999999762
32993  25.661  -30.175  -3.546 0.8999999762
32995  24.132  -29.582  -3.544 0.8999999762
31394  26.798  -31.226  -5.733 0.6000000238
32201  24.758  -30.671  -5.550 0.6999999881
32996  22.997  -29.709  -3.740 0.8999999762
32233  28.790  -30.447  -7.024 0.6000000238
32216  28.207  -30.959  -6.526 0.6000000238
33030  24.642  -29.792  -5.557 0.6999999881
32203  23.017  -30.077  -4.851 0.6999999881
32100  30.004  -30.650  4.497 0.6999999881
31265  29.168  -31.546  5.648 0.6000000238
32918  32.924  -29.446  3.773 0.8000000119
32919  32.043  -29.662  4.179 0.8000000119
32898  30.322  -29.999  5.254 0.6999999881
32080  29.805  -30.348  5.635 0.6999999881
32930  34.115  -29.633  2.802 0.6999999881
32917  33.657  -29.210  3.402 0.8000000119
32929  34.429  -29.073  2.124 0.6999999881
33892  34.603  -28.722  1.065 0.6999999881
33932  34.606  -28.200  -0.481 0.8000000119
33943  34.303  -28.388  -1.322 0.8000000119
33952  33.913  -28.264  -2.026 0.8999999762
33966  31.420  -28.253  -3.206 1.0000000000
33968  29.489  -28.783  -3.456 1.0000000000
33969  28.611  -28.797  -3.688 1.0000000000
123897  30.718  -28.359  -3.274 1.0000000000
115965  30.263  -28.844  -3.148 1.0000000000
33970  27.701  -28.863  -3.785 1.0000000000
33984  27.255  -28.250  -4.067 1.0000000000
33971  26.847  -28.877  -3.781 0.8999999762
111745  26.024  -28.788  -3.764 0.8999999762
32994  25.251  -29.381  -3.571 0.8999999762
33957  24.520  -28.983  -3.630 0.8999999762
33042  28.077  -30.070  -6.577 0.6000000238
32217  27.467  -30.616  -6.059 0.6000000238
32218  26.639  -30.310  -5.762 0.6000000238
33029  25.710  -30.047  -5.652 0.6999999881
32997  22.809  -28.811  -3.788 0.8999999762
33010  22.597  -29.727  -4.037 0.8999999762
33995  24.430  -28.871  -5.664 0.6999999881
33031  23.580  -29.509  -5.365 0.6999999881
33017  22.409  -29.075  -4.202 0.8999999762
33985  22.393  -28.292  -4.195 0.8999999762
32895  32.651  -28.799  4.359 0.6999999881
120746  31.558  -29.507  4.796 0.6000000238
120588  29.972  -29.705  6.150 0.6000000238
32082  28.685  -31.324  6.399 0.6000000238
116793  33.735  -28.679  3.537 0.6999999881
32896  32.093  -28.841  5.064 0.6000000238
33849  34.116  -28.685  3.059 0.6999999881
116805  34.529  -28.257  1.813 0.6999999881
33914  34.696  -28.039  0.345 0.6999999881
34853  34.576  -27.517  -1.037 0.8000000119
34862  34.250  -27.637  -1.851 0.8000000119
34863  33.688  -27.761  -2.607 0.8000000119
118839  33.006  -28.189  -2.893 0.8000000119
33965  32.288  -28.203  -3.099 1.0000000000
34870  32.926  -27.424  -3.278 0.8000000119
34889  29.991  -27.423  -3.953 1.0000000000
34873  29.154  -27.959  -3.853 1.0000000000
33983  28.144  -28.148  -4.025 1.0000000000
110011  29.314  -27.124  -4.325 1.0000000000
34892  26.632  -27.632  -4.364 1.0000000000
34874  25.857  -28.108  -4.067 1.0000000000
34875  24.936  -27.883  -4.120 0.8999999762
33973  24.253  -28.391  -3.819 0.8999999762
33059  28.686  -29.529  -7.259 0.6000000238
33043  27.222  -29.609  -6.229 0.6000000238
33044  26.334  -29.412  -5.945 0.6999999881
33974  23.230  -28.214  -3.818 0.8999999762
34002  25.972  -28.586  -6.249 0.6999999881
34003  24.075  -28.003  -5.865 0.6999999881
34005  22.440  -27.662  -5.090 0.8999999762
32879  29.343  -29.906  6.298 0.5000000000
113027  33.100  -28.061  4.405 0.6000000238
114811  31.796  -28.069  5.613 0.5000000000
33848  34.198  -27.720  3.071 0.6999999881
108195  33.784  -28.066  3.805 0.6999999881
33871  34.371  -28.262  2.462 0.6999999881
34831  34.650  -27.687  1.217 0.6999999881
34816  34.488  -27.491  2.160 0.6999999881
112598  34.798  -27.429  -0.209 0.6999999881
35737  34.885  -26.737  -0.680 0.6999999881
112541  34.201  -27.120  -2.369 0.8000000119
35761  33.807  -26.914  -3.001 0.8000000119
35769  33.204  -26.425  -3.523 0.8000000119
35771  31.441  -26.866  -3.961 0.8999999762
34872  30.879  -27.647  -3.665 1.0000000000
35770  32.332  -26.725  -3.765 0.8000000119
35772  30.604  -26.884  -4.169 0.8999999762
122175  29.940  -26.821  -4.342 1.0000000000
35789  28.775  -26.658  -4.738 1.0000000000
34891  27.619  -27.551  -4.404 1.0000000000
35791  26.213  -26.789  -4.754 1.0000000000
34893  25.614  -27.344  -4.384 0.8999999762
35773  23.602  -26.681  -4.260 0.8999999762
113592  24.242  -26.371  -4.585 0.8999999762
35774  22.878  -26.245  -4.383 0.8999999762
33060  27.885  -29.298  -6.770 0.6000000238
111412  25.104  -28.246  -6.023 0.6999999881
34004  23.067  -27.800  -5.561 0.8000000119
34894  22.387  -26.882  -4.678 0.8999999762
34016  28.969  -28.824  -7.709 0.6000000238
35814  24.624  -27.337  -6.485 0.6999999881
116075  22.633  -26.785  -5.457 0.8000000119
36697  22.371  -25.837  -4.825 0.8999999762
34910  23.571  -27.157  -6.038 0.6999999881
36732  22.263  -25.746  -5.109 0.8999999762
33826  32.507  -28.043  5.077 0.5000000000
33827  30.847  -28.070  6.114 0.5000000000
114590  33.890  -27.076  3.848 0.6999999881
34774  32.154  -27.241  5.395 0.5000000000
122568  34.616  -27.152  1.602 0.6999999881
108306  34.797  -26.768  1.092 0.6999999881
105957  35.029  -26.722  0.178 0.6999999881
36658  35.044  -26.004  -1.091 0.6999999881
35753  34.610  -26.758  -1.657 0.6999999881
35760  34.389  -26.403  -2.522 0.8000000119
35768  33.998  -26.069  -3.205 0.8000000119
36696  32.677  -25.976  -4.066 0.8000000119
35785  31.924  -26.249  -4.339 0.8000000119
35787  30.279  -26.297  -4.635 0.8999999762
35788  29.530  -26.439  -4.705 1.0000000000
114501  27.985  -26.838  -4.714 1.0000000000
35790  27.149  -26.944  -4.798 1.0000000000
120947  32.290  -25.726  -4.607 0.8000000119
35786  31.098  -26.275  -4.517 0.8000000119
35803  29.051  -26.039  -5.168 0.8999999762
120107  27.552  -26.407  -5.137 1.0000000000
35806  26.773  -26.286  -5.272 1.0000000000
35804  28.251  -26.207  -5.183 0.8999999762
36709  25.717  -26.052  -5.244 1.0000000000
35792  25.174  -26.569  -4.727 1.0000000000
36710  24.414  -25.776  -5.133 1.0000000000
120123  22.757  -25.627  -4.747 0.8999999762
34001  26.660  -28.887  -6.342 0.6999999881
36730  24.062  -24.969  -5.765 0.8999999762
34018  27.280  -28.715  -6.679 0.6000000238
113877  27.242  -27.846  -7.115 0.6000000238
36712  22.653  -25.432  -5.062 0.8999999762
34019  26.503  -28.160  -6.657 0.6999999881
34909  25.646  -27.769  -6.588 0.6999999881
110846  23.139  -26.424  -6.092 0.6999999881
35817  22.642  -26.035  -5.757 0.8000000119
35815  23.842  -26.504  -6.577 0.6999999881
37619  23.209  -24.823  -6.446 0.8000000119
38452  23.233  -24.873  -6.070 0.8999999762
35826  23.324  -25.233  -6.876 0.6999999881
34789  33.419  -27.412  4.329 0.6000000238
34773  32.805  -27.299  4.783 0.5000000000
35703  34.233  -26.652  2.933 0.6999999881
120604  35.130  -25.885  0.645 0.6999999881
35736  35.239  -26.034  -0.237 0.6999999881
36676  34.870  -25.880  -1.950 0.6999999881
36694  34.232  -25.439  -3.404 0.8000000119
36695  33.516  -25.544  -3.821 0.8000000119
104662  32.881  -25.314  -4.500 0.8000000119
36707  31.641  -25.783  -4.926 0.8000000119
37587  33.052  -24.802  -5.069 0.8000000119
37599  32.091  -25.096  -6.007 0.8000000119
36708  30.723  -25.744  -5.209 0.8000000119
36725  29.362  -25.586  -5.672 0.8999999762
35805  27.517  -25.740  -5.643 0.8999999762
122126  31.474  -25.241  -6.293 0.8000000119
36738  30.686  -25.344  -6.121 0.8000000119
36729  25.227  -25.225  -5.680 1.0000000000
36728  26.372  -25.523  -5.726 1.0000000000
34919  28.037  -27.573  -7.658 0.6000000238
34920  26.253  -27.220  -7.114 0.6999999881
35824  25.467  -26.425  -7.379 0.6999999881
115519  24.631  -26.480  -7.023 0.6999999881
36750  24.555  -25.606  -7.574 0.8000000119
36752  22.948  -25.045  -6.721 0.8000000119
36641  35.381  -25.405  0.079 0.6999999881
36642  35.247  -25.094  0.555 0.6999999881
36657  35.417  -25.330  -0.597 0.6999999881
36675  35.287  -25.274  -1.428 0.6999999881
36686  35.079  -25.196  -2.147 0.6999999881
120191  34.668  -25.006  -3.287 0.6999999881
37579  34.240  -24.960  -3.852 0.8000000119
37598  32.659  -24.834  -5.678 0.8000000119
37597  33.289  -24.551  -5.794 0.8000000119
36740  28.899  -25.294  -6.302 0.8999999762
36726  28.529  -25.650  -5.674 0.8999999762
36739  29.755  -25.321  -6.276 0.8000000119
37615  28.405  -24.873  -6.976 0.8999999762
36727  26.957  -25.080  -6.323 0.8999999762
37616  27.468  -24.604  -6.906 0.8999999762
37600  25.859  -24.752  -6.235 1.0000000000
37601  24.739  -24.481  -6.234 0.8999999762
36749  25.588  -25.687  -7.892 0.6999999881
38450  24.096  -23.733  -6.705 0.8999999762
36766  24.091  -24.746  -7.773 0.8000000119
38473  23.199  -23.985  -6.899 0.8999999762
38472  23.676  -23.450  -7.294 0.8000000119
37534  35.473  -24.608  -0.004 0.6999999881
37548  35.601  -24.578  -0.954 0.6999999881
37563  35.484  -24.607  -1.832 0.6999999881
37578  35.009  -24.378  -3.669 0.6999999881
37586  34.416  -24.437  -4.451 0.6999999881
107652  31.135  -25.155  -6.971 0.8000000119
37614  29.294  -25.086  -7.046 0.8000000119
37613  30.214  -25.167  -7.029 0.8000000119
37634  29.749  -24.891  -7.929 0.8000000119
37617  26.404  -24.270  -6.824 0.8999999762
35822  27.211  -26.917  -7.567 0.6000000238
37635  28.835  -24.582  -7.738 0.8000000119
38494  28.422  -23.766  -8.216 0.8999999762
38469  26.962  -23.832  -7.406 0.8999999762
35823  26.356  -26.322  -7.673 0.6999999881
37618  25.221  -23.904  -6.720 0.8999999762
36765  24.818  -24.983  -8.200 0.6999999881
39352  24.125  -22.896  -7.825 0.8000000119
37652  24.080  -24.012  -8.099 0.6999999881
38498  23.600  -23.604  -7.411 0.8000000119
38416  35.770  -23.822  -1.385 0.6999999881
38421  35.752  -23.949  -2.240 0.6999999881
37577  35.649  -23.877  -3.057 0.6999999881
111045  31.950  -25.062  -6.804 0.8000000119
37632  31.708  -24.798  -7.647 0.8000000119
38492  30.282  -24.362  -8.590 0.8000000119
38493  29.358  -24.156  -8.444 0.8000000119
38468  27.935  -24.213  -7.550 0.8999999762
38495  27.451  -23.395  -8.005 0.8999999762
35839  27.131  -26.087  -8.149 0.6000000238
38496  26.532  -23.096  -7.863 0.8999999762
111856  26.356  -25.676  -8.161 0.6999999881
36764  25.793  -25.093  -8.454 0.6999999881
38470  25.706  -23.322  -7.394 0.8999999762
37669  25.359  -23.795  -8.983 0.6999999881
38515  23.897  -23.177  -7.983 0.8000000119
39372  24.749  -22.362  -8.449 0.8000000119
38526  25.110  -22.929  -9.194 0.6999999881
39373  24.328  -22.782  -8.147 0.8000000119
39408  24.897  -21.990  -9.178 0.8000000119
38420  36.021  -23.356  -2.563 0.6000000238
36762  27.893  -25.778  -8.687 0.6000000238
39369  27.952  -22.812  -8.495 0.8999999762
36776  27.748  -24.955  -9.334 0.6000000238
40313  25.850  -21.754  -8.612 0.8999999762
37650  26.020  -24.494  -8.920 0.8000000119
39371  25.598  -22.459  -8.191 0.8999999762
121864  25.850  -23.102  -9.574 0.6999999881
39394  24.867  -22.116  -8.722 0.8000000119
40333  25.070  -21.574  -8.931 0.8000000119
36763  26.831  -25.233  -8.716 0.6999999881
37667  27.190  -24.099  -9.604 0.5000000000
119030  26.622  -23.250  -9.825 0.6000000238
37668  26.128  -23.791  -9.396 0.6999999881
38541  26.561  -22.538  -10.160 0.6000000238
39424  26.090  -21.709  -10.211 0.6000000238
39425  25.421  -21.414  -9.674 0.6999999881
40347  25.657  -20.750  -9.669 0.8000000119
40314  25.191  -21.761  -8.723 0.8000000119
39392  27.474  -22.063  -8.753 0.8000000119
40331  27.648  -21.498  -9.154 0.8000000119
39393  26.558  -21.446  -8.902 0.8999999762
38525  27.533  -23.666  -9.984 0.6000000238
104972  25.728  -20.607  -9.519 0.8000000119
40332  25.552  -21.150  -8.998 0.8000000119
107846  26.145  -20.663  -9.350 0.8000000119
40356  25.840  -20.768  -10.230 0.6000000238
108712  28.635  -21.425  -9.386 0.8000000119
116782  26.969  -20.938  -9.323 0.8000000119
38540  27.375  -23.039  -10.285 0.6000000238
39423  27.127  -22.175  -10.524 0.6000000238
41242  26.139  -20.039  -9.818 0.8000000119
39445  26.630  -21.165  -10.696 0.6000000238
42143  26.304  -19.500  -10.391 0.6999999881
41241  26.825  -20.261  -9.601 0.8000000119
41283  26.687  -19.689  -11.270 0.6000000238
42150  26.307  -19.429  -10.643 0.6000000238
43095  26.388  -19.039  -10.782 0.6999999881
109954  27.079  -20.625  -11.225 0.6000000238
41254  30.001  -20.607  -9.998 0.8000000119
41240  27.786  -20.772  -9.502 0.8000000119
39422  28.153  -22.730  -10.622 0.6000000238
41255  28.847  -20.540  -9.827 0.8000000119
39443  28.991  -22.437  -11.057 0.5000000000
42141  27.395  -19.178  -10.347 0.8000000119
41256  27.665  -19.957  -9.859 0.8000000119
40366  28.948  -21.649  -11.401 0.6000000238
39444  27.879  -21.689  -11.043 0.6000000238
43086  26.982  -18.410  -10.821 0.6000000238
123499  29.582  -21.615  -11.510 0.5000000000
41282  28.146  -20.876  -11.500 0.6000000238
41292  27.443  -20.119  -11.545 0.6000000238
42162  26.585  -18.920  -11.304 0.6000000238
41291  28.185  -20.018  -11.794 0.6000000238
42178  27.240  -19.299  -11.671 0.6000000238
43117  27.133  -18.377  -11.817 0.6000000238
43101  26.785  -18.391  -11.314 0.6000000238
109137  29.470  -19.953  -10.180 0.8000000119
42140  28.512  -19.559  -10.204 0.8000000119
42139  30.324  -19.810  -10.200 0.8000000119
43085  29.381  -18.997  -10.331 0.6999999881
41281  29.245  -20.916  -11.627 0.6000000238
43093  27.094  -17.925  -11.416 0.6000000238
116994  27.558  -17.985  -10.993 0.6000000238
103453  28.044  -18.638  -10.571 0.6999999881
41290  29.119  -19.848  -11.983 0.5000000000
43100  27.331  -17.589  -11.991 0.6000000238
42177  27.952  -18.974  -12.170 0.6000000238
41289  30.094  -19.708  -12.129 0.5000000000
43084  30.586  -18.944  -10.258 0.6999999881
43942  29.817  -18.055  -10.472 0.6000000238
43943  28.592  -18.005  -10.731 0.6000000238
43952  27.879  -17.452  -11.466 0.6000000238
43951  28.949  -17.256  -11.115 0.6000000238
42176  28.989  -18.802  -12.446 0.5000000000
43116  27.888  -17.691  -12.529 0.6000000238
43954  27.598  -17.031  -12.171 0.6000000238
43115  29.048  -17.795  -12.985 0.6000000238
43968  28.227  -16.693  -13.315 0.6000000238
42175  30.152  -18.801  -12.508 0.5000000000
43114  30.357  -17.974  -13.026 0.4000000060
43966  30.672  -17.175  -13.305 0.5000000000
113317  27.768  -16.548  -12.839 0.6000000238
44764  27.863  -16.253  -12.655 0.6000000238
43950  30.205  -17.090  -10.741 0.6000000238
117687  28.043  -15.962  -13.370 0.6000000238
44772  28.318  -15.649  -13.397 0.6000000238
43967  29.291  -16.972  -13.506 0.5000000000
43977  28.547  -16.038  -13.585 0.6000000238
43976  29.726  -16.228  -13.566 0.5000000000
43975  31.102  -16.398  -13.326 0.4000000060
118726  28.339  -15.731  -12.529 0.6000000238
44760  29.146  -16.364  -11.569 0.5000000000
43941  30.979  -18.033  -10.237 0.5000000000
118877  27.985  -15.794  -13.163 0.6000000238
45623  29.361  -15.540  -11.961 0.5000000000
44782  29.021  -15.577  -13.478 0.6000000238
43949  31.365  -17.174  -10.370 0.4000000060
45634  28.446  -15.433  -13.139 0.6000000238
45626  28.938  -15.315  -12.662 0.5000000000
123769  28.778  -15.445  -13.292 0.6000000238
45633  29.362  -15.146  -12.906 0.6000000238
45625  29.766  -15.049  -12.248 0.4000000060
44781  30.308  -15.581  -13.423 0.4000000060
45644  29.847  -15.231  -13.219 0.4000000060
46450  30.531  -14.718  -11.805 0.4000000060
46456  30.368  -14.702  -12.359 0.4000000060
46466  30.475  -14.828  -12.875 0.4000000060
109636  32.969  -15.842  -10.046 0.4000000060
114583  31.448  -15.781  -10.701 0.4000000060
46472  31.587  -14.409  -13.457 0.4000000060
46465  31.184  -14.459  -13.083 0.4000000060
46455  31.076  -14.217  -12.586 0.4000000060
119126  32.183  -15.241  -10.507 0.4000000060
45621  31.236  -14.908  -11.174 0.4000000060
47362  31.509  -13.713  -13.211 0.3000000119
46449  31.156  -14.179  -11.770 0.4000000060
46447  32.591  -14.433  -10.528 0.4000000060
46448  31.795  -14.423  -10.995 0.4000000060
29082  23.118  -34.514  -4.079 0.8000000119
29073  24.484  -34.706  -3.427 0.8999999762
29812  25.836  -33.680  -3.510 0.8999999762
29072  25.498  -34.499  -3.374 0.8999999762
105389  26.246  -35.015  -3.403 0.8999999762
30556  31.650  -32.251  -3.599 0.8999999762
31354  31.333  -31.433  -3.284 1.0000000000
31340  32.009  -31.105  -2.721 1.0000000000
29822  28.137  -33.422  -4.363 0.8999999762
30570  30.117  -33.076  -4.541 0.8999999762
31356  29.725  -31.546  -4.076 0.8999999762
32181  30.715  -30.795  -3.171 1.0000000000
29823  27.350  -33.549  -4.079 0.8999999762
30558  29.438  -32.393  -4.434 0.8999999762
31358  27.977  -31.867  -4.349 0.8999999762
29824  26.881  -32.868  -4.009 0.8999999762
118511  27.554  -31.272  -4.137 0.8999999762
44759  30.051  -16.197  -11.280 0.4000000060
45622  30.465  -15.450  -11.413 0.4000000060
44758  30.893  -16.395  -10.770 0.4000000060
43948  32.182  -16.988  -10.178 0.4000000060
28236  33.406  -35.679  1.532 0.8999999762
28261  34.548  -35.799  -0.645 1.0000000000
25831  32.661  -38.015  -2.964 0.8000000119
29029  30.614  -34.579  2.445 0.8999999762
113308  34.263  -35.164  0.752 1.0000000000
29781  33.263  -33.338  2.278 0.8999999762
29078  32.742  -34.804  -3.735 0.8999999762
28282  31.822  -35.748  -3.860 0.8000000119
28295  29.983  -35.845  -4.127 0.8000000119
103208  29.019  -35.145  -4.258 0.8999999762
28286  28.524  -35.605  -4.024 0.8000000119
29070  27.054  -34.421  -3.713 0.8999999762
29820  31.982  -33.071  -3.829 0.8999999762
30560  27.636  -32.709  -4.301 0.8999999762
28191  27.578  -35.308  4.872 0.6000000238
27389  25.595  -37.117  5.676 0.4000000060
27388  26.682  -36.552  5.308 0.4000000060
104299  32.763  -31.839  -2.697 1.0000000000
30557  30.983  -32.010  -3.790 0.8999999762
28289  23.361  -35.247  -4.060 0.6999999881
112675  22.657  -32.437  -4.399 0.8000000119
31294  32.096  -31.076  3.370 0.8999999762
30546  26.181  -32.967  -3.713 0.8999999762
114338  24.946  -34.330  -5.695 0.6000000238
28174  26.188  -36.344  5.774 0.4000000060
30561  27.084  -31.977  -4.119 0.8999999762
110440  23.890  -30.934  -3.532 0.8999999762
32171  23.114  -30.693  -3.717 0.8999999762
31379  24.805  -31.537  -5.575 0.6999999881
32098  31.206  -30.158  4.251 0.8000000119
32991  31.333  -29.504  -2.641 1.0000000000
31357  28.848  -31.703  -4.332 0.8999999762
32185  27.612  -30.440  -3.846 0.8999999762
118351  24.339  -30.540  -3.489 0.8999999762
31266  28.644  -32.067  6.284 0.5000000000
106773  24.704  -30.128  -3.486 0.8999999762
108874  34.637  -28.839  0.093 0.8999999762
112213  34.468  -28.994  -0.678 0.8999999762
33045  25.454  -29.141  -5.761 0.6999999881
33975  22.520  -28.036  -3.945 0.8999999762
33033  22.680  -28.367  -5.142 0.8000000119
32081  29.222  -30.752  6.213 0.6000000238
33850  33.294  -28.707  3.879 0.8000000119
112790  31.338  -28.860  5.527 0.6000000238
117415  26.542  -28.343  -4.010 1.0000000000
34878  22.559  -27.029  -4.260 0.8999999762
32877  30.527  -29.134  6.097 0.6000000238
32067  28.675  -30.028  6.482 0.5000000000
34843  34.795  -27.335  0.505 0.6999999881
34871  31.886  -27.530  -3.522 0.8999999762
33813  30.046  -28.412  6.407 0.5000000000
35793  23.398  -25.872  -4.600 0.8999999762
35677  32.371  -26.476  4.840 0.5000000000
35715  34.572  -26.637  1.973 0.6999999881
35802  29.833  -25.882  -5.128 0.8999999762
36723  32.317  -25.300  -5.213 0.8000000119
36724  31.496  -25.451  -5.636 0.8000000119
38451  23.382  -23.947  -6.733 0.8999999762
109860  33.223  -26.629  4.435 0.5000000000
106389  34.427  -25.841  2.439 0.6999999881
36687  34.633  -25.535  -2.759 0.6999999881
36706  33.632  -24.896  -4.442 0.8000000119
110239  30.070  -25.542  -5.659 0.8999999762
36741  27.986  -25.216  -6.303 0.8999999762
37651  25.067  -24.337  -8.638 0.8000000119
37653  23.584  -23.678  -7.522 0.8000000119
37571  35.201  -24.672  -2.729 0.6999999881
113725  32.399  -24.690  -7.288 0.8000000119
39351  24.757  -22.752  -7.839 0.8999999762
38404  35.580  -23.713  -0.476 0.6000000238
39370  26.783  -22.416  -8.381 0.8999999762
41266  25.998  -20.058  -10.382 0.6999999881
41284  26.266  -20.166  -10.801 0.6000000238
42163  26.254  -19.434  -11.000 0.6000000238
43087  26.637  -18.987  -10.618 0.8000000119
44761  28.059  -16.556  -11.925 0.6000000238
120578  31.651  -16.524  -10.433 0.4000000060
45620  33.021  -15.106  -10.184 0.4000000060
47353  31.480  -13.528  -12.298 0.4000000060
29811  26.614  -33.618  -3.748 0.8999999762
23252  33.153  -41.552  3.879 0.4000000060
121481  31.756  -40.965  4.301 0.4000000060
23254  30.257  -41.563  3.934 0.4000000060
24052  33.427  -40.766  3.306 0.4000000060
113542  30.914  -40.802  4.073 0.4000000060
24056  29.963  -40.637  3.615 0.4000000060
24087  34.232  -40.130  1.887 0.3000000119
24053  32.829  -39.979  3.545 0.4000000060
24086  34.380  -40.637  1.379 0.4000000060
24100  34.376  -40.273  0.630 0.4000000060
24112  33.688  -40.587  -0.631 0.4000000060
24122  33.366  -40.345  -1.345 0.4000000060
24055  30.801  -39.947  3.710 0.5000000000
24926  30.030  -39.572  3.391 0.4000000060
24924  32.241  -39.399  3.588 0.4000000060
24955  34.469  -39.797  1.226 0.5000000000
24111  34.197  -39.973  -0.126 0.4000000060
24979  33.927  -39.800  -0.899 0.4000000060
24988  32.990  -39.891  -2.035 0.5000000000
24998  32.300  -39.503  -2.530 0.5000000000
24999  31.544  -39.903  -2.596 0.6000000238
24136  31.500  -40.677  -2.363 0.5000000000
24137  30.770  -40.476  -2.575 0.6000000238
24147  29.401  -40.088  -3.116 0.4000000060
118485  30.727  -39.182  3.441 0.5000000000
24939  29.402  -39.097  2.925 0.5000000000
24957  28.045  -38.972  1.991 0.5000000000
24936  32.874  -39.137  3.072 0.6000000238
24937  32.075  -38.645  3.323 0.6000000238
24935  33.475  -38.999  2.360 0.5000000000
25751  33.889  -38.458  1.707 0.6000000238
25768  34.436  -39.071  1.221 0.5000000000
24970  34.479  -39.298  0.490 0.5000000000
24986  34.131  -39.106  -1.300 0.4000000060
24987  33.614  -39.155  -1.992 0.6000000238
24997  32.959  -39.153  -2.399 0.6000000238
25817  31.665  -38.977  -2.937 0.6000000238
25818  31.006  -38.745  -3.159 0.6000000238
25010  30.383  -38.940  -3.192 0.6000000238
25834  29.045  -38.435  -3.446 0.6000000238
25000  30.921  -39.475  -2.906 0.6000000238
25001  30.175  -39.806  -2.949 0.6000000238
25011  29.607  -39.158  -3.260 0.6000000238
25012  28.673  -39.420  -3.339 0.6000000238
25741  31.153  -38.508  3.319 0.5000000000
24938  30.199  -38.558  3.142 0.5000000000
25755  28.866  -38.604  2.392 0.5000000000
121454  32.793  -38.160  2.484 0.6000000238
25785  34.422  -38.463  0.855 0.6000000238
26620  33.296  -37.582  1.864 0.6000000238
25795  34.515  -38.451  0.047 0.5000000000
25786  33.993  -37.741  1.150 0.6000000238
25801  34.447  -38.269  -0.878 0.6000000238
25802  34.109  -38.416  -1.773 0.6000000238
25832  31.376  -38.152  -3.211 0.6000000238
25835  28.159  -38.480  -3.435 0.6999999881
25754  29.953  -37.754  2.652 0.6000000238
25769  29.237  -37.814  2.253 0.5000000000
121939  27.705  -38.290  1.553 0.5000000000
25752  31.719  -37.833  2.911 0.6000000238
25753  30.764  -37.756  2.911 0.6000000238
107964  27.800  -37.663  1.373 0.5000000000
26639  26.065  -37.529  0.726 0.5000000000
26605  32.171  -37.349  2.405 0.6000000238
26682  28.521  -37.684  -3.541 0.6999999881
26607  30.454  -37.166  2.346 0.6000000238
26608  29.711  -37.149  2.128 0.6000000238
26622  28.990  -37.168  1.764 0.6000000238
26606  31.285  -37.202  2.439 0.6000000238
26623  28.281  -37.103  1.403 0.6000000238
26624  27.545  -36.964  1.115 0.6000000238
27455  26.696  -36.676  0.769 0.6000000238
27430  31.756  -36.740  2.203 0.6000000238
27457  24.979  -36.282  0.188 0.5000000000
28253  24.670  -35.090  -0.054 0.6000000238
26683  27.646  -37.704  -3.472 0.6999999881
27431  30.944  -36.676  2.100 0.6000000238
27444  28.073  -36.302  1.158 0.6000000238
105691  31.344  -36.194  2.029 0.6000000238
27432  30.187  -36.564  2.067 0.6000000238
27442  29.455  -36.459  1.808 0.6000000238
27454  27.392  -36.045  0.859 0.6000000238
106176  26.237  -35.856  0.433 0.6000000238
28251  26.211  -34.619  0.325 0.6000000238
26621  32.681  -36.928  2.060 0.6000000238
26638  34.239  -37.267  0.578 0.6000000238
27489  27.096  -36.868  -3.470 0.6999999881
28276  26.282  -36.084  -3.391 0.6999999881
27441  32.198  -36.289  2.037 0.6000000238
28238  29.091  -35.601  1.578 0.6999999881
28240  27.940  -35.446  0.921 0.6999999881
116045  32.923  -36.441  1.843 0.6000000238
28224  29.917  -35.764  2.000 0.6999999881
110877  30.662  -36.178  2.004 0.6999999881
29043  29.052  -34.539  1.600 0.6999999881
109132  27.793  -34.442  0.782 0.6999999881
28250  27.222  -35.049  0.621 0.6000000238
29051  26.980  -33.851  0.526 0.6999999881
109944  26.204  -33.224  0.415 0.6000000238
29052  25.244  -33.191  0.313 0.5000000000
116636  23.675  -34.825  -3.675 0.8000000119
28223  30.815  -35.482  2.168 0.6999999881
121321  29.499  -35.181  1.840 0.6999999881
29784  27.524  -33.244  0.815 0.6999999881
29797  23.220  -33.093  0.526 0.5000000000
29793  26.696  -32.544  0.600 0.6999999881
29794  25.809  -32.202  0.553 0.6000000238
29796  24.059  -32.574  0.746 0.6000000238
113318  33.869  -24.497  -5.149 0.6999999881
112493  35.070  -23.923  -4.391 0.6000000238
38449  34.730  -23.920  -5.204 0.6000000238
38491  31.400  -24.177  -8.523 0.6999999881
38512  30.684  -23.503  -9.003 0.6999999881
38513  29.866  -23.639  -8.878 0.6999999881
39391  29.039  -23.101  -8.827 0.6999999881
38437  35.659  -23.632  -3.865 0.6000000238
105105  34.850  -23.705  -6.191 0.6000000238
37611  33.535  -24.373  -6.625 0.6999999881
120142  32.465  -24.206  -8.027 0.6999999881
38436  36.233  -22.939  -4.058 0.6000000238
39390  30.011  -22.828  -9.198 0.6999999881
41239  29.612  -21.319  -9.606 0.6999999881
104031  35.654  -23.380  -4.793 0.6000000238
38448  35.343  -23.432  -5.605 0.6000000238
102738  35.027  -23.346  -7.199 0.6000000238
38509  33.703  -23.226  -8.239 0.6999999881
119762  32.179  -23.513  -8.603 0.6999999881
39389  30.909  -22.561  -9.325 0.6999999881
40329  30.263  -21.943  -9.473 0.6999999881
41238  30.458  -21.225  -9.771 0.6999999881
39334  35.911  -22.956  -5.565 0.6000000238
108221  35.802  -22.632  -6.929 0.5000000000
39368  34.511  -22.970  -8.066 0.6000000238
40326  33.341  -22.121  -9.039 0.5000000000
111000  31.650  -22.310  -9.281 0.6999999881
42122  32.059  -20.386  -9.688 0.6999999881
41237  31.113  -20.551  -9.984 0.6999999881
107490  33.002  -14.741  -14.002 0.3000000119
45642  32.501  -15.117  -13.734 0.3000000119
45643  31.007  -15.056  -13.272 0.3000000119
23253  31.212  -41.638  4.316 0.4000000060
22480  29.630  -42.237  3.720 0.4000000060
23273  33.816  -41.604  3.031 0.3000000119
23255  29.542  -41.477  3.610 0.4000000060
23296  34.259  -41.140  0.771 0.4000000060
24057  29.050  -40.935  3.350 0.4000000060
24101  34.014  -40.841  0.079 0.4000000060
23306  33.483  -41.425  -0.392 0.4000000060
24113  33.083  -41.164  -1.052 0.4000000060
24135  32.183  -40.370  -2.289 0.5000000000
24138  29.886  -40.721  -2.730 0.4000000060
24941  27.908  -39.913  2.410 0.4000000060
25770  27.207  -38.886  1.591 0.5000000000
25013  27.717  -39.215  -3.388 0.6000000238
25771  26.434  -38.840  1.296 0.5000000000
26625  26.953  -37.895  1.185 0.5000000000
122166  24.999  -38.027  0.442 0.5000000000
25819  27.281  -38.478  -3.405 0.6000000238
26640  25.196  -37.387  0.399 0.5000000000
27470  23.504  -35.787  -0.742 0.4000000060
26672  26.699  -37.802  -3.409 0.6999999881
113553  24.233  -33.686  -0.076 0.5000000000
28277  25.113  -35.549  -3.360 0.6999999881
27491  25.156  -36.618  -3.375 0.8000000119
28278  23.995  -35.490  -3.608 0.6999999881
29798  22.616  -33.535  0.344 0.5000000000
29788  22.971  -33.255  0.739 0.6000000238
115607  34.772  -25.889  1.595 0.6000000238
36633  34.941  -25.103  1.251 0.6000000238
38428  36.107  -23.150  -3.230 0.6000000238
39333  36.342  -22.641  -4.875 0.5000000000
39350  36.368  -22.094  -6.456 0.5000000000
39367  35.353  -22.383  -7.897 0.5000000000
40325  34.170  -21.847  -9.019 0.5000000000
41235  33.429  -21.196  -9.365 0.5000000000
42121  32.890  -20.320  -9.558 0.5000000000
42138  31.689  -19.828  -9.904 0.5000000000
46470  33.158  -14.065  -14.142 0.3000000119
114276  33.527  -36.936  1.386 0.6000000238
108833  34.404  -37.902  0.493 0.6000000238
29782  28.700  -33.537  1.502 0.8000000119
26681  29.353  -37.615  -3.579 0.6999999881
122716  27.708  -36.384  -3.590 0.6999999881
37596  34.114  -24.240  -5.972 0.6999999881
104732  28.369  -22.182  -8.982 0.6999999881
121013  31.102  -19.649  -10.155 0.6000000238
124172  31.812  -14.809  -13.554 0.3000000119
27500  24.105  -36.576  -4.023 0.6999999881
37631  33.053  -24.394  -7.307 0.6999999881
114246  32.595  -40.791  4.053 0.4000000060
24065  33.620  -39.893  2.643 0.4000000060
23290  34.160  -40.892  2.339 0.3000000119
24066  29.236  -40.015  3.191 0.5000000000
24124  31.897  -41.224  -2.011 0.3000000119
24139  29.208  -40.861  -2.857 0.4000000060
24088  27.239  -40.309  2.124 0.5000000000
110989  24.322  -32.795  0.387 0.6000000238
38511  31.568  -23.117  -9.007 0.6999999881
40330  29.329  -22.145  -9.283 0.6999999881
38466  34.264  -23.975  -6.838 0.6999999881
38489  34.107  -23.606  -7.588 0.6999999881
38510  32.921  -23.386  -8.425 0.6999999881
38465  35.521  -23.157  -6.296 0.6000000238
39386  33.950  -22.562  -8.633 0.6000000238
39388  32.469  -22.575  -8.979 0.6999999881
40328  31.194  -21.630  -9.603 0.6999999881
39341  36.407  -22.319  -5.652 0.5000000000
40305  36.160  -21.856  -7.305 0.5000000000
39385  34.633  -22.321  -8.516 0.5000000000
123334  32.760  -21.715  -9.280 0.5000000000
41236  32.500  -21.057  -9.510 0.5000000000
42137  32.360  -19.613  -9.720 0.5000000000
106956  36.597  -22.132  -4.211 0.5000000000
40324  35.022  -21.676  -8.707 0.5000000000
41234  34.478  -21.003  -9.214 0.5000000000
42136  33.219  -19.482  -9.563 0.5000000000
121637  24.688  -36.917  -3.502 0.6000000238
28306  24.422  -35.953  -4.899 0.5000000000
26685  24.381  -37.211  -4.072 0.6000000238
28296  23.807  -35.993  -4.389 0.6000000238
29099  25.919  -34.764  -5.717 0.5000000000
29100  24.719  -35.277  -5.512 0.5000000000
29102  23.476  -35.358  -5.021 0.6000000238
27434  24.367  -36.217  2.446 0.5000000000
29089  22.953  -34.956  -4.604 0.6000000238
29098  27.017  -34.369  -5.781 0.5000000000
103116  27.916  -34.040  -6.133 0.5000000000
25756  24.174  -38.008  2.943 0.4000000060
25743  24.900  -38.351  3.672 0.4000000060
110686  28.001  -33.135  -6.245 0.5000000000
29841  27.267  -33.628  -5.865 0.5000000000
25729  25.332  -38.879  4.536 0.4000000060
116285  28.399  -32.469  -6.516 0.5000000000
24887  25.460  -39.062  5.003 0.4000000060
29736  27.560  -33.706  6.430 0.4000000060
29720  26.575  -33.945  6.569 0.4000000060
28973  25.900  -34.549  6.465 0.4000000060
28989  25.183  -35.068  6.276 0.3000000119
113828  30.431  -27.263  5.850 0.4000000060
33814  29.239  -28.170  6.486 0.4000000060
31247  27.806  -31.393  6.744 0.4000000060
31267  27.625  -32.356  6.725 0.4000000060
34762  29.865  -27.650  6.271 0.4000000060
32069  27.008  -30.528  6.867 0.4000000060
30460  26.810  -33.033  6.740 0.4000000060
31248  26.573  -31.388  6.987 0.4000000060
29721  25.529  -33.858  6.556 0.4000000060
28974  25.068  -34.249  6.405 0.4000000060
32867  28.708  -29.332  6.515 0.4000000060
32866  28.746  -28.651  6.521 0.4000000060
32068  28.097  -30.497  6.638 0.4000000060
35678  31.519  -26.424  5.235 0.4000000060
34763  28.889  -27.422  6.198 0.4000000060
33803  27.996  -28.724  6.526 0.4000000060
116176  27.278  -29.824  6.711 0.4000000060
33804  27.049  -28.992  6.488 0.4000000060
32869  26.421  -29.733  6.660 0.4000000060
109920  25.822  -32.525  6.848 0.4000000060
33805  26.020  -29.057  6.215 0.4000000060
120237  25.018  -31.047  6.509 0.4000000060
30461  25.661  -33.196  6.690 0.4000000060
35691  33.667  -26.023  3.781 0.4000000060
35679  30.432  -26.467  5.343 0.4000000060
34776  29.559  -26.884  5.655 0.4000000060
34764  27.900  -27.443  6.031 0.4000000060
35690  34.074  -25.754  3.098 0.5000000000
36611  33.150  -25.385  3.732 0.4000000060
35692  32.746  -25.721  4.283 0.4000000060
35693  31.769  -25.741  4.555 0.4000000060
34777  28.483  -26.876  5.427 0.4000000060
33816  27.440  -28.135  6.301 0.4000000060
33817  26.515  -28.340  6.034 0.4000000060
32870  25.473  -29.842  6.283 0.4000000060
114171  34.580  -25.082  2.092 0.5000000000
36621  34.163  -25.108  2.773 0.5000000000
116278  32.608  -25.188  3.708 0.4000000060
36613  31.043  -25.302  3.802 0.4000000060
35694  30.765  -25.804  4.595 0.4000000060
123185  29.690  -26.396  5.122 0.4000000060
34765  26.963  -27.651  5.610 0.4000000060
36612  31.958  -25.210  3.850 0.4000000060
36614  30.088  -25.429  3.653 0.4000000060
110351  28.731  -26.069  3.998 0.4000000060
37516  33.528  -24.504  2.777 0.4000000060
37511  32.208  -24.747  3.279 0.4000000060
36622  31.351  -24.791  3.188 0.4000000060
36615  29.177  -25.649  3.405 0.4000000060
38362  33.064  -23.806  2.336 0.4000000060
38378  32.565  -23.352  1.734 0.4000000060
37525  31.221  -24.056  1.957 0.4000000060
37519  30.824  -24.543  2.406 0.4000000060
37526  30.375  -24.316  1.691 0.4000000060
37535  35.112  -24.385  0.856 0.5000000000
38390  34.839  -23.589  1.144 0.5000000000
38377  33.440  -23.357  1.764 0.4000000060
38379  31.650  -23.467  1.581 0.4000000060
38380  30.774  -23.685  1.319 0.4000000060
38381  29.884  -23.947  0.960 0.3000000119
37517  32.629  -24.339  2.779 0.4000000060
37518  31.712  -24.380  2.612 0.4000000060
36623  30.441  -24.955  2.986 0.4000000060
36624  29.578  -25.262  2.721 0.4000000060
38363  32.154  -23.862  2.209 0.4000000060
37520  29.993  -24.842  2.161 0.4000000060
39278  34.941  -22.911  0.762 0.5000000000
39269  33.841  -22.849  1.352 0.5000000000
39270  33.006  -22.802  1.328 0.4000000060
39271  32.106  -22.850  1.226 0.4000000060
39310  35.732  -22.798  -0.944 0.5000000000
103174  34.464  -22.997  1.230 0.5000000000
39281  32.571  -22.314  0.801 0.4000000060
39282  31.674  -22.433  0.631 0.4000000060
38391  31.221  -23.039  0.994 0.3000000119
37536  29.179  -24.343  0.977 0.3000000119
39290  35.360  -22.827  0.037 0.5000000000
39325  36.029  -23.151  -1.841 0.5000000000
40252  34.041  -21.879  0.475 0.3000000119
39280  33.472  -22.342  0.872 0.4000000060
108193  30.846  -22.616  0.421 0.3000000119
38392  30.417  -23.233  0.707 0.3000000119
39284  29.659  -23.270  0.330 0.3000000119
38393  29.074  -23.856  0.478 0.3000000119
40259  35.370  -21.956  -0.280 0.3000000119
39309  36.088  -22.364  -1.615 0.4000000060
39324  36.282  -22.530  -2.446 0.4000000060
40261  33.716  -21.248  -0.025 0.3000000119
40253  33.100  -21.719  0.438 0.3000000119
39293  30.439  -22.229  -0.141 0.3000000119
39283  30.167  -22.769  0.227 0.3000000119
38394  28.309  -23.875  0.068 0.3000000119
37538  27.696  -24.527  0.284 0.3000000119
40260  34.650  -21.498  -0.037 0.3000000119
39294  29.566  -22.565  -0.295 0.3000000119
38405  28.898  -23.266  -0.137 0.3000000119
123169  27.451  -23.420  -0.552 0.3000000119
40271  35.747  -21.729  -1.080 0.3000000119
40291  36.428  -21.605  -2.750 0.3000000119
39329  36.418  -22.347  -3.383 0.4000000060
107069  36.789  -21.865  -5.011 0.4000000060
40301  36.848  -21.604  -5.840 0.4000000060
38407  26.902  -23.672  -0.565 0.3000000119
41163  34.324  -20.873  -0.518 0.3000000119
40272  35.184  -21.146  -0.653 0.3000000119
41190  36.285  -20.748  -2.272 0.3000000119
40298  36.913  -21.283  -4.355 0.3000000119
40297  37.196  -21.057  -5.201 0.3000000119
41211  37.203  -20.810  -6.044 0.4000000060
40312  35.772  -21.394  -8.102 0.4000000060
41233  35.358  -20.804  -8.792 0.4000000060
42119  34.820  -20.036  -9.176 0.4000000060
42120  33.818  -20.232  -9.418 0.4000000060
40270  36.249  -21.595  -1.854 0.3000000119
41224  36.065  -20.516  -8.219 0.4000000060
106694  35.621  -19.989  -8.753 0.4000000060
43080  34.432  -18.529  -9.384 0.4000000060
43081  33.549  -18.649  -9.555 0.4000000060
43082  32.652  -18.761  -9.748 0.4000000060
43083  31.659  -18.966  -10.008 0.5000000000
41208  37.298  -20.227  -5.448 0.3000000119
42100  37.352  -19.118  -6.472 0.3000000119
41223  36.664  -20.119  -7.621 0.3000000119
42112  36.294  -19.697  -8.300 0.4000000060
42117  36.501  -18.897  -8.304 0.4000000060
43069  36.172  -18.304  -8.735 0.4000000060
42134  34.959  -19.192  -9.203 0.4000000060
43079  35.316  -18.426  -9.143 0.3000000119
43938  33.896  -17.840  -9.522 0.4000000060
112518  33.046  -17.949  -9.714 0.3000000119
43940  32.115  -17.907  -10.078 0.3000000119
43939  32.727  -17.348  -9.904 0.3000000119
42094  37.316  -19.440  -5.682 0.3000000119
43051  37.360  -18.158  -6.723 0.3000000119
105793  36.963  -18.663  -7.809 0.3000000119
43068  36.839  -18.149  -8.209 0.3000000119
43936  35.703  -17.606  -9.050 0.3000000119
114205  34.236  -17.021  -9.492 0.3000000119
110619  33.392  -17.198  -9.686 0.3000000119
43044  37.274  -18.629  -5.863 0.3000000119
43060  37.224  -18.098  -7.569 0.3000000119
43927  37.112  -17.426  -7.997 0.3000000119
43928  36.508  -17.504  -8.570 0.3000000119
44743  36.095  -16.796  -8.888 0.3000000119
44750  35.201  -16.870  -9.302 0.3000000119
44751  34.583  -16.144  -9.514 0.3000000119
116757  33.640  -16.381  -9.720 0.3000000119
44752  32.864  -16.665  -9.948 0.3000000119
46442  33.454  -14.521  -10.087 0.3000000119
37515  34.219  -24.528  2.381 0.5000000000
37524  34.617  -24.258  1.708 0.5000000000
27490  25.976  -37.146  -3.411 0.6000000238
26674  24.930  -37.469  -3.440 0.5000000000
26675  24.511  -37.072  -3.755 0.5000000000
27508  24.911  -36.751  -5.003 0.5000000000
26688  24.597  -37.659  -4.203 0.5000000000
29113  27.776  -34.880  -6.047 0.5000000000
27506  26.729  -36.138  -5.686 0.5000000000
28305  25.088  -36.023  -5.353 0.5000000000
30536  25.554  -31.786  0.883 0.6000000238
29786  24.236  -32.375  1.181 0.6000000238
29045  23.936  -33.070  1.505 0.6000000238
28226  23.665  -34.887  1.894 0.5000000000
27435  23.388  -35.959  1.882 0.5000000000
26610  23.715  -37.181  2.369 0.5000000000
25757  23.487  -38.222  2.581 0.5000000000
25744  24.113  -38.794  3.255 0.4000000060
24927  24.739  -39.304  4.062 0.4000000060
24912  25.070  -39.688  4.800 0.4000000060
24888  24.958  -39.789  5.268 0.4000000060
26562  24.702  -37.454  5.793 0.3000000119
28175  24.874  -35.814  5.977 0.3000000119
111917  24.330  -35.176  5.864 0.4000000060
31268  24.110  -31.823  6.128 0.4000000060
29722  24.661  -33.455  6.376 0.4000000060
32071  24.788  -30.429  6.085 0.4000000060
35681  28.186  -26.516  4.468 0.4000000060
32880  25.312  -29.205  5.735 0.4000000060
33819  24.844  -28.849  5.176 0.4000000060
34778  27.475  -27.017  4.918 0.4000000060
34779  26.559  -27.392  4.666 0.4000000060
37527  29.573  -24.588  1.499 0.4000000060
35696  28.465  -25.864  3.239 0.4000000060
36634  29.165  -25.095  1.956 0.4000000060
37537  28.525  -24.417  0.678 0.3000000119
25702  24.513  -38.398  5.763 0.4000000060
105401  23.616  -31.206  5.723 0.4000000060
32083  24.008  -30.448  5.675 0.4000000060
117752  27.529  -26.602  4.038 0.4000000060
35682  26.853  -26.858  4.043 0.4000000060
25701  25.209  -38.885  5.310 0.4000000060
29101  23.878  -34.612  -5.522 0.5000000000
34775  31.247  -27.218  5.702 0.4000000060
40304  36.706  -21.321  -6.670 0.4000000060
42135  34.123  -19.353  -9.415 0.4000000060
27503  24.285  -36.646  -4.411 0.6000000238
28304  25.795  -35.661  -5.635 0.5000000000
28303  26.859  -35.251  -5.737 0.5000000000
32070  25.645  -31.014  6.832 0.4000000060
122599  25.353  -30.533  6.533 0.4000000060
31249  25.543  -31.739  6.802 0.4000000060
30462  24.876  -32.419  6.526 0.4000000060
34766  26.129  -27.986  5.144 0.4000000060
32871  24.570  -29.665  5.589 0.4000000060
37510  32.994  -24.805  3.372 0.4000000060
38389  35.289  -23.658  0.418 0.5000000000
38376  34.216  -23.452  1.623 0.5000000000
39279  34.308  -22.507  0.870 0.4000000060
39291  34.866  -22.208  0.385 0.4000000060
40294  36.602  -21.508  -3.574 0.3000000119
40311  36.414  -20.961  -7.474 0.4000000060
41170  35.707  -20.739  -1.434 0.3000000119
123648  35.291  -19.606  -9.015 0.4000000060
41213  37.295  -19.966  -6.255 0.3000000119
41214  36.966  -20.478  -6.848 0.3000000119
43937  34.795  -17.716  -9.345 0.3000000119
42110  37.247  -18.837  -7.229 0.3000000119
44734  37.179  -16.691  -7.662 0.3000000119
45614  33.822  -15.406  -9.783 0.3000000119
28263  22.965  -34.762  -0.807 0.4000000060
29058  22.397  -34.117  -0.431 0.4000000060
29059  21.418  -34.376  -0.658 0.4000000060
29054  20.887  -34.338  -0.089 0.3000000119
29802  22.787  -33.382  0.072 0.4000000060
28254  21.559  -34.406  0.338 0.3000000119
24140  27.139  -39.804  -3.434 0.5000000000
29047  22.445  -33.900  0.680 0.5000000000
27446  21.947  -36.008  0.940 0.3000000119
25002  26.966  -39.116  -3.405 0.5000000000
25820  26.390  -38.628  -3.396 0.5000000000
29046  23.201  -33.590  1.277 0.5000000000
28241  22.843  -34.747  1.381 0.4000000060
25003  26.172  -39.502  -3.391 0.5000000000
25004  25.298  -39.603  -3.585 0.3000000119
26673  25.703  -38.040  -3.421 0.5000000000
25821  25.468  -38.849  -3.461 0.4000000060
112320  24.996  -38.246  -3.502 0.4000000060
115218  24.680  -39.261  -4.266 0.3000000119
25836  24.936  -38.880  -3.824 0.3000000119
25851  25.007  -39.086  -5.147 0.3000000119
25844  24.775  -38.423  -4.293 0.3000000119
26692  26.352  -37.854  -5.607 0.3000000119
104079  25.345  -38.204  -5.162 0.3000000119
26693  24.939  -37.591  -4.717 0.4000000060
26684  24.682  -37.835  -3.828 0.4000000060
114105  23.625  -40.552  3.905 0.3000000119
27518  27.496  -36.734  -5.834 0.4000000060
110177  26.549  -37.006  -5.620 0.4000000060
112379  25.553  -37.324  -5.375 0.4000000060
24039  24.318  -40.821  4.653 0.3000000119
112556  24.623  -39.277  5.639 0.3000000119
28990  24.239  -34.354  6.035 0.3000000119
110927  23.921  -32.676  6.115 0.3000000119
29737  23.660  -33.522  5.960 0.3000000119
31269  23.317  -32.017  5.775 0.3000000119
30476  23.055  -32.848  5.786 0.3000000119
32899  23.979  -29.123  4.973 0.3000000119
34780  25.768  -27.622  4.347 0.3000000119
33828  25.290  -28.218  4.751 0.3000000119
33829  24.325  -28.395  4.415 0.3000000119
33830  23.433  -28.804  4.367 0.3000000119
32102  22.294  -30.047  4.397 0.3000000119
114560  27.991  -26.244  3.602 0.3000000119
35697  27.189  -26.429  3.232 0.3000000119
34790  26.203  -27.183  3.977 0.3000000119
34781  24.953  -27.769  4.022 0.3000000119
36625  28.631  -25.553  2.511 0.3000000119
35704  27.875  -25.954  2.823 0.3000000119
35698  26.357  -26.853  3.326 0.3000000119
35699  25.872  -26.910  2.793 0.3000000119
34792  24.704  -27.555  3.180 0.3000000119
35706  26.501  -26.478  2.452 0.3000000119
34801  25.217  -27.160  2.594 0.3000000119
36635  28.353  -25.318  1.658 0.3000000119
36626  27.786  -25.742  2.040 0.3000000119
35705  27.274  -26.134  2.414 0.3000000119
35717  26.137  -26.322  1.642 0.3000000119
24149  27.940  -40.071  -3.324 0.5000000000
27507  25.705  -36.495  -5.545 0.4000000060
24020  24.751  -40.558  5.011 0.3000000119
32900  23.317  -29.421  4.719 0.3000000119
26627  22.395  -36.901  1.453 0.3000000119
26611  22.924  -37.623  1.961 0.3000000119
24942  23.294  -39.098  2.861 0.3000000119
24069  27.111  -41.046  2.295 0.4000000060
24089  26.555  -40.755  1.927 0.4000000060
24959  26.664  -39.757  1.617 0.4000000060
107384  24.204  -40.255  -0.246 0.4000000060
24981  23.994  -39.336  -0.673 0.3000000119
24960  25.856  -39.496  1.216 0.4000000060
24971  25.160  -39.194  0.772 0.4000000060
25789  24.811  -38.548  0.344 0.4000000060
23327  31.101  -41.359  -2.207 0.3000000119
25787  26.150  -38.262  0.990 0.4000000060
26659  23.137  -37.601  -1.059 0.3000000119
26649  23.224  -36.673  -0.957 0.3000000119
115058  24.604  -37.876  0.122 0.4000000060
28269  21.208  -35.072  -1.578 0.3000000119
26661  21.773  -36.804  -2.358 0.3000000119
29066  20.035  -34.658  -1.125 0.3000000119
26648  23.867  -36.747  -0.564 0.4000000060
27471  22.734  -35.748  -1.245 0.3000000119
28264  22.124  -34.845  -1.242 0.3000000119
24102  25.091  -40.659  0.977 0.4000000060
113414  24.750  -40.035  0.570 0.4000000060
29061  20.233  -34.590  -0.436 0.3000000119
24067  28.498  -40.397  2.883 0.3000000119
28257  19.432  -35.625  -0.415 0.3000000119
23232  24.375  -41.076  5.469 0.3000000119
24054  31.814  -40.109  4.021 0.4000000060
24068  27.794  -40.891  2.602 0.3000000119
24090  25.800  -40.456  1.451 0.4000000060
24123  32.655  -40.830  -1.709 0.4000000060
24913  24.524  -40.152  4.388 0.3000000119
24925  31.467  -39.297  3.580 0.6000000238
24928  23.057  -39.915  3.140 0.3000000119
24940  28.646  -39.496  2.636 0.5000000000
24956  34.115  -39.388  1.850 0.5000000000
24958  27.413  -39.562  1.936 0.5000000000
24978  34.354  -39.140  -0.448 0.4000000060
24980  24.515  -39.324  0.092 0.4000000060
25022  24.490  -39.819  -4.692 0.3000000119
25699  26.141  -37.948  5.000 0.5000000000
25772  25.798  -38.798  1.034 0.4000000060
25788  25.455  -38.256  0.691 0.4000000060
25796  24.277  -38.559  -0.269 0.4000000060
25816  32.482  -38.728  -2.752 0.6999999881
26560  25.999  -37.686  5.289 0.4000000060
26594  26.128  -37.696  4.482 0.5000000000
26595  25.478  -37.620  3.683 0.5000000000
26609  24.653  -37.412  2.982 0.4000000060
26626  23.045  -36.743  1.793 0.5000000000
26647  24.483  -37.009  -0.064 0.4000000060
26660  22.534  -36.741  -1.559 0.3000000119
26689  24.579  -37.194  -4.450 0.5000000000
27387  27.216  -35.992  5.123 0.6000000238
27390  24.727  -36.581  5.863 0.3000000119
27443  28.732  -36.412  1.480 0.6000000238
27445  22.642  -35.885  1.395 0.3000000119
27456  25.804  -36.576  0.444 0.6000000238
27469  24.258  -35.970  -0.311 0.4000000060
27480  21.924  -35.803  -1.938 0.3000000119
27481  20.926  -35.956  -2.481 0.3000000119
27492  24.353  -36.369  -3.616 0.6000000238
27497  29.615  -36.907  -3.733 0.8000000119
27498  28.332  -36.322  -3.757 0.8000000119
27499  28.035  -36.971  -3.575 0.6999999881
28173  27.265  -35.218  5.914 0.6000000238
28192  27.128  -35.741  4.449 0.5000000000
28225  24.564  -34.971  2.310 0.6000000238
28239  28.466  -34.969  1.160 0.6999999881
28242  22.119  -34.900  0.902 0.3000000119
28243  21.460  -35.157  0.627 0.3000000119
28252  25.529  -35.500  0.246 0.6000000238
28256  19.890  -35.100  -0.083 0.3000000119
28262  23.804  -34.793  -0.429 0.4000000060
28265  19.600  -35.045  -0.804 0.3000000119
28266  19.317  -35.834  -0.997 0.3000000119
28268  34.393  -35.874  -1.638 1.0000000000
28270  20.270  -35.173  -1.773 0.3000000119
28283  31.110  -36.040  -3.916 0.8000000119
28288  23.722  -35.910  -4.005 0.6999999881
28292  32.055  -34.982  -4.122 0.8999999762
28294  30.543  -35.574  -4.225 0.8000000119
28297  23.398  -35.486  -4.415 0.6999999881
28972  26.800  -34.740  6.278 0.4000000060
29016  26.105  -34.135  2.759 0.6000000238
29034  23.940  -34.014  1.853 0.5000000000
29044  28.305  -33.942  1.106 0.6999999881
29053  21.888  -34.069  0.133 0.3000000119
29057  23.218  -33.766  -0.301 0.4000000060
29060  20.697  -34.444  -0.558 0.4000000060
29065  20.628  -34.637  -1.113 0.3000000119
29071  26.278  -34.236  -3.526 0.8999999762
29086  31.459  -34.394  -4.377 0.8999999762
29776  24.596  -32.640  1.774 0.6000000238
29785  24.780  -32.016  1.384 0.6999999881
29787  23.530  -32.844  0.966 0.6000000238
29795  24.912  -32.199  0.637 0.6000000238
29801  23.534  -33.036  0.193 0.5000000000
29803  22.092  -33.930  -0.012 0.4000000060
29813  24.919  -33.849  -3.385 0.8999999762
29814  23.571  -33.098  -3.654 0.8999999762
29845  23.044  -34.489  -5.217 0.6999999881
30475  27.908  -33.177  6.441 0.4000000060
30487  28.625  -32.387  4.372 0.6000000238
30504  26.939  -31.936  2.397 0.6999999881
30527  28.737  -32.697  1.688 0.8999999762
30528  27.181  -31.692  1.362 0.6999999881
30535  26.420  -31.798  0.848 0.8000000119
30537  24.779  -31.953  1.002 0.6000000238
30547  25.285  -32.981  -3.522 0.8999999762
31250  24.742  -31.607  6.436 0.4000000060
31299  27.731  -31.526  2.263 0.8000000119
31341  26.297  -31.716  -3.795 0.8999999762
31344  23.171  -31.553  -3.729 0.8999999762
31355  30.512  -31.452  -3.655 0.8999999762
31360  22.803  -31.963  -4.047 0.8999999762
32117  30.081  -31.016  3.614 0.6999999881
32167  30.940  -30.158  -2.779 1.0000000000
32187  22.793  -31.153  -3.998 0.8999999762
32192  22.758  -30.548  -4.300 0.8999999762
32868  27.937  -29.539  6.605 0.4000000060
32878  29.562  -29.090  6.446 0.4000000060
32881  23.618  -29.831  5.229 0.3000000119
32897  30.936  -29.720  5.019 0.6999999881
32901  22.647  -29.334  4.307 0.3000000119
33011  22.494  -28.965  -3.959 0.8999999762
33032  22.772  -29.146  -4.849 0.6999999881
33815  28.328  -28.004  6.432 0.4000000060
33818  25.686  -28.614  5.503 0.4000000060
33958  23.610  -28.971  -3.669 0.8999999762
33967  30.077  -28.161  -3.527 1.0000000000
33972  25.185  -28.588  -3.800 0.8999999762
33996  23.375  -28.645  -5.464 0.8000000119
33997  22.380  -28.381  -4.634 0.8999999762
34791  25.578  -27.301  3.463 0.3000000119
34876  23.917  -27.606  -4.041 0.8999999762
34877  23.001  -27.267  -4.000 0.8999999762
34890  28.503  -27.393  -4.353 1.0000000000
34902  22.258  -26.791  -5.009 0.8999999762
35680  29.029  -26.408  4.876 0.4000000060
35695  29.693  -25.959  4.469 0.4000000060
35775  22.415  -26.392  -4.652 0.8999999762
35794  22.203  -26.144  -5.072 0.8999999762
35807  22.188  -26.024  -5.100 0.8999999762
35816  23.208  -25.688  -6.408 0.6999999881
35825  23.807  -25.755  -7.027 0.6999999881
36610  33.623  -25.228  3.314 0.5000000000
36711  23.200  -25.324  -5.134 0.8999999762
36731  22.768  -25.411  -5.491 0.8000000119
36742  22.859  -25.371  -5.925 0.8000000119
36743  22.386  -25.672  -5.248 0.8999999762
36751  23.480  -24.877  -7.284 0.8000000119
37528  28.805  -24.799  1.305 0.3000000119
37549  27.112  -24.297  -0.188 0.3000000119
37602  24.100  -24.249  -6.325 0.8999999762
37612  32.703  -24.712  -6.485 0.8000000119
37633  30.747  -24.952  -7.918 0.8000000119
37636  23.546  -24.180  -7.527 0.8000000119
37637  23.139  -24.107  -7.104 0.8000000119
37649  26.791  -24.550  -9.231 0.6000000238
38361  33.898  -23.891  2.214 0.5000000000
38395  27.591  -23.854  -0.268 0.3000000119
38406  28.033  -23.240  -0.502 0.3000000119
38467  33.686  -24.103  -7.268 0.6999999881
38471  24.462  -23.247  -7.294 0.8999999762
38490  33.337  -23.856  -7.831 0.6999999881
38497  23.934  -23.202  -7.689 0.8000000119
38514  24.551  -23.365  -8.563 0.6999999881
39387  33.275  -22.769  -8.678 0.6999999881
39395  24.548  -22.645  -8.545 0.8000000119
39407  25.665  -22.356  -9.707 0.6000000238
40327  32.059  -21.721  -9.403 0.6999999881
40348  25.186  -21.429  -9.185 0.8000000119
41257  25.973  -19.996  -10.057 0.6999999881
42101  37.170  -19.649  -7.038 0.3000000119
42111  36.835  -19.321  -7.724 0.3000000119
42118  35.764  -19.174  -8.836 0.4000000060
42142  26.763  -19.632  -10.008 0.8000000119
43094  26.549  -18.554  -10.991 0.6999999881
43102  26.378  -18.884  -10.981 0.6000000238
44757  32.236  -16.191  -10.287 0.4000000060
46473  30.879  -14.869  -13.176 0.4000000060
102747  29.813  -36.344  -3.925 0.8000000119
103269  31.783  -21.064  -9.635 0.6999999881
103894  25.188  -34.399  0.120 0.6000000238
104421  26.779  -35.689  0.584 0.6000000238
104861  23.936  -39.663  3.580 0.3000000119
106105  36.003  -22.640  -6.181 0.5000000000
106297  27.214  -36.079  -3.510 0.8000000119
106953  28.466  -35.754  1.259 0.6000000238
107530  26.464  -32.224  6.961 0.4000000060
107622  26.084  -35.875  3.319 0.6000000238
107662  24.354  -31.075  6.101 0.4000000060
107734  28.193  -34.308  5.377 0.6000000238
109230  26.921  -35.873  5.658 0.6000000238
110976  22.323  -27.588  -4.657 0.8999999762
111546  29.516  -38.348  2.697 0.6000000238
112139  28.435  -37.963  1.773 0.5000000000
114514  23.965  -37.670  -0.501 0.4000000060
114622  32.235  -41.600  4.343 0.4000000060
114853  21.355  -34.208  -0.187 0.3000000119
115235  28.509  -34.044  -4.368 0.8999999762
115530  25.828  -32.310  -3.673 0.8999999762
115591  25.270  -39.956  1.062 0.4000000060
116958  25.347  -27.051  -6.898 0.6999999881
116978  33.492  -29.651  -1.938 1.0000000000
117789  25.662  -35.826  6.117 0.4000000060
118454  24.564  -40.489  5.544 0.3000000119
118789  28.237  -32.019  1.542 0.8000000119
118846  26.233  -37.050  5.414 0.4000000060
120003  24.611  -27.098  -4.374 0.8999999762
120230  33.634  -39.671  -1.540 0.6000000238
120260  25.443  -21.127  -9.259 0.8000000119
120510  20.373  -34.594  -0.098 0.3000000119
120671  28.838  -31.442  2.385 0.6999999881
121187  32.750  -37.470  2.219 0.6000000238
123380  23.564  -37.211  -0.757 0.3000000119
123591  22.426  -27.566  -4.294 0.8999999762
124017  26.012  -30.452  6.869 0.4000000060
