#!ascii label  , from subject sub-v2s4x29620_ses-1 vox2ras=TkReg
973
50013  -39.229  -20.627  47.170 0.0000000000
45819  -22.169  -24.565  49.980 0.0000000000
140511  -31.351  -23.957  47.668 0.0000000000
72910  -45.728  3.122  32.232 0.0000000000
74927  -51.528  4.861  26.651 0.0000000000
45738  -15.596  -24.757  55.671 0.0000000000
69028  -43.287  -0.453  34.643 0.0000000000
52609  -38.812  -16.466  46.959 0.0000000000
46983  -36.481  -23.687  47.787 0.0000000000
45777  -18.118  -23.938  52.544 0.0000000000
129972  -18.623  -28.023  53.831 0.0000000000
122025  -36.031  -20.678  43.750 0.0000000000
52635  -33.893  -17.168  44.245 0.0000000000
44874  -27.024  -24.896  48.955 0.0000000000
135392  -32.524  -21.255  44.621 0.0000000000
123870  -40.579  -8.586  34.272 0.0000000000
63382  -45.251  -6.565  32.621 0.0000000000
67176  -47.927  -2.005  32.320 0.0000000000
38951  -12.912  -31.758  57.077 0.0000000000
36103  -10.733  -34.184  59.231 0.0000000000
54547  -34.616  -16.354  42.423 0.0000000000
55578  -36.677  -14.560  38.174 0.0000000000
60290  -38.100  -9.836  37.013 0.0000000000
39938  -15.429  -29.967  55.158 0.0000000000
44792  -22.519  -25.684  52.653 0.0000000000
119147  -24.865  -25.588  51.967 0.0000000000
48113  -38.424  -22.410  47.804 0.0000000000
49055  -21.423  -21.183  51.317 0.0000000000
46932  -20.116  -23.793  50.855 0.0000000000
43856  -20.126  -26.288  51.797 0.0000000000
50022  -34.884  -19.634  46.314 0.0000000000
49168  -33.734  -21.318  43.953 0.0000000000
64300  -40.412  -5.730  34.675 0.0000000000
62341  -42.436  -7.690  33.430 0.0000000000
64307  -42.130  -5.108  33.451 0.0000000000
68133  -45.311  -1.967  32.447 0.0000000000
70048  -46.044  0.538  31.500 0.0000000000
68137  -48.967  -0.925  32.314 0.0000000000
70059  -47.483  0.798  30.856 0.0000000000
71040  -49.072  1.636  29.065 0.0000000000
54497  -32.225  -15.863  45.822 0.0000000000
119302  -33.824  -16.536  43.646 0.0000000000
55505  -30.680  -14.848  43.346 0.0000000000
57457  -34.013  -12.863  39.069 0.0000000000
59313  -34.138  -10.421  38.119 0.0000000000
57476  -37.072  -12.344  37.573 0.0000000000
61284  -35.345  -8.444  37.310 0.0000000000
62299  -36.960  -7.284  36.178 0.0000000000
45860  -29.523  -24.141  48.731 0.0000000000
119975  -14.057  -27.936  56.545 0.0000000000
42896  -15.127  -27.345  55.259 0.0000000000
33301  -10.697  -37.944  60.210 0.0000000000
33285  -8.202  -38.268  61.186 0.0000000000
121348  -42.952  -3.395  35.429 0.0000000000
54486  -39.188  -15.030  46.482 0.0000000000
45884  -33.605  -24.401  47.207 0.0000000000
46875  -17.247  -23.737  53.972 0.0000000000
140639  -16.129  -26.312  53.281 0.0000000000
128966  -18.050  -26.381  52.415 0.0000000000
74951  -52.734  5.353  24.972 0.0000000000
138100  -37.883  -20.711  45.177 0.0000000000
50930  -37.709  -19.377  44.581 0.0000000000
50928  -35.827  -19.155  43.655 0.0000000000
48083  -22.816  -22.493  49.358 0.0000000000
45835  -24.196  -24.769  49.091 0.0000000000
128980  -24.327  -23.131  47.896 0.0000000000
46990  -26.959  -22.994  46.716 0.0000000000
46993  -29.480  -22.902  46.325 0.0000000000
49146  -30.470  -20.869  45.976 0.0000000000
140967  -31.829  -23.638  45.600 0.0000000000
124661  -33.961  -23.489  44.912 0.0000000000
143005  -36.116  -22.675  45.343 0.0000000000
125514  -41.591  -10.710  36.466 0.0000000000
66253  -43.457  -3.005  32.944 0.0000000000
65318  -46.839  -4.360  32.291 0.0000000000
129351  -50.442  2.081  28.085 0.0000000000
37070  -11.821  -33.808  57.919 0.0000000000
35164  -12.638  -36.195  59.793 0.0000000000
52628  -37.458  -16.740  44.918 0.0000000000
53520  -37.694  -16.130  44.102 0.0000000000
54529  -38.074  -15.859  43.538 0.0000000000
56478  -32.367  -13.594  40.742 0.0000000000
53587  -35.864  -16.021  39.916 0.0000000000
54567  -39.568  -15.850  41.446 0.0000000000
55563  -39.502  -14.386  39.373 0.0000000000
57467  -40.020  -11.635  38.776 0.0000000000
59314  -40.056  -10.725  38.121 0.0000000000
60319  -38.577  -9.187  35.658 0.0000000000
134309  -38.804  -6.351  35.343 0.0000000000
43860  -27.127  -25.835  51.960 0.0000000000
41999  -12.699  -28.451  57.908 0.0000000000
39922  -14.348  -30.612  55.984 0.0000000000
40975  -16.762  -29.202  54.504 0.0000000000
32300  -7.200  -38.797  60.627 0.0000000000
44814  -22.231  -25.199  51.207 0.0000000000
44793  -23.269  -25.472  52.233 0.0000000000
134166  -23.462  -25.076  50.450 0.0000000000
132952  -38.765  -21.839  47.489 0.0000000000
46941  -21.558  -23.034  50.270 0.0000000000
48060  -20.770  -22.929  50.788 0.0000000000
45818  -21.366  -24.528  50.282 0.0000000000
44813  -21.341  -25.605  51.124 0.0000000000
142190  -41.137  -4.628  35.319 0.0000000000
64301  -41.084  -5.371  34.318 0.0000000000
65299  -41.354  -4.650  34.729 0.0000000000
71927  -45.112  2.749  32.641 0.0000000000
71016  -44.837  1.468  31.969 0.0000000000
71023  -45.608  1.339  31.504 0.0000000000
70049  -46.949  0.555  31.355 0.0000000000
128346  -46.586  2.646  31.096 0.0000000000
72923  -47.046  2.938  30.763 0.0000000000
54507  -31.264  -15.494  44.615 0.0000000000
59301  -33.808  -10.418  38.891 0.0000000000
60286  -34.249  -9.584  37.808 0.0000000000
132594  -34.114  -8.041  38.077 0.0000000000
63324  -34.852  -6.277  37.796 0.0000000000
128185  -30.338  -23.966  48.566 0.0000000000
44861  -30.736  -24.394  49.737 0.0000000000
45838  -31.571  -24.258  49.239 0.0000000000
44746  -14.839  -26.115  55.890 0.0000000000
44747  -15.096  -25.663  55.406 0.0000000000
72967  -51.595  3.262  26.595 0.0000000000
33300  -9.751  -38.220  60.311 0.0000000000
51738  -40.163  -17.640  48.042 0.0000000000
53484  -38.874  -15.728  46.810 0.0000000000
133688  -35.182  -24.394  47.764 0.0000000000
45866  -36.343  -24.196  48.527 0.0000000000
141862  -18.847  -22.466  52.762 0.0000000000
48006  -18.286  -22.552  53.850 0.0000000000
46876  -17.751  -22.931  54.306 0.0000000000
45776  -17.420  -24.218  53.164 0.0000000000
128226  -16.994  -25.046  52.926 0.0000000000
45789  -18.483  -24.948  52.029 0.0000000000
43819  -21.331  -26.719  53.373 0.0000000000
43818  -20.634  -26.962  53.067 0.0000000000
49170  -37.188  -20.795  44.437 0.0000000000
122822  -37.325  -19.933  44.223 0.0000000000
50927  -34.865  -19.160  43.933 0.0000000000
49084  -23.410  -21.496  49.552 0.0000000000
48084  -23.470  -22.258  48.842 0.0000000000
49085  -24.135  -21.179  49.142 0.0000000000
49128  -26.031  -21.530  47.286 0.0000000000
49143  -27.658  -21.316  46.681 0.0000000000
46992  -28.514  -22.922  46.583 0.0000000000
49144  -28.437  -21.336  46.442 0.0000000000
49131  -32.634  -20.972  47.024 0.0000000000
49147  -31.236  -20.794  45.968 0.0000000000
48131  -30.793  -22.284  45.232 0.0000000000
138654  -31.928  -22.756  44.590 0.0000000000
45914  -32.911  -23.874  45.625 0.0000000000
48149  -32.886  -22.405  43.969 0.0000000000
49169  -35.299  -21.313  43.700 0.0000000000
130617  -34.998  -21.974  43.840 0.0000000000
48153  -36.369  -21.551  44.261 0.0000000000
49160  -36.999  -21.607  44.888 0.0000000000
60322  -40.989  -10.122  35.229 0.0000000000
59384  -42.652  -10.140  35.143 0.0000000000
60343  -42.371  -9.699  34.595 0.0000000000
63381  -43.994  -7.167  32.819 0.0000000000
61341  -44.119  -8.481  33.560 0.0000000000
67143  -43.022  -2.384  34.880 0.0000000000
66243  -42.675  -3.215  33.432 0.0000000000
123432  -43.387  -1.948  33.258 0.0000000000
68134  -46.354  -1.663  32.264 0.0000000000
67173  -45.341  -2.939  32.435 0.0000000000
66268  -47.261  -3.670  32.231 0.0000000000
64321  -48.069  -5.042  32.799 0.0000000000
71052  -49.885  1.865  28.561 0.0000000000
72938  -49.722  3.403  28.598 0.0000000000
72939  -50.271  3.695  28.156 0.0000000000
39892  -11.921  -30.361  58.129 0.0000000000
38936  -11.356  -31.963  58.299 0.0000000000
37963  -12.083  -32.585  57.643 0.0000000000
35179  -12.887  -35.092  58.787 0.0000000000
34236  -12.699  -36.849  61.349 0.0000000000
132545  -36.033  -17.691  43.701 0.0000000000
51765  -37.699  -17.700  45.086 0.0000000000
134527  -36.605  -17.135  43.935 0.0000000000
54526  -34.507  -16.442  42.983 0.0000000000
54511  -36.285  -16.475  43.057 0.0000000000
54528  -37.010  -16.210  43.047 0.0000000000
54513  -38.141  -15.743  44.187 0.0000000000
53544  -36.106  -16.425  42.188 0.0000000000
141548  -32.911  -12.419  40.850 0.0000000000
130646  -34.791  -14.007  38.576 0.0000000000
55560  -34.511  -14.563  39.074 0.0000000000
54612  -35.656  -15.225  38.918 0.0000000000
53559  -37.942  -16.229  40.749 0.0000000000
54600  -38.288  -15.390  39.505 0.0000000000
54585  -40.230  -15.332  40.737 0.0000000000
55580  -38.389  -14.263  38.619 0.0000000000
58434  -37.157  -11.234  37.482 0.0000000000
124354  -38.879  -12.436  38.387 0.0000000000
58436  -38.897  -10.856  37.835 0.0000000000
58425  -40.393  -10.996  38.712 0.0000000000
59336  -39.314  -10.590  37.677 0.0000000000
59353  -39.657  -10.199  36.324 0.0000000000
60305  -38.269  -9.521  36.409 0.0000000000
64269  -37.219  -5.625  36.433 0.0000000000
63335  -37.343  -6.496  36.033 0.0000000000
64270  -38.041  -5.313  36.313 0.0000000000
44857  -25.999  -24.973  49.097 0.0000000000
124223  -26.040  -25.613  50.837 0.0000000000
133028  -26.756  -25.282  49.767 0.0000000000
42025  -14.786  -29.283  55.282 0.0000000000
40957  -14.248  -29.461  55.946 0.0000000000
39923  -14.910  -30.429  55.553 0.0000000000
42936  -17.534  -27.521  53.031 0.0000000000
42043  -16.811  -28.159  53.539 0.0000000000
42036  -18.060  -28.501  54.335 0.0000000000
43842  -21.999  -26.090  53.327 0.0000000000
123033  -23.258  -25.586  53.016 0.0000000000
44771  -24.753  -25.764  53.644 0.0000000000
121301  -25.998  -26.020  53.030 0.0000000000
46984  -37.215  -23.280  47.910 0.0000000000
45867  -37.121  -24.033  48.975 0.0000000000
49043  -20.317  -21.034  52.622 0.0000000000
48020  -19.245  -22.465  52.150 0.0000000000
133600  -19.534  -24.279  51.252 0.0000000000
45804  -19.096  -25.137  51.695 0.0000000000
44812  -20.527  -25.731  51.229 0.0000000000
43857  -20.934  -26.200  51.760 0.0000000000
50030  -34.501  -19.848  44.153 0.0000000000
50921  -34.419  -19.256  44.800 0.0000000000
49149  -33.591  -20.756  45.777 0.0000000000
49167  -32.963  -21.665  44.101 0.0000000000
50029  -34.116  -20.134  44.989 0.0000000000
62328  -40.279  -7.641  34.123 0.0000000000
61339  -41.857  -8.189  33.719 0.0000000000
63369  -41.458  -6.648  33.688 0.0000000000
126181  -42.548  -5.979  33.180 0.0000000000
64317  -43.695  -5.546  32.674 0.0000000000
132192  -43.714  -0.832  33.174 0.0000000000
124467  -43.805  0.046  32.937 0.0000000000
69049  -45.568  -1.038  32.277 0.0000000000
68135  -47.274  -1.363  32.279 0.0000000000
129960  -48.754  -1.709  32.475 0.0000000000
69051  -47.478  -0.582  32.121 0.0000000000
70050  -47.731  0.322  31.370 0.0000000000
70060  -48.305  0.399  30.852 0.0000000000
71038  -47.837  1.721  29.843 0.0000000000
71953  -47.964  2.586  29.696 0.0000000000
37988  -13.768  -32.342  56.938 0.0000000000
37973  -13.335  -33.140  57.373 0.0000000000
36139  -13.864  -33.747  58.328 0.0000000000
53498  -32.859  -16.539  45.533 0.0000000000
53517  -34.115  -16.830  43.777 0.0000000000
54509  -33.069  -16.206  44.304 0.0000000000
120293  -32.747  -15.831  43.303 0.0000000000
54546  -33.159  -15.869  42.713 0.0000000000
57438  -33.704  -11.757  40.683 0.0000000000
58410  -33.813  -11.601  40.263 0.0000000000
57463  -34.398  -12.345  38.553 0.0000000000
57464  -35.098  -12.642  37.967 0.0000000000
130144  -36.543  -13.221  37.664 0.0000000000
58422  -35.391  -11.717  37.687 0.0000000000
59332  -35.693  -10.278  37.402 0.0000000000
60288  -36.286  -9.568  37.190 0.0000000000
138422  -37.285  -8.601  36.381 0.0000000000
61285  -36.124  -8.235  36.889 0.0000000000
44875  -27.909  -24.709  48.894 0.0000000000
141340  -28.293  -25.036  49.988 0.0000000000
45836  -29.251  -24.543  49.447 0.0000000000
42895  -14.839  -27.761  55.878 0.0000000000
42034  -15.362  -29.005  54.590 0.0000000000
34250  -10.958  -36.764  59.451 0.0000000000
141733  -10.342  -35.809  59.450 0.0000000000
34244  -10.054  -36.562  59.599 0.0000000000
34243  -9.341  -37.508  60.012 0.0000000000
33299  -8.001  -37.633  60.617 0.0000000000
54501  -39.915  -14.797  45.998 0.0000000000
45862  -33.147  -24.422  47.871 0.0000000000
134468  -33.235  -24.533  48.834 0.0000000000
46857  -17.179  -23.361  54.817 0.0000000000
45753  -16.609  -24.138  54.454 0.0000000000
44754  -15.822  -25.638  53.752 0.0000000000
138113  -16.413  -25.145  53.456 0.0000000000
42943  -17.402  -26.673  52.690 0.0000000000
42937  -18.405  -27.628  53.099 0.0000000000
43839  -19.630  -26.726  52.287 0.0000000000
42945  -19.039  -27.213  52.652 0.0000000000
42929  -19.457  -27.800  54.172 0.0000000000
74940  -51.899  4.882  25.871 0.0000000000
49135  -38.631  -21.295  46.800 0.0000000000
50915  -38.720  -19.732  46.077 0.0000000000
50039  -37.866  -20.145  44.841 0.0000000000
50929  -36.923  -19.226  43.871 0.0000000000
51763  -34.268  -17.757  44.183 0.0000000000
51764  -34.263  -18.617  44.440 0.0000000000
51752  -33.914  -18.179  45.349 0.0000000000
52617  -33.144  -17.135  45.868 0.0000000000
53481  -32.702  -16.205  46.190 0.0000000000
136320  -21.915  -23.885  49.839 0.0000000000
45820  -23.017  -24.687  49.864 0.0000000000
46952  -23.173  -23.859  48.780 0.0000000000
46964  -24.337  -23.852  48.070 0.0000000000
45876  -25.264  -24.016  47.438 0.0000000000
49127  -25.334  -21.583  47.785 0.0000000000
46975  -25.500  -23.312  46.980 0.0000000000
45878  -26.854  -24.225  47.379 0.0000000000
138333  -28.391  -23.795  47.741 0.0000000000
46979  -29.038  -23.507  47.263 0.0000000000
46980  -30.040  -23.544  47.071 0.0000000000
50008  -29.473  -20.600  46.791 0.0000000000
48122  -29.530  -21.829  45.855 0.0000000000
46994  -30.466  -23.319  46.260 0.0000000000
45893  -31.811  -23.972  47.006 0.0000000000
45895  -33.211  -24.146  46.378 0.0000000000
45896  -34.044  -24.215  46.500 0.0000000000
46997  -35.339  -23.664  46.237 0.0000000000
47030  -34.213  -22.884  44.215 0.0000000000
47014  -34.957  -23.229  45.097 0.0000000000
46998  -36.072  -23.248  46.373 0.0000000000
48125  -37.321  -22.324  46.542 0.0000000000
49151  -37.865  -21.658  46.173 0.0000000000
48062  -22.140  -22.130  50.231 0.0000000000
128063  -43.434  -8.631  33.701 0.0000000000
65300  -41.946  -3.628  34.040 0.0000000000
125308  -43.425  -4.684  32.734 0.0000000000
123779  -44.351  -5.009  32.561 0.0000000000
67172  -44.657  -2.479  32.608 0.0000000000
66266  -45.273  -3.838  32.427 0.0000000000
132894  -45.972  -5.228  32.458 0.0000000000
64309  -47.482  -5.761  32.922 0.0000000000
71065  -51.145  1.736  27.734 0.0000000000
72953  -51.155  3.446  27.209 0.0000000000
73985  -51.152  4.340  27.480 0.0000000000
37952  -10.846  -32.496  58.940 0.0000000000
36121  -11.336  -34.280  58.456 0.0000000000
36137  -12.714  -34.505  58.200 0.0000000000
35178  -12.225  -35.112  58.459 0.0000000000
35170  -11.708  -35.558  58.860 0.0000000000
34246  -12.174  -36.967  60.225 0.0000000000
51754  -38.533  -18.907  45.954 0.0000000000
120318  -38.250  -17.952  45.902 0.0000000000
52629  -37.917  -16.921  45.883 0.0000000000
122164  -35.986  -17.175  43.562 0.0000000000
53500  -37.236  -16.586  44.077 0.0000000000
53502  -37.991  -16.121  45.710 0.0000000000
54499  -38.264  -15.574  45.372 0.0000000000
54514  -38.549  -15.410  44.760 0.0000000000
54515  -39.318  -15.168  44.505 0.0000000000
55528  -31.372  -14.356  41.761 0.0000000000
54565  -33.437  -15.711  41.170 0.0000000000
56493  -33.591  -13.792  39.711 0.0000000000
54595  -33.889  -15.163  39.949 0.0000000000
53555  -35.103  -16.381  41.157 0.0000000000
53557  -36.656  -16.434  41.496 0.0000000000
135597  -38.901  -16.011  42.215 0.0000000000
56512  -38.403  -13.405  38.309 0.0000000000
56495  -39.766  -13.366  39.192 0.0000000000
59355  -41.039  -10.703  37.158 0.0000000000
59367  -40.532  -10.456  35.954 0.0000000000
60340  -39.885  -9.137  34.794 0.0000000000
61298  -37.362  -8.008  35.982 0.0000000000
61309  -38.423  -8.330  35.312 0.0000000000
62327  -39.630  -7.354  34.493 0.0000000000
63346  -39.613  -6.149  34.998 0.0000000000
64287  -40.074  -5.122  35.530 0.0000000000
44836  -24.258  -25.304  50.367 0.0000000000
44817  -25.435  -25.585  51.358 0.0000000000
44820  -28.436  -25.534  51.344 0.0000000000
39901  -13.204  -30.288  57.089 0.0000000000
42010  -13.378  -28.128  57.239 0.0000000000
40956  -13.671  -29.657  56.676 0.0000000000
38967  -13.568  -31.820  56.712 0.0000000000
37989  -14.389  -32.075  56.856 0.0000000000
42928  -15.878  -27.324  53.653 0.0000000000
42041  -15.762  -28.464  54.013 0.0000000000
40974  -16.122  -29.414  54.427 0.0000000000
32293  -8.369  -38.779  62.482 0.0000000000
33284  -7.741  -38.049  60.832 0.0000000000
33298  -7.348  -37.526  60.111 0.0000000000
129949  -39.642  -20.075  47.419 0.0000000000
44834  -21.729  -24.968  50.569 0.0000000000
44835  -22.630  -24.884  50.537 0.0000000000
49136  -39.342  -21.338  47.628 0.0000000000
46940  -21.020  -23.844  50.361 0.0000000000
65288  -41.559  -4.370  35.742 0.0000000000
71933  -45.380  2.271  31.787 0.0000000000
71934  -46.210  1.970  31.190 0.0000000000
72916  -46.096  2.848  31.539 0.0000000000
61268  -33.910  -8.933  38.171 0.0000000000
136248  -31.159  -24.017  48.424 0.0000000000
141171  -30.787  -24.136  49.067 0.0000000000
73996  -51.405  3.975  26.775 0.0000000000
72968  -52.143  3.121  26.077 0.0000000000
72980  -51.794  4.042  26.029 0.0000000000
53467  -40.019  -16.522  47.863 0.0000000000
53472  -39.275  -16.081  47.422 0.0000000000
45887  -35.788  -24.139  47.771 0.0000000000
45865  -35.512  -24.459  48.396 0.0000000000
46913  -18.698  -23.209  52.253 0.0000000000
46898  -18.397  -22.939  53.058 0.0000000000
46897  -17.843  -23.372  53.480 0.0000000000
45788  -17.741  -24.919  52.487 0.0000000000
125186  -36.520  -19.961  43.767 0.0000000000
124512  -35.411  -19.851  43.689 0.0000000000
49108  -27.506  -20.628  48.055 0.0000000000
49129  -27.445  -20.744  47.131 0.0000000000
50018  -28.210  -20.727  46.837 0.0000000000
49148  -32.771  -20.819  45.695 0.0000000000
132359  -32.016  -20.825  46.159 0.0000000000
49157  -31.840  -21.182  45.119 0.0000000000
48132  -31.456  -22.038  44.768 0.0000000000
48133  -32.213  -21.997  44.270 0.0000000000
47028  -32.578  -22.973  44.320 0.0000000000
50038  -35.031  -20.428  43.707 0.0000000000
60341  -40.698  -9.454  34.699 0.0000000000
60342  -41.512  -9.629  34.633 0.0000000000
122548  -41.219  -9.070  34.302 0.0000000000
135545  -44.479  -6.684  32.658 0.0000000000
62353  -44.810  -7.270  32.831 0.0000000000
68106  -43.225  -1.382  34.575 0.0000000000
122960  -43.034  -1.989  33.905 0.0000000000
68116  -43.354  -1.411  33.580 0.0000000000
67175  -47.068  -2.251  32.234 0.0000000000
121974  -46.898  -2.995  32.204 0.0000000000
121625  -47.664  -2.900  32.292 0.0000000000
66269  -48.164  -3.739  32.470 0.0000000000
73976  -49.845  4.156  28.822 0.0000000000
39900  -12.713  -30.861  57.427 0.0000000000
38937  -12.110  -31.541  57.741 0.0000000000
134132  -12.588  -32.337  57.289 0.0000000000
123572  -35.329  -17.403  43.661 0.0000000000
142608  -35.121  -16.485  42.800 0.0000000000
54527  -35.726  -16.487  42.874 0.0000000000
54548  -35.551  -16.450  42.604 0.0000000000
54549  -36.455  -16.304  42.797 0.0000000000
133581  -35.416  -14.179  38.297 0.0000000000
55576  -35.169  -14.686  38.712 0.0000000000
54613  -36.408  -15.126  38.739 0.0000000000
133716  -36.825  -15.437  39.174 0.0000000000
54614  -37.189  -15.023  38.692 0.0000000000
55561  -37.986  -14.909  38.852 0.0000000000
55579  -37.610  -14.250  38.235 0.0000000000
59334  -37.713  -10.374  37.330 0.0000000000
58435  -38.178  -11.002  37.586 0.0000000000
59335  -38.576  -10.407  37.393 0.0000000000
60291  -38.949  -10.055  36.990 0.0000000000
40972  -15.164  -29.716  55.116 0.0000000000
40966  -14.585  -30.007  55.543 0.0000000000
39924  -15.506  -30.449  55.576 0.0000000000
42044  -17.770  -28.124  53.589 0.0000000000
51746  -39.478  -18.381  47.360 0.0000000000
44770  -22.784  -25.789  53.564 0.0000000000
121206  -23.985  -25.513  51.714 0.0000000000
44794  -24.153  -25.649  52.740 0.0000000000
43820  -25.641  -25.979  53.640 0.0000000000
44772  -25.296  -25.772  52.792 0.0000000000
48112  -37.627  -22.679  47.427 0.0000000000
46985  -37.971  -22.983  48.199 0.0000000000
49044  -21.210  -20.635  52.116 0.0000000000
49054  -20.493  -21.454  51.766 0.0000000000
48040  -19.960  -22.495  51.416 0.0000000000
46931  -19.307  -23.390  51.545 0.0000000000
45805  -19.441  -24.895  51.392 0.0000000000
45806  -20.111  -24.946  50.947 0.0000000000
44791  -21.822  -25.833  51.892 0.0000000000
142520  -21.919  -25.993  52.610 0.0000000000
122919  -34.441  -19.789  45.201 0.0000000000
50021  -34.650  -20.220  46.111 0.0000000000
63359  -40.138  -6.687  34.331 0.0000000000
62339  -40.858  -7.072  33.825 0.0000000000
63360  -40.908  -6.213  34.032 0.0000000000
141910  -41.569  -5.038  34.000 0.0000000000
64306  -41.695  -5.862  33.694 0.0000000000
133883  -43.210  -5.997  32.817 0.0000000000
64308  -42.874  -5.237  32.914 0.0000000000
70028  -43.715  1.031  33.180 0.0000000000
70039  -45.169  0.586  31.811 0.0000000000
69063  -45.770  -0.217  31.878 0.0000000000
69050  -46.555  -0.803  32.137 0.0000000000
69064  -46.752  -0.086  31.813 0.0000000000
71032  -46.845  1.359  30.946 0.0000000000
70069  -47.931  0.940  30.196 0.0000000000
72918  -47.284  3.735  31.069 0.0000000000
71945  -47.399  2.369  30.231 0.0000000000
54498  -32.714  -16.166  45.124 0.0000000000
53516  -33.222  -16.469  44.515 0.0000000000
54525  -31.247  -15.374  43.738 0.0000000000
138251  -31.884  -15.653  44.165 0.0000000000
122601  -32.024  -15.621  43.443 0.0000000000
54545  -32.315  -15.548  42.642 0.0000000000
124580  -34.157  -11.352  38.563 0.0000000000
58421  -34.667  -11.846  38.072 0.0000000000
58432  -34.631  -11.109  37.888 0.0000000000
60287  -35.190  -9.405  37.390 0.0000000000
131833  -35.965  -8.905  37.136 0.0000000000
63325  -35.626  -6.063  37.160 0.0000000000
45859  -28.716  -24.438  48.828 0.0000000000
44859  -28.453  -24.807  49.513 0.0000000000
44862  -31.450  -24.556  50.255 0.0000000000
140433  -30.635  -24.627  50.407 0.0000000000
43767  -15.030  -26.492  55.277 0.0000000000
43746  -14.783  -26.815  55.925 0.0000000000
140687  -15.119  -27.909  55.247 0.0000000000
42911  -15.359  -28.038  54.595 0.0000000000
33311  -10.644  -37.304  59.663 0.0000000000
32303  -9.192  -38.500  61.004 0.0000000000
125141  -8.809  -38.106  60.469 0.0000000000
127138  -8.424  -37.222  60.268 0.0000000000
54462  -39.582  -15.341  47.162 0.0000000000
54487  -40.023  -14.824  46.789 0.0000000000
55480  -40.714  -14.690  46.975 0.0000000000
45863  -33.926  -24.574  48.068 0.0000000000
45765  -16.142  -24.825  54.147 0.0000000000
45766  -16.768  -24.484  53.674 0.0000000000
44789  -17.495  -25.795  52.544 0.0000000000
42944  -18.208  -27.053  52.596 0.0000000000
44811  -19.685  -25.620  51.522 0.0000000000
43855  -19.457  -26.221  51.928 0.0000000000
42939  -20.072  -27.425  53.587 0.0000000000
42946  -19.845  -27.172  52.830 0.0000000000
42938  -19.249  -27.627  53.288 0.0000000000
49162  -38.205  -20.963  45.863 0.0000000000
50031  -38.340  -20.286  45.555 0.0000000000
51773  -35.209  -18.280  43.830 0.0000000000
51753  -34.452  -18.836  45.861 0.0000000000
52619  -34.379  -18.105  46.541 0.0000000000
52606  -34.175  -17.300  47.155 0.0000000000
132871  -33.676  -17.633  46.130 0.0000000000
52627  -33.509  -17.544  45.094 0.0000000000
53482  -33.106  -16.547  46.506 0.0000000000
46942  -22.241  -22.955  49.773 0.0000000000
46951  -22.680  -23.583  49.263 0.0000000000
48098  -24.165  -22.307  48.319 0.0000000000
48097  -23.711  -23.259  48.372 0.0000000000
45875  -24.868  -24.142  47.879 0.0000000000
46974  -24.825  -23.535  47.557 0.0000000000
48111  -26.311  -22.509  46.796 0.0000000000
48110  -25.543  -22.324  47.136 0.0000000000
46976  -26.417  -23.550  46.812 0.0000000000
45879  -27.697  -24.001  47.618 0.0000000000
46977  -27.268  -23.604  46.950 0.0000000000
50010  -30.660  -20.649  46.669 0.0000000000
49997  -30.689  -20.788  47.591 0.0000000000
50009  -30.047  -20.571  47.147 0.0000000000
50020  -30.059  -20.671  46.514 0.0000000000
49145  -29.694  -20.986  46.172 0.0000000000
48130  -30.267  -21.523  45.621 0.0000000000
47011  -31.437  -23.103  45.190 0.0000000000
47010  -30.814  -23.119  45.632 0.0000000000
46995  -31.323  -23.677  46.034 0.0000000000
45883  -32.715  -24.256  47.117 0.0000000000
45894  -32.292  -23.940  46.112 0.0000000000
47013  -33.120  -23.575  44.886 0.0000000000
45915  -33.625  -23.896  45.680 0.0000000000
46996  -34.453  -23.808  45.837 0.0000000000
45897  -34.744  -24.131  46.600 0.0000000000
48150  -33.545  -22.255  43.843 0.0000000000
48151  -34.342  -22.133  43.773 0.0000000000
48134  -35.709  -22.706  44.891 0.0000000000
47031  -35.019  -22.578  44.255 0.0000000000
47015  -35.805  -23.061  45.627 0.0000000000
48124  -36.490  -22.626  45.944 0.0000000000
49161  -37.606  -21.307  45.316 0.0000000000
48063  -22.806  -21.713  49.891 0.0000000000
49065  -22.809  -21.168  50.496 0.0000000000
143639  -22.468  -22.336  49.811 0.0000000000
121776  -41.793  -10.780  37.304 0.0000000000
142843  -43.227  -10.039  35.154 0.0000000000
59370  -43.115  -10.384  35.726 0.0000000000
61340  -42.701  -8.466  33.667 0.0000000000
65290  -42.383  -3.816  35.219 0.0000000000
66244  -42.417  -3.208  34.402 0.0000000000
65307  -43.470  -3.812  32.804 0.0000000000
140735  -43.920  -4.406  32.641 0.0000000000
65316  -44.433  -4.161  32.558 0.0000000000
69048  -44.551  -1.180  32.644 0.0000000000
68117  -43.841  -1.593  32.946 0.0000000000
68132  -44.445  -1.910  32.697 0.0000000000
66267  -46.261  -3.551  32.277 0.0000000000
135208  -46.025  -4.442  32.368 0.0000000000
65317  -45.221  -4.711  32.443 0.0000000000
143752  -46.561  -4.947  32.432 0.0000000000
63384  -46.703  -5.608  32.627 0.0000000000
64320  -47.232  -5.039  32.542 0.0000000000
65308  -48.850  -5.310  33.192 0.0000000000
70070  -49.150  0.679  29.557 0.0000000000
71053  -50.549  1.312  28.446 0.0000000000
71966  -50.687  2.838  27.661 0.0000000000
73984  -50.725  4.242  27.999 0.0000000000
37962  -11.540  -32.967  58.067 0.0000000000
129747  -11.262  -33.428  58.461 0.0000000000
36155  -13.266  -33.881  57.901 0.0000000000
37071  -12.603  -33.795  57.730 0.0000000000
36138  -13.383  -34.427  58.562 0.0000000000
35172  -13.098  -35.551  59.534 0.0000000000
35171  -12.373  -35.675  59.084 0.0000000000
35177  -11.699  -34.977  58.418 0.0000000000
34251  -11.738  -36.403  59.401 0.0000000000
33287  -11.990  -37.457  60.970 0.0000000000
50922  -38.269  -19.563  45.316 0.0000000000
51766  -38.052  -18.703  45.153 0.0000000000
53518  -35.533  -16.850  43.313 0.0000000000
54512  -37.200  -16.320  43.498 0.0000000000
53519  -36.791  -16.568  43.534 0.0000000000
53501  -37.882  -16.100  44.889 0.0000000000
54485  -38.492  -15.534  46.136 0.0000000000
135416  -38.135  -15.761  44.722 0.0000000000
119840  -38.683  -15.506  44.000 0.0000000000
56466  -31.668  -13.514  41.359 0.0000000000
56465  -31.088  -13.641  41.956 0.0000000000
55529  -32.041  -14.426  41.168 0.0000000000
55515  -31.898  -15.097  41.869 0.0000000000
54564  -32.654  -15.165  41.162 0.0000000000
57450  -33.666  -12.406  39.869 0.0000000000
57449  -33.347  -13.028  39.976 0.0000000000
57456  -33.721  -13.203  39.487 0.0000000000
54611  -34.899  -15.328  39.262 0.0000000000
132501  -34.322  -15.026  39.508 0.0000000000
53586  -34.940  -15.998  39.897 0.0000000000
54580  -34.084  -15.854  40.391 0.0000000000
53572  -35.452  -16.303  40.576 0.0000000000
53556  -35.806  -16.469  41.336 0.0000000000
53573  -36.305  -16.351  40.631 0.0000000000
119175  -38.578  -16.153  41.332 0.0000000000
54552  -39.655  -15.842  42.433 0.0000000000
55545  -39.886  -14.897  40.007 0.0000000000
56511  -37.454  -13.294  37.818 0.0000000000
57465  -38.079  -12.472  37.895 0.0000000000
125928  -39.338  -11.776  38.479 0.0000000000
57466  -39.612  -12.459  38.778 0.0000000000
59315  -40.773  -10.729  38.515 0.0000000000
59338  -41.210  -10.643  38.029 0.0000000000
59337  -40.514  -10.626  37.770 0.0000000000
60306  -38.894  -9.778  36.157 0.0000000000
60320  -39.325  -9.559  35.491 0.0000000000
60321  -40.163  -9.887  35.389 0.0000000000
61297  -36.811  -8.076  36.483 0.0000000000
63345  -38.058  -6.498  35.641 0.0000000000
62312  -38.397  -7.298  35.264 0.0000000000
61323  -38.976  -7.832  34.747 0.0000000000
62313  -39.122  -6.954  34.820 0.0000000000
143574  -39.616  -6.773  34.634 0.0000000000
64272  -39.555  -4.706  36.250 0.0000000000
44854  -23.798  -24.997  49.735 0.0000000000
44855  -24.631  -25.148  49.696 0.0000000000
43859  -26.246  -25.750  51.789 0.0000000000
43844  -26.628  -26.029  52.715 0.0000000000
134405  -28.827  -25.291  50.837 0.0000000000
44840  -28.155  -25.343  50.520 0.0000000000
44863  -32.853  -24.614  49.791 0.0000000000
39893  -12.496  -29.906  57.772 0.0000000000
42009  -12.998  -29.402  57.497 0.0000000000
42882  -13.529  -27.317  57.300 0.0000000000
40965  -14.113  -30.080  56.076 0.0000000000
39910  -13.754  -30.569  56.368 0.0000000000
38988  -13.928  -31.218  56.302 0.0000000000
38968  -14.094  -31.673  56.472 0.0000000000
43795  -15.731  -26.557  53.698 0.0000000000
40982  -16.457  -28.863  54.042 0.0000000000
42935  -16.143  -27.956  53.619 0.0000000000
40981  -15.873  -29.042  54.119 0.0000000000
74941  -52.281  5.312  25.536 0.0000000000
31277  -7.430  -39.252  61.293 0.0000000000
32301  -7.606  -38.638  61.219 0.0000000000
32311  -7.362  -38.223  60.564 0.0000000000
122223  -22.643  -25.405  51.847 0.0000000000
44815  -23.162  -25.157  51.307 0.0000000000
137326  -23.892  -25.358  50.965 0.0000000000
48061  -21.412  -22.141  50.748 0.0000000000
48041  -20.752  -22.017  51.173 0.0000000000
45817  -20.689  -24.524  50.542 0.0000000000
44833  -20.932  -25.178  50.636 0.0000000000
50012  -36.126  -20.003  47.259 0.0000000000
64288  -40.802  -4.979  35.043 0.0000000000
140440  -41.691  -4.336  33.924 0.0000000000
71015  -44.250  1.648  32.718 0.0000000000
71926  -44.742  2.137  32.363 0.0000000000
71024  -46.311  1.159  31.225 0.0000000000
71944  -46.918  2.129  30.766 0.0000000000
71033  -47.366  1.535  30.449 0.0000000000
54496  -31.475  -15.497  45.500 0.0000000000
54495  -30.676  -15.236  45.142 0.0000000000
55504  -30.353  -14.577  43.901 0.0000000000
60274  -33.886  -9.664  38.412 0.0000000000
61283  -34.467  -8.694  37.678 0.0000000000
131978  -34.781  -7.790  37.558 0.0000000000
62288  -34.435  -7.093  37.937 0.0000000000
45837  -30.084  -24.293  49.284 0.0000000000
71988  -51.957  2.487  26.554 0.0000000000
32304  -10.160  -38.473  60.962 0.0000000000
32302  -8.562  -38.618  61.863 0.0000000000
45885  -34.519  -24.414  47.346 0.0000000000
45864  -34.748  -24.572  48.250 0.0000000000
45842  -35.884  -24.601  49.123 0.0000000000
44867  -36.186  -24.780  49.752 0.0000000000
48021  -19.443  -21.685  52.977 0.0000000000
48007  -18.798  -22.132  53.466 0.0000000000
129864  -18.703  -21.893  54.125 0.0000000000
44790  -18.268  -25.746  52.206 0.0000000000
43840  -20.414  -26.677  52.357 0.0000000000
125001  -20.878  -27.070  53.946 0.0000000000
132710  -23.133  -23.122  48.876 0.0000000000
49107  -25.918  -20.868  48.166 0.0000000000
121450  -26.676  -20.815  47.652 0.0000000000
136406  -26.831  -21.437  46.890 0.0000000000
49142  -27.221  -22.215  46.658 0.0000000000
46991  -27.671  -22.964  46.644 0.0000000000
48120  -28.025  -22.157  46.429 0.0000000000
48121  -28.804  -22.103  46.176 0.0000000000
49156  -31.013  -21.325  45.372 0.0000000000
47012  -32.280  -23.517  45.126 0.0000000000
47029  -33.374  -23.047  44.196 0.0000000000
128687  -34.517  -21.467  43.736 0.0000000000
48152  -35.700  -22.148  44.269 0.0000000000
48135  -36.407  -22.232  44.995 0.0000000000
59368  -41.312  -10.527  35.787 0.0000000000
59369  -42.153  -10.512  35.757 0.0000000000
59383  -41.814  -10.195  35.139 0.0000000000
60344  -43.165  -9.767  34.724 0.0000000000
62342  -43.377  -7.833  33.250 0.0000000000
62343  -44.390  -7.846  33.153 0.0000000000
142555  -42.706  -2.899  34.646 0.0000000000
67152  -42.636  -2.599  34.052 0.0000000000
67159  -43.149  -2.501  33.374 0.0000000000
67174  -46.209  -2.565  32.285 0.0000000000
65319  -47.637  -4.389  32.449 0.0000000000
65320  -48.750  -4.423  32.870 0.0000000000
71954  -48.677  2.661  29.225 0.0000000000
71955  -49.391  2.655  28.731 0.0000000000
71965  -50.071  2.750  28.288 0.0000000000
37082  -12.163  -33.315  57.643 0.0000000000
34247  -12.900  -36.414  60.588 0.0000000000
51775  -37.386  -18.498  44.360 0.0000000000
52637  -36.993  -17.589  44.202 0.0000000000
54510  -35.042  -16.714  43.195 0.0000000000
133277  -37.666  -16.070  43.628 0.0000000000
122895  -37.330  -16.059  43.083 0.0000000000
56494  -34.129  -13.747  39.095 0.0000000000
54597  -35.500  -15.675  39.424 0.0000000000
54581  -36.807  -15.918  39.843 0.0000000000
54582  -37.724  -15.923  40.025 0.0000000000
54583  -38.536  -15.846  40.258 0.0000000000
54584  -39.374  -15.668  40.519 0.0000000000
54601  -39.104  -15.205  39.718 0.0000000000
57477  -37.848  -11.730  37.648 0.0000000000
58423  -38.683  -11.550  38.068 0.0000000000
58424  -39.538  -11.067  38.268 0.0000000000
124123  -39.768  -10.484  37.356 0.0000000000
63334  -36.472  -6.455  36.523 0.0000000000
64284  -37.805  -5.917  35.995 0.0000000000
64285  -38.449  -5.773  35.836 0.0000000000
64286  -39.216  -5.532  35.700 0.0000000000
44873  -25.030  -24.898  49.018 0.0000000000
44856  -25.355  -25.205  49.642 0.0000000000
133354  -25.976  -25.400  50.015 0.0000000000
44818  -26.807  -25.687  51.117 0.0000000000
124949  -14.452  -28.635  55.868 0.0000000000
38989  -14.503  -31.068  56.099 0.0000000000
38990  -14.984  -30.969  55.878 0.0000000000
135135  -16.517  -27.111  53.178 0.0000000000
42035  -17.236  -28.679  54.074 0.0000000000
52610  -39.254  -17.210  47.331 0.0000000000
43797  -22.392  -26.122  54.224 0.0000000000
44755  -23.032  -25.864  54.255 0.0000000000
44756  -23.595  -25.899  54.707 0.0000000000
129213  -23.700  -25.711  53.784 0.0000000000
137006  -36.932  -23.737  48.372 0.0000000000
125599  -19.784  -21.761  52.145 0.0000000000
45790  -18.865  -24.249  51.740 0.0000000000
43841  -21.301  -26.450  52.554 0.0000000000
49158  -33.121  -20.923  44.624 0.0000000000
49159  -33.653  -20.480  44.773 0.0000000000
50037  -34.291  -20.636  43.904 0.0000000000
61325  -41.340  -8.563  34.001 0.0000000000
61338  -41.049  -7.908  33.828 0.0000000000
62340  -41.649  -7.381  33.625 0.0000000000
63370  -42.240  -6.808  33.374 0.0000000000
144092  -42.786  -7.317  33.188 0.0000000000
63371  -43.123  -6.817  32.921 0.0000000000
63380  -43.830  -6.374  32.696 0.0000000000
64318  -44.476  -5.970  32.554 0.0000000000
133300  -43.293  -0.852  33.931 0.0000000000
69038  -43.331  -0.206  33.774 0.0000000000
142243  -44.194  -0.584  32.743 0.0000000000
70038  -44.371  0.750  32.429 0.0000000000
122696  -44.751  -0.273  32.328 0.0000000000
68136  -48.142  -1.110  32.302 0.0000000000
69052  -48.341  -0.460  32.068 0.0000000000
69065  -47.628  -0.022  31.820 0.0000000000
69053  -49.151  -0.397  32.035 0.0000000000
139603  -48.571  0.586  30.054 0.0000000000
71039  -48.429  1.169  29.605 0.0000000000
127939  -48.343  1.933  29.411 0.0000000000
72931  -48.352  3.432  29.696 0.0000000000
37987  -13.176  -32.471  57.076 0.0000000000
37083  -13.801  -33.362  57.739 0.0000000000
53499  -33.335  -16.848  44.804 0.0000000000
52636  -34.735  -17.211  43.699 0.0000000000
54508  -32.219  -15.784  44.872 0.0000000000
119556  -32.648  -15.896  44.093 0.0000000000
130417  -33.422  -16.187  43.452 0.0000000000
139435  -33.894  -16.214  42.786 0.0000000000
122448  -33.693  -15.986  42.059 0.0000000000
58415  -33.947  -12.034  39.286 0.0000000000
120508  -33.839  -11.159  39.589 0.0000000000
56508  -34.573  -13.203  38.531 0.0000000000
56509  -35.260  -13.541  38.126 0.0000000000
56510  -36.051  -13.966  37.861 0.0000000000
56525  -36.876  -13.925  37.791 0.0000000000
56524  -35.775  -13.194  37.765 0.0000000000
57475  -36.017  -12.509  37.601 0.0000000000
58433  -36.343  -11.789  37.529 0.0000000000
130232  -35.273  -10.906  37.617 0.0000000000
126615  -36.092  -11.056  37.498 0.0000000000
59333  -36.729  -10.345  37.342 0.0000000000
60289  -37.251  -9.670  37.088 0.0000000000
60304  -37.586  -9.235  36.618 0.0000000000
60303  -36.786  -8.891  36.828 0.0000000000
62298  -36.275  -7.421  36.650 0.0000000000
62290  -35.568  -7.620  37.124 0.0000000000
62297  -35.772  -6.885  36.914 0.0000000000
64268  -36.420  -5.570  36.849 0.0000000000
64258  -36.972  -4.904  37.066 0.0000000000
45858  -27.356  -24.570  48.143 0.0000000000
44858  -27.696  -25.105  49.717 0.0000000000
127909  -28.887  -24.915  50.193 0.0000000000
44841  -29.455  -25.036  50.798 0.0000000000
44860  -29.878  -24.637  50.122 0.0000000000
43745  -14.215  -27.053  56.550 0.0000000000
43727  -14.532  -26.166  56.660 0.0000000000
42026  -14.989  -28.485  55.190 0.0000000000
124255  -18.820  -28.144  54.855 0.0000000000
35169  -10.940  -35.957  59.245 0.0000000000
36102  -10.381  -35.006  59.301 0.0000000000
33310  -10.104  -37.661  59.827 0.0000000000
35162  -8.889  -36.429  60.043 0.0000000000
35161  -8.161  -36.345  60.141 0.0000000000
68100  -43.538  -1.805  35.428 0.0000000000
69020  -43.661  -0.863  35.486 0.0000000000
144019  -40.704  -14.820  45.646 0.0000000000
45861  -32.188  -24.249  48.161 0.0000000000
125282  -17.161  -22.915  55.691 0.0000000000
45752  -16.403  -23.843  55.400 0.0000000000
141865  -16.047  -24.572  54.872 0.0000000000
131547  -15.542  -25.197  54.720 0.0000000000
44769  -16.598  -25.953  52.949 0.0000000000
43854  -18.981  -25.741  51.904 0.0000000000
43838  -18.810  -26.493  52.234 0.0000000000
50023  -38.736  -20.479  46.361 0.0000000000
51774  -36.381  -18.397  43.754 0.0000000000
54484  -33.133  -15.987  47.014 0.0000000000
45833  -22.621  -24.229  49.461 0.0000000000
45834  -23.330  -24.467  49.176 0.0000000000
45854  -23.861  -24.218  48.590 0.0000000000
45855  -24.619  -24.452  48.462 0.0000000000
45856  -25.434  -24.545  48.141 0.0000000000
45857  -26.425  -24.720  48.065 0.0000000000
49086  -25.017  -20.706  49.177 0.0000000000
49106  -24.761  -21.508  48.406 0.0000000000
48099  -24.838  -22.555  47.574 0.0000000000
45877  -25.922  -24.208  47.249 0.0000000000
132507  -28.175  -24.247  48.248 0.0000000000
45880  -28.945  -23.937  48.166 0.0000000000
46978  -28.088  -23.463  47.137 0.0000000000
45881  -29.767  -23.755  47.968 0.0000000000
45882  -30.612  -23.802  47.792 0.0000000000
50007  -28.798  -20.490  47.068 0.0000000000
50019  -28.951  -20.820  46.603 0.0000000000
130527  -29.079  -21.355  46.215 0.0000000000
48123  -30.177  -22.575  45.707 0.0000000000
46981  -30.939  -23.714  46.956 0.0000000000
45886  -35.267  -24.144  47.118 0.0000000000
46982  -35.941  -23.680  47.059 0.0000000000
46999  -36.726  -23.066  47.020 0.0000000000
48136  -37.126  -21.951  45.630 0.0000000000
48126  -38.117  -22.045  47.033 0.0000000000
143104  -21.855  -20.553  51.753 0.0000000000
49064  -22.056  -21.451  50.779 0.0000000000
61326  -42.001  -9.027  34.054 0.0000000000
60352  -43.044  -9.203  34.115 0.0000000000
143430  -43.681  -9.472  34.458 0.0000000000
65289  -41.857  -4.161  34.932 0.0000000000
65306  -42.482  -4.216  33.196 0.0000000000
67160  -43.847  -2.364  32.855 0.0000000000
66254  -44.342  -3.222  32.645 0.0000000000
64319  -45.224  -5.596  32.470 0.0000000000
63373  -46.841  -6.499  32.996 0.0000000000
71066  -51.893  1.735  27.060 0.0000000000
71978  -51.393  2.564  27.117 0.0000000000
74913  -51.400  5.273  27.670 0.0000000000
37061  -10.822  -33.414  59.157 0.0000000000
36120  -11.154  -35.076  58.830 0.0000000000
37972  -12.673  -33.044  57.334 0.0000000000
36136  -12.073  -34.506  58.058 0.0000000000
34245  -11.314  -37.239  59.780 0.0000000000
33302  -11.537  -37.608  60.408 0.0000000000
33286  -11.236  -38.044  61.199 0.0000000000
50024  -39.171  -19.898  46.834 0.0000000000
124781  -38.522  -17.166  46.573 0.0000000000
53483  -38.298  -16.267  46.438 0.0000000000
54500  -39.026  -15.050  45.515 0.0000000000
54516  -40.149  -14.955  45.007 0.0000000000
55513  -30.283  -14.101  43.232 0.0000000000
56457  -30.720  -13.337  42.614 0.0000000000
55514  -30.788  -14.398  42.459 0.0000000000
143578  -31.300  -14.796  42.173 0.0000000000
119327  -32.829  -15.532  41.899 0.0000000000
57448  -32.854  -12.892  40.520 0.0000000000
56479  -33.042  -13.717  40.239 0.0000000000
55559  -33.972  -14.466  39.568 0.0000000000
55544  -33.412  -14.508  40.083 0.0000000000
55543  -32.756  -14.499  40.605 0.0000000000
54579  -33.325  -15.242  40.529 0.0000000000
54566  -34.359  -16.217  41.366 0.0000000000
53543  -35.235  -16.406  41.904 0.0000000000
53545  -36.970  -16.227  42.410 0.0000000000
54550  -37.961  -16.043  42.582 0.0000000000
53574  -37.180  -16.313  40.696 0.0000000000
53558  -37.546  -16.304  41.567 0.0000000000
54551  -38.752  -15.748  43.135 0.0000000000
54530  -39.646  -15.529  43.531 0.0000000000
119222  -40.905  -15.167  44.238 0.0000000000
54568  -40.449  -15.584  41.615 0.0000000000
56513  -39.052  -13.914  38.801 0.0000000000
132706  -39.177  -13.133  38.653 0.0000000000
126054  -40.937  -10.655  36.417 0.0000000000
59354  -40.361  -10.545  36.869 0.0000000000
61299  -37.852  -8.741  35.935 0.0000000000
62311  -37.638  -7.254  35.713 0.0000000000
61308  -37.899  -7.945  35.584 0.0000000000
61310  -39.094  -8.756  34.995 0.0000000000
61324  -39.709  -8.236  34.502 0.0000000000
65287  -40.825  -4.534  35.757 0.0000000000
44816  -24.617  -25.454  51.118 0.0000000000
44837  -25.186  -25.416  50.416 0.0000000000
43858  -25.577  -25.703  52.070 0.0000000000
43843  -25.967  -25.856  52.473 0.0000000000
44839  -27.270  -25.488  50.457 0.0000000000
44819  -27.628  -25.636  51.236 0.0000000000
44795  -28.837  -25.670  52.076 0.0000000000
43861  -27.987  -25.775  52.049 0.0000000000
43845  -27.542  -26.128  52.833 0.0000000000
45839  -32.411  -24.404  49.164 0.0000000000
138537  -32.137  -24.463  49.792 0.0000000000
142777  -13.407  -28.903  57.203 0.0000000000
42016  -13.937  -28.816  56.613 0.0000000000
38952  -13.341  -31.160  56.717 0.0000000000
38969  -14.709  -31.460  56.357 0.0000000000
43768  -15.263  -26.055  54.508 0.0000000000
43794  -15.455  -27.082  54.431 0.0000000000
42927  -15.689  -27.800  53.942 0.0000000000
40973  -15.667  -29.507  54.697 0.0000000000
42028  -18.224  -28.687  55.174 0.0000000000
42027  -17.543  -29.020  54.826 0.0000000000
40967  -16.410  -29.672  54.963 0.0000000000
39939  -15.862  -29.878  54.969 0.0000000000
120924  -7.970  -38.577  61.666 0.0000000000
32292  -7.807  -39.005  62.105 0.0000000000
132288  -7.680  -37.329  60.283 0.0000000000
31287  -6.835  -38.987  60.093 0.0000000000
140598  -6.867  -38.074  59.963 0.0000000000
42042  -16.190  -28.543  53.849 0.0000000000
44838  -26.566  -25.525  50.445 0.0000000000
52618  -33.469  -17.091  46.624 0.0000000000
53571  -34.757  -16.205  40.633 0.0000000000
54506  -30.660  -15.127  44.246 0.0000000000
54544  -31.357  -15.190  42.750 0.0000000000
54596  -34.407  -15.542  39.765 0.0000000000
54598  -36.184  -15.598  39.305 0.0000000000
54599  -37.484  -15.456  39.333 0.0000000000
55562  -38.740  -14.697  39.120 0.0000000000
55577  -35.887  -14.657  38.401 0.0000000000
59331  -34.753  -10.308  37.637 0.0000000000
62289  -35.111  -6.934  37.383 0.0000000000
70027  -43.414  0.501  33.669 0.0000000000
72952  -50.782  3.730  27.672 0.0000000000
142744  -32.715  -16.035  44.639 0.0000000000
143644  -22.868  -24.099  49.055 0.0000000000
144153  -48.164  -4.405  32.635 0.0000000000
