#!ascii label  , from subject sub-v2s4x29620_ses-1 vox2ras=TkReg
844
87492  41.197  13.303  29.967 0.0000000000
84287  46.578  9.639  23.176 0.0000000000
119317  49.606  15.428  21.750 0.0000000000
81219  45.214  5.667  16.942 0.0000000000
82702  41.080  7.675  26.735 0.0000000000
89312  55.154  14.552  27.637 0.0000000000
84325  49.443  10.233  16.683 0.0000000000
89424  38.322  15.477  20.253 0.0000000000
87521  49.315  13.509  27.242 0.0000000000
85863  44.493  11.677  27.055 0.0000000000
80279  44.615  4.925  24.042 0.0000000000
90203  44.538  15.928  25.666 0.0000000000
89449  44.033  16.363  18.920 0.0000000000
86728  51.137  13.135  21.340 0.0000000000
87631  47.424  13.683  16.069 0.0000000000
90208  39.537  16.486  24.712 0.0000000000
88479  45.157  14.114  28.910 0.0000000000
86661  42.694  12.596  28.394 0.0000000000
81118  42.934  5.955  26.142 0.0000000000
123747  49.410  15.838  26.201 0.0000000000
90175  47.035  16.525  27.018 0.0000000000
89393  47.275  15.361  23.838 0.0000000000
89422  44.292  16.395  20.972 0.0000000000
120700  46.575  16.299  20.058 0.0000000000
85885  48.273  12.082  24.784 0.0000000000
87560  51.363  13.331  24.226 0.0000000000
130210  48.708  11.523  22.128 0.0000000000
82776  48.250  8.440  16.195 0.0000000000
85944  49.215  11.774  15.903 0.0000000000
84345  45.727  9.329  16.198 0.0000000000
85946  44.978  11.088  17.445 0.0000000000
82770  43.896  7.225  17.499 0.0000000000
140765  42.636  3.979  20.327 0.0000000000
85048  37.983  11.272  29.595 0.0000000000
85067  40.285  10.718  27.927 0.0000000000
136237  53.107  15.458  24.681 0.0000000000
82736  45.520  7.452  21.293 0.0000000000
84310  46.327  9.713  19.996 0.0000000000
82748  48.273  7.998  18.465 0.0000000000
82018  50.980  8.657  16.310 0.0000000000
88452  50.508  13.988  30.674 0.0000000000
88466  48.237  14.186  29.639 0.0000000000
86668  47.286  13.159  27.116 0.0000000000
130677  45.937  10.046  25.610 0.0000000000
85078  42.307  9.935  26.827 0.0000000000
83463  44.583  8.157  25.360 0.0000000000
82715  45.024  7.830  23.756 0.0000000000
81157  45.992  5.186  22.177 0.0000000000
85839  35.603  11.555  31.475 0.0000000000
91691  44.805  18.178  28.886 0.0000000000
90192  42.278  16.544  26.464 0.0000000000
90231  41.152  16.375  22.407 0.0000000000
89451  41.177  16.260  18.654 0.0000000000
86723  43.059  13.073  21.981 0.0000000000
87517  52.831  13.453  27.639 0.0000000000
87568  54.717  14.115  23.738 0.0000000000
89430  53.074  15.456  20.779 0.0000000000
86736  47.894  12.449  18.863 0.0000000000
87618  49.912  14.902  17.881 0.0000000000
90270  49.287  17.215  17.464 0.0000000000
88559  45.934  15.685  17.912 0.0000000000
86733  44.281  12.232  20.603 0.0000000000
90209  38.864  16.781  25.186 0.0000000000
91018  39.761  17.000  26.569 0.0000000000
87491  42.615  13.798  29.633 0.0000000000
138012  41.506  12.813  29.242 0.0000000000
89372  49.837  15.549  24.427 0.0000000000
120782  48.317  15.753  25.221 0.0000000000
119321  48.829  15.288  22.756 0.0000000000
89405  46.601  15.369  22.297 0.0000000000
122046  48.120  15.629  20.782 0.0000000000
85101  47.568  10.780  24.165 0.0000000000
85903  48.767  11.633  23.416 0.0000000000
85110  47.694  10.643  22.959 0.0000000000
128305  46.028  7.011  16.633 0.0000000000
84344  46.915  9.463  15.874 0.0000000000
132822  45.471  7.979  16.458 0.0000000000
83519  44.531  8.534  16.982 0.0000000000
82023  44.022  6.495  17.025 0.0000000000
80339  43.460  4.770  18.253 0.0000000000
80346  44.230  4.339  17.462 0.0000000000
123551  38.619  10.108  28.547 0.0000000000
120798  52.534  15.498  26.571 0.0000000000
89339  54.922  15.085  26.064 0.0000000000
81187  46.941  5.916  20.639 0.0000000000
82002  46.403  7.252  19.867 0.0000000000
81986  48.433  6.460  19.772 0.0000000000
82009  51.307  8.907  16.955 0.0000000000
81215  51.420  8.182  16.483 0.0000000000
82019  49.467  7.652  16.570 0.0000000000
124588  44.841  12.477  27.391 0.0000000000
87524  46.045  13.306  27.742 0.0000000000
86679  46.188  12.193  26.673 0.0000000000
85875  46.631  11.698  26.093 0.0000000000
85087  45.721  10.660  26.117 0.0000000000
84251  40.593  9.413  27.119 0.0000000000
85066  41.664  10.481  27.290 0.0000000000
83456  41.435  8.433  26.609 0.0000000000
81130  43.848  5.371  25.285 0.0000000000
81949  43.744  6.891  25.610 0.0000000000
81957  44.306  6.683  24.698 0.0000000000
83471  44.995  8.101  24.582 0.0000000000
81965  44.693  6.434  23.432 0.0000000000
81972  45.010  6.318  22.651 0.0000000000
81144  44.995  5.200  23.296 0.0000000000
80275  48.007  4.052  23.281 0.0000000000
139157  45.674  16.187  26.165 0.0000000000
90165  45.944  17.142  28.047 0.0000000000
90178  44.766  16.532  26.971 0.0000000000
91009  43.394  17.336  27.942 0.0000000000
90204  43.644  16.057  25.716 0.0000000000
89362  42.263  16.045  25.008 0.0000000000
139605  43.347  15.685  24.298 0.0000000000
90238  43.900  16.841  19.656 0.0000000000
127882  42.660  17.045  19.654 0.0000000000
89437  42.567  16.074  18.895 0.0000000000
88526  42.147  14.838  20.606 0.0000000000
130883  43.691  14.414  20.328 0.0000000000
132178  50.085  13.537  28.717 0.0000000000
87498  51.448  13.415  28.775 0.0000000000
87519  50.718  13.515  27.500 0.0000000000
86703  51.556  13.069  22.525 0.0000000000
138532  52.287  13.394  23.949 0.0000000000
87584  52.454  13.381  22.069 0.0000000000
87582  53.958  14.776  21.577 0.0000000000
87601  52.739  14.334  20.911 0.0000000000
134181  46.626  9.833  18.859 0.0000000000
85927  46.936  11.106  20.131 0.0000000000
85939  47.651  11.639  17.807 0.0000000000
86757  48.866  12.616  15.887 0.0000000000
86749  48.738  13.386  16.764 0.0000000000
88572  48.599  14.151  16.243 0.0000000000
89462  50.555  16.618  17.234 0.0000000000
89464  48.807  16.138  16.850 0.0000000000
89456  46.912  16.552  17.255 0.0000000000
87624  46.526  13.795  16.730 0.0000000000
84328  43.989  9.270  18.611 0.0000000000
85934  44.663  11.666  19.078 0.0000000000
85129  43.935  10.405  19.825 0.0000000000
85120  43.464  10.394  20.765 0.0000000000
88464  55.039  14.214  29.949 0.0000000000
121680  38.605  16.674  22.769 0.0000000000
139653  38.724  16.410  21.860 0.0000000000
88456  46.082  14.653  30.416 0.0000000000
88470  44.531  14.325  29.473 0.0000000000
87506  43.960  13.500  28.558 0.0000000000
86671  43.970  12.254  27.572 0.0000000000
81938  42.381  6.508  26.384 0.0000000000
90187  48.793  16.178  26.921 0.0000000000
89356  47.452  15.815  25.396 0.0000000000
89376  45.565  15.493  24.453 0.0000000000
89396  44.510  15.502  23.223 0.0000000000
119319  45.114  15.487  22.636 0.0000000000
89421  45.239  16.092  21.026 0.0000000000
134593  44.754  16.649  18.899 0.0000000000
87551  49.234  13.309  25.767 0.0000000000
87550  50.214  13.465  25.624 0.0000000000
86696  49.020  12.495  24.453 0.0000000000
86705  50.093  12.550  23.346 0.0000000000
86720  50.350  12.519  21.762 0.0000000000
131288  49.903  10.369  15.911 0.0000000000
85146  49.441  11.324  16.080 0.0000000000
84342  49.518  10.696  15.769 0.0000000000
85159  47.949  10.808  15.516 0.0000000000
85962  46.193  11.291  15.873 0.0000000000
130721  45.762  12.179  16.546 0.0000000000
133370  44.980  10.008  16.805 0.0000000000
83511  44.252  8.946  17.803 0.0000000000
82751  43.412  7.558  19.082 0.0000000000
79356  42.866  3.246  19.061 0.0000000000
86652  39.613  12.751  30.227 0.0000000000
85847  40.274  11.988  28.950 0.0000000000
85854  39.140  11.275  28.929 0.0000000000
84241  39.173  9.429  27.960 0.0000000000
127332  39.820  8.153  27.465 0.0000000000
89331  50.591  15.718  27.028 0.0000000000
89353  50.868  15.567  25.449 0.0000000000
89390  51.356  15.401  22.982 0.0000000000
84304  45.823  8.898  21.639 0.0000000000
84303  46.240  9.678  21.119 0.0000000000
84311  45.984  8.970  20.500 0.0000000000
132326  46.675  8.479  18.841 0.0000000000
83510  47.817  9.312  17.765 0.0000000000
124539  50.230  7.946  18.316 0.0000000000
82759  49.751  9.164  17.348 0.0000000000
83517  50.466  9.752  16.439 0.0000000000
82775  49.861  9.015  15.989 0.0000000000
82020  47.804  6.740  16.939 0.0000000000
80344  46.023  5.425  17.469 0.0000000000
80338  44.843  3.937  17.991 0.0000000000
88465  49.218  13.922  29.601 0.0000000000
87501  48.771  13.587  28.010 0.0000000000
87488  46.925  14.153  29.204 0.0000000000
87502  47.806  13.729  28.332 0.0000000000
137165  48.581  13.489  27.172 0.0000000000
141155  47.754  12.666  26.028 0.0000000000
85093  47.286  10.947  24.840 0.0000000000
84281  46.616  9.635  24.095 0.0000000000
85852  41.500  11.702  28.177 0.0000000000
85865  42.726  11.375  27.492 0.0000000000
128663  43.599  10.567  26.767 0.0000000000
82700  42.575  7.485  26.274 0.0000000000
84261  43.764  9.135  26.266 0.0000000000
84260  44.544  9.624  26.172 0.0000000000
84274  45.237  9.424  25.715 0.0000000000
140209  46.029  9.154  24.445 0.0000000000
83485  45.672  8.649  23.180 0.0000000000
82730  45.309  7.676  22.242 0.0000000000
81173  45.574  6.053  21.866 0.0000000000
81171  47.386  5.291  21.137 0.0000000000
80276  47.002  4.059  23.168 0.0000000000
80292  47.441  4.430  22.508 0.0000000000
86653  38.226  12.576  30.687 0.0000000000
85844  36.967  11.576  30.578 0.0000000000
134067  35.340  9.852  30.880 0.0000000000
90989  45.633  18.542  29.355 0.0000000000
91692  43.499  18.827  28.942 0.0000000000
90207  40.500  16.316  25.151 0.0000000000
90223  40.397  16.369  23.234 0.0000000000
90232  40.160  16.514  21.721 0.0000000000
89408  42.864  16.158  22.306 0.0000000000
124961  40.834  16.693  19.641 0.0000000000
89440  39.406  15.581  19.227 0.0000000000
139206  54.692  13.599  27.211 0.0000000000
141625  51.780  13.457  25.379 0.0000000000
122047  53.414  13.444  25.922 0.0000000000
88499  55.404  14.188  25.386 0.0000000000
89368  54.689  15.040  24.103 0.0000000000
89388  53.934  15.479  22.655 0.0000000000
89417  51.858  15.784  20.789 0.0000000000
85126  47.155  10.925  21.175 0.0000000000
85925  48.125  11.884  20.678 0.0000000000
86730  48.968  12.511  20.474 0.0000000000
86744  48.174  12.486  17.541 0.0000000000
87611  49.199  13.837  18.573 0.0000000000
136337  50.592  13.936  19.840 0.0000000000
88546  51.744  16.204  18.821 0.0000000000
89444  51.596  16.786  18.572 0.0000000000
89433  50.655  16.554  19.352 0.0000000000
89446  48.213  16.788  18.992 0.0000000000
90264  45.670  16.790  18.427 0.0000000000
88548  45.352  15.445  18.572 0.0000000000
86745  45.576  12.894  17.970 0.0000000000
131106  45.140  13.296  19.472 0.0000000000
87613  44.807  14.135  19.778 0.0000000000
86722  43.768  12.821  21.375 0.0000000000
80308  42.175  5.004  21.493 0.0000000000
121367  38.931  17.332  26.591 0.0000000000
143137  39.383  17.415  26.959 0.0000000000
137954  41.344  13.762  30.628 0.0000000000
142585  41.883  13.388  29.612 0.0000000000
119322  49.859  15.355  22.686 0.0000000000
89392  49.298  15.394  23.637 0.0000000000
119316  48.457  15.382  21.773 0.0000000000
85102  47.222  10.227  23.623 0.0000000000
139756  47.764  10.802  23.564 0.0000000000
85111  47.006  10.204  22.641 0.0000000000
82778  45.334  7.224  16.531 0.0000000000
82030  44.581  6.664  16.707 0.0000000000
81224  44.681  5.964  16.749 0.0000000000
81220  44.369  5.296  17.052 0.0000000000
88477  55.147  14.257  29.080 0.0000000000
89313  54.559  14.991  27.973 0.0000000000
89328  54.679  15.068  27.037 0.0000000000
89327  55.282  14.565  26.659 0.0000000000
81186  47.919  5.854  20.408 0.0000000000
81987  47.552  6.444  19.903 0.0000000000
81206  52.044  8.022  16.824 0.0000000000
81207  51.102  7.077  16.927 0.0000000000
88541  38.780  15.098  19.677 0.0000000000
86670  45.687  12.671  27.254 0.0000000000
85862  45.351  11.923  26.840 0.0000000000
85876  45.907  11.369  26.363 0.0000000000
85075  45.047  11.038  26.498 0.0000000000
83446  40.577  8.481  26.981 0.0000000000
84264  41.130  9.062  26.743 0.0000000000
124412  44.250  4.985  24.721 0.0000000000
81948  43.960  6.315  25.186 0.0000000000
81137  44.238  5.767  24.529 0.0000000000
139183  44.455  6.362  24.093 0.0000000000
81145  44.597  5.742  23.732 0.0000000000
81964  44.849  5.829  23.114 0.0000000000
129863  45.348  15.903  25.674 0.0000000000
127937  45.014  16.226  26.267 0.0000000000
127468  44.197  16.299  26.399 0.0000000000
89361  43.100  15.826  25.004 0.0000000000
89360  44.035  15.680  24.849 0.0000000000
89458  43.881  16.664  18.994 0.0000000000
90266  43.124  16.641  18.989 0.0000000000
88550  43.580  15.881  18.980 0.0000000000
88538  43.256  15.262  19.685 0.0000000000
87500  49.848  13.504  27.982 0.0000000000
87499  50.633  13.492  28.380 0.0000000000
87520  50.022  13.517  27.185 0.0000000000
86719  51.046  12.838  22.046 0.0000000000
87571  52.688  13.403  22.628 0.0000000000
87585  51.818  13.233  21.778 0.0000000000
87595  52.672  13.743  21.489 0.0000000000
118644  52.055  13.762  21.013 0.0000000000
84326  47.547  9.990  17.692 0.0000000000
85141  47.282  10.783  18.071 0.0000000000
84334  48.813  10.793  16.658 0.0000000000
86758  47.777  12.834  15.716 0.0000000000
87629  48.883  13.447  16.099 0.0000000000
88565  49.181  15.149  16.681 0.0000000000
88573  47.978  14.234  16.121 0.0000000000
88567  47.190  14.741  16.654 0.0000000000
83504  43.606  8.792  19.185 0.0000000000
84320  43.705  9.521  19.443 0.0000000000
83497  43.316  8.964  19.962 0.0000000000
84312  43.409  9.666  20.299 0.0000000000
90216  38.524  16.849  23.923 0.0000000000
137180  39.465  16.523  23.632 0.0000000000
88458  44.611  14.571  30.228 0.0000000000
120900  43.942  14.462  29.956 0.0000000000
87507  43.105  13.346  28.820 0.0000000000
86660  43.537  12.809  28.176 0.0000000000
86672  43.123  12.068  27.790 0.0000000000
89332  49.716  15.912  27.169 0.0000000000
90173  49.064  16.254  27.764 0.0000000000
89374  47.860  15.551  24.584 0.0000000000
126124  46.925  15.505  24.630 0.0000000000
89357  46.532  15.696  25.234 0.0000000000
89394  46.288  15.382  23.942 0.0000000000
89395  45.365  15.425  23.605 0.0000000000
119320  45.961  15.384  22.972 0.0000000000
89420  46.299  15.729  21.121 0.0000000000
89435  45.606  16.482  20.100 0.0000000000
89436  44.712  16.659  19.997 0.0000000000
90249  45.075  16.739  19.185 0.0000000000
86688  48.728  12.789  25.192 0.0000000000
86687  49.545  13.140  24.926 0.0000000000
85911  48.852  11.524  22.758 0.0000000000
86706  49.287  12.207  23.716 0.0000000000
85902  49.502  12.021  22.994 0.0000000000
86713  50.410  12.528  22.573 0.0000000000
85910  49.506  11.970  22.190 0.0000000000
83528  49.581  9.669  15.885 0.0000000000
84343  48.724  10.004  15.657 0.0000000000
84355  46.265  9.919  15.888 0.0000000000
84354  47.452  10.177  15.680 0.0000000000
85160  46.471  10.646  15.798 0.0000000000
85961  47.298  11.339  15.642 0.0000000000
138734  45.665  10.888  16.094 0.0000000000
85954  45.687  11.459  16.245 0.0000000000
85154  45.511  10.128  16.244 0.0000000000
82769  44.256  7.719  17.069 0.0000000000
83520  44.088  8.116  17.657 0.0000000000
131167  43.861  8.524  18.425 0.0000000000
82003  43.553  6.974  18.342 0.0000000000
138754  43.445  6.229  18.345 0.0000000000
137760  43.677  4.050  17.908 0.0000000000
80340  43.259  3.843  18.599 0.0000000000
86658  39.211  12.207  29.768 0.0000000000
85848  39.527  11.786  29.201 0.0000000000
85849  38.820  11.577  29.416 0.0000000000
125494  39.875  9.013  27.417 0.0000000000
83436  39.332  8.602  27.778 0.0000000000
126664  53.052  15.477  25.590 0.0000000000
89341  51.713  15.532  25.977 0.0000000000
89352  52.051  15.534  25.086 0.0000000000
89371  51.413  15.541  24.543 0.0000000000
89370  52.560  15.487  24.165 0.0000000000
141386  45.510  8.118  21.665 0.0000000000
83496  45.687  8.231  20.885 0.0000000000
82749  47.007  7.732  18.986 0.0000000000
82750  46.300  7.849  19.613 0.0000000000
82760  48.013  8.634  18.045 0.0000000000
126011  49.302  6.967  19.295 0.0000000000
81999  51.538  8.286  17.684 0.0000000000
82757  51.270  9.092  16.468 0.0000000000
82758  50.817  9.238  16.648 0.0000000000
82768  50.719  9.214  16.452 0.0000000000
83527  50.289  9.758  16.275 0.0000000000
82026  50.123  8.640  16.198 0.0000000000
81217  48.720  6.474  17.210 0.0000000000
81218  46.915  5.879  17.360 0.0000000000
80337  45.933  4.616  18.030 0.0000000000
88455  47.857  14.528  30.319 0.0000000000
88454  48.740  14.339  30.295 0.0000000000
87486  48.518  13.851  28.909 0.0000000000
88469  45.472  14.453  29.728 0.0000000000
88468  46.493  14.403  29.713 0.0000000000
88478  46.141  14.136  28.925 0.0000000000
86669  46.529  12.897  27.166 0.0000000000
87523  46.969  13.469  27.819 0.0000000000
87522  47.893  13.496  27.510 0.0000000000
87539  47.969  13.218  26.625 0.0000000000
140238  47.101  12.562  26.489 0.0000000000
85887  46.312  10.884  25.820 0.0000000000
85085  46.971  11.260  25.471 0.0000000000
85086  46.674  10.477  25.222 0.0000000000
85094  47.001  10.257  24.508 0.0000000000
84272  46.403  9.744  24.889 0.0000000000
85853  40.667  11.485  28.340 0.0000000000
86662  41.080  12.191  28.760 0.0000000000
85867  41.121  11.019  27.729 0.0000000000
85065  42.421  10.718  27.218 0.0000000000
85064  43.030  10.905  27.109 0.0000000000
85077  43.209  9.853  26.608 0.0000000000
81937  43.122  6.754  26.019 0.0000000000
82709  44.112  7.551  25.540 0.0000000000
83464  43.982  8.259  25.921 0.0000000000
84275  44.576  8.871  25.822 0.0000000000
83462  45.167  8.735  25.253 0.0000000000
143012  45.547  8.739  24.716 0.0000000000
83478  45.533  8.524  23.950 0.0000000000
82723  45.265  8.067  23.094 0.0000000000
134449  45.553  8.415  22.418 0.0000000000
81158  45.293  5.555  22.643 0.0000000000
81172  46.438  5.555  21.429 0.0000000000
80307  46.905  4.870  21.877 0.0000000000
79318  46.631  3.682  23.780 0.0000000000
80291  48.409  4.461  22.463 0.0000000000
86647  38.299  13.309  31.425 0.0000000000
85838  36.493  12.020  31.274 0.0000000000
86654  37.361  12.258  30.910 0.0000000000
133037  36.710  10.869  30.210 0.0000000000
85845  36.157  11.234  30.780 0.0000000000
125207  45.065  17.376  28.220 0.0000000000
90999  45.696  17.740  28.774 0.0000000000
92373  45.300  19.268  29.461 0.0000000000
91683  44.287  18.860  29.188 0.0000000000
92375  43.964  19.548  29.156 0.0000000000
125285  43.990  18.318  28.771 0.0000000000
90180  42.553  16.851  27.136 0.0000000000
90181  41.805  16.923  27.040 0.0000000000
90194  40.556  16.583  26.136 0.0000000000
90193  41.418  16.594  26.390 0.0000000000
89380  41.781  16.024  24.210 0.0000000000
90214  40.947  16.232  24.261 0.0000000000
90222  41.298  16.177  23.490 0.0000000000
89407  44.329  15.750  22.183 0.0000000000
89397  43.689  15.747  22.774 0.0000000000
90229  43.546  16.252  21.628 0.0000000000
90253  41.285  16.593  18.948 0.0000000000
90240  41.802  16.897  19.921 0.0000000000
90254  40.318  16.365  19.004 0.0000000000
89453  39.992  15.977  18.703 0.0000000000
88540  39.955  15.529  19.105 0.0000000000
88527  41.118  15.328  19.842 0.0000000000
87597  42.497  14.074  21.590 0.0000000000
88451  51.603  13.866  30.883 0.0000000000
139379  52.107  13.422  28.263 0.0000000000
130903  52.688  13.436  29.105 0.0000000000
87497  53.447  13.483  28.492 0.0000000000
122826  53.668  13.451  26.961 0.0000000000
87561  50.439  13.268  24.612 0.0000000000
87536  51.142  13.484  25.915 0.0000000000
87549  51.129  13.425  25.079 0.0000000000
121852  54.095  13.703  23.531 0.0000000000
122454  53.786  13.472  24.990 0.0000000000
87557  54.577  13.717  24.404 0.0000000000
87547  54.642  13.611  25.371 0.0000000000
87546  55.197  13.929  24.968 0.0000000000
89349  55.300  14.522  25.016 0.0000000000
88510  54.939  14.424  24.046 0.0000000000
89415  53.613  15.368  21.301 0.0000000000
89404  53.853  15.485  21.830 0.0000000000
124199  53.355  15.523  21.355 0.0000000000
138785  52.736  15.670  21.121 0.0000000000
85119  46.771  10.303  21.674 0.0000000000
85127  46.591  10.403  20.626 0.0000000000
85926  47.493  11.779  19.717 0.0000000000
126204  47.501  11.420  20.692 0.0000000000
86731  48.117  12.334  19.852 0.0000000000
85153  49.460  11.179  15.862 0.0000000000
85938  48.659  11.955  16.522 0.0000000000
86750  48.936  12.622  16.109 0.0000000000
87619  49.128  14.089  17.360 0.0000000000
87610  50.239  14.502  18.965 0.0000000000
87609  51.517  15.048  19.404 0.0000000000
88547  51.073  15.697  18.254 0.0000000000
90269  50.512  17.135  17.470 0.0000000000
88555  51.303  16.721  17.806 0.0000000000
124448  50.934  17.269  18.303 0.0000000000
89445  49.706  17.034  18.657 0.0000000000
89434  48.936  16.280  19.786 0.0000000000
90261  48.804  17.359  18.031 0.0000000000
88558  46.615  15.729  17.312 0.0000000000
90272  46.762  16.922  17.697 0.0000000000
131726  46.150  16.502  17.802 0.0000000000
89447  45.253  16.399  18.521 0.0000000000
86752  45.857  12.938  17.068 0.0000000000
85940  45.302  12.045  17.526 0.0000000000
85128  44.360  11.404  19.819 0.0000000000
86738  45.122  12.415  18.680 0.0000000000
86732  44.730  12.331  19.687 0.0000000000
134516  44.671  13.156  20.239 0.0000000000
134615  44.229  13.171  20.824 0.0000000000
84306  42.544  9.576  21.600 0.0000000000
85121  42.987  10.385  21.492 0.0000000000
125170  42.799  5.166  20.086 0.0000000000
80314  42.581  4.627  20.614 0.0000000000
91023  37.915  17.353  24.555 0.0000000000
90195  39.095  16.878  26.015 0.0000000000
120377  39.712  16.584  25.672 0.0000000000
88471  43.195  14.381  30.141 0.0000000000
86656  42.268  13.092  29.031 0.0000000000
89354  49.860  15.668  25.335 0.0000000000
89355  49.025  15.761  25.412 0.0000000000
89373  48.856  15.576  24.588 0.0000000000
119978  48.288  15.375  23.724 0.0000000000
136117  47.648  15.298  22.782 0.0000000000
135411  46.748  15.340  23.201 0.0000000000
119545  47.374  15.432  21.629 0.0000000000
138801  47.181  15.732  20.740 0.0000000000
85896  47.877  11.416  24.465 0.0000000000
85895  48.543  11.833  24.096 0.0000000000
85904  48.116  11.253  23.813 0.0000000000
85100  48.268  11.111  23.185 0.0000000000
85912  48.192  11.114  22.483 0.0000000000
82028  47.201  7.327  16.561 0.0000000000
83529  47.667  8.973  15.947 0.0000000000
82777  46.493  7.907  16.377 0.0000000000
83530  46.126  8.671  16.202 0.0000000000
83531  45.184  8.560  16.499 0.0000000000
84346  45.037  9.335  16.627 0.0000000000
82779  44.719  7.651  16.663 0.0000000000
82031  44.240  7.134  16.908 0.0000000000
81210  43.582  5.551  17.864 0.0000000000
124703  43.911  5.719  17.205 0.0000000000
129102  43.881  4.743  17.490 0.0000000000
79364  43.739  3.265  18.029 0.0000000000
85054  38.578  10.917  29.011 0.0000000000
85055  37.930  10.368  29.169 0.0000000000
89315  52.382  15.468  27.975 0.0000000000
89329  53.394  15.344  27.367 0.0000000000
89340  53.855  15.400  26.390 0.0000000000
137070  54.295  15.347  25.569 0.0000000000
81989  45.897  6.970  20.659 0.0000000000
82742  45.901  7.676  20.390 0.0000000000
81988  46.618  6.578  20.211 0.0000000000
82001  47.294  7.109  19.399 0.0000000000
82000  48.611  7.298  19.042 0.0000000000
82008  51.784  8.486  16.914 0.0000000000
82017  51.412  8.752  16.618 0.0000000000
81216  50.238  7.357  16.757 0.0000000000
87505  44.775  13.607  28.381 0.0000000000
87504  45.611  13.699  28.326 0.0000000000
87525  45.206  13.178  27.793 0.0000000000
126347  40.820  10.230  27.394 0.0000000000
84250  41.382  9.728  26.946 0.0000000000
84263  41.868  9.134  26.609 0.0000000000
81131  43.503  6.118  25.688 0.0000000000
130332  44.155  6.987  25.231 0.0000000000
82708  44.488  7.448  24.942 0.0000000000
82716  44.635  7.165  24.073 0.0000000000
82724  44.928  7.200  23.016 0.0000000000
80294  45.660  4.823  22.897 0.0000000000
79317  48.009  3.598  24.139 0.0000000000
79316  48.937  3.867  23.874 0.0000000000
90189  46.374  16.309  26.421 0.0000000000
90176  46.179  16.666  27.280 0.0000000000
90190  45.556  16.455  26.765 0.0000000000
90177  45.339  16.812  27.504 0.0000000000
91008  44.518  16.955  27.661 0.0000000000
91000  44.102  17.571  28.296 0.0000000000
135847  43.969  16.643  27.150 0.0000000000
90191  43.237  16.486  26.587 0.0000000000
118806  41.891  16.305  25.750 0.0000000000
90205  42.741  16.213  25.762 0.0000000000
89379  42.612  15.827  24.205 0.0000000000
89398  42.123  16.087  23.138 0.0000000000
90239  43.359  16.828  20.270 0.0000000000
90251  43.145  17.012  19.204 0.0000000000
90252  42.317  16.969  19.020 0.0000000000
89438  41.566  15.997  18.799 0.0000000000
88539  42.295  15.491  19.713 0.0000000000
88525  43.012  14.504  20.671 0.0000000000
87596  43.260  13.680  21.422 0.0000000000
87477  50.150  13.754  29.901 0.0000000000
87476  51.133  13.614  30.151 0.0000000000
87484  50.698  13.509  29.247 0.0000000000
142570  51.237  13.478  28.082 0.0000000000
87518  51.689  13.471  27.497 0.0000000000
87572  51.771  13.213  23.341 0.0000000000
87559  53.018  13.476  23.364 0.0000000000
87570  53.754  13.721  22.746 0.0000000000
136849  54.382  14.069  23.043 0.0000000000
87583  53.447  13.805  21.913 0.0000000000
87594  53.311  14.455  21.215 0.0000000000
88535  53.065  14.993  20.626 0.0000000000
85134  46.691  10.498  19.450 0.0000000000
85933  47.131  11.240  18.959 0.0000000000
138109  47.578  11.854  18.582 0.0000000000
86756  48.937  13.266  16.081 0.0000000000
88571  48.967  14.069  16.422 0.0000000000
88557  49.601  15.035  16.967 0.0000000000
88556  50.519  15.902  17.418 0.0000000000
88564  49.990  15.792  17.020 0.0000000000
89463  49.730  16.138  16.910 0.0000000000
90276  49.622  16.836  17.072 0.0000000000
90271  47.958  17.195  17.495 0.0000000000
89465  47.751  16.391  16.909 0.0000000000
131822  47.280  15.748  16.907 0.0000000000
87620  46.425  14.690  17.499 0.0000000000
85142  44.571  10.572  18.120 0.0000000000
85941  44.827  11.422  18.284 0.0000000000
85136  44.120  10.066  18.801 0.0000000000
85928  43.901  11.190  20.607 0.0000000000
84305  43.060  9.792  20.987 0.0000000000
87481  55.146  13.931  28.893 0.0000000000
90243  38.507  15.993  21.023 0.0000000000
87490  43.658  14.034  29.320 0.0000000000
87489  44.405  13.968  28.894 0.0000000000
86659  44.366  13.011  27.940 0.0000000000
82701  41.699  7.052  26.571 0.0000000000
81939  41.620  6.160  26.792 0.0000000000
81119  42.295  5.643  26.577 0.0000000000
138882  42.864  5.286  26.359 0.0000000000
127812  43.362  5.348  25.955 0.0000000000
80248  44.224  4.398  25.210 0.0000000000
80262  44.577  4.456  24.610 0.0000000000
80261  45.068  4.121  24.237 0.0000000000
90174  48.264  16.432  27.621 0.0000000000
90188  47.897  16.361  26.878 0.0000000000
89344  48.334  16.037  26.029 0.0000000000
90201  47.329  16.201  26.244 0.0000000000
135996  46.777  15.998  25.805 0.0000000000
89358  45.787  15.645  25.150 0.0000000000
89359  45.000  15.638  25.019 0.0000000000
89377  44.731  15.506  24.197 0.0000000000
121676  44.917  15.740  21.788 0.0000000000
89406  45.671  15.531  21.971 0.0000000000
90250  44.325  16.769  19.153 0.0000000000
89457  44.397  16.559  18.929 0.0000000000
87538  48.876  13.395  26.530 0.0000000000
87537  49.699  13.493  26.505 0.0000000000
86695  49.836  12.792  24.114 0.0000000000
86694  50.700  13.065  23.753 0.0000000000
86704  50.893  12.853  23.081 0.0000000000
83518  50.126  10.121  16.181 0.0000000000
84333  49.967  10.675  16.008 0.0000000000
84352  49.088  11.016  15.585 0.0000000000
84353  48.682  10.530  15.551 0.0000000000
85960  48.644  11.322  15.533 0.0000000000
86761  48.201  11.981  15.583 0.0000000000
139442  46.685  12.031  15.844 0.0000000000
86751  46.590  12.930  16.217 0.0000000000
85945  45.337  11.502  16.863 0.0000000000
126325  44.762  10.284  17.355 0.0000000000
84335  44.638  9.476  17.219 0.0000000000
84327  44.379  9.767  17.972 0.0000000000
125108  43.554  8.194  18.943 0.0000000000
82004  43.268  6.637  19.224 0.0000000000
81198  43.296  5.656  18.756 0.0000000000
80326  43.097  4.905  19.172 0.0000000000
80327  42.837  4.142  19.670 0.0000000000
87493  40.372  12.991  30.087 0.0000000000
122885  40.737  12.616  29.438 0.0000000000
86657  39.943  12.424  29.584 0.0000000000
85052  39.761  11.224  28.556 0.0000000000
85053  39.094  10.791  28.612 0.0000000000
85068  39.456  10.374  28.153 0.0000000000
84252  39.972  9.892  27.557 0.0000000000
82687  40.363  7.561  27.227 0.0000000000
89316  50.454  15.863  27.796 0.0000000000
137903  50.093  15.706  26.542 0.0000000000
89330  51.448  15.596  26.784 0.0000000000
89342  50.760  15.597  26.302 0.0000000000
89343  50.158  15.648  25.973 0.0000000000
135489  50.519  15.587  24.788 0.0000000000
120419  50.846  15.527  23.995 0.0000000000
119323  50.727  15.413  22.586 0.0000000000
84296  45.991  9.086  22.724 0.0000000000
84295  46.383  9.658  22.186 0.0000000000
83503  46.037  8.355  19.956 0.0000000000
84319  46.295  9.059  19.447 0.0000000000
84318  46.797  9.253  18.533 0.0000000000
82010  49.917  8.535  17.786 0.0000000000
83509  49.669  9.774  17.021 0.0000000000
82027  48.786  7.951  16.381 0.0000000000
82021  46.271  6.345  16.965 0.0000000000
80345  45.041  4.850  17.423 0.0000000000
132750  49.886  13.642  29.253 0.0000000000
87485  49.388  13.647  28.759 0.0000000000
88467  47.360  14.330  29.712 0.0000000000
130071  46.346  13.689  28.287 0.0000000000
87503  46.978  13.844  28.615 0.0000000000
87487  47.641  14.023  29.073 0.0000000000
86678  48.409  13.032  25.900 0.0000000000
86689  47.999  12.374  25.447 0.0000000000
85874  47.320  12.040  25.744 0.0000000000
85886  47.613  11.658  25.124 0.0000000000
127123  41.876  12.397  28.580 0.0000000000
85851  42.307  11.897  28.002 0.0000000000
85866  41.949  11.216  27.636 0.0000000000
85864  43.586  11.408  27.226 0.0000000000
85877  44.214  11.023  26.768 0.0000000000
133105  41.803  7.807  26.489 0.0000000000
83455  42.272  8.398  26.415 0.0000000000
84262  42.770  9.142  26.471 0.0000000000
82699  43.477  7.551  25.950 0.0000000000
83454  43.168  8.332  26.216 0.0000000000
127011  43.911  9.916  26.442 0.0000000000
85076  44.421  10.386  26.463 0.0000000000
85088  45.193  10.160  26.136 0.0000000000
84273  45.778  9.264  25.145 0.0000000000
84288  46.088  9.111  23.629 0.0000000000
124451  45.262  6.897  22.050 0.0000000000
81979  45.600  6.729  21.361 0.0000000000
81978  46.126  6.298  21.035 0.0000000000
80278  45.345  4.462  23.574 0.0000000000
80277  46.125  4.159  23.276 0.0000000000
80293  46.485  4.549  22.617 0.0000000000
143562  47.366  3.729  23.727 0.0000000000
80306  47.908  4.781  21.728 0.0000000000
123576  40.013  13.288  30.698 0.0000000000
121775  38.942  12.525  30.312 0.0000000000
85842  38.469  12.028  29.978 0.0000000000
86648  37.697  12.801  31.248 0.0000000000
85843  37.713  11.846  30.274 0.0000000000
142352  37.320  11.256  30.039 0.0000000000
85046  35.420  10.747  31.107 0.0000000000
85045  36.007  10.400  30.471 0.0000000000
84236  36.021  9.494  30.319 0.0000000000
92381  43.144  19.557  28.767 0.0000000000
91001  43.160  17.982  28.442 0.0000000000
91693  42.438  18.755  28.543 0.0000000000
90206  41.433  16.197  25.035 0.0000000000
90215  40.172  16.324  24.259 0.0000000000
90224  39.419  16.553  22.419 0.0000000000
90233  39.237  16.325  21.165 0.0000000000
90242  38.952  16.019  20.072 0.0000000000
89378  43.894  15.573  23.825 0.0000000000
124866  43.087  15.802  23.436 0.0000000000
90230  41.932  16.518  21.640 0.0000000000
139952  42.688  16.672  20.940 0.0000000000
124927  40.931  16.716  20.859 0.0000000000
90241  39.904  16.472  20.086 0.0000000000
89423  38.845  15.500  19.656 0.0000000000
142377  39.341  15.130  19.446 0.0000000000
87483  51.848  13.437  29.631 0.0000000000
87482  54.352  13.649  29.390 0.0000000000
87496  54.648  13.661  28.571 0.0000000000
87495  55.119  13.812  27.909 0.0000000000
123823  50.507  13.536  26.594 0.0000000000
87535  51.369  13.499  26.720 0.0000000000
87534  52.429  13.443  26.774 0.0000000000
124090  52.060  13.424  24.674 0.0000000000
136061  52.706  13.444  25.189 0.0000000000
87533  54.617  13.574  26.355 0.0000000000
87515  55.243  13.853  26.827 0.0000000000
88487  55.387  14.100  27.285 0.0000000000
89338  55.350  14.571  25.705 0.0000000000
89350  54.990  14.972  25.057 0.0000000000
89351  54.115  15.371  24.769 0.0000000000
88511  54.599  14.631  23.044 0.0000000000
123121  53.091  15.458  23.268 0.0000000000
89389  52.831  15.473  22.274 0.0000000000
120771  51.713  15.512  21.903 0.0000000000
119318  50.716  15.504  21.740 0.0000000000
85118  47.492  10.721  22.108 0.0000000000
85918  47.997  11.341  21.562 0.0000000000
85917  48.846  11.857  21.434 0.0000000000
86721  49.583  12.322  21.365 0.0000000000
86729  50.194  13.061  20.745 0.0000000000
85140  48.297  11.395  16.983 0.0000000000
86743  48.459  13.219  18.078 0.0000000000
86735  48.584  12.941  19.284 0.0000000000
87603  49.558  13.429  19.686 0.0000000000
87602  51.358  13.899  20.417 0.0000000000
88536  52.345  14.785  20.240 0.0000000000
124538  52.158  15.682  19.596 0.0000000000
122649  52.038  16.096  19.474 0.0000000000
89432  51.836  16.275  19.680 0.0000000000
89418  50.705  15.825  20.657 0.0000000000
89419  49.374  15.710  20.691 0.0000000000
132137  47.640  16.186  19.968 0.0000000000
90247  46.990  16.743  19.138 0.0000000000
90262  47.445  17.109  18.203 0.0000000000
90263  46.465  16.920  18.426 0.0000000000
90248  45.979  16.808  19.182 0.0000000000
89448  44.674  16.152  18.694 0.0000000000
87625  45.979  13.717  17.763 0.0000000000
86737  45.567  13.515  18.656 0.0000000000
87621  45.892  14.532  18.371 0.0000000000
87612  45.375  14.358  19.119 0.0000000000
88537  44.086  14.807  19.704 0.0000000000
87604  44.270  13.892  20.395 0.0000000000
87605  43.756  13.761  20.945 0.0000000000
85919  43.423  11.129  21.332 0.0000000000
134032  43.332  12.016  21.786 0.0000000000
79363  44.063  3.474  17.711 0.0000000000
79369  43.949  3.900  17.607 0.0000000000
82011  43.689  6.348  17.609 0.0000000000
82022  44.255  6.007  16.877 0.0000000000
82029  45.273  6.421  16.666 0.0000000000
82761  43.711  7.776  18.320 0.0000000000
84313  42.871  9.089  20.761 0.0000000000
85135  44.396  10.893  18.970 0.0000000000
85147  45.195  10.777  16.680 0.0000000000
85952  49.192  11.265  15.629 0.0000000000
85953  49.101  11.606  15.706 0.0000000000
87516  54.137  13.529  27.827 0.0000000000
87532  55.282  13.858  25.830 0.0000000000
87548  52.085  13.458  25.984 0.0000000000
87556  55.041  14.106  24.371 0.0000000000
87558  53.276  13.469  24.259 0.0000000000
87569  54.210  14.303  22.346 0.0000000000
87630  48.342  13.504  15.876 0.0000000000
88476  55.283  14.143  28.270 0.0000000000
88493  55.518  14.097  26.263 0.0000000000
88505  55.215  14.302  24.699 0.0000000000
88515  54.380  14.900  22.127 0.0000000000
88524  53.511  15.081  21.037 0.0000000000
88528  39.932  14.868  19.928 0.0000000000
88545  52.551  15.553  20.173 0.0000000000
88549  44.638  15.392  19.092 0.0000000000
88566  48.142  15.220  16.518 0.0000000000
89367  55.057  14.635  24.431 0.0000000000
89369  53.863  15.433  23.775 0.0000000000
89375  46.213  15.513  24.692 0.0000000000
89386  54.813  14.751  23.755 0.0000000000
89387  54.451  15.127  23.196 0.0000000000
89391  50.273  15.426  23.429 0.0000000000
89403  54.348  15.231  22.332 0.0000000000
89414  54.130  15.238  21.770 0.0000000000
89416  53.132  15.586  20.932 0.0000000000
89431  52.519  15.724  20.333 0.0000000000
89439  40.671  15.937  18.706 0.0000000000
89450  41.905  16.473  18.821 0.0000000000
89452  40.667  16.201  18.712 0.0000000000
90179  43.266  16.906  27.401 0.0000000000
90202  46.084  15.949  25.741 0.0000000000
90255  39.496  16.018  19.232 0.0000000000
90259  51.153  17.214  17.801 0.0000000000
90260  50.229  17.389  17.869 0.0000000000
90265  44.172  16.688  19.028 0.0000000000
90277  48.420  16.965  17.049 0.0000000000
90278  47.450  16.948  17.186 0.0000000000
120420  51.984  15.462  23.558 0.0000000000
125856  44.911  18.841  29.324 0.0000000000
133723  43.793  11.834  21.191 0.0000000000
135467  41.164  16.371  25.718 0.0000000000
136930  52.146  15.522  27.252 0.0000000000
138450  43.746  16.768  19.051 0.0000000000
138747  49.104  14.506  30.880 0.0000000000
139763  42.903  10.398  26.904 0.0000000000
141517  49.387  15.665  24.967 0.0000000000
142576  51.050  17.044  17.525 0.0000000000
142742  43.851  17.056  27.699 0.0000000000
143304  55.073  14.518  28.423 0.0000000000
