#!ascii label  , from subject sub-v2s4x29633_ses-1 vox2ras=TkReg
1126
122911  34.330  -68.532  6.888 0.3000000119
13056  30.393  -63.506  11.270 0.6000000238
15500  27.550  -60.205  10.791 0.6999999881
16271  27.576  -59.387  10.222 0.6999999881
9416  33.565  -68.420  6.713 0.4000000060
118830  32.813  -65.493  5.893 0.4000000060
9415  35.189  -68.985  6.364 0.5000000000
133688  35.496  -68.456  7.758 0.5000000000
13072  31.054  -63.490  10.865 0.6999999881
14647  29.649  -61.374  11.094 0.6999999881
14627  30.146  -62.046  11.335 0.5000000000
15514  29.224  -60.481  9.816 0.6000000238
15499  28.511  -60.547  10.298 0.6000000238
16286  27.998  -59.978  8.910 0.6999999881
17045  27.481  -58.339  10.395 0.6999999881
118123  34.597  -69.219  4.715 0.5000000000
11584  33.720  -65.703  5.712 0.4000000060
9432  35.537  -69.323  5.112 0.6000000238
11545  32.475  -65.125  7.772 0.4000000060
12356  32.057  -64.782  8.699 0.5000000000
9431  36.468  -69.063  5.240 0.6000000238
12357  31.220  -64.871  8.783 0.6000000238
12306  32.022  -63.879  10.076 0.6000000238
9414  36.055  -69.170  5.872 0.6000000238
13071  31.621  -63.535  10.490 0.6000000238
15513  30.183  -60.665  9.838 0.6000000238
15536  29.316  -60.268  8.945 0.6000000238
16320  28.189  -59.541  7.320 0.6999999881
15537  28.475  -60.082  8.691 0.6999999881
16303  27.681  -59.411  7.782 0.6999999881
17062  27.490  -59.048  8.468 0.6999999881
122096  27.579  -57.348  8.952 0.6999999881
130533  27.502  -58.697  6.690 0.6999999881
114421  27.448  -58.861  7.471 0.6999999881
18601  27.617  -57.006  8.084 0.6999999881
17844  27.547  -58.003  6.019 0.6999999881
126070  34.481  -68.955  4.206 0.5000000000
10850  34.091  -66.625  4.113 0.5000000000
10865  33.212  -66.450  3.824 0.5000000000
11567  32.921  -65.257  6.834 0.4000000060
10167  36.129  -68.288  4.464 0.5000000000
12355  32.919  -64.755  8.638 0.5000000000
12331  32.500  -64.292  9.450 0.6000000238
10144  37.534  -68.172  5.463 0.6000000238
10155  37.110  -67.665  5.153 0.5000000000
10836  36.951  -66.754  5.393 0.5000000000
14645  31.746  -61.879  10.432 0.6999999881
14646  31.093  -61.189  10.279 0.6000000238
122530  30.987  -61.950  10.850 0.6999999881
16300  29.804  -59.805  8.129 0.6000000238
15535  30.476  -60.207  8.885 0.6000000238
16339  29.610  -59.186  6.565 0.6000000238
16301  28.787  -59.854  8.112 0.6000000238
17080  28.947  -59.019  5.883 0.6000000238
17081  28.116  -59.196  6.346 0.6999999881
17110  28.674  -58.124  4.370 0.6000000238
129252  27.350  -57.244  6.425 0.6999999881
18607  27.407  -56.770  7.246 0.6999999881
17098  27.806  -58.238  5.433 0.6999999881
11566  33.810  -65.569  6.753 0.4000000060
114604  34.794  -67.542  4.080 0.5000000000
120646  34.607  -66.038  5.256 0.4000000060
11543  34.335  -65.397  7.732 0.5000000000
12330  33.379  -64.270  9.324 0.6000000238
11601  35.510  -66.554  4.868 0.4000000060
13069  33.166  -63.138  10.122 0.6000000238
10848  36.401  -67.431  4.755 0.4000000060
11583  35.217  -66.061  5.805 0.4000000060
10837  36.152  -66.377  5.408 0.4000000060
11564  35.934  -65.772  6.449 0.4000000060
14664  32.694  -61.648  9.918 0.6999999881
132515  31.923  -60.527  9.325 0.6000000238
15534  31.485  -60.100  8.815 0.6000000238
16338  30.629  -58.977  6.568 0.6000000238
16299  30.940  -59.599  8.056 0.6000000238
17079  30.122  -58.810  5.568 0.6000000238
19361  27.090  -56.162  7.323 0.6999999881
18625  27.100  -56.339  5.469 0.6999999881
17866  28.111  -57.395  4.327 0.6000000238
18624  27.483  -56.979  4.868 0.6000000238
120784  34.409  -65.809  6.053 0.4000000060
11542  35.385  -65.335  7.582 0.4000000060
13862  33.457  -62.320  9.944 0.8000000119
11563  36.943  -65.516  6.456 0.5000000000
15511  32.585  -60.866  9.372 0.6999999881
16298  31.983  -59.647  8.148 0.6000000238
17078  31.126  -58.761  5.876 0.5000000000
16317  31.603  -59.325  7.525 0.6000000238
19352  26.851  -55.616  7.867 0.6999999881
17863  29.682  -58.005  3.368 0.6000000238
17109  29.492  -58.272  3.944 0.6000000238
19371  26.555  -55.669  6.041 0.8000000119
19363  25.995  -55.084  6.518 0.8000000119
17864  28.967  -57.794  3.581 0.6000000238
17865  28.597  -57.447  3.738 0.6000000238
12328  35.159  -64.338  9.016 0.5000000000
12329  34.298  -64.307  9.184 0.6000000238
12352  35.976  -64.707  8.398 0.5000000000
13103  37.543  -63.907  8.334 0.6999999881
12351  37.110  -64.567  7.953 0.4000000060
117532  33.214  -60.469  8.816 0.6999999881
16297  33.036  -59.744  8.072 0.6999999881
16350  32.010  -58.913  5.542 0.6000000238
16316  32.412  -59.354  7.327 0.6000000238
17094  31.180  -58.710  4.920 0.6000000238
20175  25.494  -54.538  6.907 0.6000000238
17108  30.374  -58.329  3.595 0.6000000238
19389  27.208  -55.384  4.886 0.6999999881
20196  26.528  -54.768  5.452 0.6999999881
19393  29.351  -56.352  3.047 0.6999999881
19394  28.632  -56.277  3.506 0.6999999881
19388  27.767  -56.017  4.376 0.6999999881
13084  35.862  -63.939  9.075 0.5000000000
13860  35.586  -63.062  9.316 0.6000000238
118365  34.659  -62.689  9.568 0.6000000238
14682  37.815  -61.518  7.875 0.6999999881
13083  36.740  -63.340  8.878 0.6000000238
14663  34.315  -61.829  9.487 0.6999999881
14681  38.850  -62.130  7.569 0.6999999881
13102  38.429  -63.661  7.891 0.6999999881
14685  34.101  -60.799  8.829 0.6999999881
15532  33.814  -60.134  8.268 0.6999999881
16336  32.729  -59.192  6.288 0.5000000000
16315  33.402  -59.463  7.040 0.6000000238
20939  24.597  -53.586  7.630 0.5000000000
17106  32.065  -58.553  3.758 0.6000000238
17093  32.280  -58.810  4.442 0.6000000238
20964  25.638  -53.766  5.910 0.6000000238
20965  25.258  -53.370  6.234 0.5000000000
17874  31.030  -57.406  3.059 0.6000000238
17107  31.258  -58.628  3.958 0.6000000238
123403  27.411  -54.061  4.476 0.6000000238
136120  26.791  -53.109  5.173 0.5000000000
21781  27.229  -52.444  5.092 0.5000000000
126404  30.441  -56.742  2.875 0.6999999881
128717  30.024  -56.374  2.840 0.6999999881
118826  29.877  -54.899  3.262 0.6999999881
123902  28.408  -55.371  3.772 0.6999999881
20968  27.924  -53.634  4.238 0.5000000000
20205  30.926  -55.088  3.049 0.6999999881
132274  30.116  -53.109  3.522 0.6000000238
14662  35.326  -62.095  9.316 0.6000000238
13878  37.111  -62.258  8.567 0.6999999881
14683  36.027  -61.628  8.719 0.6000000238
15549  38.660  -60.275  6.837 0.6999999881
14684  35.073  -61.142  8.816 0.6999999881
16314  34.443  -59.568  6.789 0.6999999881
15531  34.801  -60.203  7.878 0.6999999881
16335  33.817  -59.343  5.915 0.6000000238
21777  24.543  -52.813  6.482 0.4000000060
16358  33.228  -58.918  4.520 0.5000000000
22663  27.047  -52.302  5.823 0.4000000060
18638  31.393  -56.500  3.083 0.6000000238
17873  31.877  -57.855  3.216 0.6000000238
117035  27.352  -53.121  4.601 0.5000000000
129332  27.753  -52.376  4.587 0.5000000000
20974  28.670  -53.742  3.902 0.5000000000
21791  29.093  -52.178  4.051 0.4000000060
19392  30.911  -55.873  2.954 0.6000000238
20972  30.661  -54.345  3.140 0.6999999881
125694  30.877  -53.598  3.148 0.6000000238
21789  30.872  -52.748  3.217 0.5000000000
127476  37.171  -60.811  7.693 0.6000000238
124179  36.484  -60.506  7.615 0.6999999881
15530  35.813  -60.757  8.140 0.6999999881
131467  38.620  -59.322  6.458 0.6999999881
16311  37.616  -59.936  6.863 0.6999999881
16313  35.439  -59.729  6.892 0.6000000238
16334  35.109  -59.387  6.080 0.6000000238
17862  33.596  -57.640  3.811 0.6000000238
17092  33.819  -58.821  4.449 0.5000000000
17117  33.099  -58.264  3.628 0.6000000238
120101  32.319  -56.346  3.332 0.6000000238
17872  32.665  -57.791  3.368 0.6000000238
117574  28.362  -51.920  4.411 0.4000000060
22667  27.785  -51.711  4.775 0.5000000000
22662  27.473  -51.669  5.403 0.4000000060
20204  31.812  -54.975  2.891 0.6000000238
23571  28.900  -50.716  4.281 0.4000000060
20971  31.803  -54.233  2.709 0.6000000238
21788  31.940  -53.268  2.545 0.5000000000
16312  36.494  -59.837  6.984 0.6999999881
15551  35.781  -60.212  7.464 0.6000000238
17076  37.925  -58.370  6.241 0.6999999881
17077  36.421  -58.657  5.948 0.6000000238
16333  36.000  -59.262  6.295 0.6000000238
120293  39.409  -58.420  6.431 0.6999999881
16347  35.431  -59.032  5.547 0.5000000000
125663  33.600  -56.691  3.943 0.6000000238
18631  34.378  -57.064  4.436 0.6000000238
18637  32.887  -56.996  3.492 0.6000000238
19390  32.702  -55.640  3.599 0.5000000000
20203  32.463  -54.811  3.115 0.6000000238
20207  32.473  -54.270  2.619 0.6000000238
21793  32.861  -52.796  2.224 0.5000000000
17088  37.870  -57.483  6.171 0.6999999881
17089  37.074  -58.016  5.916 0.6999999881
17104  35.321  -58.166  5.026 0.6000000238
17860  35.217  -57.300  5.011 0.5000000000
19381  33.785  -55.549  4.894 0.6000000238
19386  34.160  -56.240  4.604 0.6000000238
20200  32.853  -55.066  3.774 0.6000000238
21783  33.468  -53.394  3.023 0.6000000238
21792  33.530  -52.835  2.209 0.5000000000
11560  39.538  -65.862  7.645 0.5000000000
12349  38.667  -64.145  7.590 0.5000000000
12348  39.811  -64.884  8.102 0.5000000000
114509  39.171  -64.171  7.666 0.5000000000
135867  38.833  -63.647  7.724 0.6999999881
13890  40.511  -61.371  7.382 0.6999999881
13101  39.121  -63.472  7.708 0.5000000000
13100  39.789  -63.841  8.185 0.5000000000
14701  39.647  -61.497  6.928 0.6999999881
122112  40.126  -61.553  6.867 0.6999999881
15548  39.698  -60.642  6.602 0.6999999881
10134  33.664  -68.172  7.825 0.3000000119
16287  27.674  -59.586  9.172 0.6999999881
15498  29.478  -60.866  10.489 0.6000000238
17832  27.528  -58.065  8.166 0.6999999881
20164  27.196  -55.497  8.869 0.6999999881
12373  37.479  -64.907  7.053 0.6000000238
17095  30.272  -58.578  4.407 0.6000000238
18640  28.257  -56.443  4.003 0.6999999881
20963  26.270  -54.041  5.494 0.6000000238
20201  27.709  -55.126  4.345 0.6999999881
20969  26.814  -53.667  5.049 0.6000000238
117322  28.918  -54.659  3.571 0.6999999881
21782  26.552  -52.883  5.745 0.5000000000
21776  25.531  -52.955  6.214 0.5000000000
22670  30.610  -51.883  3.330 0.5000000000
130809  34.630  -59.229  5.354 0.5000000000
16332  37.157  -59.235  6.447 0.6999999881
130303  34.568  -58.644  4.619 0.5000000000
20966  32.785  -54.389  3.638 0.6000000238
20970  32.954  -53.883  2.735 0.6000000238
117881  36.184  -58.094  5.634 0.6000000238
20199  33.190  -55.301  4.338 0.6000000238
17851  36.033  -57.398  5.566 0.5000000000
15528  39.940  -59.839  8.137 0.6000000238
15497  34.863  -60.258  10.743 0.6000000238
17028  32.841  -58.905  10.963 0.4000000060
16282  37.393  -59.648  9.086 0.5000000000
15526  41.167  -60.287  7.081 0.6000000238
12334  29.834  -64.995  9.636 0.5000000000
121678  32.632  -59.477  11.598 0.4000000060
12307  31.165  -64.082  10.352 0.5000000000
12291  29.859  -64.144  11.203 0.5000000000
15508  36.849  -60.187  9.660 0.5000000000
119663  30.698  -58.089  12.582 0.4000000060
12290  30.584  -64.000  10.891 0.5000000000
13058  28.878  -63.358  11.940 0.5000000000
16268  35.305  -59.756  10.178 0.6000000238
13057  29.691  -63.470  11.568 0.5000000000
133242  38.244  -59.691  8.746 0.5000000000
15566  41.198  -59.957  6.439 0.6000000238
17767  29.583  -58.029  13.956 0.4000000060
17758  29.199  -57.747  14.792 0.4000000060
16270  33.717  -59.282  10.656 0.4000000060
13043  26.655  -63.467  12.790 0.5000000000
16284  35.782  -59.289  9.547 0.5000000000
13806  28.132  -62.978  12.390 0.5000000000
121718  26.608  -62.048  12.976 0.5000000000
16295  39.280  -59.185  8.155 0.6000000238
17058  39.997  -58.394  7.328 0.6000000238
15547  40.432  -60.865  6.546 0.6000000238
14648  28.844  -61.127  11.053 0.5000000000
14614  26.451  -61.205  12.847 0.5000000000
13789  25.933  -61.914  13.343 0.4000000060
17060  37.367  -58.338  8.515 0.5000000000
130294  37.108  -59.079  8.859 0.5000000000
17059  38.491  -57.874  7.980 0.6000000238
17827  39.511  -57.628  7.305 0.6000000238
16329  41.000  -59.412  6.282 0.6000000238
17074  39.778  -57.975  6.657 0.6000000238
16331  40.089  -59.213  6.406 0.6000000238
134185  31.751  -58.261  11.564 0.4000000060
17766  29.771  -57.564  13.359 0.4000000060
15461  26.756  -60.345  12.329 0.5000000000
128814  26.036  -60.329  13.088 0.5000000000
126793  24.327  -59.747  13.271 0.4000000060
15482  27.381  -60.612  11.682 0.6000000238
129997  25.566  -61.090  13.318 0.4000000060
126646  35.570  -58.388  9.178 0.6000000238
121814  37.748  -57.359  8.144 0.6000000238
17828  38.868  -56.973  7.483 0.6000000238
17838  38.801  -56.526  7.155 0.6000000238
18515  28.834  -56.858  14.804 0.4000000060
16233  26.326  -59.603  12.749 0.5000000000
122745  25.402  -58.790  13.229 0.4000000060
17018  24.027  -58.278  12.679 0.4000000060
17044  32.868  -58.103  10.558 0.6000000238
17029  32.188  -58.087  11.071 0.4000000060
17817  34.886  -57.662  9.193 0.6000000238
16285  34.984  -59.089  9.785 0.6000000238
17061  36.595  -57.888  8.598 0.5000000000
119484  36.237  -56.469  8.449 0.6000000238
17830  35.841  -57.342  8.695 0.5000000000
18605  38.773  -56.525  6.927 0.6000000238
136421  28.616  -56.053  16.034 0.4000000060
17777  30.885  -57.481  12.094 0.4000000060
17793  26.909  -57.808  11.786 0.6000000238
17780  26.040  -57.478  12.765 0.5000000000
17781  24.386  -57.522  12.762 0.5000000000
17782  23.667  -57.690  12.318 0.5000000000
17807  31.876  -57.200  10.901 0.4000000060
124871  31.527  -57.689  11.520 0.4000000060
18575  32.341  -56.725  10.407 0.5000000000
18584  34.225  -56.041  9.076 0.5000000000
17831  35.172  -56.551  8.743 0.5000000000
18598  37.114  -55.911  8.081 0.6000000238
19347  37.687  -55.666  7.455 0.6000000238
17843  38.519  -56.909  6.503 0.6000000238
20090  28.697  -54.864  14.161 0.4000000060
133505  28.881  -56.407  14.249 0.4000000060
19271  28.525  -55.293  14.847 0.4000000060
20043  28.911  -54.778  16.166 0.4000000060
18587  27.507  -56.875  9.818 0.6000000238
19285  29.113  -55.354  13.415 0.4000000060
18546  29.673  -56.832  13.043 0.4000000060
17779  26.465  -56.689  12.339 0.6000000238
114740  24.916  -55.923  12.767 0.5000000000
18550  23.887  -56.948  12.462 0.4000000060
115671  31.218  -56.716  11.462 0.4000000060
18585  33.418  -56.612  9.610 0.5000000000
18600  35.229  -55.308  8.629 0.5000000000
19349  36.137  -54.662  8.179 0.6000000238
19368  37.852  -55.659  6.857 0.6000000238
18614  37.473  -56.013  6.358 0.6000000238
20076  28.547  -54.447  14.933 0.4000000060
121294  27.432  -56.031  9.915 0.6000000238
18563  27.159  -56.142  11.252 0.6000000238
18547  26.243  -55.799  12.411 0.5000000000
117292  22.899  -55.036  12.483 0.5000000000
19298  30.110  -55.490  12.121 0.4000000060
121485  31.319  -55.914  11.052 0.4000000060
133014  32.268  -56.033  10.317 0.5000000000
119671  33.535  -54.749  9.611 0.5000000000
20172  36.531  -54.545  7.697 0.5000000000
20828  29.296  -54.085  16.136 0.4000000060
20122  26.989  -55.012  10.808 0.6000000238
19300  26.196  -54.986  12.335 0.5000000000
20105  24.770  -54.106  12.738 0.5000000000
19338  32.726  -55.277  10.008 0.5000000000
19336  34.399  -54.744  9.136 0.4000000060
20163  35.448  -53.230  8.769 0.4000000060
20182  36.661  -54.660  7.131 0.4000000060
19370  36.350  -55.086  6.456 0.6000000238
18622  35.905  -56.564  5.611 0.4000000060
21635  29.725  -52.759  15.988 0.4000000060
20870  28.737  -53.985  14.259 0.4000000060
20150  27.185  -55.285  9.901 0.6000000238
20869  29.196  -53.525  13.569 0.4000000060
20165  26.455  -54.967  8.398 0.5000000000
122318  26.623  -54.494  10.921 0.5000000000
20103  25.727  -53.805  12.079 0.5000000000
20887  24.030  -53.509  12.949 0.4000000060
20901  26.196  -54.015  11.322 0.4000000060
20135  32.366  -54.471  10.402 0.5000000000
20149  33.288  -54.098  10.100 0.5000000000
20926  33.973  -52.945  10.204 0.6000000238
20173  35.919  -53.985  7.667 0.4000000060
20955  35.393  -53.692  7.284 0.4000000060
20192  35.354  -55.008  6.109 0.4000000060
20937  35.148  -52.254  9.006 0.5000000000
20938  25.208  -53.947  8.218 0.5000000000
20928  25.544  -53.709  9.213 0.6000000238
20929  24.739  -53.395  8.484 0.4000000060
20956  34.544  -53.569  6.944 0.5000000000
19380  34.728  -55.671  5.347 0.5000000000
22626  34.027  -51.740  9.729 0.5000000000
20924  35.162  -52.548  9.234 0.5000000000
21766  34.859  -52.444  8.420 0.5000000000
20946  34.225  -52.969  7.585 0.5000000000
21668  29.266  -52.497  14.583 0.4000000060
20967  32.658  -53.581  4.286 0.5000000000
20194  33.321  -54.902  5.283 0.4000000060
20185  33.794  -54.326  6.123 0.5000000000
21754  33.488  -51.959  8.958 0.5000000000
22638  32.972  -51.574  9.571 0.5000000000
21757  24.097  -53.062  7.602 0.4000000060
21779  31.904  -52.713  5.095 0.4000000060
20962  31.940  -53.432  5.362 0.4000000060
20195  32.772  -54.598  4.751 0.5000000000
20961  32.204  -53.937  5.547 0.5000000000
20947  33.041  -53.095  7.316 0.5000000000
20958  32.359  -53.695  6.401 0.5000000000
21768  32.629  -52.575  7.953 0.5000000000
21756  31.081  -52.050  8.026 0.5000000000
21770  30.860  -52.276  7.202 0.4000000060
15481  27.932  -60.861  11.069 0.5000000000
124682  27.346  -58.758  10.945 0.6000000238
13830  28.715  -62.410  11.994 0.6000000238
17808  27.455  -57.397  10.600 0.6000000238
12333  30.775  -64.637  9.617 0.5000000000
20949  24.951  -54.009  7.242 0.5000000000
18621  36.834  -56.645  5.875 0.6000000238
19379  35.690  -55.768  5.806 0.4000000060
13807  27.215  -62.639  12.717 0.5000000000
14612  27.946  -62.092  12.338 0.5000000000
14613  27.165  -61.704  12.523 0.5000000000
16234  25.684  -59.565  13.217 0.4000000060
16235  24.374  -58.995  13.065 0.4000000060
17053  34.091  -58.033  9.707 0.6000000238
117186  26.517  -58.088  12.359 0.6000000238
17008  24.812  -58.146  13.129 0.4000000060
18562  30.353  -56.535  12.252 0.4000000060
18577  27.403  -56.499  10.660 0.6000000238
133360  26.645  -57.401  12.201 0.6000000238
17768  25.187  -57.375  13.029 0.5000000000
18565  23.330  -57.202  12.052 0.5000000000
17809  22.915  -57.906  11.144 0.5000000000
19303  23.456  -55.508  12.483 0.5000000000
19319  26.594  -55.408  12.015 0.5000000000
19302  24.463  -55.067  12.729 0.5000000000
19301  25.486  -55.324  12.634 0.5000000000
19350  35.432  -54.120  8.650 0.5000000000
20106  24.059  -54.231  12.822 0.5000000000
20136  31.664  -54.656  10.729 0.5000000000
20151  26.733  -54.756  9.356 0.6000000238
20184  34.949  -54.243  6.447 0.3000000119
21775  30.818  -52.146  6.562 0.4000000060
6181  35.486  -73.353  11.825 0.3000000119
6186  37.092  -72.745  10.787 0.3000000119
6180  36.806  -73.195  11.947 0.3000000119
135309  38.062  -72.004  11.170 0.3000000119
6790  37.714  -72.321  10.987 0.3000000119
131412  37.685  -72.771  11.830 0.3000000119
7403  37.171  -70.644  11.651 0.3000000119
7424  38.220  -71.228  11.208 0.3000000119
6762  38.260  -73.090  15.300 0.3000000119
6783  38.406  -72.799  13.088 0.3000000119
7423  38.779  -71.142  11.851 0.3000000119
8040  37.991  -70.540  11.762 0.3000000119
6761  38.810  -72.412  14.871 0.3000000119
7369  38.840  -71.284  15.750 0.3000000119
125608  39.261  -71.614  14.564 0.3000000119
127134  39.352  -71.355  13.715 0.4000000060
8025  39.136  -70.517  12.498 0.4000000060
123382  37.892  -70.034  12.396 0.4000000060
8011  35.980  -70.078  13.716 0.3000000119
8002  39.725  -70.089  15.574 0.3000000119
8008  40.048  -70.042  14.870 0.4000000060
8009  39.865  -69.997  13.920 0.4000000060
134149  39.417  -70.022  13.169 0.4000000060
114764  39.105  -70.283  16.063 0.3000000119
8010  37.118  -69.656  13.273 0.4000000060
120012  36.824  -69.089  16.620 0.4000000060
8647  38.575  -69.592  16.376 0.4000000060
8677  36.211  -69.397  14.088 0.4000000060
8646  39.413  -69.298  16.154 0.4000000060
8661  40.232  -69.055  15.354 0.3000000119
8675  39.602  -69.240  13.716 0.4000000060
125724  39.108  -68.611  16.309 0.4000000060
9325  38.970  -68.538  13.968 0.5000000000
9413  36.865  -68.974  6.298 0.5000000000
9303  37.481  -68.100  16.520 0.4000000060
8676  37.542  -68.875  13.808 0.4000000060
118062  34.238  -67.937  8.563 0.3000000119
10107  35.623  -67.859  9.054 0.4000000060
10075  33.527  -67.630  13.604 0.3000000119
132928  30.794  -65.233  8.080 0.4000000060
137083  29.788  -65.249  8.777 0.4000000060
11562  37.772  -65.357  6.523 0.4000000060
11561  38.642  -65.544  6.778 0.4000000060
10835  37.761  -67.084  5.743 0.4000000060
9301  40.000  -68.442  15.927 0.4000000060
8674  40.416  -68.302  14.875 0.3000000119
9324  40.016  -68.104  14.408 0.5000000000
10834  38.509  -66.945  6.422 0.4000000060
9412  37.726  -68.559  6.174 0.4000000060
9302  38.550  -68.012  16.402 0.4000000060
10121  35.176  -68.198  8.420 0.4000000060
9326  37.980  -67.699  14.226 0.4000000060
10106  36.479  -67.834  8.911 0.5000000000
9327  36.323  -68.246  14.271 0.5000000000
129513  36.072  -67.462  9.603 0.4000000060
113875  34.200  -67.414  9.952 0.4000000060
10071  34.778  -67.489  14.169 0.3000000119
10096  34.431  -67.169  10.780 0.4000000060
12309  29.415  -64.683  10.579 0.4000000060
12372  38.257  -64.725  7.033 0.4000000060
10048  39.579  -67.444  16.071 0.4000000060
9323  40.392  -67.611  14.922 0.4000000060
10129  39.294  -67.335  7.554 0.4000000060
10119  38.357  -68.173  7.630 0.5000000000
10760  40.027  -66.846  15.210 0.4000000060
10067  39.322  -67.316  14.542 0.4000000060
10105  38.570  -67.866  8.261 0.5000000000
10750  38.240  -66.251  16.059 0.4000000060
10761  39.422  -66.459  15.417 0.4000000060
10765  39.370  -66.423  14.975 0.4000000060
10068  38.366  -66.530  14.633 0.5000000000
10069  36.904  -66.984  14.341 0.5000000000
10819  39.600  -67.301  8.248 0.4000000060
10809  38.247  -67.513  9.085 0.5000000000
11439  37.919  -65.539  15.741 0.4000000060
10769  35.038  -66.637  13.921 0.5000000000
10810  37.012  -67.439  9.442 0.4000000060
10775  34.439  -66.509  13.346 0.4000000060
10781  34.873  -65.992  12.329 0.4000000060
10791  34.598  -66.705  11.569 0.4000000060
126607  36.197  -66.842  10.463 0.4000000060
136769  40.010  -65.762  8.313 0.4000000060
12347  40.633  -64.428  9.108 0.3000000119
11452  38.575  -65.709  15.278 0.4000000060
122569  37.341  -66.034  14.477 0.4000000060
126462  39.987  -67.021  9.142 0.4000000060
17019  23.379  -58.417  12.129 0.4000000060
11454  37.636  -64.829  15.491 0.4000000060
11453  38.196  -65.160  15.316 0.4000000060
10768  36.118  -66.230  14.205 0.5000000000
122365  35.535  -65.939  13.829 0.5000000000
10807  40.234  -66.390  10.013 0.5000000000
114493  37.661  -66.929  10.037 0.4000000060
12237  38.083  -64.283  15.019 0.4000000060
128852  34.674  -65.977  12.964 0.4000000060
10790  35.386  -66.314  11.418 0.4000000060
11511  37.097  -66.138  10.902 0.4000000060
13099  40.476  -63.345  8.694 0.4000000060
11525  40.462  -66.191  9.575 0.3000000119
11459  38.186  -64.559  15.161 0.4000000060
115746  37.599  -64.717  14.624 0.4000000060
117481  40.783  -65.825  10.230 0.3000000119
12246  37.858  -64.108  14.555 0.4000000060
11466  36.751  -64.827  14.005 0.4000000060
11480  35.422  -65.497  12.919 0.5000000000
120009  38.186  -63.494  15.151 0.4000000060
12245  38.437  -63.547  14.944 0.4000000060
11479  36.330  -65.035  12.610 0.4000000060
131801  36.659  -65.387  11.761 0.4000000060
10799  38.227  -66.305  10.521 0.4000000060
14679  40.701  -60.935  7.519 0.4000000060
12256  37.471  -64.227  13.867 0.4000000060
8030  30.456  -70.551  13.535 0.3000000119
130564  37.997  -72.861  15.808 0.3000000119
125805  38.384  -71.087  16.130 0.3000000119
8648  37.468  -69.810  16.544 0.4000000060
10050  37.053  -67.185  16.432 0.4000000060
10049  38.466  -67.146  16.271 0.4000000060
10752  35.568  -66.679  16.424 0.4000000060
11440  36.820  -65.339  15.959 0.4000000060
12327  41.212  -64.423  9.918 0.3000000119
12239  36.878  -63.717  15.670 0.4000000060
13858  40.709  -63.305  9.441 0.4000000060
13068  41.061  -63.963  10.685 0.4000000060
115022  40.940  -64.961  11.118 0.4000000060
13761  37.180  -62.345  15.648 0.4000000060
12255  38.498  -63.417  14.467 0.4000000060
12272  38.332  -63.647  13.675 0.4000000060
12289  37.419  -64.700  12.335 0.4000000060
11495  39.568  -65.140  11.439 0.3000000119
11510  39.331  -65.999  10.628 0.4000000060
13016  38.781  -62.834  14.757 0.4000000060
10120  36.321  -68.358  7.891 0.4000000060
14658  40.359  -61.377  8.415 0.4000000060
118242  37.417  -72.157  9.976 0.3000000119
6789  37.884  -71.255  10.712 0.3000000119
7430  30.558  -71.566  12.584 0.3000000119
7408  30.866  -71.215  13.339 0.3000000119
6788  38.312  -72.198  11.920 0.3000000119
6744  38.494  -72.258  15.554 0.3000000119
6775  38.973  -72.164  13.694 0.4000000060
8026  38.573  -70.318  12.074 0.4000000060
7386  39.490  -70.930  15.243 0.3000000119
135795  39.323  -70.659  15.706 0.3000000119
124408  39.438  -70.668  13.339 0.4000000060
8690  38.608  -69.702  13.006 0.4000000060
7997  37.064  -70.733  16.578 0.3000000119
120355  36.114  -68.337  16.677 0.4000000060
10070  35.620  -67.315  14.262 0.5000000000
10776  33.785  -67.001  13.207 0.3000000119
10751  36.879  -66.225  16.241 0.4000000060
11497  35.687  -65.608  12.094 0.4000000060
11496  38.053  -65.392  11.379 0.4000000060
130322  36.705  -61.185  10.528 0.4000000060
14660  37.864  -61.101  9.929 0.4000000060
15478  34.475  -60.770  11.392 0.4000000060
16251  33.283  -59.746  11.308 0.3000000119
117758  36.392  -60.600  10.268 0.5000000000
14659  38.918  -61.121  9.407 0.4000000060
16281  38.991  -60.188  8.702 0.4000000060
16139  30.892  -59.904  20.719 0.3000000119
15366  30.733  -60.286  19.502 0.3000000119
16953  29.873  -58.003  18.153 0.3000000119
16991  30.026  -59.074  15.418 0.3000000119
17746  29.536  -58.459  15.202 0.3000000119
17006  30.212  -58.295  13.278 0.3000000119
16150  30.685  -59.364  19.155 0.3000000119
16952  30.526  -58.609  19.529 0.3000000119
17703  30.136  -57.755  19.086 0.3000000119
16128  31.490  -59.411  21.269 0.3000000119
131373  32.042  -58.665  21.457 0.3000000119
17717  29.126  -57.540  16.518 0.3000000119
126692  28.749  -56.658  16.247 0.3000000119
16924  30.873  -58.194  20.537 0.3000000119
18446  30.320  -56.465  19.451 0.3000000119
119163  29.333  -57.266  17.645 0.3000000119
18427  32.853  -56.607  20.821 0.3000000119
18429  31.350  -56.834  20.614 0.3000000119
131178  31.484  -55.426  19.430 0.3000000119
19179  32.521  -55.941  20.353 0.3000000119
119434  33.192  -55.322  19.713 0.3000000119
17657  32.826  -57.601  21.350 0.3000000119
18461  29.534  -56.497  18.201 0.3000000119
19216  29.791  -55.757  18.058 0.3000000119
19250  29.112  -55.401  16.712 0.3000000119
19178  33.436  -56.109  20.409 0.3000000119
19197  30.747  -55.811  19.409 0.3000000119
19998  30.818  -54.985  17.792 0.3000000119
19194  34.015  -55.000  19.231 0.3000000119
19975  32.668  -54.877  19.062 0.3000000119
19976  31.944  -54.980  18.822 0.3000000119
19995  33.457  -54.525  17.559 0.3000000119
20042  30.032  -54.086  16.493 0.3000000119
19234  29.693  -55.359  17.251 0.3000000119
20812  30.831  -54.062  16.714 0.3000000119
20827  30.356  -53.183  16.440 0.3000000119
121067  28.919  -52.991  15.017 0.3000000119
21633  30.942  -52.382  16.699 0.3000000119
21634  30.305  -52.200  16.322 0.3000000119
21651  29.856  -51.991  15.733 0.3000000119
15480  32.866  -60.138  11.993 0.3000000119
15477  35.280  -60.973  11.089 0.4000000060
16997  29.936  -58.766  14.080 0.3000000119
18494  28.801  -56.016  16.650 0.3000000119
14625  35.847  -61.647  11.497 0.5000000000
120352  30.850  -59.045  20.684 0.3000000119
17704  29.658  -57.256  18.469 0.3000000119
16966  29.657  -58.254  17.202 0.3000000119
16202  30.469  -59.373  14.649 0.3000000119
16215  30.606  -59.171  13.662 0.3000000119
17673  30.777  -57.353  20.362 0.3000000119
17672  31.377  -57.625  20.868 0.3000000119
134856  29.225  -56.588  17.610 0.3000000119
19180  31.513  -55.975  20.185 0.3000000119
19973  33.967  -54.655  18.416 0.3000000119
19994  34.215  -54.585  17.519 0.3000000119
19215  30.435  -55.512  18.483 0.3000000119
19193  35.364  -55.437  19.320 0.3000000119
19997  31.634  -54.754  17.798 0.3000000119
12286  40.562  -64.453  11.465 0.3000000119
12270  40.051  -63.861  12.031 0.4000000060
14594  37.712  -61.720  14.504 0.4000000060
13803  38.443  -62.468  13.123 0.4000000060
13824  40.446  -63.392  11.093 0.3000000119
14608  36.870  -61.787  13.708 0.4000000060
117850  36.636  -61.444  14.622 0.3000000119
13801  39.946  -63.405  11.880 0.4000000060
13804  37.148  -62.210  12.788 0.4000000060
14595  35.661  -61.655  13.681 0.3000000119
13846  38.973  -62.448  10.834 0.3000000119
13826  38.715  -62.618  11.847 0.4000000060
14609  35.903  -61.892  12.567 0.4000000060
14642  38.329  -61.763  10.261 0.3000000119
13847  37.849  -62.231  11.041 0.4000000060
14626  34.981  -61.506  11.813 0.4000000060
118504  40.082  -62.755  10.568 0.3000000119
14641  39.461  -62.050  9.955 0.3000000119
119165  40.011  -61.531  9.169 0.3000000119
13845  40.683  -63.359  10.212 0.3000000119
13805  36.544  -62.136  11.957 0.4000000060
13802  39.288  -62.929  12.525 0.4000000060
113677  36.381  -70.020  16.738 0.3000000119
13040  39.043  -63.355  13.215 0.3000000119
7959  33.705  -70.632  19.309 0.3000000119
7982  33.902  -70.501  17.945 0.3000000119
8627  35.360  -70.227  17.058 0.3000000119
8649  35.721  -69.366  16.842 0.3000000119
13039  39.324  -63.252  12.802 0.3000000119
13027  38.981  -62.959  13.967 0.3000000119
9250  33.797  -68.567  20.086 0.3000000119
116742  33.614  -69.107  17.948 0.3000000119
9272  33.536  -69.021  18.694 0.3000000119
8650  35.100  -68.900  16.918 0.3000000119
10052  34.707  -67.394  16.644 0.3000000119
13786  38.912  -62.764  13.700 0.3000000119
10677  35.275  -66.790  21.524 0.3000000119
118009  33.543  -68.078  19.761 0.3000000119
125357  33.997  -67.996  20.503 0.3000000119
130848  33.342  -68.512  18.154 0.3000000119
10025  33.262  -68.150  18.849 0.3000000119
9305  33.934  -67.975  16.996 0.3000000119
125355  33.817  -67.247  20.497 0.3000000119
10011  33.226  -67.284  19.616 0.3000000119
9273  32.930  -67.773  17.951 0.3000000119
116739  32.844  -67.434  18.619 0.3000000119
128997  34.550  -66.715  16.503 0.3000000119
116865  35.943  -65.889  16.217 0.3000000119
12227  35.838  -63.893  15.953 0.3000000119
11381  35.023  -65.906  21.253 0.3000000119
10053  33.726  -67.085  16.759 0.3000000119
10037  33.205  -67.557  17.256 0.3000000119
10753  33.947  -66.258  16.444 0.3000000119
14593  38.189  -61.856  14.892 0.3000000119
11395  34.114  -65.841  20.728 0.3000000119
12166  34.678  -65.124  20.886 0.3000000119
10707  32.955  -66.287  19.723 0.3000000119
10012  32.608  -66.732  18.881 0.3000000119
10754  33.224  -66.458  16.724 0.3000000119
115097  34.696  -64.423  16.152 0.3000000119
13006  36.602  -62.958  15.819 0.3000000119
14562  37.977  -61.873  15.134 0.3000000119
14578  37.400  -61.594  15.080 0.3000000119
12271  39.386  -63.788  12.559 0.3000000119
11412  32.875  -65.310  19.842 0.3000000119
10739  32.156  -66.363  17.639 0.3000000119
11442  34.311  -65.384  16.269 0.3000000119
8628  34.748  -69.587  17.238 0.3000000119
8612  33.678  -69.944  18.477 0.3000000119
8629  34.004  -69.726  17.735 0.3000000119
6743  39.019  -71.742  15.284 0.3000000119
6782  38.833  -71.985  12.560 0.4000000060
7392  39.623  -70.795  14.283 0.4000000060
7402  39.182  -71.334  12.827 0.4000000060
7444  37.273  -70.978  10.474 0.3000000119
7995  39.764  -69.441  15.859 0.4000000060
7996  38.084  -70.489  16.379 0.3000000119
8605  33.674  -69.646  19.386 0.3000000119
9261  33.627  -68.773  19.464 0.3000000119
9287  34.198  -68.859  17.327 0.3000000119
9288  33.501  -68.319  17.618 0.3000000119
9304  34.935  -68.199  16.811 0.3000000119
9312  40.400  -67.919  15.332 0.3000000119
9430  37.158  -68.790  5.478 0.6000000238
9433  34.476  -68.986  5.829 0.6000000238
9447  36.762  -68.485  4.881 0.5000000000
9448  36.013  -68.933  4.594 0.6000000238
9449  35.213  -69.025  4.399 0.5000000000
9469  34.664  -68.518  3.957 0.5000000000
10038  32.645  -66.998  17.459 0.3000000119
10047  40.213  -67.456  15.606 0.4000000060
10051  35.774  -67.468  16.573 0.4000000060
10054  33.002  -66.898  17.006 0.3000000119
10060  40.347  -67.162  15.216 0.4000000060
10061  40.007  -66.853  15.511 0.4000000060
10066  40.123  -67.136  14.924 0.4000000060
10074  34.264  -67.219  13.758 0.3000000119
10095  35.190  -67.335  10.002 0.4000000060
10108  34.719  -67.770  9.262 0.3000000119
10118  39.019  -67.835  7.716 0.4000000060
10130  38.891  -67.616  6.924 0.4000000060
10131  37.680  -68.567  7.162 0.5000000000
10132  35.792  -68.789  6.973 0.5000000000
10133  34.825  -68.464  7.592 0.5000000000
10143  38.204  -67.879  6.214 0.4000000060
10156  35.490  -68.459  4.232 0.5000000000
10175  33.853  -67.494  3.719 0.5000000000
10691  34.355  -66.605  20.941 0.3000000119
10692  33.581  -66.524  20.364 0.3000000119
10749  39.304  -66.469  15.832 0.4000000060
10755  32.498  -66.251  16.977 0.3000000119
10762  38.746  -65.849  15.571 0.4000000060
10766  38.227  -65.489  14.893 0.4000000060
10767  36.942  -65.361  14.341 0.4000000060
10774  35.065  -65.948  13.413 0.5000000000
10782  34.166  -66.582  12.580 0.3000000119
10789  36.145  -66.029  11.337 0.4000000060
10798  39.092  -66.866  9.661 0.5000000000
10800  35.158  -66.894  10.834 0.4000000060
10808  39.224  -67.497  8.644 0.4000000060
10826  39.617  -66.860  7.800 0.4000000060
10827  39.130  -66.662  7.029 0.5000000000
10849  34.820  -66.595  4.465 0.4000000060
10864  35.567  -67.502  4.364 0.5000000000
11396  33.412  -65.831  20.281 0.3000000119
11441  35.586  -65.094  16.067 0.4000000060
11460  36.115  -65.561  13.964 0.5000000000
11467  35.798  -65.484  13.528 0.4000000060
11494  40.437  -64.929  11.419 0.3000000119
11508  41.048  -65.352  10.595 0.4000000060
11509  40.495  -65.565  10.804 0.4000000060
11524  41.076  -65.309  9.916 0.3000000119
11526  30.430  -65.066  8.867 0.4000000060
11540  40.419  -65.578  8.969 0.3000000119
11541  40.048  -66.551  8.584 0.4000000060
11544  33.362  -65.222  7.754 0.5000000000
11565  34.823  -65.801  6.790 0.4000000060
11568  32.045  -65.246  6.724 0.4000000060
11581  38.066  -66.115  6.326 0.4000000060
11582  37.353  -66.071  6.000 0.5000000000
11602  34.008  -66.073  4.814 0.4000000060
11603  33.230  -65.871  5.081 0.4000000060
11617  33.488  -66.161  4.450 0.5000000000
12226  36.726  -64.508  15.765 0.4000000060
12238  37.562  -64.010  15.379 0.4000000060
12257  36.390  -64.927  13.313 0.4000000060
12273  37.255  -64.399  13.144 0.4000000060
12285  40.999  -64.417  11.116 0.3000000119
12287  39.944  -64.422  11.923 0.4000000060
12288  38.791  -64.512  12.145 0.3000000119
12305  41.217  -64.655  10.525 0.4000000060
12308  30.300  -64.445  10.439 0.5000000000
12332  31.632  -64.414  9.549 0.6000000238
12350  37.989  -64.330  7.658 0.6000000238
12353  34.845  -64.888  8.509 0.5000000000
12354  33.857  -64.838  8.596 0.6000000238
12371  39.005  -64.768  7.285 0.5000000000
12374  36.485  -65.188  7.318 0.4000000060
13004  38.502  -62.861  15.160 0.4000000060
13005  37.678  -63.069  15.500 0.4000000060
13026  38.795  -62.552  14.483 0.3000000119
13055  40.620  -63.940  11.405 0.3000000119
13070  32.287  -63.289  10.301 0.6000000238
13082  40.911  -63.829  9.564 0.4000000060
13085  34.739  -63.607  9.401 0.6000000238
13086  33.730  -63.651  9.624 0.6000000238
13087  32.873  -63.730  9.890 0.6000000238
13104  36.701  -64.137  8.614 0.6000000238
13116  40.238  -62.389  8.167 0.5000000000
13117  39.784  -62.915  7.995 0.5000000000
13760  37.988  -62.268  15.337 0.4000000060
13773  38.609  -62.241  14.947 0.3000000119
13787  38.529  -62.139  14.366 0.3000000119
13788  37.889  -61.978  13.791 0.4000000060
13808  26.262  -62.689  13.170 0.5000000000
13825  39.721  -62.910  11.514 0.4000000060
13827  37.508  -62.410  11.952 0.4000000060
13828  30.139  -62.884  11.479 0.5000000000
13829  29.490  -62.658  11.684 0.6999999881
13844  41.044  -63.825  10.000 0.3000000119
13848  36.754  -61.857  11.133 0.4000000060
13849  31.568  -62.787  10.662 0.6999999881
13850  30.756  -62.757  11.156 0.6000000238
13859  40.348  -62.422  9.451 0.3000000119
13861  33.967  -63.024  9.781 0.6000000238
13874  40.367  -62.127  8.439 0.4000000060
13875  38.993  -63.001  7.663 0.6999999881
13876  38.562  -62.946  7.925 0.6999999881
13877  37.819  -63.154  8.375 0.6999999881
13891  40.076  -61.977  7.344 0.6999999881
13892  39.403  -62.673  7.634 0.6999999881
14563  37.046  -61.759  15.498 0.3000000119
14579  35.449  -61.259  14.701 0.3000000119
14596  34.607  -61.432  13.739 0.3000000119
14628  29.239  -61.821  11.527 0.6000000238
14629  28.406  -61.560  11.712 0.5000000000
14630  27.684  -61.284  11.988 0.5000000000
14643  36.054  -61.152  10.796 0.4000000060
14644  32.471  -62.461  10.314 0.6999999881
14661  36.164  -62.470  9.052 0.6000000238
14665  31.931  -61.189  9.880 0.6000000238
14680  40.671  -60.657  7.760 0.6000000238
14699  41.061  -60.581  6.808 0.6000000238
14700  40.635  -61.075  6.765 0.6000000238
14702  38.772  -61.111  7.270 0.6999999881
14703  37.854  -60.637  7.392 0.6000000238
14715  41.033  -60.318  6.300 0.6000000238
15353  30.720  -60.310  20.202 0.3000000119
15444  25.033  -60.238  13.401 0.4000000060
15445  23.919  -60.421  13.277 0.4000000060
15460  27.080  -61.023  12.265 0.5000000000
15462  23.508  -59.698  12.764 0.4000000060
15479  33.642  -60.564  11.759 0.4000000060
15495  37.133  -60.818  10.048 0.4000000060
15496  35.646  -60.438  10.504 0.5000000000
15506  40.070  -60.676  8.491 0.6000000238
15507  37.857  -60.383  9.398 0.4000000060
15509  36.062  -59.977  9.920 0.6000000238
15510  33.385  -61.316  9.418 0.8000000119
15512  31.203  -60.584  9.557 0.6000000238
15515  28.518  -60.280  9.396 0.6000000238
15516  27.872  -60.123  9.823 0.6999999881
15527  40.659  -60.048  7.598 0.6000000238
15529  36.736  -61.219  8.144 0.6999999881
15533  32.375  -60.176  8.794 0.6000000238
15550  37.097  -60.313  7.320 0.6999999881
15552  33.906  -59.773  7.637 0.6999999881
15567  39.584  -59.867  6.506 0.6999999881
16127  32.503  -59.319  21.596 0.3000000119
16140  30.596  -59.482  20.053 0.3000000119
16214  31.292  -59.590  13.235 0.3000000119
16216  24.981  -59.455  13.361 0.4000000060
16250  34.030  -60.087  10.964 0.3000000119
16253  27.249  -59.490  11.185 0.6999999881
16254  26.817  -59.524  12.009 0.5000000000
16269  34.525  -59.542  10.420 0.6000000238
16283  36.570  -59.514  9.356 0.5000000000
16293  41.084  -59.614  6.825 0.6000000238
16294  40.377  -59.256  7.463 0.6000000238
16296  38.097  -58.887  8.485 0.5000000000
16302  28.073  -59.790  8.198 0.6999999881
16318  30.199  -59.355  7.348 0.6000000238
16319  29.205  -59.508  7.374 0.6000000238
16330  40.799  -59.385  6.218 0.6000000238
16337  31.650  -59.003  6.660 0.6000000238
16340  28.750  -59.335  6.687 0.6999999881
16348  33.857  -59.137  4.949 0.6000000238
16349  33.015  -59.084  5.213 0.5000000000
16912  31.396  -58.454  21.104 0.3000000119
16937  30.471  -57.952  19.934 0.3000000119
16979  29.651  -58.547  16.145 0.3000000119
16998  29.586  -58.391  14.536 0.3000000119
17007  25.522  -58.027  13.092 0.5000000000
17015  31.334  -58.348  12.092 0.4000000060
17016  30.921  -58.805  12.848 0.3000000119
17017  26.047  -58.375  12.915 0.6000000238
17030  32.043  -58.877  11.660 0.4000000060
17031  27.332  -57.971  11.210 0.6000000238
17032  23.106  -58.595  11.398 0.4000000060
17042  34.259  -58.805  10.106 0.6000000238
17043  33.511  -58.452  10.341 0.6000000238
17051  36.443  -58.792  8.970 0.5000000000
17052  34.732  -58.421  9.595 0.6000000238
17054  27.544  -58.772  9.474 0.6999999881
17065  40.547  -58.917  6.746 0.6000000238
17066  40.025  -58.077  6.838 0.6000000238
17067  27.627  -59.206  6.909 0.6999999881
17073  40.361  -58.896  6.535 0.6000000238
17075  38.907  -57.602  6.446 0.6999999881
17082  27.736  -58.760  6.127 0.6999999881
17090  35.514  -58.636  5.329 0.5000000000
17091  34.979  -58.968  4.954 0.5000000000
17096  29.274  -58.498  4.925 0.6000000238
17097  28.298  -58.526  5.407 0.6999999881
17105  32.975  -58.659  3.949 0.6000000238
17118  32.351  -58.275  3.500 0.6000000238
17119  31.332  -58.205  3.367 0.6000000238
17120  30.313  -57.837  3.138 0.6000000238
17658  32.089  -57.824  21.325 0.3000000119
17687  30.288  -57.122  19.736 0.3000000119
17688  29.896  -56.840  19.025 0.3000000119
17732  29.211  -57.937  15.641 0.3000000119
17747  28.870  -57.226  15.579 0.4000000060
17778  30.240  -57.479  12.738 0.4000000060
17792  27.121  -56.987  11.536 0.6000000238
17794  23.206  -57.812  11.749 0.5000000000
17805  33.326  -57.545  10.000 0.6000000238
17806  32.564  -57.447  10.493 0.4000000060
17818  32.861  -56.934  10.064 0.5000000000
17819  27.515  -57.812  9.713 0.6999999881
17829  36.950  -56.879  8.335 0.6000000238
17837  39.398  -57.172  6.964 0.6000000238
17842  39.183  -57.188  6.733 0.6000000238
17850  36.965  -57.399  5.832 0.6999999881
17852  28.077  -57.977  4.714 0.6999999881
17853  27.655  -57.664  5.094 0.6999999881
17861  34.498  -57.927  4.437 0.6000000238
17875  29.543  -57.531  3.119 0.6000000238
17876  28.949  -57.291  3.270 0.6000000238
18411  33.070  -57.146  21.149 0.3000000119
18412  32.444  -57.141  21.121 0.3000000119
18413  31.848  -57.174  21.015 0.3000000119
18428  32.061  -56.581  20.753 0.3000000119
18430  30.734  -56.525  20.080 0.3000000119
18460  30.068  -56.107  18.829 0.3000000119
18477  29.223  -56.001  17.419 0.3000000119
18504  28.640  -56.445  15.496 0.4000000060
18514  29.292  -57.103  13.955 0.4000000060
18531  29.184  -56.231  13.567 0.4000000060
18548  25.607  -56.461  12.756 0.5000000000
18549  24.697  -56.715  12.794 0.5000000000
18551  23.216  -56.427  12.129 0.5000000000
18564  26.776  -56.081  11.855 0.6000000238
18576  31.755  -56.369  10.736 0.4000000060
18586  32.788  -56.237  9.924 0.5000000000
18597  38.002  -56.406  7.651 0.6000000238
18599  36.196  -55.624  8.339 0.5000000000
18606  38.377  -56.038  7.128 0.6000000238
18608  27.017  -56.430  6.358 0.6999999881
18613  38.173  -56.247  6.629 0.6000000238
18615  27.273  -57.153  5.596 0.6999999881
18620  37.673  -56.767  6.188 0.6999999881
18623  35.039  -56.441  5.103 0.5000000000
18632  32.982  -56.304  3.664 0.5000000000
18633  28.496  -56.983  3.709 0.6999999881
18634  27.943  -56.727  4.342 0.6999999881
18639  29.562  -56.963  2.912 0.6999999881
19177  34.097  -55.697  19.893 0.3000000119
19195  32.207  -55.369  19.675 0.3000000119
19196  31.137  -55.184  18.702 0.3000000119
19214  35.686  -54.924  18.579 0.3000000119
19251  28.712  -55.474  16.132 0.4000000060
19260  28.554  -55.715  15.488 0.4000000060
19286  28.742  -55.715  14.154 0.4000000060
19299  29.606  -55.914  12.778 0.4000000060
19318  26.922  -55.510  11.390 0.5000000000
19326  27.251  -55.708  10.668 0.6000000238
19337  33.449  -55.648  9.501 0.5000000000
19339  27.526  -56.322  9.004 0.6000000238
19348  36.959  -55.108  7.845 0.6000000238
19351  27.382  -56.199  8.089 0.6999999881
19358  38.301  -55.979  6.948 0.6000000238
19359  37.988  -55.674  7.082 0.6000000238
19360  37.325  -55.187  7.247 0.6000000238
19362  26.535  -55.698  6.896 0.8000000119
19369  37.197  -55.292  6.687 0.6000000238
19378  36.651  -55.849  6.115 0.6000000238
19382  27.365  -56.214  4.853 0.6999999881
19383  26.844  -55.552  5.437 0.6999999881
19387  33.394  -55.956  4.120 0.6000000238
19391  31.915  -55.644  3.112 0.6000000238
19395  28.172  -55.901  4.009 0.6999999881
19974  33.329  -54.701  18.747 0.3000000119
19996  32.594  -54.592  17.931 0.3000000119
20018  34.490  -54.575  16.732 0.3000000119
20022  30.361  -54.765  17.028 0.3000000119
20023  29.563  -54.765  16.606 0.3000000119
20061  28.780  -54.182  15.581 0.4000000060
20062  28.620  -54.960  15.549 0.4000000060
20089  29.098  -54.430  13.426 0.4000000060
20102  29.581  -54.907  12.605 0.4000000060
20104  25.541  -54.438  12.459 0.5000000000
20123  26.585  -54.803  11.624 0.5000000000
20137  26.784  -54.584  10.227 0.6000000238
20147  35.065  -53.393  9.276 0.5000000000
20148  34.176  -53.748  9.687 0.4000000060
20152  25.994  -54.333  8.833 0.5000000000
20162  35.795  -53.958  8.164 0.4000000060
20166  25.665  -54.496  7.831 0.5000000000
20174  26.132  -55.080  7.404 0.6000000238
20176  25.079  -53.939  6.509 0.5000000000
20183  35.886  -54.364  6.842 0.3000000119
20186  32.792  -54.314  5.820 0.4000000060
20187  26.125  -54.959  5.896 0.6000000238
20188  25.597  -54.534  6.293 0.6000000238
20193  34.298  -54.960  5.679 0.5000000000
20197  25.672  -54.252  5.925 0.6000000238
20198  25.232  -53.726  6.247 0.6000000238
20202  26.997  -54.494  4.951 0.6000000238
20206  28.136  -54.447  4.050 0.6999999881
20841  29.163  -53.363  15.594 0.4000000060
20856  28.937  -53.186  14.384 0.4000000060
20857  28.690  -53.632  15.005 0.4000000060
20886  24.650  -53.146  12.634 0.4000000060
20916  26.388  -54.112  10.522 0.5000000000
20917  25.868  -53.492  10.345 0.4000000060
20925  34.683  -52.630  9.752 0.6000000238
20927  26.288  -54.117  9.766 0.6000000238
20936  35.520  -53.284  8.325 0.4000000060
20944  35.519  -53.285  7.933 0.4000000060
20945  35.085  -53.020  7.778 0.5000000000
20948  31.963  -53.155  7.000 0.5000000000
20950  24.367  -53.371  6.877 0.4000000060
20957  33.416  -53.674  6.684 0.5000000000
20959  31.712  -53.372  6.131 0.4000000060
20960  24.704  -53.334  6.506 0.5000000000
20973  29.754  -53.905  3.546 0.6000000238
20975  32.868  -53.542  2.358 0.6000000238
21652  29.402  -52.569  15.322 0.3000000119
21742  34.729  -51.972  9.666 0.5000000000
21752  35.295  -52.770  8.437 0.4000000060
21753  34.563  -51.974  9.102 0.5000000000
21767  33.908  -52.427  8.282 0.5000000000
21769  31.450  -52.573  7.434 0.4000000060
21774  31.325  -52.711  6.046 0.4000000060
21785  28.318  -52.841  4.239 0.5000000000
21787  33.789  -52.632  2.423 0.5000000000
21790  29.906  -52.393  3.636 0.5000000000
22511  31.451  -51.607  17.061 0.3000000119
22530  30.846  -51.569  16.624 0.3000000119
22531  30.409  -51.465  16.091 0.3000000119
22627  33.362  -51.568  10.188 0.5000000000
22661  27.909  -50.984  4.975 0.4000000060
22666  28.378  -51.163  4.538 0.4000000060
113234  23.504  -54.694  12.735 0.5000000000
113335  29.270  -53.011  3.819 0.5000000000
113468  24.101  -56.101  12.616 0.4000000060
113997  32.454  -66.987  18.096 0.3000000119
115341  26.139  -53.429  5.719 0.5000000000
116321  34.649  -55.369  19.444 0.3000000119
116347  27.459  -57.826  7.127 0.6999999881
116601  40.193  -69.114  14.480 0.4000000060
116951  27.137  -60.066  11.567 0.5000000000
116982  41.232  -64.141  10.144 0.3000000119
117192  34.960  -66.021  16.337 0.3000000119
117844  34.139  -57.105  9.348 0.6000000238
118630  37.385  -61.487  10.488 0.4000000060
118773  33.783  -58.410  4.069 0.6000000238
118838  31.726  -52.332  2.662 0.5000000000
119038  29.848  -58.854  14.752 0.3000000119
119790  38.104  -62.430  8.126 0.6999999881
120282  38.432  -68.251  6.926 0.4000000060
120320  37.533  -68.000  8.357 0.5000000000
120736  37.984  -68.878  16.503 0.4000000060
121121  32.482  -54.035  4.777 0.5000000000
121468  29.128  -55.573  3.271 0.6999999881
122243  31.383  -60.252  21.126 0.3000000119
122852  39.534  -62.148  7.345 0.6999999881
123036  31.034  -52.542  6.747 0.4000000060
123361  31.409  -52.900  6.658 0.4000000060
123503  24.158  -52.785  6.628 0.4000000060
123508  28.594  -56.087  14.818 0.4000000060
123553  32.586  -65.777  5.145 0.4000000060
123709  33.420  -53.239  2.432 0.6000000238
123745  36.675  -66.040  5.847 0.4000000060
123858  40.241  -58.806  6.532 0.6000000238
124234  27.539  -58.220  8.951 0.6999999881
124872  30.033  -55.753  3.008 0.6999999881
125982  30.611  -58.675  20.165 0.3000000119
126015  30.304  -61.287  10.718 0.6000000238
126467  28.983  -56.662  17.061 0.3000000119
126579  23.605  -58.919  12.558 0.4000000060
126727  32.013  -57.154  3.226 0.6000000238
127237  28.950  -56.856  3.204 0.6999999881
127724  33.512  -52.407  2.114 0.5000000000
128126  31.008  -59.182  7.269 0.6000000238
129587  40.662  -63.085  8.925 0.4000000060
129640  26.461  -58.872  12.516 0.5000000000
129692  34.942  -63.545  16.150 0.3000000119
130435  27.740  -59.625  8.468 0.6999999881
130662  41.104  -59.747  6.064 0.6000000238
131845  38.394  -64.008  12.924 0.4000000060
132001  26.933  -58.649  11.702 0.6000000238
132173  35.335  -52.723  8.797 0.5000000000
132522  30.199  -55.290  17.750 0.3000000119
132764  40.680  -59.963  6.130 0.6000000238
132960  26.131  -54.378  12.079 0.5000000000
133283  38.580  -66.246  6.607 0.4000000060
133471  28.449  -57.733  4.083 0.6000000238
133905  25.110  -54.717  12.682 0.5000000000
134292  32.234  -61.781  10.194 0.6999999881
134294  36.312  -66.904  16.425 0.4000000060
134378  26.065  -59.026  13.053 0.6000000238
134410  34.088  -62.480  9.736 0.6999999881
134745  31.841  -55.446  10.567 0.5000000000
135300  30.122  -57.311  2.933 0.6000000238
135809  33.604  -67.657  20.105 0.3000000119
135908  27.895  -60.389  10.464 0.6000000238
136048  34.413  -59.012  4.779 0.5000000000
136176  29.679  -53.473  16.164 0.3000000119
136488  30.132  -65.310  8.270 0.4000000060
136532  34.514  -59.409  6.001 0.5000000000
136797  33.277  -65.473  6.281 0.4000000060
136862  35.092  -58.697  4.924 0.5000000000
136930  39.111  -58.342  7.852 0.6000000238
137024  27.369  -55.749  9.422 0.6000000238
