#!ascii label  , from subject sub-v2s4x29596_ses-1 vox2ras=TkReg
303
16307  39.456  -48.910  16.387 0.0000000000
12324  36.171  -56.032  10.063 0.0000000000
12918  44.073  -54.625  20.183 0.0000000000
13686  36.962  -53.819  15.013 0.0000000000
108383  43.363  -57.464  13.801 0.0000000000
11589  43.539  -56.651  17.326 0.0000000000
9890  42.615  -59.691  15.160 0.0000000000
12299  36.642  -55.408  12.557 0.0000000000
114817  32.823  -52.744  12.501 0.0000000000
14963  42.602  -51.051  18.706 0.0000000000
12258  41.168  -54.694  17.371 0.0000000000
11631  41.270  -56.362  14.839 0.0000000000
120942  40.192  -56.977  12.269 0.0000000000
9953  41.644  -59.179  9.948 0.0000000000
17579  38.468  -47.501  17.914 0.0000000000
16238  41.366  -49.188  19.475 0.0000000000
14285  40.653  -52.519  19.728 0.0000000000
15662  34.307  -50.529  14.398 0.0000000000
107097  41.851  -58.891  16.844 0.0000000000
12305  36.411  -55.613  11.755 0.0000000000
13002  34.288  -54.554  11.386 0.0000000000
14283  43.890  -52.966  20.059 0.0000000000
12928  43.799  -54.667  19.285 0.0000000000
11018  43.646  -56.998  15.167 0.0000000000
11603  43.170  -56.498  15.990 0.0000000000
11630  42.288  -56.755  14.646 0.0000000000
11644  40.102  -56.432  13.581 0.0000000000
11648  41.777  -57.198  13.044 0.0000000000
10533  40.781  -59.006  9.559 0.0000000000
15606  40.788  -49.754  19.754 0.0000000000
14952  42.030  -50.708  20.214 0.0000000000
14964  40.090  -51.666  19.519 0.0000000000
13667  37.854  -53.180  15.965 0.0000000000
14342  35.721  -52.119  15.075 0.0000000000
15686  31.549  -50.830  10.818 0.0000000000
15674  32.092  -50.412  12.043 0.0000000000
11576  42.450  -56.950  19.097 0.0000000000
115643  43.680  -55.988  19.146 0.0000000000
10995  42.866  -58.211  18.212 0.0000000000
10436  43.937  -58.079  16.500 0.0000000000
10469  43.830  -58.616  14.438 0.0000000000
12988  37.197  -54.878  14.108 0.0000000000
125966  35.644  -53.461  14.362 0.0000000000
12991  34.905  -54.076  13.080 0.0000000000
13700  32.314  -52.911  11.194 0.0000000000
108313  36.633  -56.346  8.852 0.0000000000
15648  40.549  -49.706  17.336 0.0000000000
13665  39.517  -53.284  16.942 0.0000000000
12955  39.154  -54.065  16.533 0.0000000000
12248  42.774  -55.676  17.654 0.0000000000
12270  41.408  -55.879  16.289 0.0000000000
12272  39.334  -55.293  15.564 0.0000000000
109524  38.591  -55.705  13.899 0.0000000000
11650  38.721  -56.362  12.592 0.0000000000
112969  37.648  -56.610  11.139 0.0000000000
11063  42.977  -57.986  11.412 0.0000000000
11065  41.428  -57.665  11.370 0.0000000000
11076  39.917  -57.761  10.624 0.0000000000
11078  38.061  -57.305  10.059 0.0000000000
18259  38.053  -46.476  15.436 0.0000000000
118476  38.959  -47.278  15.954 0.0000000000
16915  40.720  -47.943  18.822 0.0000000000
16297  40.917  -48.994  17.720 0.0000000000
15621  42.570  -50.025  19.245 0.0000000000
14938  43.149  -51.435  20.286 0.0000000000
108013  42.202  -54.069  20.254 0.0000000000
12930  39.857  -54.518  19.001 0.0000000000
12228  41.822  -55.133  19.794 0.0000000000
14353  33.594  -51.995  13.743 0.0000000000
16949  39.033  -48.171  15.737 0.0000000000
16950  38.363  -47.762  15.096 0.0000000000
12314  36.225  -55.834  10.914 0.0000000000
12306  35.632  -55.358  11.332 0.0000000000
13631  44.062  -53.825  20.229 0.0000000000
13640  43.983  -53.723  19.721 0.0000000000
12927  44.178  -54.339  19.915 0.0000000000
11032  43.495  -57.280  14.500 0.0000000000
127972  43.411  -57.068  14.828 0.0000000000
11629  43.090  -57.153  14.322 0.0000000000
11642  42.320  -57.056  13.846 0.0000000000
11049  42.936  -57.366  13.122 0.0000000000
9964  40.407  -59.660  9.056 0.0000000000
14954  39.779  -50.728  19.470 0.0000000000
13679  37.433  -53.759  15.403 0.0000000000
14341  36.259  -52.655  15.193 0.0000000000
13687  36.301  -53.468  14.785 0.0000000000
15703  31.770  -50.087  10.719 0.0000000000
10984  42.635  -57.645  18.670 0.0000000000
10996  42.046  -58.259  18.243 0.0000000000
9874  42.395  -59.362  16.101 0.0000000000
10438  42.537  -59.174  16.796 0.0000000000
9858  42.881  -59.429  16.395 0.0000000000
10453  43.875  -58.421  15.429 0.0000000000
9872  43.427  -59.396  15.254 0.0000000000
12294  36.911  -55.184  13.344 0.0000000000
12990  35.692  -54.351  13.423 0.0000000000
12994  36.151  -54.911  13.000 0.0000000000
12997  33.645  -53.921  11.886 0.0000000000
13709  32.347  -53.217  10.366 0.0000000000
14372  31.862  -52.502  10.492 0.0000000000
114578  41.146  -50.402  17.768 0.0000000000
15639  40.255  -50.652  17.291 0.0000000000
14976  41.610  -51.190  18.019 0.0000000000
12954  40.140  -54.244  17.052 0.0000000000
12246  43.518  -56.368  18.364 0.0000000000
12247  43.344  -56.121  17.974 0.0000000000
12256  43.223  -56.374  16.906 0.0000000000
11615  42.199  -56.406  15.588 0.0000000000
12283  41.078  -56.093  15.552 0.0000000000
12271  40.349  -55.602  15.947 0.0000000000
12284  40.123  -55.924  15.013 0.0000000000
12285  38.977  -55.512  14.699 0.0000000000
12292  39.534  -56.035  14.142 0.0000000000
105882  40.693  -56.773  12.944 0.0000000000
11645  39.123  -56.176  13.362 0.0000000000
112557  38.256  -56.532  11.867 0.0000000000
11654  39.285  -56.851  11.907 0.0000000000
8149  40.256  -62.516  10.468 0.0000000000
9362  41.600  -59.873  10.094 0.0000000000
9354  41.382  -60.710  10.463 0.0000000000
117665  42.155  -59.429  10.495 0.0000000000
10521  42.235  -58.747  10.435 0.0000000000
11064  42.174  -58.078  10.841 0.0000000000
10522  41.478  -58.586  10.216 0.0000000000
10534  39.930  -58.557  9.547 0.0000000000
10523  40.479  -58.324  10.044 0.0000000000
11084  39.475  -57.992  9.918 0.0000000000
11077  38.848  -57.455  10.501 0.0000000000
11085  38.649  -57.714  9.799 0.0000000000
17589  37.613  -47.101  16.579 0.0000000000
115687  38.492  -47.063  16.136 0.0000000000
17602  38.391  -46.660  15.295 0.0000000000
121599  39.188  -47.638  17.030 0.0000000000
109242  40.961  -48.225  19.514 0.0000000000
17556  40.641  -47.229  19.592 0.0000000000
16914  40.982  -48.005  19.245 0.0000000000
16924  40.986  -48.538  18.365 0.0000000000
16282  41.480  -49.080  18.455 0.0000000000
16281  42.097  -49.445  18.846 0.0000000000
16237  42.115  -49.617  19.389 0.0000000000
108056  41.324  -51.517  20.068 0.0000000000
14951  42.745  -51.099  20.241 0.0000000000
14284  41.952  -52.252  20.363 0.0000000000
107006  42.677  -53.065  20.640 0.0000000000
13633  41.404  -53.280  20.021 0.0000000000
12944  38.193  -54.927  18.049 0.0000000000
12239  39.762  -55.514  18.667 0.0000000000
12929  40.595  -55.087  19.227 0.0000000000
108813  33.717  -52.794  13.493 0.0000000000
14352  34.274  -52.622  14.055 0.0000000000
13693  33.106  -52.460  13.100 0.0000000000
15669  32.510  -50.282  12.741 0.0000000000
12300  35.867  -55.167  12.197 0.0000000000
14292  43.060  -51.911  19.013 0.0000000000
14301  41.984  -52.077  18.320 0.0000000000
13651  42.517  -52.979  18.574 0.0000000000
12942  41.947  -54.078  18.033 0.0000000000
11613  43.931  -56.991  15.970 0.0000000000
11602  43.601  -56.677  16.382 0.0000000000
116398  43.530  -56.743  15.693 0.0000000000
11614  43.159  -56.801  15.180 0.0000000000
11632  40.450  -56.289  14.293 0.0000000000
11643  41.287  -56.633  13.878 0.0000000000
11059  41.109  -57.296  12.193 0.0000000000
10542  39.797  -59.057  9.052 0.0000000000
15605  41.805  -49.886  19.935 0.0000000000
14953  40.978  -50.665  19.904 0.0000000000
14332  36.251  -51.994  15.394 0.0000000000
15001  34.611  -51.337  14.560 0.0000000000
15025  32.058  -51.730  11.946 0.0000000000
15017  32.354  -51.164  12.522 0.0000000000
15685  31.761  -50.591  11.389 0.0000000000
117085  31.966  -49.963  11.496 0.0000000000
11565  43.138  -56.176  19.597 0.0000000000
12225  43.863  -55.378  19.689 0.0000000000
11564  43.545  -56.027  19.409 0.0000000000
11574  43.508  -56.645  18.785 0.0000000000
11588  43.696  -57.068  17.907 0.0000000000
10424  43.410  -58.469  17.590 0.0000000000
11601  43.924  -57.060  16.891 0.0000000000
11017  43.986  -57.490  15.518 0.0000000000
110991  43.827  -57.592  14.775 0.0000000000
12981  37.489  -54.474  14.931 0.0000000000
13688  36.006  -54.001  14.124 0.0000000000
13691  35.259  -53.772  13.834 0.0000000000
13695  33.467  -53.263  12.784 0.0000000000
12996  34.569  -54.339  12.260 0.0000000000
13696  32.847  -53.234  11.945 0.0000000000
14364  31.858  -52.143  11.271 0.0000000000
14365  31.552  -51.602  10.520 0.0000000000
125970  36.241  -56.089  9.358 0.0000000000
121549  39.784  -49.521  16.796 0.0000000000
16308  38.789  -49.171  15.986 0.0000000000
15649  39.631  -50.354  16.894 0.0000000000
127882  38.463  -53.871  16.140 0.0000000000
12969  38.015  -54.169  15.637 0.0000000000
12249  42.010  -55.022  17.776 0.0000000000
12257  42.494  -56.099  16.594 0.0000000000
114444  41.689  -55.513  17.151 0.0000000000
12259  40.675  -55.212  16.749 0.0000000000
12967  39.671  -54.895  16.359 0.0000000000
12968  38.773  -54.590  15.965 0.0000000000
12980  38.371  -54.938  15.245 0.0000000000
12286  38.010  -55.219  14.452 0.0000000000
12293  37.715  -55.439  13.647 0.0000000000
12297  38.223  -55.930  13.155 0.0000000000
12298  37.417  -55.652  12.885 0.0000000000
12304  37.137  -55.845  12.138 0.0000000000
124701  37.549  -56.259  11.811 0.0000000000
9905  43.638  -59.216  13.854 0.0000000000
8751  41.006  -61.684  10.882 0.0000000000
122647  43.480  -58.082  12.000 0.0000000000
11057  43.175  -57.717  12.208 0.0000000000
11058  42.324  -57.598  11.964 0.0000000000
11066  40.318  -57.427  11.465 0.0000000000
11075  41.027  -57.976  10.678 0.0000000000
11067  39.365  -57.309  11.163 0.0000000000
11655  38.552  -56.982  11.222 0.0000000000
11664  38.086  -57.058  10.663 0.0000000000
11665  37.488  -56.819  10.308 0.0000000000
11674  36.866  -56.520  9.693 0.0000000000
18272  37.144  -45.848  14.921 0.0000000000
18260  37.443  -46.244  15.386 0.0000000000
18271  37.955  -46.081  14.950 0.0000000000
17601  38.674  -47.153  15.334 0.0000000000
17600  39.252  -47.637  16.000 0.0000000000
16874  40.589  -46.879  20.096 0.0000000000
17578  39.448  -47.553  18.457 0.0000000000
127495  39.805  -47.953  17.749 0.0000000000
119331  40.370  -48.450  17.317 0.0000000000
16298  40.225  -48.883  16.957 0.0000000000
15638  41.473  -49.560  18.115 0.0000000000
119910  42.793  -50.482  19.112 0.0000000000
15604  42.582  -50.312  19.853 0.0000000000
15620  42.908  -50.648  19.603 0.0000000000
14962  43.085  -51.127  19.397 0.0000000000
14273  43.430  -52.281  20.285 0.0000000000
13622  43.758  -53.300  20.380 0.0000000000
13632  43.289  -53.921  20.657 0.0000000000
12920  40.929  -54.284  19.610 0.0000000000
122068  43.047  -55.443  20.127 0.0000000000
112178  35.647  -52.865  14.726 0.0000000000
14344  34.240  -51.911  14.282 0.0000000000
15002  33.917  -51.229  14.140 0.0000000000
15010  32.773  -50.900  13.113 0.0000000000
15668  33.049  -50.296  13.369 0.0000000000
9873  42.982  -59.643  15.735 0.0000000000
9889  43.015  -59.841  14.863 0.0000000000
9923  43.717  -59.191  13.054 0.0000000000
10437  43.126  -59.083  16.933 0.0000000000
10454  43.382  -59.166  16.096 0.0000000000
10483  43.813  -58.386  13.408 0.0000000000
10508  43.176  -58.564  11.409 0.0000000000
10509  42.684  -58.456  10.944 0.0000000000
10983  43.255  -57.423  18.497 0.0000000000
10994  43.469  -57.820  17.985 0.0000000000
11575  43.195  -56.890  19.087 0.0000000000
11649  39.670  -56.567  12.771 0.0000000000
11651  37.861  -56.137  12.440 0.0000000000
11656  36.947  -56.108  11.404 0.0000000000
11666  36.855  -56.358  10.592 0.0000000000
12226  43.687  -55.397  20.006 0.0000000000
12912  43.830  -53.916  20.559 0.0000000000
12919  43.606  -54.653  20.423 0.0000000000
12982  36.715  -54.229  14.471 0.0000000000
12989  36.440  -54.608  13.756 0.0000000000
12995  35.392  -54.609  12.623 0.0000000000
13001  35.108  -54.837  11.783 0.0000000000
13623  43.420  -53.118  20.626 0.0000000000
13680  36.970  -53.099  15.402 0.0000000000
13689  35.003  -53.109  14.242 0.0000000000
13692  34.371  -53.400  13.511 0.0000000000
13697  32.362  -52.505  11.931 0.0000000000
13699  32.898  -53.609  11.087 0.0000000000
14274  42.939  -52.019  20.617 0.0000000000
14291  43.484  -51.998  19.760 0.0000000000
14343  34.961  -52.230  14.594 0.0000000000
14354  32.880  -51.637  13.161 0.0000000000
14359  32.533  -52.070  12.576 0.0000000000
14950  43.276  -51.291  19.947 0.0000000000
15009  33.298  -51.088  13.590 0.0000000000
15026  31.691  -51.332  11.329 0.0000000000
15588  43.032  -50.871  20.034 0.0000000000
15637  42.227  -50.165  18.520 0.0000000000
16261  41.576  -48.895  19.078 0.0000000000
16334  32.334  -49.501  12.147 0.0000000000
16342  32.208  -49.376  11.196 0.0000000000
16925  40.306  -48.217  17.931 0.0000000000
16938  39.682  -48.236  16.530 0.0000000000
17557  40.303  -46.588  20.092 0.0000000000
17564  40.211  -47.664  18.711 0.0000000000
17588  39.745  -47.863  16.810 0.0000000000
107254  44.076  -54.883  19.740 0.0000000000
110554  43.497  -52.858  19.442 0.0000000000
112071  43.816  -57.670  17.387 0.0000000000
122177  41.157  -60.269  9.750 0.0000000000
122468  34.170  -53.841  12.726 0.0000000000
122926  38.321  -46.524  14.975 0.0000000000
124060  42.274  -51.445  20.376 0.0000000000
124064  31.935  -51.048  11.870 0.0000000000
124422  40.792  -47.421  19.805 0.0000000000
125525  42.933  -54.708  20.430 0.0000000000
126659  36.760  -46.053  15.315 0.0000000000
