#!ascii label  , from subject sub-v2s4x29589_ses-1 vox2ras=TkReg
854
41829  -35.646  -23.682  44.671 0.0000000000
37389  -21.075  -29.372  44.241 0.0000000000
114312  -29.333  -27.721  43.061 0.0000000000
61041  -42.738  -0.517  32.741 0.0000000000
62665  -48.830  1.384  28.128 0.0000000000
35115  -14.688  -31.886  47.798 0.0000000000
58482  -39.306  -3.149  35.751 0.0000000000
44227  -34.323  -20.186  44.764 0.0000000000
38174  -33.617  -27.317  42.871 0.0000000000
35899  -17.558  -30.479  46.229 0.0000000000
32629  -19.984  -35.251  47.320 0.0000000000
41839  -32.436  -23.497  41.765 0.0000000000
44243  -31.544  -20.497  42.949 0.0000000000
38971  -24.068  -26.448  43.497 0.0000000000
39926  -30.047  -25.122  42.432 0.0000000000
50329  -38.874  -13.103  34.375 0.0000000000
54568  -39.449  -9.187  34.208 0.0000000000
56906  -42.711  -5.649  32.211 0.0000000000
30174  -12.314  -37.598  49.375 0.0000000000
28580  -9.725  -39.486  50.488 0.0000000000
46922  -31.785  -17.848  41.288 0.0000000000
44269  -34.837  -20.101  38.714 0.0000000000
46989  -38.502  -18.361  35.920 0.0000000000
31799  -15.195  -36.182  48.631 0.0000000000
35909  -21.714  -30.905  44.946 0.0000000000
37366  -23.190  -29.337  45.341 0.0000000000
39928  -34.684  -25.661  43.232 0.0000000000
38113  -19.416  -26.848  46.846 0.0000000000
36662  -19.524  -29.663  44.957 0.0000000000
34356  -19.817  -32.585  45.249 0.0000000000
107758  -31.463  -23.127  44.699 0.0000000000
40938  -31.507  -24.496  41.787 0.0000000000
121360  -36.770  -10.899  35.412 0.0000000000
51937  -39.012  -10.958  34.736 0.0000000000
114112  -36.918  -7.943  34.937 0.0000000000
57736  -39.749  -4.560  32.934 0.0000000000
59342  -41.925  -2.783  31.580 0.0000000000
57741  -45.029  -4.812  32.215 0.0000000000
59345  -44.510  -2.201  30.676 0.0000000000
118329  -46.139  -2.162  30.233 0.0000000000
46032  -29.109  -18.774  44.332 0.0000000000
46067  -30.980  -18.653  42.223 0.0000000000
46905  -29.230  -17.005  42.516 0.0000000000
46112  -33.027  -18.254  38.209 0.0000000000
46971  -34.072  -18.315  37.162 0.0000000000
45234  -36.412  -19.850  37.038 0.0000000000
46988  -35.824  -17.558  35.609 0.0000000000
48718  -36.257  -15.301  34.874 0.0000000000
38988  -26.080  -26.464  42.838 0.0000000000
104120  -12.888  -35.010  47.853 0.0000000000
32624  -14.568  -34.166  47.353 0.0000000000
27755  -10.570  -41.159  52.461 0.0000000000
26917  -8.607  -42.488  52.656 0.0000000000
56854  -37.783  -5.214  37.387 0.0000000000
122031  -34.989  -19.144  44.567 0.0000000000
38190  -31.453  -27.651  41.859 0.0000000000
35117  -16.479  -31.247  46.681 0.0000000000
32626  -16.393  -34.002  46.761 0.0000000000
33501  -18.573  -33.623  45.841 0.0000000000
62671  -50.038  1.684  27.328 0.0000000000
42637  -34.103  -23.152  41.737 0.0000000000
43381  -33.858  -21.678  42.508 0.0000000000
42629  -32.123  -22.020  42.693 0.0000000000
38124  -20.773  -26.799  45.299 0.0000000000
38154  -22.569  -27.726  44.026 0.0000000000
39901  -22.399  -25.333  44.495 0.0000000000
40921  -24.488  -24.400  43.618 0.0000000000
39958  -26.823  -25.048  41.803 0.0000000000
40925  -27.975  -24.713  43.200 0.0000000000
118020  -29.058  -26.229  40.865 0.0000000000
108796  -31.718  -26.250  40.549 0.0000000000
39964  -33.520  -25.438  41.284 0.0000000000
48702  -41.213  -16.147  35.852 0.0000000000
56882  -37.987  -5.803  34.278 0.0000000000
55338  -40.663  -7.493  33.434 0.0000000000
60223  -48.022  -1.566  29.427 0.0000000000
28582  -10.892  -38.944  50.178 0.0000000000
27742  -11.887  -40.305  52.493 0.0000000000
44235  -33.167  -20.068  43.532 0.0000000000
46053  -33.484  -18.875  43.696 0.0000000000
46069  -34.157  -18.300  42.762 0.0000000000
121547  -30.944  -16.404  39.856 0.0000000000
123559  -33.498  -18.439  40.240 0.0000000000
45182  -35.662  -19.585  41.451 0.0000000000
44261  -37.618  -20.842  40.266 0.0000000000
45216  -39.736  -20.576  38.224 0.0000000000
46973  -40.961  -18.409  36.711 0.0000000000
47839  -38.482  -16.348  34.555 0.0000000000
51126  -36.846  -12.968  34.965 0.0000000000
38139  -24.665  -27.862  45.187 0.0000000000
31805  -11.550  -35.195  48.601 0.0000000000
105100  -14.029  -36.616  48.891 0.0000000000
31811  -17.888  -35.991  47.960 0.0000000000
26151  -7.150  -43.401  52.505 0.0000000000
36673  -21.480  -29.980  44.388 0.0000000000
35910  -22.188  -30.511  44.990 0.0000000000
114496  -21.877  -29.304  44.077 0.0000000000
40909  -35.131  -24.517  43.683 0.0000000000
38136  -20.379  -27.784  45.070 0.0000000000
106418  -18.961  -28.185  46.267 0.0000000000
36663  -20.280  -29.449  44.567 0.0000000000
35914  -20.516  -30.735  44.471 0.0000000000
53720  -35.732  -9.070  36.627 0.0000000000
53729  -36.867  -9.535  35.247 0.0000000000
54557  -35.876  -8.153  36.455 0.0000000000
60187  -41.370  -1.414  33.678 0.0000000000
59324  -40.947  -1.982  33.075 0.0000000000
59334  -42.100  -1.970  31.808 0.0000000000
59343  -42.684  -2.462  31.318 0.0000000000
60202  -43.393  -1.328  31.242 0.0000000000
60203  -44.055  -1.288  30.787 0.0000000000
124816  -29.024  -18.033  43.449 0.0000000000
46957  -34.257  -17.132  37.323 0.0000000000
46987  -35.485  -18.078  35.979 0.0000000000
47807  -35.034  -17.113  36.242 0.0000000000
48684  -34.962  -15.372  36.745 0.0000000000
106104  -27.632  -27.313  43.153 0.0000000000
38159  -27.429  -27.570  44.117 0.0000000000
37402  -29.081  -27.814  43.857 0.0000000000
34333  -13.523  -33.097  47.695 0.0000000000
108103  -14.896  -32.722  47.472 0.0000000000
61075  -49.616  -0.520  28.211 0.0000000000
26926  -9.105  -41.847  52.143 0.0000000000
44220  -35.338  -20.888  45.575 0.0000000000
46015  -34.915  -19.477  44.804 0.0000000000
38191  -32.308  -27.526  41.908 0.0000000000
37406  -33.406  -28.012  43.520 0.0000000000
36640  -17.637  -28.962  46.985 0.0000000000
36639  -17.159  -29.154  47.504 0.0000000000
35883  -16.111  -29.484  48.108 0.0000000000
35893  -16.849  -30.407  46.814 0.0000000000
34337  -17.059  -32.178  46.094 0.0000000000
35124  -17.697  -31.520  45.710 0.0000000000
108738  -20.971  -32.146  45.758 0.0000000000
122471  -20.550  -33.290  46.041 0.0000000000
41844  -33.078  -23.201  41.425 0.0000000000
42636  -33.402  -22.576  41.669 0.0000000000
42630  -32.298  -22.697  42.192 0.0000000000
39864  -21.315  -25.242  46.057 0.0000000000
39883  -21.844  -25.352  45.293 0.0000000000
39865  -21.964  -24.816  45.960 0.0000000000
41815  -23.830  -23.716  44.967 0.0000000000
41833  -25.160  -24.051  43.781 0.0000000000
40935  -25.545  -24.761  42.923 0.0000000000
40923  -26.277  -24.292  43.219 0.0000000000
39906  -29.605  -25.411  44.518 0.0000000000
39925  -29.442  -25.203  42.737 0.0000000000
40950  -27.899  -25.026  41.667 0.0000000000
39961  -29.678  -25.630  41.121 0.0000000000
39033  -30.769  -26.549  40.572 0.0000000000
39962  -30.426  -25.542  40.906 0.0000000000
40939  -31.771  -24.076  42.345 0.0000000000
40952  -32.825  -24.821  41.042 0.0000000000
105663  -33.009  -24.026  41.323 0.0000000000
40954  -34.150  -24.084  41.623 0.0000000000
48719  -40.336  -15.041  34.897 0.0000000000
49539  -41.601  -14.655  35.649 0.0000000000
50314  -40.446  -13.500  34.645 0.0000000000
53731  -39.012  -9.624  34.496 0.0000000000
52810  -40.639  -10.829  34.818 0.0000000000
108421  -38.314  -4.139  36.326 0.0000000000
56871  -37.600  -5.341  35.736 0.0000000000
57716  -38.306  -4.488  34.818 0.0000000000
56904  -40.857  -5.497  32.323 0.0000000000
56095  -40.505  -6.115  32.614 0.0000000000
56085  -41.694  -6.843  33.079 0.0000000000
56073  -41.988  -7.270  33.815 0.0000000000
60213  -46.992  -2.176  29.974 0.0000000000
61066  -46.573  -0.714  29.554 0.0000000000
61067  -47.131  -0.498  29.240 0.0000000000
30966  -11.133  -36.813  49.145 0.0000000000
30172  -10.797  -37.645  49.509 0.0000000000
29372  -11.828  -38.056  49.598 0.0000000000
28568  -12.548  -39.892  52.121 0.0000000000
110759  -11.915  -40.688  53.406 0.0000000000
43379  -32.702  -21.472  42.330 0.0000000000
43372  -33.459  -21.052  42.888 0.0000000000
44244  -32.092  -20.439  42.792 0.0000000000
46907  -31.487  -18.159  41.933 0.0000000000
46068  -32.019  -18.691  42.487 0.0000000000
124379  -32.704  -18.537  42.802 0.0000000000
117815  -34.199  -18.577  43.459 0.0000000000
46080  -33.428  -18.183  42.109 0.0000000000
49485  -31.218  -15.447  39.968 0.0000000000
45212  -33.552  -19.088  38.058 0.0000000000
46111  -32.623  -18.155  38.810 0.0000000000
45202  -34.271  -19.681  39.228 0.0000000000
45193  -34.544  -19.454  40.166 0.0000000000
45203  -35.048  -20.070  39.593 0.0000000000
45196  -37.029  -20.608  41.012 0.0000000000
44271  -36.362  -20.749  39.186 0.0000000000
107142  -37.720  -18.952  36.327 0.0000000000
45214  -38.019  -20.413  37.500 0.0000000000
46143  -38.576  -19.192  36.584 0.0000000000
110076  -40.025  -19.524  37.100 0.0000000000
46990  -39.529  -18.140  35.965 0.0000000000
47008  -39.887  -17.393  35.524 0.0000000000
119616  -38.529  -17.088  34.991 0.0000000000
49516  -35.792  -14.220  35.895 0.0000000000
50326  -36.649  -13.783  34.808 0.0000000000
109321  -36.003  -13.133  36.167 0.0000000000
103522  -23.686  -27.142  43.770 0.0000000000
38155  -23.285  -27.708  44.073 0.0000000000
38156  -24.688  -27.338  44.233 0.0000000000
118653  -14.672  -35.700  48.264 0.0000000000
31797  -13.501  -36.196  48.493 0.0000000000
30969  -14.767  -36.706  49.061 0.0000000000
105325  -18.044  -34.653  46.658 0.0000000000
32627  -17.166  -34.631  47.036 0.0000000000
124665  -18.669  -35.789  47.521 0.0000000000
35126  -21.647  -31.572  46.295 0.0000000000
109216  -22.143  -30.884  46.424 0.0000000000
36652  -23.046  -29.751  46.290 0.0000000000
117535  -23.755  -29.009  46.156 0.0000000000
39006  -34.387  -26.134  42.968 0.0000000000
116239  -34.479  -27.111  44.080 0.0000000000
38112  -18.833  -27.048  47.420 0.0000000000
36641  -18.312  -28.571  46.646 0.0000000000
35900  -18.245  -30.038  45.792 0.0000000000
35131  -18.542  -31.717  45.232 0.0000000000
35908  -19.618  -30.667  44.712 0.0000000000
117057  -20.478  -31.948  45.017 0.0000000000
41827  -31.529  -23.285  43.735 0.0000000000
42623  -31.878  -22.784  43.136 0.0000000000
39908  -30.589  -25.032  43.969 0.0000000000
39927  -30.723  -24.856  42.483 0.0000000000
40927  -31.350  -23.878  43.369 0.0000000000
51944  -37.708  -12.092  34.782 0.0000000000
51129  -39.081  -12.283  34.486 0.0000000000
107911  -38.192  -10.903  34.864 0.0000000000
53730  -37.893  -9.537  34.837 0.0000000000
54577  -37.655  -8.185  34.537 0.0000000000
58504  -39.435  -3.641  33.946 0.0000000000
58505  -40.043  -3.294  33.465 0.0000000000
109380  -40.764  -3.731  32.270 0.0000000000
57739  -42.193  -4.843  31.754 0.0000000000
57740  -43.242  -5.034  31.831 0.0000000000
58532  -43.567  -3.750  31.352 0.0000000000
58533  -44.262  -3.111  31.062 0.0000000000
123946  -45.789  -3.263  31.119 0.0000000000
59354  -45.339  -2.164  30.473 0.0000000000
61059  -44.741  -0.797  30.609 0.0000000000
119781  -13.341  -37.674  49.690 0.0000000000
29366  -12.578  -38.266  49.923 0.0000000000
29359  -13.622  -39.013  51.396 0.0000000000
45151  -30.076  -19.744  43.260 0.0000000000
44242  -30.844  -19.856  42.844 0.0000000000
46052  -29.469  -19.021  43.046 0.0000000000
46066  -29.900  -18.450  42.440 0.0000000000
46921  -30.941  -17.531  41.317 0.0000000000
48666  -32.023  -16.146  38.669 0.0000000000
47776  -32.763  -16.374  38.485 0.0000000000
46127  -33.558  -18.579  37.687 0.0000000000
45232  -34.291  -19.428  37.686 0.0000000000
44299  -35.686  -20.084  37.630 0.0000000000
123753  -35.215  -19.256  36.914 0.0000000000
117075  -36.331  -18.424  35.844 0.0000000000
47005  -36.686  -17.656  35.285 0.0000000000
47822  -36.942  -16.972  34.829 0.0000000000
47821  -36.115  -16.912  35.139 0.0000000000
38973  -25.642  -26.834  43.652 0.0000000000
38157  -25.402  -27.241  44.506 0.0000000000
118576  -26.038  -27.304  44.430 0.0000000000
32606  -13.713  -34.597  47.598 0.0000000000
31809  -15.396  -35.546  48.152 0.0000000000
27769  -10.237  -40.720  51.439 0.0000000000
28573  -8.537  -39.837  51.015 0.0000000000
26937  -8.780  -41.314  51.401 0.0000000000
26936  -7.968  -41.251  51.419 0.0000000000
26924  -7.188  -41.934  51.890 0.0000000000
121388  -36.119  -19.089  44.434 0.0000000000
103388  -30.003  -27.751  42.606 0.0000000000
37403  -29.932  -28.011  43.635 0.0000000000
35874  -15.641  -29.265  48.937 0.0000000000
35110  -15.264  -31.140  47.874 0.0000000000
33488  -15.700  -33.126  46.979 0.0000000000
34336  -16.139  -32.158  46.706 0.0000000000
33500  -17.599  -33.316  46.032 0.0000000000
32644  -18.867  -34.399  46.321 0.0000000000
33514  -19.221  -33.122  45.485 0.0000000000
33502  -19.516  -33.854  46.018 0.0000000000
32610  -20.458  -34.831  47.450 0.0000000000
62670  -49.368  1.523  27.750 0.0000000000
40928  -34.904  -23.931  42.928 0.0000000000
112128  -34.987  -23.023  43.471 0.0000000000
42631  -33.997  -22.277  42.051 0.0000000000
43386  -32.947  -21.991  41.777 0.0000000000
43378  -32.231  -21.320  42.654 0.0000000000
42622  -31.768  -22.127  43.551 0.0000000000
43364  -31.132  -20.984  43.713 0.0000000000
44233  -30.813  -20.462  43.367 0.0000000000
45123  -29.448  -19.530  44.618 0.0000000000
38137  -21.126  -27.524  44.529 0.0000000000
38153  -21.809  -27.693  44.029 0.0000000000
38968  -21.477  -26.850  44.586 0.0000000000
105638  -22.551  -26.197  43.931 0.0000000000
39902  -23.012  -25.382  43.817 0.0000000000
40889  -23.106  -24.059  45.527 0.0000000000
39922  -23.694  -24.780  43.700 0.0000000000
38986  -24.476  -25.757  43.177 0.0000000000
39940  -25.185  -25.238  42.878 0.0000000000
39005  -26.548  -26.159  42.129 0.0000000000
38186  -27.374  -26.632  41.851 0.0000000000
40905  -26.729  -24.135  43.998 0.0000000000
40936  -27.169  -24.731  41.963 0.0000000000
39960  -28.035  -25.679  41.175 0.0000000000
38207  -28.582  -27.005  40.977 0.0000000000
38209  -30.156  -27.283  41.013 0.0000000000
107526  -31.813  -27.289  41.108 0.0000000000
38211  -32.549  -26.911  41.206 0.0000000000
119281  -31.693  -25.551  40.644 0.0000000000
39963  -32.463  -25.596  40.781 0.0000000000
39025  -33.288  -26.257  41.334 0.0000000000
39946  -34.371  -25.484  42.388 0.0000000000
40940  -34.511  -24.515  42.210 0.0000000000
38123  -20.018  -26.794  46.054 0.0000000000
51114  -40.614  -12.599  34.642 0.0000000000
56062  -36.603  -6.836  35.871 0.0000000000
55314  -37.183  -7.376  34.684 0.0000000000
55325  -38.121  -7.543  34.030 0.0000000000
56895  -39.183  -5.177  33.257 0.0000000000
56082  -39.103  -6.544  33.307 0.0000000000
55327  -40.285  -8.053  33.689 0.0000000000
55315  -41.780  -8.092  34.929 0.0000000000
107071  -48.323  -1.045  28.922 0.0000000000
61074  -48.629  -0.233  28.457 0.0000000000
116497  -47.793  1.267  28.864 0.0000000000
124636  -9.980  -38.208  50.145 0.0000000000
103688  -10.177  -39.040  50.206 0.0000000000
105282  -11.754  -38.609  50.064 0.0000000000
122212  -11.047  -39.583  50.704 0.0000000000
28575  -10.695  -40.080  51.097 0.0000000000
103533  -11.347  -40.778  52.751 0.0000000000
121691  -34.031  -21.357  43.216 0.0000000000
44236  -33.862  -20.631  44.031 0.0000000000
44226  -33.773  -19.729  44.257 0.0000000000
45168  -31.895  -19.300  42.848 0.0000000000
45153  -33.237  -19.247  43.769 0.0000000000
45137  -33.869  -19.171  44.163 0.0000000000
46033  -34.408  -19.106  44.439 0.0000000000
118403  -34.765  -18.839  44.058 0.0000000000
46070  -35.615  -18.913  42.964 0.0000000000
121783  -30.121  -16.392  41.127 0.0000000000
108060  -31.318  -17.366  40.586 0.0000000000
46943  -31.636  -17.071  38.830 0.0000000000
46099  -32.481  -18.014  39.464 0.0000000000
46923  -32.687  -17.984  41.244 0.0000000000
46081  -34.192  -18.333  41.738 0.0000000000
46082  -35.068  -18.759  42.259 0.0000000000
44285  -36.945  -20.773  38.420 0.0000000000
44287  -38.975  -20.910  38.786 0.0000000000
46992  -41.053  -17.633  36.392 0.0000000000
47840  -39.604  -15.880  34.707 0.0000000000
48738  -39.373  -14.746  34.395 0.0000000000
48735  -36.990  -15.517  34.457 0.0000000000
114673  -37.505  -14.111  34.402 0.0000000000
50328  -37.964  -13.293  34.419 0.0000000000
51935  -36.428  -11.611  35.591 0.0000000000
109563  -35.671  -11.155  36.734 0.0000000000
37391  -23.014  -28.366  44.241 0.0000000000
37379  -23.486  -28.758  44.918 0.0000000000
38140  -25.237  -27.697  45.467 0.0000000000
30967  -11.914  -36.898  48.944 0.0000000000
31806  -12.246  -35.502  48.245 0.0000000000
30978  -12.547  -36.301  48.541 0.0000000000
122532  -13.423  -37.135  49.338 0.0000000000
30162  -14.511  -37.901  50.287 0.0000000000
32625  -15.519  -34.100  47.071 0.0000000000
31810  -16.225  -35.381  47.906 0.0000000000
31801  -17.347  -36.347  48.698 0.0000000000
26149  -8.562  -43.134  54.259 0.0000000000
26159  -7.751  -42.709  52.391 0.0000000000
26923  -6.437  -42.022  51.991 0.0000000000
121516  -35.373  -23.125  44.255 0.0000000000
41828  -35.297  -23.799  43.903 0.0000000000
37376  -20.537  -28.757  44.571 0.0000000000
37365  -19.706  -28.655  45.336 0.0000000000
36672  -20.792  -30.076  44.353 0.0000000000
54549  -35.751  -8.491  37.658 0.0000000000
55295  -36.124  -7.474  37.354 0.0000000000
60188  -42.126  -0.984  33.211 0.0000000000
60193  -41.680  -1.592  32.672 0.0000000000
60194  -42.422  -1.250  32.283 0.0000000000
60201  -42.824  -1.654  31.481 0.0000000000
60195  -43.051  -0.929  31.896 0.0000000000
47794  -34.602  -16.524  37.156 0.0000000000
104538  -28.574  -27.557  43.047 0.0000000000
34324  -14.036  -31.864  48.087 0.0000000000
34334  -14.098  -32.495  47.695 0.0000000000
61879  -49.284  0.532  27.956 0.0000000000
44212  -35.049  -20.125  45.280 0.0000000000
45138  -34.345  -19.571  44.652 0.0000000000
38173  -32.868  -27.796  42.740 0.0000000000
35894  -17.751  -29.679  46.472 0.0000000000
107134  -17.257  -29.701  46.909 0.0000000000
35123  -17.112  -31.158  46.294 0.0000000000
42635  -32.827  -22.569  41.674 0.0000000000
39846  -21.690  -24.604  46.678 0.0000000000
41817  -25.627  -23.295  45.347 0.0000000000
41825  -25.331  -23.584  44.466 0.0000000000
40922  -25.710  -24.377  43.259 0.0000000000
41834  -25.854  -23.943  43.850 0.0000000000
106255  -30.063  -25.223  43.575 0.0000000000
118823  -29.336  -25.256  43.617 0.0000000000
39943  -29.481  -25.247  41.812 0.0000000000
39944  -30.271  -25.190  41.549 0.0000000000
107239  -32.302  -24.332  41.458 0.0000000000
50313  -39.563  -13.734  34.395 0.0000000000
49537  -40.187  -14.259  34.640 0.0000000000
53732  -40.130  -9.556  34.641 0.0000000000
54569  -40.571  -8.948  34.587 0.0000000000
58474  -38.845  -3.554  36.538 0.0000000000
57707  -38.059  -4.602  35.602 0.0000000000
58481  -38.639  -3.836  35.450 0.0000000000
56905  -41.771  -5.632  32.184 0.0000000000
56096  -41.296  -6.253  32.567 0.0000000000
56097  -42.222  -6.300  32.632 0.0000000000
56086  -42.624  -6.770  33.353 0.0000000000
61873  -46.515  0.164  29.586 0.0000000000
30173  -11.469  -37.542  49.309 0.0000000000
46908  -32.510  -18.341  42.172 0.0000000000
45213  -34.161  -19.639  38.368 0.0000000000
45201  -33.587  -19.224  38.815 0.0000000000
44259  -35.803  -20.532  39.906 0.0000000000
44270  -35.527  -20.509  38.996 0.0000000000
119901  -39.220  -18.777  36.366 0.0000000000
47007  -38.985  -17.583  35.422 0.0000000000
110697  -38.082  -17.655  35.257 0.0000000000
38970  -23.273  -26.292  43.600 0.0000000000
31798  -14.334  -36.162  48.570 0.0000000000
30970  -15.726  -36.716  49.180 0.0000000000
32628  -19.032  -35.212  46.966 0.0000000000
31819  -19.538  -35.779  47.668 0.0000000000
28574  -9.137  -39.300  50.708 0.0000000000
43359  -34.955  -21.288  44.915 0.0000000000
35132  -21.317  -31.471  45.100 0.0000000000
35902  -21.929  -30.976  45.546 0.0000000000
36664  -22.670  -29.881  45.130 0.0000000000
37354  -23.528  -29.474  47.087 0.0000000000
104126  -34.682  -26.296  43.690 0.0000000000
38103  -19.376  -26.278  47.794 0.0000000000
36651  -18.812  -29.188  45.802 0.0000000000
36650  -18.162  -29.289  46.372 0.0000000000
35901  -18.938  -30.058  45.229 0.0000000000
35141  -21.358  -30.969  44.722 0.0000000000
35140  -20.888  -31.229  44.647 0.0000000000
40893  -31.228  -23.542  45.256 0.0000000000
40908  -31.145  -23.634  44.376 0.0000000000
51936  -37.445  -11.372  35.042 0.0000000000
52807  -37.476  -10.369  35.091 0.0000000000
54565  -36.371  -8.052  35.476 0.0000000000
54566  -37.127  -8.707  34.956 0.0000000000
54567  -38.252  -8.966  34.494 0.0000000000
58492  -39.853  -2.946  34.369 0.0000000000
59323  -40.436  -2.394  33.811 0.0000000000
59333  -41.361  -2.361  32.228 0.0000000000
59332  -40.631  -2.925  32.728 0.0000000000
58517  -41.256  -3.216  31.937 0.0000000000
57738  -41.403  -4.123  31.840 0.0000000000
57748  -42.161  -4.017  31.538 0.0000000000
57749  -42.912  -4.255  31.539 0.0000000000
58531  -42.603  -3.384  31.350 0.0000000000
59344  -43.511  -2.144  30.917 0.0000000000
109482  -43.308  -2.968  31.124 0.0000000000
59346  -45.185  -2.873  30.847 0.0000000000
61052  -44.223  -0.385  31.165 0.0000000000
45150  -29.378  -19.424  43.758 0.0000000000
46065  -29.152  -18.056  42.904 0.0000000000
46906  -29.628  -17.529  42.206 0.0000000000
116431  -30.499  -17.892  41.953 0.0000000000
46956  -33.516  -17.756  37.624 0.0000000000
45231  -33.914  -19.002  37.478 0.0000000000
46128  -34.656  -18.998  37.020 0.0000000000
45233  -35.037  -19.580  37.335 0.0000000000
48701  -35.161  -14.943  36.368 0.0000000000
38158  -26.633  -27.160  43.666 0.0000000000
37392  -28.773  -27.921  44.705 0.0000000000
38143  -27.803  -27.864  44.973 0.0000000000
33487  -14.267  -33.283  47.394 0.0000000000
32623  -13.754  -33.805  47.453 0.0000000000
108216  -14.599  -35.053  47.850 0.0000000000
32607  -15.420  -34.811  47.613 0.0000000000
27768  -9.366  -40.705  51.116 0.0000000000
27754  -9.668  -41.298  51.765 0.0000000000
26925  -8.213  -41.978  51.837 0.0000000000
46016  -35.526  -19.348  44.919 0.0000000000
46017  -36.150  -19.268  44.931 0.0000000000
46034  -35.516  -19.077  44.485 0.0000000000
38171  -30.942  -27.924  42.776 0.0000000000
123067  -30.401  -27.963  43.199 0.0000000000
35892  -16.001  -30.405  47.372 0.0000000000
35882  -15.379  -30.182  48.420 0.0000000000
35116  -15.795  -31.342  47.126 0.0000000000
32643  -18.050  -34.059  46.187 0.0000000000
116966  -19.516  -31.707  44.927 0.0000000000
34355  -19.068  -32.394  45.193 0.0000000000
109676  -20.885  -33.473  46.724 0.0000000000
33503  -20.329  -33.849  46.312 0.0000000000
32645  -19.928  -34.606  46.703 0.0000000000
41840  -34.477  -23.718  42.089 0.0000000000
105855  -34.552  -22.998  42.448 0.0000000000
115401  -32.588  -21.964  42.069 0.0000000000
42616  -31.710  -22.185  44.505 0.0000000000
44218  -30.505  -20.584  44.675 0.0000000000
44224  -30.651  -20.689  43.952 0.0000000000
45136  -29.979  -20.210  44.001 0.0000000000
38954  -21.247  -26.019  45.319 0.0000000000
38955  -21.889  -26.106  44.562 0.0000000000
40904  -23.868  -24.160  44.124 0.0000000000
39923  -24.346  -25.027  43.240 0.0000000000
39941  -26.038  -25.062  42.344 0.0000000000
117199  -26.443  -25.481  41.995 0.0000000000
39021  -26.965  -25.820  41.635 0.0000000000
39905  -28.687  -25.096  44.116 0.0000000000
39904  -28.166  -24.993  45.131 0.0000000000
40906  -27.691  -24.595  43.996 0.0000000000
103598  -27.469  -24.460  44.764 0.0000000000
40924  -27.062  -24.404  42.854 0.0000000000
40937  -27.810  -24.735  42.294 0.0000000000
112960  -28.764  -25.513  41.447 0.0000000000
39023  -28.361  -26.604  40.973 0.0000000000
38227  -28.957  -26.845  40.828 0.0000000000
38208  -29.229  -27.178  41.075 0.0000000000
39032  -29.819  -26.818  40.690 0.0000000000
38228  -30.619  -27.036  40.686 0.0000000000
112325  -31.345  -26.941  40.662 0.0000000000
38229  -32.027  -26.797  40.724 0.0000000000
121795  -31.097  -25.078  41.089 0.0000000000
40968  -33.106  -25.272  41.058 0.0000000000
39978  -33.026  -25.794  40.975 0.0000000000
39945  -33.840  -25.696  41.724 0.0000000000
39965  -34.095  -24.977  41.616 0.0000000000
38940  -20.588  -25.906  46.246 0.0000000000
38928  -20.364  -25.502  47.107 0.0000000000
47810  -41.434  -16.948  36.451 0.0000000000
51938  -39.264  -11.612  34.589 0.0000000000
112097  -39.894  -12.034  34.543 0.0000000000
111620  -39.872  -11.226  34.687 0.0000000000
56853  -37.208  -5.952  37.110 0.0000000000
56051  -36.624  -6.712  36.807 0.0000000000
56881  -37.373  -5.917  35.034 0.0000000000
56071  -37.556  -6.628  34.466 0.0000000000
56072  -38.350  -6.585  33.841 0.0000000000
58515  -39.700  -3.947  33.306 0.0000000000
57729  -39.183  -4.375  33.584 0.0000000000
56084  -40.699  -6.854  32.944 0.0000000000
56083  -39.838  -6.381  32.871 0.0000000000
55337  -39.771  -7.281  33.248 0.0000000000
55328  -41.340  -7.800  34.104 0.0000000000
55329  -42.319  -7.605  34.737 0.0000000000
108122  -44.161  -5.005  31.963 0.0000000000
60222  -47.200  -1.403  29.517 0.0000000000
59364  -48.424  -2.118  29.903 0.0000000000
61874  -47.204  0.557  29.113 0.0000000000
61068  -47.781  -0.363  28.847 0.0000000000
120534  -47.928  0.402  28.657 0.0000000000
29371  -11.130  -38.228  49.616 0.0000000000
30161  -10.133  -37.645  49.984 0.0000000000
29365  -10.419  -38.374  49.961 0.0000000000
29358  -12.661  -38.904  50.856 0.0000000000
28577  -12.373  -39.486  51.395 0.0000000000
28567  -11.648  -39.890  51.492 0.0000000000
27756  -11.096  -40.527  51.936 0.0000000000
27741  -11.110  -41.056  53.490 0.0000000000
42624  -34.480  -22.084  43.039 0.0000000000
45167  -31.278  -19.215  42.569 0.0000000000
45152  -32.767  -18.831  43.137 0.0000000000
103617  -33.993  -18.825  43.870 0.0000000000
104834  -34.881  -18.652  43.264 0.0000000000
47750  -30.455  -16.073  40.402 0.0000000000
47749  -30.064  -16.016  40.983 0.0000000000
46932  -30.725  -16.765  40.587 0.0000000000
118397  -32.080  -16.840  38.475 0.0000000000
118853  -31.652  -16.442  38.772 0.0000000000
46955  -32.322  -17.561  38.608 0.0000000000
46100  -33.133  -18.532  39.383 0.0000000000
46944  -31.959  -17.656  39.123 0.0000000000
46934  -31.991  -17.708  40.202 0.0000000000
46090  -32.878  -18.035  40.305 0.0000000000
103430  -33.484  -18.126  41.120 0.0000000000
46091  -34.106  -18.631  40.710 0.0000000000
45194  -35.339  -19.884  40.525 0.0000000000
45181  -34.877  -19.019  41.129 0.0000000000
45169  -35.993  -19.394  42.319 0.0000000000
45183  -36.504  -19.997  41.649 0.0000000000
44260  -36.686  -20.770  40.118 0.0000000000
44300  -36.604  -20.404  37.693 0.0000000000
45215  -38.860  -20.621  37.851 0.0000000000
44286  -37.981  -20.901  38.397 0.0000000000
46144  -40.063  -18.800  36.562 0.0000000000
45238  -40.342  -19.977  37.688 0.0000000000
46130  -40.717  -19.233  37.185 0.0000000000
46991  -40.391  -17.920  36.123 0.0000000000
47823  -39.298  -16.847  35.016 0.0000000000
47824  -40.163  -16.614  35.237 0.0000000000
48737  -38.740  -15.488  34.362 0.0000000000
47837  -36.522  -16.214  34.733 0.0000000000
47838  -37.414  -16.297  34.530 0.0000000000
49552  -36.753  -14.689  34.573 0.0000000000
50327  -37.258  -13.374  34.617 0.0000000000
51112  -37.029  -12.196  35.065 0.0000000000
37390  -22.234  -28.498  43.967 0.0000000000
107082  -24.057  -27.803  44.418 0.0000000000
117055  -23.644  -28.177  44.526 0.0000000000
38138  -24.159  -28.224  45.474 0.0000000000
38126  -24.786  -28.031  46.140 0.0000000000
38141  -25.991  -27.654  45.291 0.0000000000
122343  -25.677  -27.874  45.893 0.0000000000
37394  -30.396  -28.466  44.389 0.0000000000
31796  -11.089  -35.769  49.179 0.0000000000
30977  -11.700  -36.113  48.648 0.0000000000
32605  -12.160  -34.570  48.210 0.0000000000
30968  -13.401  -36.740  48.982 0.0000000000
30955  -14.099  -37.144  49.445 0.0000000000
32609  -17.086  -35.252  47.670 0.0000000000
105893  -16.961  -35.779  48.208 0.0000000000
25292  -7.734  -43.859  53.390 0.0000000000
26148  -8.046  -43.489  53.560 0.0000000000
26152  -7.688  -43.348  53.008 0.0000000000
26158  -7.055  -42.870  52.257 0.0000000000
35916  -21.698  -30.507  44.671 0.0000000000
36674  -22.144  -29.942  44.506 0.0000000000
37378  -22.704  -29.207  44.433 0.0000000000
113598  -34.818  -24.930  43.063 0.0000000000
37353  -19.538  -27.597  46.048 0.0000000000
120240  -19.032  -27.454  46.727 0.0000000000
36671  -20.129  -30.128  44.512 0.0000000000
41818  -31.607  -23.063  45.590 0.0000000000
52800  -35.701  -10.145  36.553 0.0000000000
52806  -36.434  -10.240  35.563 0.0000000000
53728  -36.048  -9.555  35.792 0.0000000000
116550  -36.208  -8.824  35.627 0.0000000000
123504  -40.849  -1.832  33.718 0.0000000000
61051  -43.625  -0.676  31.468 0.0000000000
46051  -29.105  -18.586  43.547 0.0000000000
116667  -29.012  -17.955  44.042 0.0000000000
46894  -29.005  -17.247  43.480 0.0000000000
46972  -34.740  -17.927  36.562 0.0000000000
47808  -35.218  -16.521  35.906 0.0000000000
38169  -26.929  -26.827  42.636 0.0000000000
38170  -28.224  -27.694  43.991 0.0000000000
109244  -15.030  -33.497  47.311 0.0000000000
26919  -10.329  -41.709  53.543 0.0000000000
26927  -9.858  -41.688  52.555 0.0000000000
26918  -9.419  -42.151  53.109 0.0000000000
26912  -8.898  -42.714  53.752 0.0000000000
45124  -35.517  -19.746  45.206 0.0000000000
38172  -31.954  -28.033  42.834 0.0000000000
37405  -32.659  -28.404  43.483 0.0000000000
37397  -33.218  -28.638  44.177 0.0000000000
37341  -17.912  -28.146  47.404 0.0000000000
36625  -17.380  -28.526  47.826 0.0000000000
36624  -16.808  -28.882  48.181 0.0000000000
35884  -16.726  -29.650  47.472 0.0000000000
34346  -18.198  -32.600  45.505 0.0000000000
34357  -20.458  -32.730  45.576 0.0000000000
34347  -20.897  -32.797  46.288 0.0000000000
41845  -33.637  -23.587  41.435 0.0000000000
40888  -22.442  -24.671  45.317 0.0000000000
41816  -24.770  -23.315  45.101 0.0000000000
117969  -24.541  -23.786  44.283 0.0000000000
39939  -24.924  -24.786  43.189 0.0000000000
106448  -25.150  -24.488  43.357 0.0000000000
104970  -26.338  -24.675  42.544 0.0000000000
39924  -28.669  -25.048  42.983 0.0000000000
39942  -28.651  -25.065  42.053 0.0000000000
39976  -30.118  -26.125  40.732 0.0000000000
39977  -30.977  -25.849  40.638 0.0000000000
40951  -32.044  -24.966  40.967 0.0000000000
40953  -33.572  -24.617  41.290 0.0000000000
48720  -40.562  -15.894  35.223 0.0000000000
48721  -41.112  -15.220  35.436 0.0000000000
49538  -41.031  -14.258  35.072 0.0000000000
50315  -41.303  -13.222  34.971 0.0000000000
52809  -39.703  -10.321  34.738 0.0000000000
56861  -37.908  -4.802  36.510 0.0000000000
56860  -37.492  -5.479  36.539 0.0000000000
56872  -37.898  -5.163  34.874 0.0000000000
57737  -40.574  -4.586  32.376 0.0000000000
56903  -39.951  -5.463  32.710 0.0000000000
55339  -41.274  -7.294  33.448 0.0000000000
56074  -42.768  -7.118  34.178 0.0000000000
60211  -45.464  -1.280  30.209 0.0000000000
60212  -46.336  -1.413  29.805 0.0000000000
118611  -47.682  -1.015  29.154 0.0000000000
43380  -33.297  -21.687  42.108 0.0000000000
44245  -32.784  -20.803  42.729 0.0000000000
44234  -32.468  -19.623  43.161 0.0000000000
105337  -33.414  -18.477  43.109 0.0000000000
48654  -30.944  -15.938  39.745 0.0000000000
119275  -33.151  -18.690  38.610 0.0000000000
45192  -33.832  -19.042  39.733 0.0000000000
45195  -36.156  -20.300  40.797 0.0000000000
44272  -37.309  -20.885  39.307 0.0000000000
45255  -37.066  -19.485  36.641 0.0000000000
45235  -37.226  -20.128  37.223 0.0000000000
45256  -37.889  -19.727  36.877 0.0000000000
45236  -38.719  -19.948  37.143 0.0000000000
45237  -39.534  -20.068  37.421 0.0000000000
46129  -39.372  -19.413  36.823 0.0000000000
49536  -36.193  -14.464  35.125 0.0000000000
50312  -36.112  -13.742  35.603 0.0000000000
105469  -36.399  -13.211  35.360 0.0000000000
51111  -36.306  -12.515  35.678 0.0000000000
107832  -22.901  -27.047  43.790 0.0000000000
31808  -13.801  -35.504  48.080 0.0000000000
30956  -15.163  -37.219  49.743 0.0000000000
33490  -17.300  -34.004  46.489 0.0000000000
31818  -17.956  -35.289  47.277 0.0000000000
111916  -34.790  -20.608  45.098 0.0000000000
118100  -21.538  -31.712  47.358 0.0000000000
35895  -22.567  -30.416  46.957 0.0000000000
35903  -22.514  -30.460  45.817 0.0000000000
38989  -34.171  -26.796  43.270 0.0000000000
38175  -33.947  -27.470  43.629 0.0000000000
37342  -18.288  -27.479  47.831 0.0000000000
111430  -18.502  -27.760  47.031 0.0000000000
112851  -18.133  -30.937  45.576 0.0000000000
35907  -18.799  -30.858  45.198 0.0000000000
35139  -20.248  -31.324  44.660 0.0000000000
41835  -31.839  -23.441  42.721 0.0000000000
42617  -31.688  -22.738  44.116 0.0000000000
40926  -31.131  -24.473  43.007 0.0000000000
40907  -30.952  -24.256  44.102 0.0000000000
51128  -38.249  -12.520  34.531 0.0000000000
51945  -38.418  -11.663  34.679 0.0000000000
52808  -38.567  -10.238  34.832 0.0000000000
54578  -38.627  -8.583  33.960 0.0000000000
58491  -39.246  -3.355  34.819 0.0000000000
58516  -40.199  -3.834  32.788 0.0000000000
124076  -41.322  -4.944  32.015 0.0000000000
56907  -43.640  -5.586  32.373 0.0000000000
57750  -43.701  -4.470  31.617 0.0000000000
57751  -44.532  -4.177  31.573 0.0000000000
59355  -45.965  -2.784  30.715 0.0000000000
60210  -44.816  -1.554  30.508 0.0000000000
61060  -45.235  -0.390  30.419 0.0000000000
29367  -13.534  -38.433  50.517 0.0000000000
45166  -30.377  -19.218  42.656 0.0000000000
105204  -32.846  -17.307  38.189 0.0000000000
47777  -33.782  -16.551  38.096 0.0000000000
44283  -34.866  -19.904  37.994 0.0000000000
124618  -35.356  -20.319  38.313 0.0000000000
107462  -35.677  -19.521  36.917 0.0000000000
45253  -35.474  -18.864  36.414 0.0000000000
45254  -36.303  -19.213  36.435 0.0000000000
46142  -36.951  -18.884  36.134 0.0000000000
46159  -37.375  -18.246  35.621 0.0000000000
47006  -37.367  -17.510  35.125 0.0000000000
108083  -35.629  -15.822  35.506 0.0000000000
113006  -35.679  -14.867  35.661 0.0000000000
50296  -35.700  -13.670  36.720 0.0000000000
38972  -24.841  -26.649  43.568 0.0000000000
104730  -26.800  -27.627  44.710 0.0000000000
33476  -12.938  -33.929  47.802 0.0000000000
109383  -20.443  -35.436  48.087 0.0000000000
27776  -9.871  -40.132  50.760 0.0000000000
27775  -9.170  -40.031  50.757 0.0000000000
27767  -8.620  -40.590  51.128 0.0000000000
56845  -38.220  -5.063  38.371 0.0000000000
57693  -38.427  -4.256  37.429 0.0000000000
38188  -29.062  -27.522  42.059 0.0000000000
113762  -30.727  -28.279  43.608 0.0000000000
124476  -14.985  -30.789  48.441 0.0000000000
34335  -15.381  -32.045  47.299 0.0000000000
33489  -16.676  -33.152  46.487 0.0000000000
33515  -20.020  -33.304  45.659 0.0000000000
43365  -31.409  -21.567  43.997 0.0000000000
43371  -31.653  -21.273  43.195 0.0000000000
46014  -29.642  -19.361  45.592 0.0000000000
37377  -21.301  -28.457  44.128 0.0000000000
38969  -22.194  -26.967  44.071 0.0000000000
40870  -22.501  -24.172  46.298 0.0000000000
40903  -23.101  -24.505  44.475 0.0000000000
39903  -23.738  -25.549  43.447 0.0000000000
38987  -25.230  -26.102  42.935 0.0000000000
39004  -25.868  -25.676  42.418 0.0000000000
122716  -27.501  -27.045  42.416 0.0000000000
38187  -28.091  -27.211  42.102 0.0000000000
40949  -27.417  -25.117  41.570 0.0000000000
39959  -27.360  -25.514  41.434 0.0000000000
39022  -27.655  -26.247  41.291 0.0000000000
38206  -28.058  -26.928  41.235 0.0000000000
104727  -29.790  -27.508  41.621 0.0000000000
38189  -30.566  -27.623  41.769 0.0000000000
38210  -31.000  -27.351  41.066 0.0000000000
38192  -33.092  -27.022  42.040 0.0000000000
39024  -32.555  -26.292  40.806 0.0000000000
118258  -33.857  -26.399  42.325 0.0000000000
38927  -19.936  -26.137  46.991 0.0000000000
48703  -41.729  -15.305  36.099 0.0000000000
51113  -39.760  -12.869  34.470 0.0000000000
51939  -40.673  -11.702  34.689 0.0000000000
55296  -36.705  -6.931  37.701 0.0000000000
55304  -36.221  -7.378  36.190 0.0000000000
55313  -36.584  -7.362  35.325 0.0000000000
56052  -37.079  -6.132  36.006 0.0000000000
56063  -36.894  -6.672  35.159 0.0000000000
57717  -38.824  -4.062  34.383 0.0000000000
57728  -38.461  -4.939  34.007 0.0000000000
56894  -38.679  -5.797  33.574 0.0000000000
120869  -39.328  -5.888  33.081 0.0000000000
55336  -38.886  -7.234  33.559 0.0000000000
55326  -39.208  -8.014  33.605 0.0000000000
54579  -39.892  -8.731  33.956 0.0000000000
54580  -40.966  -8.405  34.461 0.0000000000
60234  -49.137  -1.121  28.712 0.0000000000
61878  -48.433  0.856  28.372 0.0000000000
62660  -48.060  2.076  29.410 0.0000000000
30160  -9.623  -38.000  50.498 0.0000000000
29364  -9.734  -38.743  50.316 0.0000000000
28576  -11.743  -39.227  50.771 0.0000000000
28581  -10.347  -39.551  50.490 0.0000000000
114551  -34.465  -20.803  44.624 0.0000000000
115142  -31.430  -19.831  42.767 0.0000000000
46054  -35.728  -18.911  43.795 0.0000000000
48621  -29.952  -15.826  41.351 0.0000000000
47736  -29.796  -16.176  41.431 0.0000000000
46919  -29.634  -16.698  41.767 0.0000000000
46920  -30.160  -17.104  41.472 0.0000000000
47763  -31.271  -16.451  39.251 0.0000000000
46933  -31.319  -17.082  39.651 0.0000000000
46071  -36.330  -19.311  43.103 0.0000000000
44284  -36.048  -20.573  38.338 0.0000000000
113362  -37.364  -20.606  37.803 0.0000000000
47809  -40.736  -17.049  35.798 0.0000000000
122850  -40.702  -16.442  35.486 0.0000000000
106604  -38.592  -13.958  34.301 0.0000000000
47021  -37.795  -17.002  34.821 0.0000000000
48736  -37.866  -15.576  34.349 0.0000000000
121229  -37.432  -14.941  34.360 0.0000000000
49553  -38.242  -14.802  34.286 0.0000000000
51127  -37.487  -12.735  34.706 0.0000000000
116986  -36.032  -10.922  35.908 0.0000000000
121172  -35.935  -11.438  36.147 0.0000000000
124708  -35.719  -8.894  38.090 0.0000000000
107971  -25.434  -27.998  46.516 0.0000000000
38115  -24.962  -28.248  47.144 0.0000000000
37393  -29.562  -28.173  44.521 0.0000000000
31807  -12.934  -35.708  48.159 0.0000000000
30175  -12.818  -37.018  49.182 0.0000000000
32608  -16.283  -34.673  47.316 0.0000000000
31800  -16.235  -36.109  48.580 0.0000000000
31813  -19.835  -36.244  48.367 0.0000000000
31812  -18.938  -36.332  48.036 0.0000000000
30971  -16.774  -36.698  49.329 0.0000000000
61886  -50.033  0.859  27.543 0.0000000000
26153  -8.121  -43.057  53.292 0.0000000000
25301  -7.075  -43.592  52.352 0.0000000000
26157  -6.709  -42.878  52.065 0.0000000000
35915  -21.142  -30.614  44.501 0.0000000000
51097  -35.842  -12.634  36.595 0.0000000000
58530  -41.842  -3.493  31.586 0.0000000000
105112  -28.567  -27.187  41.344 0.0000000000
