#!ascii label  , from subject sub-v2s4x29589_ses-1 vox2ras=TkReg
349
64681  -22.773  3.296  -14.045 0.0000000000
105346  -19.879  -1.307  -12.852 0.0000000000
61503  -25.364  -0.961  -12.380 0.0000000000
57408  -22.156  -4.741  -12.656 0.0000000000
119196  -22.919  15.703  -13.838 0.0000000000
71671  -23.604  12.122  -12.554 0.0000000000
67812  -19.977  7.812  -14.714 0.0000000000
119903  -21.026  -8.636  -11.347 0.0000000000
59804  -21.104  -3.118  -13.000 0.0000000000
119510  -19.650  -4.436  -11.815 0.0000000000
72420  -23.323  13.723  -13.192 0.0000000000
116561  -20.692  11.776  -14.639 0.0000000000
63871  -20.083  2.649  -14.229 0.0000000000
65493  -19.571  4.809  -13.810 0.0000000000
66279  -21.487  5.539  -14.601 0.0000000000
67802  -23.275  7.446  -13.090 0.0000000000
114129  -25.025  5.145  -11.853 0.0000000000
64668  -26.713  3.251  -11.675 0.0000000000
62297  -18.681  0.807  -12.716 0.0000000000
62328  -21.311  0.905  -14.616 0.0000000000
63057  -24.020  1.110  -12.546 0.0000000000
60695  -22.585  -1.432  -13.570 0.0000000000
104254  -24.215  -3.688  -12.627 0.0000000000
105799  -26.135  -5.955  -12.573 0.0000000000
69432  -18.390  9.610  -14.227 0.0000000000
69437  -21.429  9.751  -14.758 0.0000000000
70225  -24.959  9.930  -11.770 0.0000000000
118625  -18.623  -6.162  -10.775 0.0000000000
56563  -22.186  -6.803  -11.933 0.0000000000
58970  -19.190  -3.526  -11.488 0.0000000000
124218  -18.800  -4.454  -11.292 0.0000000000
71705  -20.292  12.733  -14.622 0.0000000000
70987  -18.961  11.382  -14.521 0.0000000000
115738  -22.151  2.546  -14.481 0.0000000000
64691  -21.098  3.597  -14.562 0.0000000000
65494  -22.532  4.029  -14.203 0.0000000000
66272  -22.944  5.796  -13.815 0.0000000000
65479  -23.598  4.318  -12.794 0.0000000000
65481  -25.523  4.323  -11.666 0.0000000000
64665  -24.028  3.567  -12.422 0.0000000000
61514  -19.930  -0.399  -13.356 0.0000000000
123266  -20.148  1.064  -14.304 0.0000000000
105500  -20.579  -0.174  -14.017 0.0000000000
62318  -21.824  -0.005  -14.138 0.0000000000
61516  -21.595  -0.931  -13.904 0.0000000000
116805  -21.848  -4.010  -12.883 0.0000000000
58979  -22.357  -3.533  -13.111 0.0000000000
58205  -22.667  -4.282  -12.768 0.0000000000
123241  -24.900  -4.551  -12.531 0.0000000000
57409  -23.897  -5.462  -12.570 0.0000000000
73894  -20.804  15.635  -14.515 0.0000000000
75382  -20.122  17.467  -14.344 0.0000000000
75371  -22.593  17.400  -14.449 0.0000000000
76132  -22.859  18.139  -14.689 0.0000000000
116233  -23.671  16.053  -13.526 0.0000000000
72412  -23.927  13.019  -12.644 0.0000000000
67059  -19.556  6.533  -14.125 0.0000000000
67800  -18.550  7.613  -13.959 0.0000000000
68578  -18.963  8.462  -14.498 0.0000000000
69435  -19.828  9.720  -15.049 0.0000000000
68580  -20.735  8.727  -15.184 0.0000000000
110961  -25.146  7.740  -11.726 0.0000000000
109979  -24.022  8.865  -12.543 0.0000000000
112277  -26.531  8.659  -11.464 0.0000000000
111137  -25.004  -0.280  -12.377 0.0000000000
63059  -26.356  1.304  -11.810 0.0000000000
55016  -20.197  -8.760  -11.044 0.0000000000
55794  -19.796  -7.158  -11.168 0.0000000000
56560  -19.929  -6.109  -11.557 0.0000000000
106476  -21.290  -7.758  -11.457 0.0000000000
60674  -19.898  -2.159  -12.143 0.0000000000
60675  -20.375  -2.034  -12.924 0.0000000000
58977  -20.182  -3.176  -11.997 0.0000000000
120930  -20.633  -3.516  -12.466 0.0000000000
57406  -20.833  -4.894  -12.401 0.0000000000
73153  -21.583  14.896  -14.352 0.0000000000
73144  -23.128  14.682  -13.521 0.0000000000
109710  -21.717  13.992  -14.145 0.0000000000
72429  -21.618  12.994  -14.068 0.0000000000
70969  -22.776  11.770  -13.258 0.0000000000
63858  -19.024  2.528  -13.392 0.0000000000
115672  -19.547  3.985  -13.775 0.0000000000
66277  -20.338  5.365  -14.397 0.0000000000
67068  -20.968  6.358  -14.704 0.0000000000
121950  -21.472  7.743  -14.898 0.0000000000
67060  -22.502  6.518  -14.277 0.0000000000
67045  -23.837  6.738  -12.571 0.0000000000
67046  -24.855  6.874  -11.859 0.0000000000
66263  -26.580  5.654  -11.541 0.0000000000
114904  -22.228  -10.620  -11.504 0.0000000000
54215  -23.236  -9.645  -11.574 0.0000000000
63859  -19.450  2.100  -13.914 0.0000000000
63872  -20.949  2.090  -14.491 0.0000000000
63874  -22.247  1.999  -14.482 0.0000000000
105463  -23.658  2.093  -12.653 0.0000000000
63074  -22.521  1.111  -13.891 0.0000000000
62299  -23.140  -0.106  -13.322 0.0000000000
60677  -23.565  -1.057  -12.990 0.0000000000
59817  -21.939  -2.264  -13.598 0.0000000000
60676  -23.235  -2.138  -13.237 0.0000000000
107684  -24.212  -2.114  -12.601 0.0000000000
58982  -25.962  -3.786  -12.457 0.0000000000
110247  -26.557  -5.274  -12.492 0.0000000000
117211  -24.317  15.151  -12.838 0.0000000000
116014  -19.688  10.787  -14.786 0.0000000000
70252  -20.804  10.473  -14.860 0.0000000000
70238  -22.651  10.725  -13.550 0.0000000000
124728  -22.349  8.548  -14.136 0.0000000000
115518  -22.955  9.767  -13.258 0.0000000000
70224  -24.198  10.590  -12.171 0.0000000000
63845  -25.576  2.040  -11.815 0.0000000000
63846  -26.847  2.209  -11.654 0.0000000000
57387  -18.545  -5.254  -10.994 0.0000000000
56559  -19.139  -5.634  -11.342 0.0000000000
57397  -20.406  -5.335  -12.012 0.0000000000
56570  -22.496  -6.251  -12.357 0.0000000000
55798  -23.227  -8.149  -11.839 0.0000000000
55811  -23.608  -7.593  -12.139 0.0000000000
56571  -23.351  -6.059  -12.495 0.0000000000
70986  -18.384  11.648  -14.077 0.0000000000
64693  -22.299  3.192  -14.393 0.0000000000
65495  -23.112  4.201  -13.738 0.0000000000
64682  -23.220  3.479  -13.165 0.0000000000
61501  -19.501  -0.592  -12.688 0.0000000000
60691  -20.472  -1.033  -13.461 0.0000000000
61515  -21.045  -0.719  -13.914 0.0000000000
58206  -23.519  -4.677  -12.665 0.0000000000
104931  -23.002  -5.080  -12.642 0.0000000000
73895  -21.926  15.726  -14.378 0.0000000000
118741  -21.110  16.748  -14.523 0.0000000000
74650  -22.298  16.616  -14.345 0.0000000000
74652  -24.071  16.686  -13.550 0.0000000000
72413  -24.823  13.239  -12.169 0.0000000000
71672  -24.570  12.426  -12.071 0.0000000000
70949  -25.358  11.892  -11.519 0.0000000000
67066  -19.802  7.205  -14.472 0.0000000000
67065  -19.167  7.370  -14.225 0.0000000000
122867  -18.881  7.952  -14.364 0.0000000000
67811  -19.370  7.900  -14.528 0.0000000000
68579  -20.201  8.406  -14.981 0.0000000000
110127  -20.906  7.988  -15.140 0.0000000000
112831  -26.006  7.973  -11.501 0.0000000000
68553  -25.419  8.516  -11.653 0.0000000000
104077  -26.044  -0.201  -12.185 0.0000000000
54213  -20.768  -9.515  -11.333 0.0000000000
55015  -19.652  -7.998  -10.755 0.0000000000
55031  -20.440  -7.878  -11.167 0.0000000000
120874  -21.801  -8.485  -11.531 0.0000000000
60662  -19.451  -2.394  -11.705 0.0000000000
59802  -20.200  -2.645  -12.174 0.0000000000
59796  -19.801  -2.839  -11.774 0.0000000000
113081  -19.274  -4.003  -11.614 0.0000000000
58203  -19.996  -3.892  -12.033 0.0000000000
58204  -20.669  -4.191  -12.447 0.0000000000
58198  -20.179  -4.626  -12.142 0.0000000000
73152  -20.799  14.368  -14.486 0.0000000000
72427  -20.277  13.532  -14.598 0.0000000000
107513  -20.205  11.959  -14.664 0.0000000000
71706  -20.818  12.462  -14.535 0.0000000000
71687  -22.159  12.372  -13.680 0.0000000000
71707  -21.410  12.059  -14.340 0.0000000000
113289  -19.457  2.807  -13.832 0.0000000000
64680  -19.751  3.417  -13.968 0.0000000000
115319  -21.366  4.458  -14.558 0.0000000000
65502  -20.579  4.519  -14.459 0.0000000000
66278  -20.832  5.444  -14.587 0.0000000000
67067  -20.276  6.270  -14.453 0.0000000000
67069  -21.702  6.431  -14.657 0.0000000000
66271  -22.273  5.675  -14.361 0.0000000000
116262  -23.964  5.127  -12.455 0.0000000000
66261  -23.468  5.896  -12.858 0.0000000000
66262  -24.438  5.975  -12.138 0.0000000000
114399  -25.671  6.042  -11.576 0.0000000000
104695  -25.925  3.642  -11.595 0.0000000000
65482  -26.589  4.171  -11.628 0.0000000000
52401  -23.261  -10.969  -11.070 0.0000000000
124583  -18.651  1.339  -13.034 0.0000000000
63071  -18.958  1.705  -13.414 0.0000000000
62298  -18.964  0.975  -13.421 0.0000000000
63082  -20.774  1.239  -14.576 0.0000000000
63083  -21.417  1.503  -14.581 0.0000000000
63873  -21.772  2.122  -14.554 0.0000000000
63084  -21.844  1.480  -14.521 0.0000000000
63861  -22.504  1.929  -14.241 0.0000000000
63073  -22.124  1.469  -14.396 0.0000000000
119861  -22.061  -0.915  -13.904 0.0000000000
62319  -22.432  0.376  -13.798 0.0000000000
61517  -22.498  -0.507  -13.658 0.0000000000
59815  -21.005  -2.382  -13.234 0.0000000000
59816  -21.533  -2.660  -13.378 0.0000000000
59818  -22.835  -2.915  -13.218 0.0000000000
59805  -23.766  -2.976  -12.824 0.0000000000
59806  -24.934  -3.076  -12.445 0.0000000000
110248  -24.878  -5.002  -12.551 0.0000000000
58208  -25.666  -4.652  -12.487 0.0000000000
120178  -25.631  -5.349  -12.523 0.0000000000
57411  -27.245  -5.797  -12.516 0.0000000000
73886  -23.714  15.334  -13.284 0.0000000000
73145  -23.884  14.560  -12.958 0.0000000000
114096  -19.176  4.194  -13.487 0.0000000000
69421  -17.790  9.358  -13.662 0.0000000000
123868  -18.441  10.252  -14.206 0.0000000000
122222  -18.905  10.142  -14.590 0.0000000000
69436  -20.559  9.610  -15.105 0.0000000000
115331  -20.013  10.353  -15.014 0.0000000000
70253  -21.752  10.597  -14.414 0.0000000000
67801  -22.666  7.329  -14.049 0.0000000000
68566  -22.106  8.028  -14.530 0.0000000000
68567  -22.790  8.219  -13.593 0.0000000000
69408  -24.723  9.101  -11.959 0.0000000000
115495  -23.903  9.656  -12.498 0.0000000000
110456  -26.037  10.094  -11.471 0.0000000000
107650  -23.046  1.588  -13.466 0.0000000000
115352  -24.565  1.839  -12.178 0.0000000000
55781  -18.650  -6.996  -10.523 0.0000000000
55796  -21.514  -6.870  -11.672 0.0000000000
56561  -20.859  -6.091  -11.830 0.0000000000
118365  -21.039  -5.500  -12.233 0.0000000000
56562  -21.608  -6.099  -12.164 0.0000000000
55032  -22.656  -8.924  -11.657 0.0000000000
119927  -23.249  -6.844  -12.308 0.0000000000
59795  -19.353  -3.070  -11.534 0.0000000000
105659  -18.805  -3.954  -11.295 0.0000000000
72436  -19.941  13.065  -14.664 0.0000000000
72426  -19.249  12.612  -14.549 0.0000000000
71704  -19.796  12.345  -14.643 0.0000000000
70989  -19.857  11.519  -14.708 0.0000000000
114807  -21.513  2.729  -14.539 0.0000000000
64692  -21.775  3.357  -14.501 0.0000000000
65503  -21.972  3.917  -14.419 0.0000000000
116209  -22.032  4.762  -14.379 0.0000000000
116287  -22.799  4.932  -14.063 0.0000000000
116291  -23.282  5.056  -13.266 0.0000000000
65480  -24.524  4.344  -12.176 0.0000000000
64666  -25.036  3.587  -11.866 0.0000000000
61500  -18.937  -0.136  -12.176 0.0000000000
110749  -19.314  0.231  -13.020 0.0000000000
62315  -19.842  0.525  -13.839 0.0000000000
62316  -20.683  0.574  -14.447 0.0000000000
62317  -21.292  0.041  -14.431 0.0000000000
62329  -21.710  0.842  -14.443 0.0000000000
114652  -21.187  -3.778  -12.814 0.0000000000
58978  -21.639  -3.343  -13.177 0.0000000000
58980  -23.312  -3.788  -12.803 0.0000000000
58207  -24.226  -4.438  -12.604 0.0000000000
119086  -24.242  -5.063  -12.596 0.0000000000
57410  -24.955  -5.701  -12.534 0.0000000000
113831  -19.671  15.982  -14.401 0.0000000000
124677  -20.856  17.486  -14.498 0.0000000000
74643  -24.872  16.611  -13.114 0.0000000000
72421  -24.306  13.844  -12.632 0.0000000000
67057  -17.898  7.193  -13.460 0.0000000000
67799  -18.089  7.962  -13.743 0.0000000000
68565  -18.471  8.292  -14.162 0.0000000000
68577  -18.534  8.978  -14.356 0.0000000000
69434  -19.401  9.692  -14.821 0.0000000000
68589  -19.667  9.100  -14.912 0.0000000000
68590  -20.144  9.109  -15.163 0.0000000000
110764  -21.220  9.056  -15.055 0.0000000000
67788  -24.225  7.578  -12.418 0.0000000000
68551  -23.643  8.240  -12.791 0.0000000000
68552  -24.503  8.350  -12.192 0.0000000000
69409  -25.726  9.299  -11.582 0.0000000000
62301  -25.058  0.420  -12.259 0.0000000000
63058  -25.256  1.233  -12.025 0.0000000000
62302  -25.936  0.654  -11.955 0.0000000000
55782  -19.187  -7.331  -10.752 0.0000000000
56549  -19.181  -6.546  -11.059 0.0000000000
55795  -20.644  -6.954  -11.476 0.0000000000
60673  -19.357  -1.334  -12.075 0.0000000000
59803  -20.594  -2.838  -12.593 0.0000000000
58971  -19.605  -3.385  -11.686 0.0000000000
57407  -21.355  -4.477  -12.636 0.0000000000
73892  -18.956  15.815  -14.338 0.0000000000
73143  -22.339  14.825  -14.020 0.0000000000
72419  -22.517  14.006  -13.729 0.0000000000
72428  -20.904  13.324  -14.450 0.0000000000
124747  -22.068  13.567  -13.858 0.0000000000
120937  -22.434  13.234  -13.577 0.0000000000
71688  -23.027  12.717  -13.153 0.0000000000
65501  -19.993  4.192  -14.100 0.0000000000
116122  -20.079  4.903  -14.241 0.0000000000
66276  -19.877  5.621  -14.158 0.0000000000
113024  -20.452  7.120  -14.685 0.0000000000
67813  -20.531  7.706  -14.893 0.0000000000
67814  -21.128  7.223  -14.873 0.0000000000
67815  -21.968  7.211  -14.669 0.0000000000
67061  -23.101  6.623  -13.492 0.0000000000
67047  -26.084  7.150  -11.512 0.0000000000
67048  -26.860  6.377  -11.523 0.0000000000
109934  -26.053  5.057  -11.495 0.0000000000
103940  -26.682  -2.210  -12.474 0.0000000000
53291  -21.461  -10.297  -11.490 0.0000000000
54214  -21.699  -9.318  -11.483 0.0000000000
63072  -19.471  1.318  -13.939 0.0000000000
63860  -20.093  1.709  -14.317 0.0000000000
116281  -22.471  2.503  -14.318 0.0000000000
63862  -22.945  2.524  -13.589 0.0000000000
63056  -23.181  0.683  -13.341 0.0000000000
111710  -22.034  0.836  -14.255 0.0000000000
62300  -24.041  0.007  -12.723 0.0000000000
61502  -24.488  -0.722  -12.555 0.0000000000
122065  -24.580  -1.362  -12.521 0.0000000000
60692  -21.019  -1.514  -13.528 0.0000000000
60693  -21.543  -1.906  -13.592 0.0000000000
60694  -22.038  -1.620  -13.763 0.0000000000
58991  -22.099  -2.837  -13.423 0.0000000000
113664  -22.427  -2.210  -13.533 0.0000000000
60678  -25.495  -1.976  -12.418 0.0000000000
59807  -26.260  -2.906  -12.479 0.0000000000
58981  -24.962  -4.037  -12.498 0.0000000000
58209  -26.863  -4.497  -12.488 0.0000000000
73887  -24.400  15.886  -13.074 0.0000000000
73132  -24.724  14.598  -12.549 0.0000000000
113130  -18.141  10.919  -13.778 0.0000000000
115296  -19.275  10.739  -14.673 0.0000000000
70990  -20.231  11.157  -14.805 0.0000000000
70251  -19.622  10.183  -14.885 0.0000000000
70968  -22.003  11.475  -14.053 0.0000000000
70947  -23.442  11.186  -12.684 0.0000000000
68581  -21.380  8.372  -14.987 0.0000000000
114772  -21.897  8.932  -14.516 0.0000000000
69423  -23.279  8.962  -13.051 0.0000000000
69422  -22.567  9.036  -13.764 0.0000000000
70239  -23.391  10.389  -12.812 0.0000000000
70948  -24.374  11.519  -12.009 0.0000000000
63843  -23.557  2.874  -12.683 0.0000000000
63844  -24.550  2.709  -12.105 0.0000000000
64667  -25.785  2.906  -11.688 0.0000000000
58189  -18.468  -4.591  -10.864 0.0000000000
57395  -19.145  -4.765  -11.503 0.0000000000
57396  -19.718  -5.116  -11.769 0.0000000000
57398  -21.677  -5.321  -12.463 0.0000000000
55797  -22.259  -7.724  -11.702 0.0000000000
55810  -22.879  -7.234  -12.086 0.0000000000
124466  -22.518  -5.455  -12.538 0.0000000000
52400  -22.540  -11.176  -11.367 0.0000000000
64690  -20.377  3.555  -14.332 0.0000000000
69433  -18.961  9.618  -14.616 0.0000000000
70249  -18.749  10.789  -14.407 0.0000000000
70250  -19.340  10.186  -14.772 0.0000000000
70967  -17.667  11.819  -13.372 0.0000000000
70988  -19.426  11.617  -14.613 0.0000000000
70991  -21.131  11.269  -14.613 0.0000000000
73151  -19.979  14.308  -14.606 0.0000000000
108979  -19.150  9.081  -14.656 0.0000000000
111022  -19.528  8.470  -14.715 0.0000000000
113548  -20.812  2.923  -14.495 0.0000000000
115470  -22.242  9.813  -14.108 0.0000000000
