#!ascii label  , from subject sub-v2s4x29589_ses-1 vox2ras=TkReg
1031
89261  47.776  34.170  26.822 0.0000000000
125393  49.719  38.903  29.979 0.0000000000
85258  49.692  28.040  27.245 0.0000000000
86883  43.651  30.416  25.939 0.0000000000
85854  46.730  28.361  24.816 0.0000000000
91083  50.599  37.498  24.374 0.0000000000
93665  48.007  43.027  30.393 0.0000000000
94582  50.667  45.298  25.563 0.0000000000
82636  46.816  23.944  30.158 0.0000000000
82695  50.551  23.510  22.920 0.0000000000
90426  52.268  35.495  28.471 0.0000000000
87410  51.871  30.858  26.904 0.0000000000
88653  49.950  33.581  30.820 0.0000000000
109161  44.373  30.655  29.970 0.0000000000
93191  47.782  41.460  23.586 0.0000000000
92162  52.146  39.221  23.857 0.0000000000
108021  50.969  27.467  20.737 0.0000000000
88028  45.628  32.436  25.452 0.0000000000
113342  45.610  29.341  25.361 0.0000000000
87449  47.602  30.824  25.107 0.0000000000
91059  48.200  37.182  27.107 0.0000000000
89846  45.820  35.691  25.898 0.0000000000
107572  46.391  43.033  26.654 0.0000000000
82616  49.462  23.588  32.542 0.0000000000
81998  50.963  23.035  28.405 0.0000000000
82622  52.761  23.351  31.011 0.0000000000
91686  48.763  38.145  19.836 0.0000000000
125817  52.500  36.816  29.047 0.0000000000
89807  52.252  34.645  30.885 0.0000000000
91012  50.274  37.004  31.051 0.0000000000
90381  43.497  36.850  33.176 0.0000000000
89237  44.558  34.200  30.143 0.0000000000
88636  43.903  33.162  32.598 0.0000000000
86302  45.486  29.687  32.967 0.0000000000
93167  49.744  42.639  27.353 0.0000000000
93174  50.420  42.283  25.082 0.0000000000
92146  50.737  39.611  26.239 0.0000000000
91618  53.088  37.291  26.733 0.0000000000
85820  52.387  29.161  27.070 0.0000000000
86368  52.634  29.380  23.272 0.0000000000
124419  52.657  27.786  23.636 0.0000000000
84669  44.441  26.454  24.373 0.0000000000
84021  45.792  26.042  23.043 0.0000000000
90468  52.291  36.657  21.450 0.0000000000
91109  48.364  37.144  21.896 0.0000000000
118805  49.499  42.460  30.981 0.0000000000
124038  48.991  39.348  32.033 0.0000000000
96883  46.866  50.734  25.750 0.0000000000
110448  48.031  47.642  24.576 0.0000000000
93683  49.755  43.875  28.137 0.0000000000
84638  46.624  26.089  27.674 0.0000000000
84009  48.923  25.924  24.679 0.0000000000
82678  47.877  23.616  26.167 0.0000000000
82026  51.851  22.042  25.045 0.0000000000
89255  49.477  34.610  28.587 0.0000000000
88011  49.578  32.381  26.593 0.0000000000
88004  51.367  32.581  29.114 0.0000000000
112045  52.599  31.096  29.853 0.0000000000
112247  50.398  30.393  29.795 0.0000000000
113428  47.495  35.768  30.357 0.0000000000
88667  47.363  32.763  29.659 0.0000000000
85800  47.495  28.795  28.933 0.0000000000
85236  44.374  27.157  30.563 0.0000000000
84607  46.876  26.389  33.110 0.0000000000
92703  46.996  40.059  21.605 0.0000000000
124190  50.706  40.060  20.816 0.0000000000
93198  51.874  42.459  21.778 0.0000000000
92178  53.091  39.524  20.980 0.0000000000
91081  52.769  36.834  24.314 0.0000000000
91066  52.062  36.407  26.006 0.0000000000
86890  49.372  30.235  24.541 0.0000000000
85869  48.687  27.552  22.522 0.0000000000
84044  46.647  25.849  21.018 0.0000000000
84042  51.816  25.766  20.808 0.0000000000
88689  47.109  33.133  25.661 0.0000000000
113758  47.076  31.537  25.320 0.0000000000
88026  47.540  32.333  25.485 0.0000000000
89843  47.778  35.863  27.465 0.0000000000
90445  46.776  36.767  26.537 0.0000000000
89263  46.356  34.845  26.121 0.0000000000
115026  46.080  34.209  25.692 0.0000000000
82603  50.711  24.043  34.200 0.0000000000
104749  51.423  23.587  31.907 0.0000000000
105832  52.720  23.182  32.970 0.0000000000
84047  43.272  25.406  20.732 0.0000000000
91605  51.482  37.903  29.192 0.0000000000
91027  51.562  36.960  30.293 0.0000000000
91594  50.429  37.863  30.479 0.0000000000
89785  44.915  36.717  35.197 0.0000000000
117533  43.505  35.294  32.699 0.0000000000
92644  49.430  40.866  28.360 0.0000000000
92147  49.736  40.292  26.727 0.0000000000
109436  50.144  39.279  28.139 0.0000000000
91611  51.974  38.079  28.254 0.0000000000
85822  51.294  28.714  27.686 0.0000000000
85843  52.265  28.442  25.574 0.0000000000
85271  50.752  28.011  26.080 0.0000000000
86346  42.641  29.617  26.391 0.0000000000
85834  43.285  29.054  26.158 0.0000000000
86362  46.326  29.004  25.116 0.0000000000
85282  44.995  27.928  25.155 0.0000000000
85292  45.485  27.346  24.749 0.0000000000
84678  45.103  26.221  23.734 0.0000000000
85291  46.895  26.890  23.724 0.0000000000
91099  51.331  36.900  22.720 0.0000000000
90470  50.731  36.559  21.826 0.0000000000
91092  49.308  37.837  23.210 0.0000000000
87435  43.722  31.211  25.899 0.0000000000
120264  42.469  30.834  26.398 0.0000000000
93654  49.104  43.355  31.111 0.0000000000
93114  49.060  42.483  33.055 0.0000000000
93646  48.345  43.545  32.556 0.0000000000
93158  46.758  42.008  28.434 0.0000000000
120612  48.062  42.995  27.220 0.0000000000
93674  48.751  43.153  28.803 0.0000000000
93663  49.428  43.172  29.514 0.0000000000
83970  46.025  25.057  28.333 0.0000000000
83986  47.137  25.045  26.686 0.0000000000
82658  47.236  23.802  27.783 0.0000000000
81996  52.702  23.098  28.049 0.0000000000
82016  51.504  22.527  26.768 0.0000000000
116755  52.891  22.222  25.852 0.0000000000
89837  51.306  35.081  28.816 0.0000000000
88672  50.756  33.520  29.055 0.0000000000
89245  52.160  34.104  29.630 0.0000000000
88641  51.701  33.819  31.370 0.0000000000
88650  52.452  33.190  30.650 0.0000000000
87987  52.040  32.413  30.949 0.0000000000
86839  51.676  30.273  29.861 0.0000000000
87382  50.206  31.217  30.216 0.0000000000
91581  47.259  38.831  31.359 0.0000000000
91030  48.561  37.254  31.001 0.0000000000
91032  46.340  37.435  30.623 0.0000000000
124017  44.163  32.738  30.236 0.0000000000
88669  45.561  33.358  29.626 0.0000000000
123426  45.649  31.825  29.491 0.0000000000
86842  46.757  30.316  29.389 0.0000000000
86319  45.231  29.665  29.613 0.0000000000
109736  45.291  27.925  29.547 0.0000000000
86310  44.279  29.172  30.380 0.0000000000
86290  46.924  29.522  33.580 0.0000000000
85228  46.302  27.492  32.938 0.0000000000
92689  47.656  40.406  22.287 0.0000000000
92182  48.506  39.735  20.903 0.0000000000
92688  48.829  40.647  22.146 0.0000000000
95485  50.124  47.089  24.801 0.0000000000
111551  48.995  46.000  24.448 0.0000000000
94596  50.382  45.556  24.626 0.0000000000
92163  51.184  40.728  24.213 0.0000000000
93188  51.655  42.483  22.612 0.0000000000
92674  52.208  41.638  22.240 0.0000000000
92698  52.467  41.053  21.056 0.0000000000
92168  52.458  39.298  22.806 0.0000000000
91653  52.559  38.202  22.644 0.0000000000
91645  52.642  37.890  23.912 0.0000000000
90434  52.970  36.049  27.583 0.0000000000
90447  53.010  36.517  25.693 0.0000000000
90435  52.576  35.908  27.602 0.0000000000
90427  50.743  35.840  28.309 0.0000000000
87411  51.140  31.372  26.510 0.0000000000
87432  50.023  31.516  25.371 0.0000000000
86878  51.704  30.835  25.028 0.0000000000
85867  52.162  28.480  21.980 0.0000000000
86377  50.439  28.705  22.634 0.0000000000
85304  49.489  27.530  21.798 0.0000000000
84684  47.688  26.495  21.706 0.0000000000
84700  48.779  26.375  20.802 0.0000000000
83357  49.939  25.022  23.153 0.0000000000
84018  50.910  25.375  22.502 0.0000000000
83362  51.227  24.421  21.590 0.0000000000
111217  44.472  30.913  25.616 0.0000000000
86882  44.321  30.123  25.693 0.0000000000
114846  45.341  30.949  25.420 0.0000000000
86880  46.513  29.790  25.181 0.0000000000
86361  47.392  29.500  24.839 0.0000000000
122941  49.821  37.780  25.752 0.0000000000
88029  44.718  32.524  25.590 0.0000000000
82626  48.325  23.573  31.360 0.0000000000
82643  48.603  23.333  29.362 0.0000000000
104747  50.401  23.615  30.690 0.0000000000
82640  52.127  23.690  29.617 0.0000000000
90425  52.782  35.980  28.295 0.0000000000
89244  52.252  34.868  29.486 0.0000000000
90418  52.450  35.831  29.899 0.0000000000
90397  51.558  35.782  30.978 0.0000000000
89816  50.642  34.992  31.230 0.0000000000
91017  44.241  37.658  31.740 0.0000000000
119174  44.869  36.264  30.528 0.0000000000
121105  43.659  35.627  31.247 0.0000000000
88642  43.610  33.586  31.101 0.0000000000
87367  43.616  32.027  31.516 0.0000000000
86308  44.088  29.654  31.572 0.0000000000
114608  44.497  30.924  32.598 0.0000000000
110308  46.507  31.021  33.823 0.0000000000
86799  48.122  30.713  34.520 0.0000000000
93710  46.932  42.234  24.519 0.0000000000
93704  50.164  43.635  27.016 0.0000000000
110755  50.592  44.101  25.126 0.0000000000
93175  49.923  42.396  26.178 0.0000000000
92654  49.995  40.566  25.767 0.0000000000
92156  50.940  39.877  25.115 0.0000000000
91638  52.643  38.147  25.457 0.0000000000
91629  52.582  38.107  26.348 0.0000000000
91610  52.775  37.308  27.693 0.0000000000
86867  52.662  29.934  26.893 0.0000000000
117823  52.372  30.475  25.273 0.0000000000
86352  52.974  29.323  25.308 0.0000000000
85860  53.058  28.477  23.178 0.0000000000
85310  52.517  27.589  21.673 0.0000000000
82053  51.439  22.401  22.370 0.0000000000
82704  51.094  23.396  21.954 0.0000000000
84671  42.611  25.957  25.159 0.0000000000
85845  44.309  28.042  25.488 0.0000000000
84660  43.801  26.666  24.936 0.0000000000
120532  43.207  25.767  24.192 0.0000000000
84023  43.317  25.548  23.459 0.0000000000
106696  44.026  25.552  22.604 0.0000000000
84046  44.288  25.307  21.018 0.0000000000
90483  51.454  35.751  21.249 0.0000000000
89876  49.833  35.371  20.888 0.0000000000
115917  49.481  41.097  30.111 0.0000000000
92113  49.385  39.683  31.415 0.0000000000
92617  49.333  40.903  32.199 0.0000000000
92619  48.244  40.858  32.939 0.0000000000
116090  46.362  39.940  32.380 0.0000000000
92095  45.245  40.248  33.489 0.0000000000
120488  44.427  39.052  33.640 0.0000000000
106876  47.713  49.442  24.794 0.0000000000
96428  49.330  48.364  25.768 0.0000000000
112852  50.131  46.578  26.282 0.0000000000
94166  50.186  44.866  26.762 0.0000000000
93682  49.843  43.777  28.208 0.0000000000
115288  49.575  42.784  29.238 0.0000000000
85260  47.781  27.279  27.701 0.0000000000
85272  49.545  27.325  25.867 0.0000000000
124288  47.998  26.098  25.984 0.0000000000
83343  48.159  24.498  25.203 0.0000000000
104573  49.239  23.350  24.618 0.0000000000
82656  49.074  22.997  27.633 0.0000000000
82038  50.008  22.625  24.835 0.0000000000
82047  50.920  22.638  23.411 0.0000000000
89256  48.597  34.786  28.108 0.0000000000
88679  48.979  33.062  27.063 0.0000000000
88676  49.283  33.337  28.128 0.0000000000
88007  50.668  32.103  28.293 0.0000000000
87391  51.694  31.641  28.689 0.0000000000
88664  52.434  33.361  29.881 0.0000000000
87995  52.667  32.633  29.943 0.0000000000
87394  52.464  30.334  28.459 0.0000000000
86313  52.402  29.905  29.110 0.0000000000
86323  51.606  29.162  28.863 0.0000000000
85807  50.070  28.651  28.360 0.0000000000
91013  49.562  37.899  31.256 0.0000000000
90411  48.947  36.468  30.919 0.0000000000
89232  49.388  34.429  30.727 0.0000000000
89828  46.232  34.936  29.968 0.0000000000
88655  47.856  33.758  29.995 0.0000000000
87990  49.179  32.895  30.388 0.0000000000
121291  48.688  31.651  29.794 0.0000000000
86316  48.801  29.437  29.186 0.0000000000
85808  48.967  28.466  28.343 0.0000000000
85245  47.424  27.592  28.279 0.0000000000
84627  45.723  26.410  28.871 0.0000000000
83320  44.896  25.093  29.961 0.0000000000
122955  44.245  28.308  31.453 0.0000000000
84618  45.069  26.160  32.097 0.0000000000
83316  45.797  24.735  31.369 0.0000000000
83309  47.645  24.277  32.927 0.0000000000
92191  47.781  39.285  20.443 0.0000000000
91674  49.942  38.880  20.341 0.0000000000
91673  51.275  38.668  20.084 0.0000000000
94180  50.726  44.097  23.863 0.0000000000
124193  49.896  42.070  22.605 0.0000000000
92686  51.290  41.703  21.428 0.0000000000
92188  52.494  39.949  20.556 0.0000000000
91671  52.792  38.415  20.363 0.0000000000
91108  52.706  37.429  21.262 0.0000000000
91089  52.292  37.047  23.260 0.0000000000
108993  52.409  36.813  24.033 0.0000000000
91071  53.212  36.790  25.337 0.0000000000
91072  52.646  36.516  25.289 0.0000000000
91073  51.642  36.790  25.417 0.0000000000
91057  50.102  37.139  26.931 0.0000000000
90438  49.161  36.549  27.828 0.0000000000
88025  48.452  32.275  25.574 0.0000000000
87448  48.593  30.943  24.924 0.0000000000
117074  48.170  29.187  24.474 0.0000000000
86358  51.509  29.936  23.906 0.0000000000
120710  49.738  28.885  23.304 0.0000000000
85862  47.910  27.982  23.787 0.0000000000
84676  47.174  26.548  22.547 0.0000000000
105666  46.087  25.948  21.376 0.0000000000
106488  50.555  26.993  24.248 0.0000000000
84683  52.242  26.577  21.833 0.0000000000
84054  51.456  26.159  19.984 0.0000000000
82723  51.191  24.416  20.721 0.0000000000
84055  49.620  25.675  19.927 0.0000000000
114805  53.113  22.115  32.017 0.0000000000
81383  52.887  21.684  30.338 0.0000000000
88681  47.519  33.704  26.103 0.0000000000
89259  47.446  35.036  27.122 0.0000000000
112034  46.872  35.176  26.616 0.0000000000
89262  47.111  34.467  26.410 0.0000000000
88682  46.758  33.967  25.837 0.0000000000
82608  52.062  23.526  33.546 0.0000000000
91606  50.450  38.326  29.780 0.0000000000
117356  49.492  40.369  29.232 0.0000000000
92135  49.585  39.922  28.474 0.0000000000
92125  49.789  39.236  29.193 0.0000000000
91612  50.856  38.555  28.708 0.0000000000
85257  50.646  28.317  27.059 0.0000000000
85833  51.460  28.517  26.824 0.0000000000
86345  43.285  29.797  26.143 0.0000000000
86354  43.854  29.628  25.866 0.0000000000
85855  45.789  28.308  25.075 0.0000000000
108364  46.411  27.464  24.545 0.0000000000
84668  45.982  26.555  24.052 0.0000000000
85290  47.250  27.697  24.234 0.0000000000
91090  51.599  37.024  23.742 0.0000000000
91091  50.411  37.418  23.470 0.0000000000
87413  43.072  31.034  26.145 0.0000000000
118219  42.894  30.312  26.261 0.0000000000
93655  48.622  43.492  31.449 0.0000000000
93656  47.685  43.334  31.712 0.0000000000
93147  46.882  42.239  29.564 0.0000000000
93675  47.868  42.496  29.036 0.0000000000
110684  48.683  43.140  29.634 0.0000000000
83324  46.127  24.510  28.874 0.0000000000
83327  46.597  24.483  27.853 0.0000000000
82652  46.898  23.947  28.622 0.0000000000
82014  53.234  22.272  26.620 0.0000000000
89246  51.440  34.199  29.259 0.0000000000
89836  52.094  34.878  29.114 0.0000000000
88652  50.906  33.752  31.345 0.0000000000
88651  51.523  33.110  31.243 0.0000000000
87988  51.190  32.464  30.920 0.0000000000
87375  50.656  31.812  30.547 0.0000000000
87989  50.183  32.634  30.694 0.0000000000
91582  46.305  39.201  31.632 0.0000000000
91596  47.117  38.049  30.900 0.0000000000
91033  45.673  37.861  30.925 0.0000000000
87386  44.521  31.447  29.847 0.0000000000
106126  44.942  31.987  29.608 0.0000000000
115377  45.168  31.126  29.585 0.0000000000
86843  45.748  30.381  29.491 0.0000000000
86844  44.953  30.328  29.666 0.0000000000
106705  44.738  29.140  29.844 0.0000000000
86835  44.160  30.004  30.329 0.0000000000
86279  48.284  29.784  34.417 0.0000000000
93192  46.723  41.058  23.782 0.0000000000
92676  47.201  40.723  23.070 0.0000000000
92675  48.321  41.035  22.836 0.0000000000
95036  50.649  46.029  25.057 0.0000000000
95043  50.283  46.302  24.703 0.0000000000
94594  50.650  45.448  24.970 0.0000000000
106656  51.682  40.283  23.731 0.0000000000
92666  51.646  41.300  23.228 0.0000000000
92169  52.165  40.431  22.922 0.0000000000
92673  52.565  40.577  22.009 0.0000000000
89835  52.637  35.796  28.246 0.0000000000
126211  51.821  35.617  28.168 0.0000000000
87431  51.122  31.219  25.592 0.0000000000
87430  51.764  31.004  26.065 0.0000000000
85874  51.548  27.962  21.245 0.0000000000
85875  50.559  27.847  21.392 0.0000000000
85313  49.994  27.249  20.958 0.0000000000
84692  49.078  26.794  21.220 0.0000000000
84691  49.552  26.612  20.628 0.0000000000
82696  49.812  24.063  23.275 0.0000000000
83356  50.581  24.436  22.606 0.0000000000
82705  50.968  23.907  22.177 0.0000000000
107991  45.060  31.675  25.481 0.0000000000
123433  46.058  31.445  25.346 0.0000000000
86879  46.746  30.692  25.259 0.0000000000
86892  47.252  30.166  25.047 0.0000000000
91067  49.499  37.622  26.473 0.0000000000
91630  48.911  38.156  25.929 0.0000000000
91068  48.502  37.694  26.633 0.0000000000
89845  46.460  35.781  26.420 0.0000000000
90448  46.094  36.441  26.114 0.0000000000
107860  46.138  33.348  25.560 0.0000000000
88690  45.187  33.273  25.532 0.0000000000
82617  48.652  23.634  32.169 0.0000000000
104746  49.288  23.536  30.940 0.0000000000
82625  49.923  23.545  31.606 0.0000000000
82623  52.183  23.552  31.454 0.0000000000
104748  51.418  23.693  31.008 0.0000000000
82632  52.168  23.678  30.547 0.0000000000
82639  52.841  23.387  29.346 0.0000000000
82630  53.174  23.027  29.888 0.0000000000
91687  47.875  38.187  19.592 0.0000000000
91134  47.613  37.725  19.106 0.0000000000
91038  52.641  36.201  29.006 0.0000000000
90419  52.284  36.593  29.780 0.0000000000
90410  51.150  36.537  30.792 0.0000000000
90398  50.792  36.039  31.043 0.0000000000
89808  51.215  35.225  31.247 0.0000000000
89809  50.510  35.544  31.125 0.0000000000
91003  43.808  37.566  32.363 0.0000000000
90401  43.738  36.968  31.701 0.0000000000
90389  43.479  36.874  32.422 0.0000000000
88629  43.913  33.841  32.780 0.0000000000
89214  43.536  34.475  32.204 0.0000000000
88637  43.589  33.553  31.852 0.0000000000
87980  43.630  32.863  31.259 0.0000000000
87974  43.662  32.665  32.042 0.0000000000
87366  43.866  31.217  31.991 0.0000000000
87973  44.159  32.515  32.805 0.0000000000
87962  45.847  32.277  34.025 0.0000000000
87343  46.612  31.758  34.218 0.0000000000
86800  47.338  31.196  34.292 0.0000000000
87332  47.505  32.250  34.776 0.0000000000
92155  51.791  38.911  25.834 0.0000000000
92145  51.567  38.807  26.787 0.0000000000
91047  52.360  37.375  28.676 0.0000000000
91046  52.824  36.511  28.132 0.0000000000
117035  52.581  29.583  27.507 0.0000000000
86344  52.754  29.488  26.482 0.0000000000
85279  52.487  28.132  24.717 0.0000000000
119173  52.816  28.278  24.449 0.0000000000
85288  52.720  27.941  23.916 0.0000000000
123027  52.916  28.178  22.598 0.0000000000
85296  52.789  27.779  23.091 0.0000000000
84661  42.168  26.249  25.759 0.0000000000
104885  43.019  26.703  25.515 0.0000000000
86353  44.635  29.471  25.594 0.0000000000
110417  44.072  28.854  25.735 0.0000000000
85844  44.894  28.665  25.417 0.0000000000
85283  44.552  27.232  24.972 0.0000000000
84670  43.202  26.074  24.771 0.0000000000
84010  43.734  26.076  24.238 0.0000000000
84022  44.272  25.920  23.550 0.0000000000
104963  44.953  25.771  22.824 0.0000000000
112511  43.734  25.364  21.633 0.0000000000
84035  44.674  25.612  21.833 0.0000000000
90482  52.275  36.029  20.876 0.0000000000
90471  49.475  36.732  21.812 0.0000000000
90484  50.312  35.890  21.352 0.0000000000
117609  48.558  36.467  21.434 0.0000000000
120159  47.837  36.855  21.538 0.0000000000
116604  49.529  41.738  30.809 0.0000000000
92627  49.467  40.812  31.159 0.0000000000
93124  49.479  41.840  31.614 0.0000000000
92606  48.788  41.781  33.165 0.0000000000
92103  47.016  40.935  33.035 0.0000000000
92608  45.784  41.312  34.097 0.0000000000
91570  44.632  39.032  32.869 0.0000000000
96453  46.851  49.607  24.672 0.0000000000
96892  47.395  50.219  25.151 0.0000000000
96429  48.663  48.956  25.908 0.0000000000
95952  49.231  48.173  26.122 0.0000000000
95464  49.728  47.357  26.223 0.0000000000
93694  48.940  43.799  27.341 0.0000000000
94167  49.793  44.540  27.215 0.0000000000
107808  49.817  44.319  27.425 0.0000000000
93653  49.386  43.050  30.617 0.0000000000
93140  49.537  42.387  30.087 0.0000000000
84637  47.332  26.524  27.348 0.0000000000
84636  48.105  26.981  27.036 0.0000000000
83976  47.120  25.742  27.012 0.0000000000
83336  47.350  24.329  26.503 0.0000000000
83344  47.604  24.827  25.918 0.0000000000
121003  47.764  24.143  25.761 0.0000000000
82686  48.778  24.095  24.516 0.0000000000
82677  48.428  23.624  25.344 0.0000000000
120179  49.664  23.244  29.210 0.0000000000
82651  48.822  23.168  28.485 0.0000000000
82655  49.876  23.034  28.441 0.0000000000
111585  51.765  22.360  25.882 0.0000000000
82028  50.433  22.501  25.930 0.0000000000
82027  50.950  22.322  25.172 0.0000000000
82037  50.849  22.388  24.335 0.0000000000
82036  51.734  21.870  24.016 0.0000000000
82046  51.582  22.259  23.034 0.0000000000
81430  52.292  21.680  23.343 0.0000000000
88674  49.049  34.048  28.326 0.0000000000
88005  50.147  32.934  28.627 0.0000000000
112540  52.404  34.887  30.106 0.0000000000
112281  52.421  34.022  30.034 0.0000000000
89230  52.459  33.956  30.534 0.0000000000
87379  52.629  31.716  30.187 0.0000000000
87994  52.638  32.503  30.215 0.0000000000
87380  52.662  31.689  29.839 0.0000000000
87390  52.337  31.113  29.084 0.0000000000
87389  52.466  30.703  29.342 0.0000000000
86846  52.529  30.084  28.813 0.0000000000
86837  52.429  30.506  29.501 0.0000000000
86314  52.034  29.685  29.318 0.0000000000
105467  51.141  29.597  29.342 0.0000000000
86324  50.649  29.051  28.815 0.0000000000
92101  49.166  39.673  32.083 0.0000000000
91579  49.404  38.691  31.315 0.0000000000
91580  49.093  38.700  31.616 0.0000000000
90412  47.958  36.523  30.625 0.0000000000
114542  48.416  35.812  30.606 0.0000000000
119314  49.227  35.785  30.872 0.0000000000
89819  47.982  35.131  30.297 0.0000000000
89236  44.988  35.121  30.179 0.0000000000
89821  45.874  35.840  30.268 0.0000000000
88668  46.290  32.967  29.555 0.0000000000
89247  46.640  33.906  29.762 0.0000000000
88666  48.341  33.119  30.043 0.0000000000
87998  48.483  32.381  29.902 0.0000000000
87384  47.867  31.790  29.619 0.0000000000
86317  47.130  29.488  29.223 0.0000000000
86841  47.896  30.101  29.411 0.0000000000
114210  47.938  29.311  29.138 0.0000000000
85799  48.436  28.847  28.809 0.0000000000
85809  47.935  28.272  28.482 0.0000000000
85810  47.003  28.121  28.747 0.0000000000
85241  44.752  27.330  29.842 0.0000000000
85240  45.574  27.233  29.284 0.0000000000
112915  45.108  26.641  29.466 0.0000000000
84623  45.065  25.959  29.352 0.0000000000
83965  44.594  25.699  30.342 0.0000000000
86303  44.632  29.591  32.377 0.0000000000
85792  44.390  28.867  31.899 0.0000000000
85777  45.175  28.747  32.673 0.0000000000
118865  46.417  26.850  32.891 0.0000000000
110839  45.630  26.913  32.586 0.0000000000
84614  46.092  26.213  32.603 0.0000000000
83961  45.212  25.440  31.539 0.0000000000
83959  46.674  25.568  32.798 0.0000000000
83310  46.682  24.708  32.332 0.0000000000
92704  45.931  40.248  21.568 0.0000000000
92705  44.977  40.470  21.826 0.0000000000
92183  47.412  39.745  20.920 0.0000000000
92181  49.797  39.795  20.828 0.0000000000
92190  48.826  39.237  20.476 0.0000000000
92189  50.867  39.507  20.533 0.0000000000
113676  50.845  43.328  24.322 0.0000000000
93718  51.377  43.061  22.310 0.0000000000
93719  51.084  43.191  22.358 0.0000000000
93200  50.765  42.383  21.999 0.0000000000
93199  51.620  42.421  21.658 0.0000000000
92684  52.790  40.501  21.240 0.0000000000
92699  52.280  40.869  20.842 0.0000000000
92187  52.871  39.354  20.624 0.0000000000
111340  52.607  39.104  20.396 0.0000000000
118747  52.883  37.699  20.464 0.0000000000
91665  53.020  38.512  20.750 0.0000000000
91088  52.675  37.260  23.607 0.0000000000
91098  52.479  37.468  22.408 0.0000000000
91628  53.127  37.324  25.834 0.0000000000
91637  53.042  37.424  24.982 0.0000000000
90442  52.750  36.315  25.991 0.0000000000
110437  50.687  37.163  26.101 0.0000000000
91056  51.194  36.558  26.853 0.0000000000
90428  49.630  36.015  28.276 0.0000000000
89839  49.241  35.343  28.401 0.0000000000
89842  48.613  35.807  27.989 0.0000000000
88012  48.775  32.746  26.164 0.0000000000
88024  49.356  32.085  25.797 0.0000000000
87447  49.643  31.074  24.868 0.0000000000
86891  48.135  30.069  24.762 0.0000000000
86360  48.844  29.570  24.371 0.0000000000
86887  52.795  29.674  23.997 0.0000000000
86888  52.226  30.231  24.476 0.0000000000
86369  51.895  29.535  23.177 0.0000000000
85861  49.465  28.222  22.714 0.0000000000
124540  49.187  28.537  23.323 0.0000000000
85297  48.645  28.181  23.347 0.0000000000
120550  48.167  27.574  23.081 0.0000000000
85298  47.595  27.253  23.303 0.0000000000
85306  47.943  27.045  22.433 0.0000000000
84693  47.467  26.100  21.088 0.0000000000
84685  46.912  26.160  21.573 0.0000000000
84045  45.781  25.593  20.903 0.0000000000
107734  49.520  26.783  24.891 0.0000000000
122309  50.336  27.400  25.241 0.0000000000
84667  49.641  26.284  24.114 0.0000000000
84033  51.703  25.698  21.818 0.0000000000
84675  51.534  26.217  22.515 0.0000000000
106839  51.968  26.038  21.307 0.0000000000
84690  52.201  26.529  21.014 0.0000000000
84053  51.618  25.828  20.262 0.0000000000
82059  50.474  22.338  21.471 0.0000000000
82712  50.961  24.017  21.518 0.0000000000
82714  49.771  23.193  21.324 0.0000000000
88027  46.595  32.379  25.435 0.0000000000
90439  48.365  36.580  27.510 0.0000000000
90444  47.583  36.631  27.093 0.0000000000
89844  47.119  35.872  26.905 0.0000000000
89265  45.593  34.856  25.684 0.0000000000
82609  50.334  23.713  33.358 0.0000000000
82615  50.535  23.576  32.306 0.0000000000
105852  51.301  23.591  32.895 0.0000000000
82614  52.151  23.482  32.433 0.0000000000
82613  52.740  23.223  31.962 0.0000000000
91039  51.974  37.301  29.576 0.0000000000
91040  51.135  37.627  30.049 0.0000000000
91028  50.749  37.268  30.648 0.0000000000
90371  44.137  37.075  34.249 0.0000000000
89791  43.652  36.075  33.349 0.0000000000
117153  43.889  35.286  33.477 0.0000000000
111207  44.375  34.099  33.500 0.0000000000
92652  49.429  41.196  27.446 0.0000000000
92139  49.590  40.079  27.669 0.0000000000
92138  50.476  39.424  27.202 0.0000000000
91620  51.258  38.706  27.734 0.0000000000
85821  51.924  28.895  27.475 0.0000000000
85832  52.069  28.711  26.526 0.0000000000
85270  51.713  28.293  25.870 0.0000000000
85280  52.098  28.026  24.997 0.0000000000
118713  45.119  26.741  24.422 0.0000000000
104703  51.984  36.822  22.400 0.0000000000
90469  51.688  36.475  21.679 0.0000000000
91100  50.057  37.218  22.571 0.0000000000
91101  48.920  37.500  22.465 0.0000000000
87436  43.249  31.940  26.087 0.0000000000
87414  42.446  31.540  26.368 0.0000000000
86869  42.175  30.269  26.543 0.0000000000
86347  41.770  29.472  26.734 0.0000000000
93644  49.326  42.892  31.679 0.0000000000
93645  48.962  43.417  32.135 0.0000000000
93630  48.749  43.262  32.989 0.0000000000
93168  46.466  42.112  27.445 0.0000000000
93695  47.064  42.622  26.988 0.0000000000
93685  47.712  42.546  27.873 0.0000000000
93684  48.893  43.457  28.014 0.0000000000
93673  49.548  43.583  28.671 0.0000000000
108009  49.226  43.327  29.396 0.0000000000
114057  49.165  43.247  30.189 0.0000000000
110759  46.113  25.769  28.244 0.0000000000
83977  46.589  25.242  27.519 0.0000000000
82670  47.086  24.219  27.221 0.0000000000
82669  47.585  23.707  27.006 0.0000000000
81997  51.978  23.185  28.240 0.0000000000
82004  51.254  22.760  27.627 0.0000000000
82003  52.272  22.796  27.501 0.0000000000
82015  52.572  22.520  26.673 0.0000000000
82035  52.651  21.664  24.951 0.0000000000
89838  50.083  35.287  28.685 0.0000000000
89254  50.403  34.396  28.940 0.0000000000
88665  51.828  33.407  29.455 0.0000000000
89223  52.270  33.887  31.087 0.0000000000
87979  52.203  33.133  31.101 0.0000000000
87986  52.414  32.438  30.597 0.0000000000
87373  52.364  31.698  30.464 0.0000000000
86833  52.552  31.026  30.043 0.0000000000
87374  51.702  31.712  30.627 0.0000000000
87381  51.196  31.005  30.317 0.0000000000
113455  48.380  39.172  31.763 0.0000000000
91015  48.223  38.180  31.248 0.0000000000
91031  47.497  37.321  30.750 0.0000000000
90413  46.797  36.451  30.427 0.0000000000
88656  44.289  33.426  30.180 0.0000000000
89248  45.440  34.210  29.817 0.0000000000
88001  44.756  32.836  29.742 0.0000000000
88000  45.571  32.538  29.525 0.0000000000
87999  46.366  32.205  29.482 0.0000000000
119944  47.351  31.050  29.496 0.0000000000
87385  46.290  31.252  29.451 0.0000000000
86318  46.157  29.576  29.371 0.0000000000
85801  46.569  28.797  29.161 0.0000000000
85802  45.507  28.769  29.510 0.0000000000
85803  44.632  28.309  29.960 0.0000000000
124415  44.464  27.746  30.257 0.0000000000
115641  46.176  29.127  33.191 0.0000000000
117757  46.955  28.733  33.434 0.0000000000
106599  47.007  27.956  33.281 0.0000000000
92677  46.183  40.598  23.212 0.0000000000
92690  46.563  40.344  22.376 0.0000000000
92702  48.102  40.066  21.544 0.0000000000
92701  49.330  40.296  21.416 0.0000000000
92700  50.655  40.627  21.156 0.0000000000
95486  49.628  47.508  24.731 0.0000000000
95045  48.285  46.647  24.518 0.0000000000
95044  49.573  46.735  24.550 0.0000000000
94597  49.867  45.843  24.414 0.0000000000
93178  51.169  42.152  23.867 0.0000000000
92685  52.358  41.451  21.493 0.0000000000
92174  52.789  39.472  21.776 0.0000000000
91659  52.826  38.426  21.558 0.0000000000
91055  53.123  36.529  27.085 0.0000000000
91065  53.202  36.657  26.159 0.0000000000
90441  52.919  36.307  26.621 0.0000000000
90443  52.407  36.137  26.697 0.0000000000
90436  51.598  36.051  27.575 0.0000000000
88010  50.421  31.928  27.135 0.0000000000
87412  50.265  31.733  26.117 0.0000000000
87446  50.698  31.080  24.914 0.0000000000
109880  50.274  30.615  24.575 0.0000000000
86375  52.294  29.092  22.686 0.0000000000
86376  51.480  28.974  22.587 0.0000000000
85868  51.086  28.401  21.935 0.0000000000
119127  50.199  28.175  22.061 0.0000000000
85305  48.484  26.941  21.779 0.0000000000
107066  48.232  26.434  21.184 0.0000000000
84008  49.415  25.481  23.906 0.0000000000
84019  50.334  26.093  23.278 0.0000000000
84032  51.675  25.301  21.336 0.0000000000
86881  45.165  30.198  25.491 0.0000000000
114061  45.956  30.513  25.343 0.0000000000
126302  45.842  29.930  25.362 0.0000000000
104846  46.899  29.084  24.935 0.0000000000
91639  49.506  38.098  25.027 0.0000000000
91647  49.512  38.016  24.064 0.0000000000
91640  48.280  38.425  25.277 0.0000000000
91069  47.581  37.432  26.671 0.0000000000
114295  45.444  34.057  25.584 0.0000000000
109980  44.370  33.333  25.681 0.0000000000
104469  44.182  31.812  25.746 0.0000000000
108803  46.130  42.446  26.869 0.0000000000
82635  47.554  23.670  30.638 0.0000000000
82644  47.513  23.652  29.568 0.0000000000
82634  48.462  23.495  30.313 0.0000000000
104745  49.493  23.414  30.047 0.0000000000
82642  50.502  23.541  29.777 0.0000000000
82624  50.754  23.627  31.482 0.0000000000
82633  51.344  23.769  30.162 0.0000000000
82649  51.622  23.468  28.952 0.0000000000
82648  52.448  23.424  28.783 0.0000000000
82647  52.984  23.111  28.604 0.0000000000
119403  52.408  35.401  28.830 0.0000000000
89827  52.522  35.592  29.059 0.0000000000
89815  52.173  35.431  30.665 0.0000000000
90409  51.988  36.245  30.538 0.0000000000
118946  51.868  35.155  31.149 0.0000000000
89224  51.810  34.551  31.310 0.0000000000
89225  51.123  34.471  31.408 0.0000000000
89231  50.345  34.424  31.117 0.0000000000
91583  44.774  38.418  31.930 0.0000000000
113834  45.320  37.183  30.732 0.0000000000
90415  44.439  37.046  31.103 0.0000000000
121333  43.961  36.287  31.102 0.0000000000
89822  44.137  35.498  30.697 0.0000000000
89810  43.460  35.296  31.743 0.0000000000
89226  43.572  34.322  31.347 0.0000000000
88657  43.847  34.043  30.686 0.0000000000
87992  43.840  33.144  30.685 0.0000000000
108227  43.827  32.209  30.687 0.0000000000
87376  44.075  31.369  30.346 0.0000000000
86830  43.930  30.580  30.608 0.0000000000
86829  43.825  30.462  31.333 0.0000000000
86822  44.230  30.352  32.123 0.0000000000
86821  44.915  30.339  32.821 0.0000000000
87357  45.122  31.075  33.164 0.0000000000
86809  45.859  30.514  33.366 0.0000000000
86808  46.844  30.353  33.766 0.0000000000
86289  47.546  29.986  34.022 0.0000000000
86798  48.961  30.485  34.991 0.0000000000
93180  47.732  42.078  24.165 0.0000000000
93693  50.419  44.301  26.363 0.0000000000
124450  50.600  44.531  25.651 0.0000000000
93703  50.416  43.344  25.713 0.0000000000
92655  49.576  41.353  26.443 0.0000000000
92661  49.873  41.479  25.626 0.0000000000
92660  50.449  41.134  24.900 0.0000000000
107953  51.539  39.815  24.369 0.0000000000
107927  51.979  39.004  24.900 0.0000000000
91619  52.359  38.109  27.291 0.0000000000
87409  52.416  30.274  27.372 0.0000000000
86868  52.331  30.492  26.195 0.0000000000
104656  52.727  29.992  25.822 0.0000000000
86876  52.778  29.895  24.843 0.0000000000
86357  53.075  29.342  24.277 0.0000000000
85842  52.775  28.580  25.144 0.0000000000
86366  53.211  28.883  23.799 0.0000000000
86367  53.063  29.133  23.512 0.0000000000
86374  52.790  28.681  22.733 0.0000000000
85873  52.264  27.827  21.351 0.0000000000
85312  51.786  27.431  20.707 0.0000000000
82694  51.041  22.967  22.553 0.0000000000
82058  51.225  22.534  21.922 0.0000000000
83999  41.885  25.606  25.107 0.0000000000
85846  43.567  28.221  25.866 0.0000000000
85284  43.720  27.409  25.475 0.0000000000
120964  42.472  25.489  24.234 0.0000000000
84024  42.261  25.364  22.932 0.0000000000
91654  48.350  38.143  22.976 0.0000000000
92126  49.448  39.746  30.265 0.0000000000
91595  49.741  38.598  30.681 0.0000000000
93125  49.323  42.133  32.432 0.0000000000
92618  49.082  40.744  32.733 0.0000000000
92102  48.853  39.881  32.458 0.0000000000
104480  47.412  39.807  32.175 0.0000000000
92104  45.472  39.410  32.312 0.0000000000
91571  44.086  38.272  32.988 0.0000000000
90997  43.753  37.585  33.198 0.0000000000
95975  48.419  48.622  24.774 0.0000000000
96444  48.204  49.488  25.651 0.0000000000
96451  48.835  48.767  25.131 0.0000000000
95974  49.258  48.173  24.878 0.0000000000
95973  49.818  47.767  25.008 0.0000000000
122892  50.403  47.017  25.590 0.0000000000
95021  50.350  45.887  26.266 0.0000000000
114687  47.687  44.205  26.571 0.0000000000
94584  48.943  45.640  26.475 0.0000000000
117414  49.924  45.330  26.703 0.0000000000
94160  49.675  43.688  28.438 0.0000000000
93672  49.635  43.399  28.813 0.0000000000
93157  49.598  42.461  28.438 0.0000000000
116293  49.502  41.672  29.234 0.0000000000
85259  48.694  27.668  27.427 0.0000000000
119508  49.945  27.854  26.598 0.0000000000
85273  48.989  27.398  26.667 0.0000000000
84659  48.659  26.492  25.546 0.0000000000
83998  47.590  25.533  26.264 0.0000000000
83997  48.155  25.471  25.404 0.0000000000
83350  48.720  24.998  24.550 0.0000000000
83349  49.284  24.555  23.862 0.0000000000
82685  49.337  23.826  23.950 0.0000000000
106480  47.799  23.441  28.576 0.0000000000
82657  48.083  23.299  27.714 0.0000000000
82668  48.359  23.209  26.844 0.0000000000
82017  50.524  22.612  26.922 0.0000000000
82667  49.403  22.778  26.626 0.0000000000
82676  49.234  22.882  25.502 0.0000000000
82684  50.013  23.157  23.827 0.0000000000
89258  48.022  34.609  27.455 0.0000000000
88680  48.244  33.431  26.525 0.0000000000
88677  48.489  33.893  27.538 0.0000000000
88008  49.741  32.559  27.787 0.0000000000
88673  49.768  33.782  28.696 0.0000000000
87396  51.297  31.417  27.597 0.0000000000
87395  52.048  30.845  28.034 0.0000000000
88663  52.565  33.261  30.224 0.0000000000
87996  52.284  32.799  29.612 0.0000000000
88003  52.332  32.052  29.514 0.0000000000
86854  52.613  29.899  27.931 0.0000000000
86334  52.463  29.686  28.394 0.0000000000
86838  52.303  30.372  29.696 0.0000000000
86322  52.157  29.393  28.736 0.0000000000
86335  52.231  29.290  27.991 0.0000000000
85805  51.801  29.023  28.294 0.0000000000
85806  51.070  28.881  28.353 0.0000000000
85823  50.419  28.499  27.797 0.0000000000
91029  50.047  37.855  31.003 0.0000000000
91014  49.061  37.825  31.389 0.0000000000
90400  49.444  37.139  31.136 0.0000000000
90399  49.912  36.197  31.073 0.0000000000
89817  49.871  35.231  30.954 0.0000000000
90414  45.806  36.651  30.442 0.0000000000
89820  46.698  35.611  30.227 0.0000000000
125769  46.881  34.614  29.949 0.0000000000
89233  48.397  34.442  30.359 0.0000000000
88654  48.832  33.706  30.426 0.0000000000
87997  49.505  31.952  30.220 0.0000000000
87383  49.350  31.075  29.842 0.0000000000
116440  48.346  30.988  29.619 0.0000000000
86840  49.099  30.240  29.537 0.0000000000
86315  49.949  29.547  29.263 0.0000000000
85798  49.518  28.946  28.780 0.0000000000
85824  49.387  28.235  27.862 0.0000000000
85244  48.358  27.898  28.017 0.0000000000
84625  46.970  26.873  28.018 0.0000000000
85239  46.095  28.007  29.177 0.0000000000
85246  46.475  27.234  28.699 0.0000000000
84626  46.352  26.474  28.311 0.0000000000
83971  45.599  25.555  28.850 0.0000000000
83325  45.625  24.998  28.959 0.0000000000
83322  46.097  24.317  29.800 0.0000000000
86311  43.910  29.787  30.827 0.0000000000
85796  44.229  28.166  30.694 0.0000000000
85229  45.357  27.753  32.624 0.0000000000
84615  44.779  27.138  32.143 0.0000000000
84621  44.427  26.328  30.640 0.0000000000
83964  44.969  25.161  30.760 0.0000000000
83319  45.498  24.644  30.330 0.0000000000
83318  46.258  24.211  30.682 0.0000000000
83315  46.675  24.146  31.510 0.0000000000
82618  47.941  23.781  32.205 0.0000000000
82611  48.531  23.769  32.892 0.0000000000
82610  49.309  23.866  33.489 0.0000000000
91675  48.191  38.706  20.119 0.0000000000
126076  49.542  38.293  19.991 0.0000000000
91685  50.498  38.082  19.838 0.0000000000
91684  51.705  37.713  19.735 0.0000000000
124341  47.665  42.536  24.403 0.0000000000
93179  48.517  42.159  23.713 0.0000000000
94177  50.663  44.862  25.030 0.0000000000
105010  50.487  44.884  24.342 0.0000000000
93707  51.262  43.273  23.123 0.0000000000
93720  49.520  42.805  23.364 0.0000000000
93190  49.096  41.892  23.090 0.0000000000
93201  49.478  41.453  22.472 0.0000000000
92687  50.069  41.106  21.838 0.0000000000
93205  52.043  41.749  21.238 0.0000000000
117726  51.703  41.198  20.958 0.0000000000
92180  51.593  40.284  20.684 0.0000000000
104905  51.985  39.344  20.334 0.0000000000
91672  52.390  38.309  20.043 0.0000000000
91683  52.478  37.339  19.824 0.0000000000
91119  52.790  37.388  20.013 0.0000000000
112326  52.253  37.014  22.137 0.0000000000
121847  52.055  36.895  23.272 0.0000000000
91646  52.555  38.271  24.665 0.0000000000
91080  53.099  36.965  24.553 0.0000000000
90453  53.001  36.661  24.960 0.0000000000
121635  52.709  36.661  24.647 0.0000000000
91082  51.907  36.838  24.635 0.0000000000
91074  50.658  37.406  25.217 0.0000000000
91058  49.135  37.201  27.263 0.0000000000
90437  50.172  36.545  27.633 0.0000000000
116921  48.049  35.221  27.647 0.0000000000
88013  47.963  32.969  25.857 0.0000000000
87434  48.020  31.597  25.276 0.0000000000
87433  48.997  31.615  25.260 0.0000000000
85853  47.526  28.616  24.517 0.0000000000
86889  51.191  30.507  24.492 0.0000000000
86359  50.468  30.005  24.164 0.0000000000
86370  50.741  29.424  23.336 0.0000000000
116049  49.679  29.502  23.954 0.0000000000
86371  48.922  28.916  23.864 0.0000000000
85852  48.237  28.561  24.054 0.0000000000
84677  46.494  26.360  23.123 0.0000000000
84020  46.359  26.135  22.222 0.0000000000
84034  45.535  25.907  22.004 0.0000000000
104536  45.241  25.637  21.227 0.0000000000
85281  51.298  27.722  25.147 0.0000000000
84666  51.796  27.521  24.291 0.0000000000
106891  51.439  26.919  23.346 0.0000000000
84674  52.178  27.063  22.706 0.0000000000
84689  52.466  27.175  21.683 0.0000000000
85311  52.287  27.226  21.043 0.0000000000
121981  51.280  27.030  20.293 0.0000000000
83369  51.542  24.826  20.968 0.0000000000
82724  50.396  24.176  20.620 0.0000000000
83377  51.467  25.243  20.374 0.0000000000
83389  51.258  25.610  19.876 0.0000000000
84064  50.510  25.982  19.763 0.0000000000
84699  50.048  26.282  20.124 0.0000000000
104519  49.048  26.130  20.330 0.0000000000
84701  48.170  26.060  20.693 0.0000000000
111674  53.132  22.635  32.588 0.0000000000
81985  53.174  22.818  31.496 0.0000000000
81988  53.060  22.067  31.214 0.0000000000
81992  53.230  22.449  30.439 0.0000000000
81986  52.950  21.900  32.724 0.0000000000
82005  50.152  22.791  27.639 0.0000000000
82621  53.165  23.084  30.665 0.0000000000
82627  47.420  23.782  31.469 0.0000000000
82628  46.906  23.852  30.908 0.0000000000
82631  52.767  23.438  30.161 0.0000000000
82641  51.273  23.660  29.514 0.0000000000
82645  46.655  24.057  29.382 0.0000000000
82650  50.678  23.333  29.089 0.0000000000
82713  50.742  23.533  21.429 0.0000000000
83311  45.881  25.439  32.166 0.0000000000
83314  47.255  24.080  32.129 0.0000000000
83323  45.510  24.781  29.527 0.0000000000
83337  46.901  24.679  27.115 0.0000000000
83363  51.247  24.837  21.923 0.0000000000
83962  44.640  25.844  31.183 0.0000000000
83967  45.199  25.305  29.387 0.0000000000
83968  44.772  25.642  29.775 0.0000000000
84063  51.032  25.964  19.680 0.0000000000
84619  44.471  26.660  31.397 0.0000000000
84649  48.336  26.690  26.330 0.0000000000
84665  52.292  27.506  23.566 0.0000000000
84682  52.538  27.395  22.395 0.0000000000
84697  51.822  26.232  20.464 0.0000000000
84698  51.017  26.455  19.870 0.0000000000
85230  44.604  28.031  32.120 0.0000000000
85233  44.333  27.557  31.431 0.0000000000
85289  52.449  27.862  24.229 0.0000000000
85295  52.959  28.044  23.348 0.0000000000
85302  52.985  28.012  22.866 0.0000000000
85303  52.755  27.744  22.307 0.0000000000
85317  51.828  26.769  20.301 0.0000000000
85318  50.487  26.882  20.376 0.0000000000
85775  47.627  29.186  33.913 0.0000000000
85776  46.180  28.292  33.046 0.0000000000
85794  44.014  28.967  31.092 0.0000000000
85831  52.594  28.931  26.055 0.0000000000
85841  53.133  28.801  24.468 0.0000000000
85851  53.036  28.368  23.839 0.0000000000
85866  52.710  28.076  22.035 0.0000000000
86291  46.272  29.831  33.363 0.0000000000
86320  44.522  29.823  29.919 0.0000000000
86834  52.140  30.950  30.276 0.0000000000
86877  51.941  30.841  25.558 0.0000000000
86895  52.297  29.781  23.753 0.0000000000
87344  45.861  31.377  33.666 0.0000000000
87358  44.463  31.670  32.866 0.0000000000
87359  43.822  31.997  32.266 0.0000000000
87991  44.322  32.097  30.022 0.0000000000
88628  44.521  33.295  33.396 0.0000000000
88670  44.875  33.614  29.807 0.0000000000
89204  43.856  34.596  33.116 0.0000000000
89234  47.485  34.492  30.061 0.0000000000
89235  47.132  35.095  30.112 0.0000000000
89798  43.379  36.117  32.482 0.0000000000
89818  48.881  35.142  30.647 0.0000000000
89823  43.646  34.920  30.967 0.0000000000
91034  44.973  37.769  31.275 0.0000000000
91584  44.256  38.143  32.336 0.0000000000
91597  46.339  38.331  31.054 0.0000000000
92179  52.739  40.278  20.834 0.0000000000
93664  48.927  43.378  30.404 0.0000000000
93723  51.433  42.857  21.938 0.0000000000
94152  49.566  43.555  28.760 0.0000000000
94165  50.638  44.925  26.000 0.0000000000
94583  50.505  45.340  26.250 0.0000000000
95020  50.669  45.733  25.642 0.0000000000
95463  50.234  47.151  26.026 0.0000000000
95465  48.806  47.489  26.363 0.0000000000
95477  50.527  46.438  25.773 0.0000000000
95484  50.470  46.691  25.125 0.0000000000
95487  48.970  47.625  24.599 0.0000000000
95950  50.171  47.463  25.710 0.0000000000
95951  49.853  47.785  25.983 0.0000000000
95964  49.825  47.850  25.509 0.0000000000
95972  50.214  47.343  25.228 0.0000000000
95977  46.034  48.391  24.489 0.0000000000
96442  49.334  48.340  25.280 0.0000000000
96443  48.750  48.931  25.490 0.0000000000
96452  48.168  49.490  25.207 0.0000000000
96893  46.512  50.551  25.242 0.0000000000
105662  49.117  23.562  31.730 0.0000000000
106134  50.764  33.112  31.090 0.0000000000
108290  47.678  26.257  26.634 0.0000000000
108816  48.543  23.117  26.035 0.0000000000
109493  43.478  36.207  31.760 0.0000000000
110459  49.351  36.028  21.296 0.0000000000
113659  47.044  31.822  29.499 0.0000000000
114109  47.602  43.398  26.766 0.0000000000
115982  51.198  23.717  33.718 0.0000000000
116806  43.686  31.293  31.019 0.0000000000
118205  47.084  41.603  24.157 0.0000000000
120649  49.149  42.951  32.548 0.0000000000
121113  52.583  27.598  23.085 0.0000000000
122561  49.012  38.669  20.177 0.0000000000
122724  49.161  41.585  32.819 0.0000000000
123301  53.209  22.613  30.956 0.0000000000
123480  48.833  26.981  26.098 0.0000000000
124354  49.836  45.982  26.470 0.0000000000
125041  44.175  34.753  30.507 0.0000000000
125130  47.449  30.528  34.134 0.0000000000
125681  44.585  26.363  29.940 0.0000000000
