#!ascii label  , from subject sub-v2s4x29589_ses-1 vox2ras=TkReg
1243
3275  23.127  -75.589  -23.027 0.5000000000
9208  22.469  -65.805  -17.509 0.6000000238
9209  22.077  -65.204  -16.991 0.6000000238
8427  21.986  -66.261  -15.916 0.6000000238
9198  21.824  -65.508  -16.206 0.6999999881
8397  21.324  -66.329  -14.833 0.6000000238
9916  21.276  -65.055  -15.715 0.6999999881
9171  21.063  -65.556  -14.706 0.6000000238
4266  18.410  -73.272  -22.769 0.5000000000
4839  19.540  -72.282  -26.578 0.6000000238
4829  18.950  -72.137  -25.697 0.6000000238
4276  18.393  -73.401  -23.655 0.5000000000
4847  20.887  -72.779  -26.795 0.5000000000
111702  20.082  -72.579  -26.849 0.4000000060
4840  19.103  -73.008  -26.096 0.5000000000
4830  18.586  -72.827  -25.249 0.6000000238
5859  22.283  -70.629  -17.757 0.5000000000
4288  23.626  -73.912  -25.297 0.4000000060
6394  22.875  -69.749  -17.915 0.5000000000
5848  21.579  -70.665  -16.947 0.5000000000
119939  23.174  -68.676  -17.970 0.6000000238
7724  23.249  -67.463  -18.384 0.6000000238
9219  22.749  -65.443  -18.362 0.6000000238
9947  22.494  -64.598  -18.586 0.6999999881
8436  22.569  -66.897  -17.170 0.6000000238
9941  21.846  -64.364  -17.366 0.6999999881
116465  21.342  -63.280  -18.724 0.6000000238
10684  21.534  -63.595  -17.936 0.6999999881
11421  19.900  -62.891  -18.658 0.6000000238
119547  20.760  -63.408  -17.603 0.6000000238
10648  21.116  -63.996  -17.117 0.6999999881
11422  19.179  -62.865  -18.150 0.6999999881
8398  20.776  -66.377  -14.327 0.6000000238
4265  18.812  -72.550  -22.154 0.5000000000
4803  18.783  -71.843  -23.639 0.6000000238
4792  19.005  -71.918  -22.707 0.5000000000
106088  19.957  -71.909  -27.052 0.6000000238
113585  19.170  -71.567  -26.108 0.6999999881
4817  18.650  -71.997  -24.703 0.6000000238
4846  21.727  -72.837  -26.886 0.4000000060
110442  22.356  -69.582  -19.716 0.5000000000
5870  22.566  -70.218  -18.758 0.5000000000
3764  23.881  -74.404  -24.053 0.5000000000
6402  23.152  -69.249  -18.887 0.5000000000
109229  23.252  -66.099  -19.885 0.6999999881
7011  23.349  -68.301  -19.082 0.6000000238
8459  23.315  -66.729  -19.237 0.6000000238
7731  23.298  -67.545  -19.617 0.6000000238
112077  23.254  -65.950  -18.977 0.6999999881
8447  23.039  -66.360  -18.231 0.6000000238
115547  22.498  -64.297  -19.280 0.6999999881
10697  21.448  -63.363  -19.472 0.6000000238
10696  22.161  -63.762  -19.713 0.6000000238
11446  19.754  -62.984  -19.729 0.6000000238
10683  22.078  -63.723  -18.797 0.6000000238
108947  18.727  -62.881  -19.966 0.6000000238
11448  18.021  -63.118  -19.328 0.6999999881
9918  19.851  -64.447  -14.921 0.6999999881
8399  19.952  -66.483  -13.806 0.5000000000
10666  19.981  -63.011  -17.726 0.6999999881
9932  20.651  -64.345  -16.268 0.6999999881
107978  20.483  -65.840  -14.021 0.6000000238
5370  18.986  -71.030  -23.621 0.5000000000
120212  19.092  -71.349  -23.018 0.5000000000
119516  19.230  -71.873  -22.001 0.5000000000
104602  19.092  -70.795  -25.988 0.6999999881
5418  20.332  -71.665  -27.106 0.5000000000
108106  19.886  -71.041  -27.170 0.6999999881
5406  19.507  -71.311  -26.774 0.6999999881
5391  18.829  -71.282  -25.182 0.6000000238
5378  18.785  -71.358  -24.279 0.6000000238
5415  22.601  -71.666  -27.171 0.4000000060
4855  21.302  -72.275  -26.992 0.4000000060
4856  20.771  -72.044  -26.979 0.5000000000
6414  21.646  -69.221  -20.516 0.5000000000
7732  22.604  -67.971  -20.420 0.5000000000
7031  21.857  -68.457  -20.858 0.5000000000
108176  23.086  -68.202  -19.867 0.5000000000
8472  22.804  -66.254  -20.914 0.6000000238
9963  22.576  -64.469  -20.923 0.6999999881
104499  21.151  -63.331  -21.819 0.6000000238
111157  21.879  -63.686  -21.224 0.6999999881
9957  22.661  -64.426  -20.011 0.6999999881
123179  20.326  -63.031  -21.537 0.6000000238
10720  20.960  -63.239  -20.931 0.6000000238
10707  22.241  -63.859  -20.441 0.6999999881
11511  17.762  -62.325  -22.537 0.6999999881
11488  19.492  -62.822  -21.267 0.6000000238
10708  21.573  -63.470  -20.307 0.6000000238
11490  17.052  -62.762  -21.956 0.6000000238
11489  18.075  -62.693  -21.782 0.6999999881
11472  19.307  -62.859  -20.515 0.6999999881
11514  15.311  -62.289  -21.987 0.6000000238
110904  16.567  -62.880  -21.307 0.6000000238
110905  17.452  -63.020  -21.130 0.6999999881
9173  18.924  -65.522  -13.629 0.6000000238
11473  17.760  -63.067  -20.238 0.6999999881
9933  20.064  -64.282  -15.699 0.6999999881
9172  19.792  -65.699  -13.736 0.6000000238
11476  15.348  -62.211  -20.951 0.6999999881
11475  15.948  -62.655  -20.634 0.6000000238
11449  17.007  -62.933  -19.531 0.8000000119
11423  18.260  -63.036  -18.465 0.6999999881
11399  19.199  -63.083  -17.565 0.6999999881
10667  19.502  -63.494  -17.063 0.6999999881
111648  19.312  -70.668  -22.886 0.6000000238
5935  19.382  -70.147  -26.766 0.6999999881
5926  18.911  -69.888  -25.597 0.6999999881
5920  18.861  -70.736  -24.371 0.6000000238
105143  20.659  -70.096  -27.100 0.5000000000
5953  19.949  -70.140  -27.194 0.6999999881
5416  22.032  -71.319  -27.334 0.4000000060
5425  21.340  -71.682  -27.160 0.5000000000
108287  20.874  -69.682  -20.805 0.5000000000
124632  20.810  -70.263  -20.492 0.5000000000
107244  22.313  -67.030  -21.364 0.6000000238
9263  21.700  -65.472  -23.081 0.6000000238
8487  22.382  -66.276  -21.872 0.6999999881
7748  22.930  -67.093  -20.419 0.6999999881
9984  21.746  -64.533  -22.824 0.6999999881
9252  22.653  -65.394  -21.431 0.6999999881
10729  20.556  -63.134  -22.368 0.6000000238
9985  21.210  -63.666  -22.659 0.6000000238
9972  22.272  -64.509  -21.883 0.6999999881
11531  17.535  -61.888  -23.247 0.6999999881
11510  18.787  -62.487  -22.389 0.6999999881
9174  18.012  -65.399  -13.517 0.6000000238
11547  16.046  -61.559  -23.646 0.6000000238
11532  16.600  -61.774  -23.406 0.6999999881
120497  18.927  -62.695  -21.719 0.6999999881
13121  14.107  -60.525  -22.910 0.6000000238
12322  14.571  -61.254  -22.940 0.6000000238
13131  14.815  -60.733  -23.365 0.6000000238
121987  15.426  -61.994  -22.991 0.6000000238
11512  16.580  -62.312  -22.731 0.6999999881
9900  18.472  -64.744  -14.138 0.6000000238
108996  14.202  -60.961  -22.497 0.6000000238
12308  15.063  -61.944  -22.769 0.6000000238
10669  17.891  -63.332  -17.111 0.6999999881
107078  18.422  -63.656  -15.739 0.6000000238
9919  18.965  -64.190  -14.849 0.6999999881
9899  19.409  -64.931  -14.224 0.6000000238
13113  13.868  -60.375  -22.217 0.5000000000
12292  14.396  -61.044  -21.615 0.6000000238
11452  14.855  -62.015  -20.433 0.8000000119
126154  14.735  -62.131  -19.762 0.8000000119
110231  16.074  -62.801  -18.833 0.8000000119
11424  17.238  -62.945  -18.667 0.8000000119
10668  18.744  -63.370  -17.094 0.6999999881
10650  19.041  -63.662  -16.437 0.6999999881
11450  15.913  -62.784  -19.746 0.8000000119
6446  18.914  -70.026  -24.526 0.6999999881
5914  19.105  -70.270  -23.679 0.6999999881
6434  19.426  -69.831  -22.985 0.6999999881
123387  19.527  -70.708  -22.317 0.6000000238
5936  19.620  -69.482  -27.071 0.6999999881
5907  19.666  -70.231  -22.334 0.6000000238
6415  20.297  -70.248  -21.072 0.5000000000
6427  20.418  -69.540  -21.509 0.5000000000
10591  15.023  -64.048  -10.678 0.6000000238
7049  20.745  -68.303  -21.964 0.5000000000
9859  15.278  -64.392  -11.156 0.5000000000
7769  21.060  -67.577  -22.056 0.5000000000
10601  15.718  -63.625  -12.099 0.6000000238
9264  21.070  -66.004  -23.428 0.6999999881
8488  21.698  -67.026  -22.123 0.6000000238
9997  20.952  -64.208  -23.406 0.6999999881
8502  21.739  -66.256  -22.706 0.6999999881
9903  15.896  -63.760  -13.575 0.6000000238
10730  20.180  -63.079  -22.937 0.6999999881
10740  20.454  -63.707  -23.528 0.6000000238
110061  17.418  -61.477  -23.877 0.6999999881
11546  18.760  -61.788  -23.823 0.6999999881
11529  19.569  -62.528  -22.952 0.6999999881
9901  17.408  -64.556  -13.998 0.6000000238
9902  16.453  -64.235  -13.862 0.6000000238
125403  16.601  -61.442  -23.879 0.6000000238
11530  18.669  -62.062  -23.090 0.6999999881
10625  16.759  -63.669  -14.790 0.6000000238
9883  17.026  -65.311  -13.141 0.6000000238
106767  15.978  -59.365  -23.622 0.6000000238
13130  15.654  -60.882  -23.985 0.6000000238
10652  16.930  -63.096  -16.194 0.6999999881
10637  17.393  -63.416  -15.590 0.6000000238
9920  17.928  -63.990  -14.831 0.6000000238
13948  14.458  -59.865  -23.198 0.6000000238
11426  14.854  -61.753  -18.269 0.6000000238
11401  15.781  -62.703  -17.221 0.6000000238
11378  16.777  -63.278  -17.028 0.6999999881
12258  14.706  -61.621  -19.275 0.6000000238
11425  15.409  -62.434  -18.088 0.8000000119
12259  14.720  -61.608  -20.097 0.6000000238
118738  15.015  -62.366  -19.132 0.6999999881
112512  16.343  -62.979  -17.919 0.8000000119
119915  18.890  -69.368  -24.745 0.6999999881
6441  19.171  -69.387  -23.840 0.6999999881
6481  19.423  -68.784  -26.984 0.6999999881
6461  18.999  -69.341  -26.340 0.6999999881
7081  19.553  -68.996  -23.011 0.6000000238
6433  19.931  -69.462  -22.276 0.6000000238
11310  15.921  -62.339  -10.662 0.6000000238
10570  14.640  -63.179  -9.834 0.6000000238
11325  15.651  -62.834  -11.308 0.6000000238
9853  14.520  -63.881  -10.324 0.6000000238
7066  20.100  -68.612  -22.458 0.6000000238
109505  15.450  -63.538  -11.288 0.5000000000
116060  20.000  -66.280  -23.521 0.6999999881
8503  20.831  -66.922  -22.852 0.6999999881
11335  15.552  -62.766  -12.963 0.4000000060
106712  15.578  -62.971  -12.102 0.5000000000
9998  20.293  -64.679  -23.877 0.6999999881
9283  20.443  -65.455  -23.768 0.8000000119
11342  15.443  -62.587  -13.807 0.5000000000
106570  20.265  -64.088  -23.890 0.6000000238
116754  15.562  -63.111  -13.968 0.6000000238
10742  19.680  -62.474  -23.636 0.6999999881
10741  20.144  -63.163  -23.528 0.6999999881
10639  16.041  -63.030  -15.010 0.6999999881
10626  15.958  -63.363  -14.321 0.6000000238
13145  17.478  -60.332  -24.707 0.6999999881
12330  18.101  -60.976  -24.635 0.6999999881
108067  15.190  -61.509  -15.853 0.5000000000
13946  17.430  -59.250  -24.785 0.6000000238
13146  16.546  -60.666  -24.315 0.6000000238
12331  17.065  -61.111  -24.330 0.6999999881
10638  16.502  -63.030  -15.580 0.6999999881
13947  16.747  -59.079  -24.004 0.6000000238
12332  16.235  -61.210  -24.027 0.6000000238
11402  15.203  -61.955  -17.347 0.5000000000
11380  15.456  -62.094  -16.517 0.6000000238
13957  15.351  -60.046  -23.603 0.6000000238
112125  14.874  -61.061  -18.714 0.6000000238
13092  14.951  -60.535  -19.319 0.6000000238
7101  18.802  -68.847  -25.528 0.6999999881
7094  18.983  -68.652  -24.440 0.6999999881
115884  19.314  -68.588  -23.654 0.6000000238
7790  19.649  -68.134  -23.069 0.6000000238
12146  15.766  -62.119  -9.806 0.4000000060
11297  15.006  -62.453  -9.394 0.5000000000
12158  16.159  -62.002  -11.506 0.5000000000
10571  14.024  -63.105  -9.702 0.6000000238
8524  19.309  -66.714  -23.958 0.6999999881
123329  19.434  -66.125  -24.011 0.6999999881
7781  20.367  -67.797  -22.600 0.6000000238
12169  15.782  -62.236  -12.467 0.5000000000
10009  19.976  -64.929  -24.242 0.6999999881
12178  15.813  -61.299  -13.755 0.4000000060
12340  19.560  -61.484  -25.562 0.6999999881
11562  19.457  -62.011  -24.625 0.6999999881
10768  20.296  -63.151  -25.079 0.6999999881
12193  15.389  -61.818  -14.227 0.6000000238
13144  19.062  -59.955  -25.231 0.6999999881
13155  18.902  -60.932  -25.221 0.6999999881
10751  20.102  -62.772  -24.236 0.6999999881
13036  15.837  -60.867  -15.475 0.5000000000
11349  15.515  -62.544  -14.581 0.5000000000
13955  18.167  -59.510  -25.172 0.6000000238
120770  18.306  -60.403  -25.022 0.6999999881
112859  18.376  -61.418  -24.315 0.6999999881
119395  15.366  -61.154  -15.413 0.5000000000
14726  17.538  -58.349  -24.285 0.5000000000
14735  18.097  -58.554  -25.062 0.6000000238
7816  18.807  -67.910  -25.114 0.6999999881
12134  16.268  -61.400  -9.466 0.4000000060
7817  18.779  -67.180  -25.820 0.6999999881
7803  19.174  -67.750  -23.984 0.6999999881
12136  14.592  -61.960  -8.984 0.4000000060
8538  18.847  -66.933  -24.831 0.6999999881
11299  13.730  -62.518  -9.490 0.6000000238
9299  18.961  -65.564  -24.893 0.8000000119
8525  18.927  -65.928  -24.575 0.6999999881
10027  20.427  -64.558  -25.185 0.6000000238
10010  19.922  -65.190  -24.532 0.6000000238
115168  12.563  -60.955  -10.562 0.6000000238
11561  19.773  -62.171  -25.362 0.6999999881
106369  20.402  -64.247  -24.593 0.6000000238
13154  19.661  -60.767  -25.519 0.6000000238
13954  19.669  -59.234  -24.961 0.6000000238
13839  12.103  -59.725  -13.207 0.5000000000
115586  18.758  -58.306  -24.819 0.6000000238
113325  18.834  -58.903  -25.209 0.6999999881
14724  19.159  -57.893  -24.233 0.5000000000
8539  18.816  -66.207  -25.356 0.6999999881
12128  14.918  -61.201  -8.760 0.4000000060
9311  19.031  -65.697  -25.562 0.8000000119
12138  13.492  -61.842  -9.392 0.5000000000
10776  20.576  -63.683  -25.730 0.8000000119
12946  13.343  -60.303  -9.629 0.4000000060
12137  14.160  -61.375  -8.991 0.4000000060
10028  19.751  -65.429  -25.063 0.6999999881
12961  12.869  -60.118  -10.546 0.4000000060
126313  13.216  -61.417  -9.620 0.5000000000
13142  21.046  -60.019  -24.810 0.6000000238
12339  20.101  -61.359  -26.009 0.6000000238
11560  19.961  -62.074  -26.048 0.6999999881
13802  12.668  -59.362  -10.676 0.4000000060
13953  20.382  -59.499  -24.695 0.6000000238
13143  20.030  -60.012  -25.172 0.6000000238
123551  12.052  -59.386  -12.895 0.4000000060
12972  12.315  -60.285  -11.503 0.6000000238
14734  19.468  -58.496  -24.651 0.6000000238
14723  20.056  -57.958  -24.056 0.5000000000
15550  20.109  -56.640  -22.954 0.5000000000
12932  15.269  -60.431  -8.427 0.4000000060
9322  19.387  -65.960  -25.957 0.8000000119
12933  14.568  -60.492  -8.668 0.4000000060
10037  19.984  -65.507  -25.445 0.6999999881
13793  13.518  -59.692  -9.245 0.4000000060
11568  20.500  -62.595  -26.185 0.6000000238
11569  20.237  -62.790  -25.801 0.6999999881
13153  20.534  -60.674  -25.534 0.6000000238
12338  21.031  -61.211  -25.967 0.6000000238
14572  13.087  -58.173  -9.387 0.4000000060
14588  12.376  -58.757  -11.132 0.4000000060
14733  20.384  -58.777  -24.305 0.6000000238
105710  12.215  -57.993  -11.815 0.4000000060
14722  20.975  -57.952  -23.739 0.4000000060
13781  15.639  -59.766  -7.995 0.4000000060
10775  20.786  -63.867  -26.068 0.6999999881
13783  14.113  -59.718  -8.627 0.4000000060
11567  21.067  -62.365  -26.363 0.6999999881
122587  20.558  -63.191  -26.088 0.6000000238
14562  13.513  -58.921  -8.815 0.4000000060
13152  21.544  -60.614  -25.447 0.6000000238
15422  12.509  -57.671  -10.850 0.4000000060
14732  21.360  -58.755  -23.875 0.6000000238
116067  12.456  -57.010  -12.224 0.3000000119
15559  21.576  -57.175  -23.150 0.4000000060
15558  22.443  -57.192  -22.697 0.4000000060
121009  13.668  -57.836  -8.503 0.4000000060
15395  13.364  -57.123  -9.517 0.4000000060
13951  22.829  -59.485  -24.125 0.6000000238
14731  22.333  -58.865  -23.610 0.6000000238
14730  23.232  -59.065  -23.574 0.6000000238
15547  23.072  -57.029  -22.260 0.4000000060
14714  23.052  -58.116  -22.406 0.5000000000
16493  23.175  -56.383  -22.108 0.4000000060
19102  12.817  -54.013  -12.339 0.3000000119
15538  23.596  -56.959  -21.776 0.4000000060
15354  15.816  -56.862  -6.783 0.4000000060
18133  13.901  -54.295  -11.510 0.3000000119
18159  9.120  -54.718  -12.387 0.4000000060
16253  18.241  -56.327  -6.408 0.4000000060
17218  16.347  -55.380  -7.216 0.4000000060
19060  14.569  -54.154  -10.117 0.3000000119
18122  15.398  -54.800  -9.454 0.3000000119
19082  12.138  -54.045  -11.767 0.3000000119
19081  13.031  -53.932  -11.722 0.3000000119
19083  11.059  -54.288  -11.685 0.3000000119
18094  17.024  -54.731  -6.975 0.4000000060
18107  16.501  -54.554  -7.689 0.4000000060
17234  15.656  -55.362  -8.564 0.4000000060
19061  14.001  -53.921  -10.438 0.3000000119
104375  12.307  -54.025  -10.974 0.3000000119
20903  7.908  -51.165  -13.064 0.4000000060
22735  7.633  -50.062  -12.828 0.3000000119
22718  7.398  -49.721  -11.768 0.3000000119
18134  11.099  -54.334  -10.575 0.3000000119
18144  9.944  -54.854  -10.792 0.3000000119
18106  16.977  -53.958  -7.479 0.4000000060
119764  16.148  -54.474  -8.208 0.4000000060
19047  15.445  -54.078  -8.950 0.3000000119
19049  14.122  -53.612  -9.391 0.3000000119
120581  13.373  -53.671  -9.715 0.3000000119
20011  7.661  -52.974  -11.832 0.3000000119
19050  12.438  -53.665  -9.413 0.3000000119
21794  7.945  -50.415  -13.092 0.3000000119
120935  10.770  -54.095  -9.691 0.3000000119
117435  8.809  -49.905  -13.007 0.4000000060
110309  8.381  -49.752  -12.896 0.3000000119
23683  9.691  -49.108  -12.745 0.3000000119
23669  8.673  -49.241  -12.287 0.3000000119
18108  15.932  -54.018  -8.471 0.4000000060
19036  15.411  -53.341  -8.516 0.4000000060
19963  13.742  -53.019  -8.608 0.3000000119
20893  8.207  -51.732  -12.532 0.4000000060
19038  13.044  -53.404  -8.924 0.3000000119
20010  8.387  -52.576  -11.255 0.3000000119
20902  8.597  -50.733  -12.945 0.4000000060
20892  9.152  -51.334  -12.027 0.4000000060
23668  9.429  -48.776  -12.296 0.3000000119
19030  16.123  -53.257  -8.157 0.4000000060
19962  14.700  -52.716  -8.450 0.4000000060
19965  11.784  -52.605  -8.526 0.4000000060
122452  11.315  -53.097  -8.670 0.3000000119
20867  10.247  -51.767  -9.106 0.3000000119
20879  9.194  -52.127  -10.608 0.3000000119
20891  9.879  -51.296  -11.249 0.3000000119
114547  11.229  -49.926  -11.356 0.5000000000
21779  10.029  -50.538  -12.089 0.4000000060
21792  10.051  -49.923  -12.704 0.4000000060
24594  9.837  -47.901  -11.737 0.3000000119
20851  14.887  -51.788  -8.171 0.4000000060
20852  13.954  -52.019  -8.378 0.4000000060
20854  12.375  -51.949  -8.431 0.3000000119
21757  11.307  -50.532  -9.236 0.3000000119
22690  11.891  -49.756  -9.766 0.3000000119
23636  12.461  -48.417  -9.843 0.3000000119
19966  10.891  -52.449  -8.618 0.3000000119
21745  11.367  -51.004  -8.662 0.3000000119
21766  11.292  -50.236  -10.354 0.3000000119
22700  11.690  -49.487  -10.940 0.3000000119
23649  11.799  -48.654  -11.461 0.3000000119
21758  10.721  -51.004  -9.727 0.3000000119
22716  11.321  -49.229  -11.824 0.3000000119
22717  10.776  -49.045  -12.292 0.3000000119
25517  10.080  -46.926  -11.452 0.3000000119
120141  18.161  -52.057  -6.999 0.3000000119
20843  16.749  -51.802  -7.552 0.3000000119
20844  15.858  -51.604  -7.821 0.3000000119
119050  14.742  -50.227  -8.188 0.3000000119
113469  13.898  -49.093  -8.544 0.3000000119
23623  13.661  -48.327  -8.793 0.3000000119
21741  15.180  -50.866  -8.045 0.3000000119
113640  14.076  -49.958  -8.352 0.3000000119
22678  12.578  -49.646  -8.851 0.3000000119
23624  13.006  -48.841  -8.953 0.3000000119
109721  12.455  -47.634  -10.280 0.3000000119
23648  12.091  -48.084  -10.858 0.3000000119
23666  11.287  -48.333  -12.121 0.3000000119
125992  11.571  -47.525  -12.022 0.3000000119
24593  10.781  -47.676  -12.051 0.3000000119
25516  11.160  -46.815  -11.747 0.3000000119
125706  18.931  -51.041  -6.953 0.3000000119
111977  17.269  -51.148  -7.455 0.3000000119
21727  16.012  -50.618  -7.834 0.3000000119
119728  14.809  -49.363  -8.245 0.3000000119
125848  14.532  -48.368  -8.516 0.3000000119
24559  12.727  -46.916  -10.201 0.3000000119
24571  12.218  -47.110  -11.323 0.3000000119
25514  12.124  -46.422  -11.528 0.3000000119
25494  10.261  -46.063  -11.080 0.3000000119
24541  14.735  -47.476  -8.676 0.3000000119
24557  14.195  -46.965  -9.036 0.3000000119
25493  12.541  -46.210  -11.016 0.3000000119
26405  11.908  -45.756  -11.392 0.3000000119
26406  11.163  -45.919  -11.244 0.3000000119
26391  11.310  -45.097  -10.895 0.3000000119
25461  14.815  -46.656  -8.861 0.3000000119
25476  14.040  -46.181  -9.565 0.3000000119
25477  13.209  -46.186  -10.298 0.3000000119
24540  15.512  -47.192  -8.539 0.3000000119
25460  15.609  -46.327  -8.666 0.3000000119
25475  14.830  -45.787  -9.182 0.3000000119
26378  13.592  -45.516  -10.414 0.3000000119
25492  12.910  -45.332  -11.115 0.3000000119
26390  12.174  -44.886  -11.200 0.3000000119
27285  11.437  -44.229  -10.601 0.3000000119
3284  23.477  -75.083  -23.649 0.5000000000
107859  23.560  -75.040  -24.502 0.5000000000
3772  23.742  -74.345  -24.853 0.4000000060
9931  21.487  -64.704  -16.585 0.6999999881
9917  20.599  -64.744  -15.210 0.6999999881
4845  22.442  -72.398  -26.959 0.4000000060
3771  23.991  -73.829  -24.370 0.5000000000
11471  20.088  -63.040  -20.672 0.6000000238
7768  21.713  -67.542  -21.676 0.5000000000
9284  19.688  -65.569  -24.023 0.8000000119
7782  19.792  -67.231  -23.200 0.6999999881
10750  20.287  -63.852  -24.017 0.6000000238
14725  18.321  -57.947  -24.366 0.5000000000
12341  18.975  -61.545  -24.983 0.6999999881
13813  12.399  -59.572  -11.363 0.4000000060
15551  19.150  -56.907  -22.909 0.5000000000
13952  21.777  -59.496  -24.174 0.6000000238
15560  20.606  -57.279  -23.417 0.4000000060
12343  21.485  -61.750  -26.320 0.6000000238
13141  22.141  -60.105  -24.733 0.6000000238
15409  13.260  -56.643  -10.591 0.3000000119
14721  21.870  -58.015  -23.293 0.4000000060
112531  22.607  -58.311  -22.991 0.4000000060
17201  17.093  -55.600  -6.577 0.4000000060
19961  15.535  -52.524  -8.128 0.3000000119
20831  18.171  -51.275  -7.172 0.3000000119
11565  22.809  -62.503  -26.254 0.5000000000
10773  22.155  -63.362  -26.306 0.5000000000
10774  21.394  -63.977  -26.228 0.6999999881
10036  20.943  -64.683  -26.076 0.6999999881
8566  18.918  -66.397  -25.983 0.6000000238
11566  21.826  -62.454  -26.436 0.5000000000
111471  21.069  -63.119  -26.329 0.6000000238
7129  19.267  -68.034  -26.647 0.6000000238
7110  18.948  -68.579  -26.446 0.6000000238
10034  22.467  -64.806  -25.983 0.6999999881
121675  20.676  -66.592  -26.330 0.6000000238
7857  19.721  -67.514  -26.563 0.6000000238
9321  20.868  -66.014  -26.196 0.6999999881
8564  20.136  -66.197  -26.078 0.6000000238
114742  18.881  -67.814  -26.252 0.6000000238
107985  23.446  -61.719  -25.884 0.5000000000
112624  22.948  -65.688  -25.807 0.6999999881
8562  22.143  -66.429  -26.205 0.6999999881
7835  21.668  -67.222  -26.581 0.6000000238
7856  20.389  -67.711  -26.824 0.6000000238
10033  23.327  -64.728  -25.693 0.6000000238
116867  21.971  -65.494  -26.081 0.6999999881
7836  20.894  -67.157  -26.605 0.6000000238
10026  23.638  -63.930  -25.702 0.6000000238
13149  24.699  -60.542  -25.026 0.5000000000
12342  22.402  -61.718  -26.271 0.5000000000
115143  23.980  -65.415  -25.480 0.6999999881
6480  20.059  -69.209  -27.153 0.6000000238
13138  25.060  -60.114  -24.534 0.5000000000
13150  23.577  -60.780  -25.244 0.5000000000
13119  24.975  -60.138  -23.563 0.5000000000
13139  24.248  -59.980  -24.623 0.5000000000
13120  24.114  -59.578  -22.880 0.4000000060
123455  21.223  -67.593  -15.153 0.4000000060
8437  22.199  -66.100  -16.665 0.4000000060
115509  22.161  -66.998  -16.120 0.4000000060
7709  22.304  -67.717  -16.398 0.5000000000
13950  23.816  -59.438  -24.160 0.5000000000
7719  22.733  -67.996  -17.125 0.5000000000
5850  20.001  -70.525  -16.868 0.6000000238
13935  24.071  -59.501  -23.326 0.4000000060
7004  22.574  -68.779  -16.978 0.5000000000
5849  20.837  -70.569  -16.682 0.5000000000
6982  20.904  -68.260  -15.375 0.5000000000
7710  21.710  -67.948  -15.668 0.5000000000
6995  21.309  -69.032  -15.934 0.5000000000
6996  20.458  -68.888  -15.826 0.5000000000
6994  22.129  -68.546  -16.300 0.5000000000
6380  20.689  -69.757  -16.344 0.5000000000
13945  23.787  -59.306  -23.783 0.5000000000
111626  21.411  -69.948  -16.454 0.5000000000
13100  23.774  -60.382  -21.368 0.4000000060
13936  23.366  -58.935  -22.736 0.4000000060
13112  23.721  -59.556  -22.030 0.4000000060
8400  19.036  -66.814  -13.658 0.5000000000
6997  19.617  -68.666  -16.006 0.5000000000
14720  23.034  -58.697  -23.029 0.4000000060
9160  18.378  -66.016  -13.288 0.5000000000
7658  17.267  -67.133  -13.493 0.5000000000
7678  16.800  -67.553  -14.111 0.5000000000
7657  18.174  -67.009  -13.587 0.5000000000
13929  23.622  -58.613  -21.658 0.4000000060
115644  17.668  -65.899  -13.136 0.5000000000
8379  16.737  -66.654  -13.005 0.5000000000
9161  16.986  -66.060  -12.755 0.5000000000
116804  15.945  -66.871  -12.867 0.5000000000
7660  15.921  -67.466  -14.206 0.5000000000
8417  15.585  -67.320  -15.203 0.4000000060
8363  16.081  -66.274  -12.484 0.5000000000
8380  15.359  -67.211  -13.414 0.6000000238
8418  14.802  -66.862  -14.933 0.6000000238
119880  16.302  -64.581  -13.031 0.5000000000
9148  15.473  -65.871  -11.825 0.5000000000
8364  15.149  -66.680  -12.419 0.5000000000
8381  14.455  -67.003  -13.090 0.6000000238
8419  14.206  -66.552  -14.589 0.6000000238
9189  14.223  -66.185  -15.422 0.6000000238
9199  14.144  -65.829  -16.277 0.5000000000
104560  13.679  -65.433  -17.147 0.5000000000
9212  13.052  -64.731  -17.906 0.5000000000
9147  16.188  -65.427  -12.379 0.5000000000
9873  15.647  -64.866  -11.713 0.5000000000
9149  14.537  -66.102  -11.722 0.5000000000
8365  14.153  -66.532  -12.389 0.5000000000
8403  13.977  -66.615  -13.801 0.6000000238
106069  13.665  -65.715  -15.749 0.6000000238
9200  13.300  -65.449  -16.441 0.6000000238
108547  12.750  -64.974  -17.123 0.5000000000
10670  9.683  -63.475  -17.206 0.5000000000
9225  11.386  -65.189  -17.444 0.5000000000
9884  15.946  -64.222  -12.599 0.5000000000
9134  14.917  -65.330  -11.244 0.6000000238
9150  13.673  -65.965  -11.823 0.6000000238
9151  12.952  -65.464  -12.149 0.6000000238
9175  13.352  -66.043  -13.577 0.6000000238
9162  12.837  -65.373  -13.153 0.6000000238
9190  13.444  -65.833  -14.796 0.6000000238
9176  12.695  -65.246  -14.136 0.6000000238
107241  12.936  -65.379  -15.771 0.6000000238
118108  12.103  -64.917  -15.916 0.5000000000
9201  11.864  -64.853  -16.759 0.5000000000
9214  10.750  -65.428  -16.647 0.5000000000
9203  10.248  -65.329  -16.109 0.5000000000
9215  9.978  -65.736  -16.772 0.5000000000
9216  9.402  -65.393  -17.122 0.5000000000
9860  14.451  -64.674  -10.700 0.6000000238
9136  13.233  -65.219  -11.419 0.6000000238
9137  12.452  -64.652  -11.717 0.6000000238
9874  11.591  -64.107  -12.365 0.6000000238
109299  12.294  -64.762  -12.691 0.6000000238
9904  11.697  -64.704  -14.462 0.6000000238
9886  11.245  -64.344  -13.740 0.6000000238
9192  11.526  -64.774  -15.326 0.5000000000
9905  10.712  -64.304  -14.395 0.5000000000
9202  11.155  -65.144  -15.990 0.5000000000
9922  10.058  -64.448  -15.087 0.5000000000
10640  9.538  -63.674  -15.219 0.6000000238
9204  9.623  -65.170  -16.303 0.5000000000
10654  9.134  -64.119  -16.572 0.5000000000
10653  9.625  -63.306  -16.340 0.5000000000
11381  11.269  -62.254  -17.064 0.5000000000
124714  11.918  -63.965  -11.654 0.6000000238
10602  11.016  -63.399  -12.526 0.6000000238
10615  10.864  -63.805  -13.137 0.6000000238
9906  10.047  -63.933  -14.408 0.6000000238
11362  10.043  -62.472  -15.158 0.6000000238
11382  10.475  -62.486  -16.152 0.5000000000
10580  11.864  -63.361  -11.251 0.6000000238
10627  10.158  -63.316  -13.774 0.6000000238
116740  10.464  -61.928  -14.792 0.6000000238
12223  11.501  -61.691  -16.424 0.5000000000
12148  12.242  -61.768  -10.643 0.6000000238
11313  11.979  -62.560  -10.911 0.6000000238
12171  11.243  -61.621  -12.209 0.6000000238
12181  10.607  -62.046  -12.832 0.6000000238
11350  9.885  -62.618  -14.297 0.6000000238
12194  11.286  -61.272  -14.894 0.5000000000
12170  11.910  -60.883  -11.919 0.6000000238
105691  11.132  -61.210  -13.106 0.6000000238
12985  11.800  -60.693  -12.797 0.6000000238
12195  10.500  -61.771  -14.110 0.6000000238
13020  11.991  -60.000  -13.892 0.6000000238
111333  12.036  -59.708  -14.671 0.5000000000
13856  12.044  -59.380  -13.952 0.4000000060
7838  19.024  -67.252  -26.301 0.6000000238
114162  20.577  -65.459  -26.008 0.6999999881
13151  22.518  -60.654  -25.376 0.5000000000
13140  23.200  -60.082  -24.660 0.5000000000
124804  25.056  -60.080  -23.947 0.5000000000
13949  24.491  -59.686  -24.190 0.5000000000
6381  19.959  -69.490  -16.451 0.6000000238
8382  13.830  -66.609  -13.042 0.6000000238
8366  13.435  -66.115  -12.625 0.6000000238
9191  12.444  -65.034  -15.101 0.6000000238
9193  10.551  -64.897  -15.544 0.5000000000
11336  10.949  -62.639  -12.314 0.6000000238
10603  10.537  -62.936  -12.956 0.6000000238
13001  11.771  -60.576  -13.632 0.6000000238
123723  11.824  -60.761  -15.245 0.6000000238
3752  24.018  -74.605  -22.040 0.4000000060
3749  26.349  -74.593  -21.169 0.5000000000
105566  25.735  -74.206  -21.329 0.5000000000
3751  24.751  -74.498  -21.550 0.4000000060
3759  24.332  -74.066  -22.422 0.4000000060
3760  23.853  -74.420  -23.051 0.4000000060
4779  26.197  -73.177  -21.342 0.5000000000
4249  26.378  -73.975  -21.354 0.5000000000
4263  24.704  -73.295  -22.275 0.5000000000
4264  24.463  -73.582  -22.642 0.5000000000
109545  24.184  -73.767  -23.494 0.4000000060
5355  26.095  -72.169  -21.207 0.5000000000
4780  25.400  -72.608  -21.534 0.5000000000
4790  24.850  -72.811  -21.985 0.5000000000
4791  24.626  -72.741  -23.027 0.5000000000
4275  24.178  -73.265  -24.171 0.4000000060
124107  24.884  -72.199  -21.846 0.5000000000
5357  24.704  -71.486  -22.141 0.5000000000
119823  24.664  -72.165  -22.613 0.5000000000
5369  24.504  -72.081  -23.641 0.5000000000
108130  23.893  -73.483  -24.848 0.4000000060
6478  21.543  -70.034  -27.181 0.5000000000
5951  21.263  -70.892  -27.222 0.4000000060
106923  22.125  -70.597  -27.332 0.4000000060
5949  23.584  -70.731  -27.005 0.4000000060
106817  23.286  -71.356  -27.011 0.4000000060
4844  23.107  -71.952  -26.772 0.4000000060
5913  24.581  -71.361  -23.178 0.5000000000
5405  23.561  -71.687  -26.492 0.4000000060
4293  23.601  -72.939  -25.780 0.4000000060
4294  23.498  -73.576  -25.721 0.4000000060
5912  24.708  -70.500  -23.736 0.4000000060
5368  24.421  -71.244  -24.179 0.5000000000
4828  23.812  -72.772  -25.259 0.4000000060
4816  24.064  -72.729  -24.690 0.4000000060
124969  22.198  -69.961  -27.260 0.4000000060
5948  24.160  -70.733  -26.497 0.4000000060
5414  23.729  -71.224  -26.742 0.4000000060
6440  25.153  -69.809  -23.207 0.4000000060
5404  23.679  -72.024  -25.874 0.4000000060
5376  24.293  -71.099  -24.970 0.4000000060
5377  24.257  -71.993  -24.514 0.4000000060
6479  21.028  -69.300  -27.035 0.5000000000
7125  22.375  -68.757  -27.023 0.4000000060
7124  23.252  -69.009  -26.916 0.4000000060
7123  24.165  -69.337  -26.739 0.4000000060
6460  24.742  -70.182  -26.159 0.4000000060
5403  24.468  -70.659  -25.969 0.4000000060
5934  24.742  -70.287  -25.581 0.4000000060
108712  24.026  -71.294  -25.823 0.4000000060
5911  25.361  -69.811  -24.244 0.4000000060
5918  25.374  -69.760  -24.805 0.4000000060
5389  24.313  -70.878  -25.555 0.4000000060
7854  22.035  -67.963  -26.858 0.5000000000
7109  22.935  -68.162  -26.731 0.5000000000
7834  22.560  -67.345  -26.424 0.6000000238
120358  24.801  -69.658  -26.405 0.4000000060
7107  25.444  -69.373  -25.981 0.4000000060
6458  25.815  -69.408  -25.295 0.4000000060
6444  26.806  -68.720  -24.687 0.4000000060
7832  24.540  -67.742  -26.287 0.4000000060
8561  23.162  -66.701  -26.008 0.5000000000
121150  25.447  -67.945  -26.179 0.4000000060
114788  26.011  -68.488  -25.994 0.4000000060
8559  25.252  -67.004  -25.974 0.5000000000
104420  26.244  -67.523  -26.052 0.4000000060
7830  26.941  -67.913  -25.787 0.4000000060
104355  24.735  -66.111  -25.617 0.6000000238
104999  23.775  -66.185  -25.707 0.6000000238
105606  26.292  -66.487  -25.922 0.5000000000
107151  27.326  -66.140  -25.958 0.4000000060
119109  22.089  -64.184  -26.185 0.5000000000
9861  13.526  -64.760  -10.813 0.5000000000
9855  13.027  -64.026  -10.490 0.5000000000
12147  12.805  -61.717  -9.920 0.5000000000
10577  14.136  -63.587  -10.029 0.5000000000
10572  12.985  -63.183  -10.132 0.5000000000
9862  12.881  -64.632  -11.015 0.5000000000
4250  25.420  -73.500  -21.502 0.5000000000
4251  24.944  -73.979  -21.719 0.5000000000
6476  23.480  -69.872  -27.012 0.4000000060
111673  24.240  -70.158  -26.683 0.4000000060
5919  24.706  -70.393  -24.624 0.4000000060
7108  23.916  -68.406  -26.641 0.4000000060
7831  24.982  -68.759  -26.395 0.4000000060
6459  25.051  -69.984  -25.637 0.4000000060
6451  25.253  -69.807  -25.285 0.4000000060
7833  23.531  -67.532  -26.341 0.5000000000
7106  26.440  -68.748  -25.457 0.4000000060
8560  24.151  -66.876  -25.989 0.5000000000
126067  25.466  -66.334  -25.766 0.6000000238
8558  27.125  -67.033  -26.023 0.5000000000
10032  26.052  -64.815  -25.551 0.5000000000
11443  27.113  -62.736  -19.380 0.3000000119
11487  27.112  -62.038  -21.084 0.3000000119
12270  26.204  -61.806  -20.889 0.3000000119
11469  26.635  -62.378  -20.108 0.3000000119
11417  26.831  -62.790  -18.629 0.3000000119
110014  27.807  -62.785  -17.238 0.3000000119
121160  27.133  -62.680  -17.062 0.3000000119
124888  27.553  -62.520  -20.960 0.3000000119
12288  27.359  -61.487  -22.085 0.4000000060
12306  27.492  -61.197  -22.931 0.4000000060
11468  27.510  -62.693  -20.291 0.3000000119
13127  27.183  -60.764  -23.382 0.4000000060
12307  27.115  -60.839  -22.667 0.4000000060
113142  25.068  -61.222  -25.179 0.4000000060
12336  24.240  -61.284  -25.380 0.4000000060
11394  28.045  -62.965  -18.023 0.3000000119
12290  25.583  -61.274  -21.685 0.3000000119
105495  25.963  -60.544  -23.557 0.4000000060
11419  25.323  -62.511  -18.350 0.3000000119
12271  25.047  -61.727  -20.738 0.3000000119
11545  27.553  -62.281  -24.528 0.4000000060
119392  27.643  -62.737  -24.901 0.4000000060
10765  25.847  -63.206  -25.194 0.4000000060
10766  24.846  -63.293  -25.334 0.4000000060
113061  27.592  -62.382  -21.530 0.4000000060
12320  27.408  -61.255  -23.668 0.4000000060
11556  27.327  -62.007  -24.506 0.4000000060
11557  26.247  -62.283  -25.008 0.4000000060
11558  25.196  -62.573  -25.230 0.4000000060
11486  28.006  -62.990  -20.958 0.3000000119
13135  27.148  -60.933  -23.913 0.4000000060
12335  25.923  -61.416  -24.753 0.4000000060
10772  23.201  -63.270  -26.043 0.4000000060
10682  28.366  -63.228  -18.815 0.3000000119
13148  25.527  -60.699  -24.709 0.4000000060
11559  23.737  -62.568  -25.926 0.4000000060
10665  28.881  -63.117  -18.078 0.3000000119
13137  25.851  -60.613  -24.202 0.4000000060
104352  24.862  -60.198  -22.945 0.4000000060
10769  28.054  -63.706  -25.435 0.4000000060
10749  27.931  -63.406  -24.317 0.4000000060
120855  27.860  -63.010  -24.960 0.4000000060
10771  27.504  -63.740  -25.709 0.4000000060
10024  25.265  -64.112  -25.332 0.4000000060
10718  28.673  -63.429  -21.303 0.3000000119
11507  27.999  -63.049  -21.800 0.4000000060
10680  30.193  -63.387  -19.175 0.3000000119
10681  29.253  -63.350  -18.937 0.3000000119
10767  24.014  -63.257  -25.683 0.4000000060
10664  29.901  -63.237  -18.054 0.3000000119
9320  26.737  -65.492  -25.851 0.4000000060
10030  27.963  -64.342  -25.828 0.4000000060
13111  24.281  -60.263  -22.215 0.3000000119
12273  23.715  -61.019  -20.732 0.3000000119
12291  24.327  -61.101  -21.432 0.3000000119
108207  22.812  -64.044  -26.007 0.4000000060
10025  24.246  -64.531  -25.421 0.4000000060
9310  24.984  -65.136  -25.382 0.4000000060
9319  27.678  -65.244  -25.874 0.4000000060
11444  26.094  -62.600  -19.113 0.3000000119
11418  26.229  -62.695  -18.111 0.3000000119
11528  27.657  -61.939  -23.272 0.4000000060
13118  26.630  -60.549  -23.179 0.4000000060
13147  26.392  -61.021  -24.411 0.4000000060
13128  26.578  -60.639  -23.765 0.4000000060
105709  27.778  -62.772  -23.702 0.4000000060
10023  26.490  -63.878  -25.513 0.4000000060
11564  27.243  -62.446  -25.027 0.4000000060
12334  26.734  -61.658  -24.684 0.4000000060
10706  28.738  -63.341  -20.517 0.3000000119
11527  27.934  -63.153  -22.671 0.4000000060
10694  29.543  -63.369  -19.980 0.3000000119
2765  26.588  -76.400  -19.138 0.3000000119
2327  26.421  -77.027  -18.395 0.3000000119
2764  27.286  -76.240  -19.212 0.3000000119
2757  27.132  -76.755  -18.479 0.3000000119
2766  25.740  -76.444  -19.085 0.3000000119
3250  28.224  -75.343  -19.682 0.3000000119
3243  28.383  -75.844  -18.651 0.3000000119
2756  27.786  -76.390  -18.523 0.3000000119
3251  27.473  -75.641  -19.824 0.3000000119
2777  26.155  -75.914  -19.704 0.3000000119
3265  25.280  -74.954  -20.996 0.3000000119
3722  29.690  -74.926  -18.303 0.3000000119
3730  28.834  -74.825  -19.870 0.3000000119
3242  28.987  -75.237  -18.963 0.3000000119
2755  28.361  -76.369  -17.756 0.3000000119
107842  27.102  -75.333  -20.504 0.3000000119
3748  27.231  -74.310  -21.354 0.3000000119
3264  26.029  -74.977  -20.893 0.3000000119
3737  29.109  -74.252  -20.446 0.3000000119
3255  27.748  -75.177  -20.428 0.3000000119
3738  28.354  -74.678  -20.699 0.3000000119
4234  28.780  -73.938  -21.263 0.3000000119
3747  28.080  -74.179  -21.411 0.3000000119
3740  26.799  -75.003  -21.046 0.3000000119
4248  27.882  -73.660  -21.589 0.3000000119
5343  26.556  -71.288  -20.839 0.4000000060
5354  27.214  -72.288  -21.138 0.4000000060
2310  27.775  -78.004  -15.336 0.3000000119
1919  27.296  -78.627  -14.592 0.3000000119
119597  27.665  -76.878  -17.739 0.3000000119
2326  27.039  -77.343  -17.791 0.3000000119
3234  29.445  -75.585  -16.550 0.3000000119
3239  28.820  -76.253  -16.843 0.3000000119
2309  28.113  -77.187  -15.555 0.3000000119
2314  27.756  -77.856  -16.189 0.3000000119
1929  27.434  -78.612  -15.156 0.3000000119
3233  30.025  -75.010  -17.156 0.3000000119
2313  28.061  -77.264  -16.370 0.3000000119
1933  27.409  -78.514  -15.915 0.3000000119
104400  29.146  -75.666  -17.764 0.3000000119
2319  27.576  -77.511  -17.021 0.3000000119
1940  27.189  -78.217  -16.673 0.3000000119
108751  26.956  -77.860  -17.267 0.3000000119
3252  26.796  -75.849  -19.846 0.3000000119
3256  26.282  -75.416  -20.430 0.3000000119
3739  27.588  -74.845  -21.063 0.3000000119
114645  27.798  -77.249  -14.682 0.3000000119
1941  26.522  -78.346  -17.091 0.3000000119
2749  28.478  -76.693  -16.153 0.3000000119
2318  28.193  -76.868  -16.972 0.3000000119
1934  26.719  -78.888  -16.386 0.3000000119
4778  27.834  -73.062  -21.604 0.3000000119
8486  30.560  -66.011  -21.261 0.3000000119
120729  30.281  -66.460  -20.387 0.3000000119
114723  29.073  -67.045  -20.636 0.3000000119
7046  27.345  -68.094  -20.806 0.4000000060
7047  26.592  -68.500  -21.122 0.4000000060
6432  24.998  -69.789  -22.056 0.3000000119
5905  24.753  -70.589  -22.625 0.3000000119
8501  30.012  -66.340  -22.235 0.3000000119
7779  28.652  -67.267  -22.582 0.4000000060
115446  27.177  -68.209  -22.881 0.4000000060
7079  27.414  -68.208  -23.753 0.4000000060
6439  26.103  -69.314  -23.816 0.3000000119
7093  27.435  -68.173  -24.387 0.4000000060
6438  26.835  -68.717  -24.232 0.4000000060
6445  26.201  -69.301  -24.619 0.3000000119
7100  26.707  -68.782  -24.984 0.3000000119
9240  33.282  -65.520  -21.091 0.3000000119
9241  32.523  -65.475  -21.201 0.3000000119
7745  29.743  -66.871  -20.051 0.4000000060
7746  28.413  -67.657  -20.234 0.4000000060
7030  27.198  -68.710  -20.396 0.3000000119
6413  26.402  -69.373  -20.592 0.3000000119
121165  26.006  -70.292  -20.728 0.3000000119
9251  33.100  -64.947  -22.141 0.3000000119
8485  31.496  -65.592  -21.468 0.3000000119
8500  30.704  -65.636  -22.280 0.3000000119
8513  29.877  -66.040  -22.823 0.3000000119
7778  29.243  -66.789  -22.931 0.3000000119
7063  27.988  -67.803  -23.047 0.4000000060
8514  29.245  -66.481  -23.298 0.3000000119
7789  28.575  -67.293  -23.551 0.4000000060
7078  27.966  -67.685  -23.983 0.4000000060
8522  28.835  -66.487  -23.770 0.3000000119
7802  28.345  -67.265  -24.194 0.4000000060
7092  27.869  -67.646  -24.450 0.4000000060
9309  28.278  -65.516  -25.261 0.3000000119
8536  28.244  -66.734  -25.015 0.4000000060
7814  28.170  -67.221  -24.667 0.4000000060
116551  27.414  -68.022  -25.200 0.4000000060
10022  28.202  -64.494  -25.459 0.3000000119
8537  28.061  -66.652  -25.402 0.4000000060
9318  28.167  -65.069  -25.593 0.3000000119
7730  35.208  -67.090  -20.736 0.3000000119
7740  34.781  -67.597  -21.019 0.3000000119
6420  33.763  -68.535  -20.961 0.3000000119
112419  33.404  -68.665  -21.008 0.3000000119
9250  34.724  -65.100  -21.744 0.3000000119
8484  34.716  -66.347  -21.211 0.3000000119
7742  33.435  -66.872  -20.549 0.3000000119
6408  31.653  -69.081  -20.674 0.3000000119
9979  34.386  -64.399  -22.570 0.3000000119
115042  34.003  -65.335  -21.483 0.3000000119
7741  33.771  -66.095  -20.855 0.3000000119
7743  32.509  -66.891  -20.209 0.3000000119
7026  30.828  -67.905  -19.799 0.3000000119
7027  29.722  -68.292  -19.708 0.3000000119
6411  28.336  -69.473  -19.926 0.3000000119
5891  26.977  -70.423  -20.442 0.3000000119
5342  27.632  -71.449  -20.711 0.3000000119
9980  33.740  -64.383  -23.239 0.3000000119
122500  28.806  -65.921  -23.757 0.3000000119
8523  28.472  -66.787  -24.470 0.3000000119
9281  28.542  -65.348  -23.947 0.3000000119
9298  28.531  -66.017  -24.507 0.3000000119
113169  28.205  -64.424  -24.087 0.3000000119
10763  28.113  -63.949  -25.041 0.3000000119
10029  28.141  -64.178  -25.552 0.3000000119
109762  35.368  -66.853  -19.618 0.3000000119
8458  35.393  -66.367  -20.449 0.3000000119
7762  35.050  -66.847  -21.205 0.3000000119
7043  34.022  -68.021  -21.138 0.3000000119
9249  35.258  -65.148  -21.585 0.3000000119
7764  34.174  -67.135  -20.985 0.3000000119
5353  28.279  -72.316  -21.305 0.3000000119
8446  35.480  -66.158  -18.756 0.3000000119
105434  35.474  -66.054  -19.775 0.3000000119
9228  35.608  -65.569  -20.516 0.3000000119
8467  35.319  -66.237  -21.031 0.3000000119
8483  35.141  -65.875  -21.283 0.3000000119
9971  35.062  -64.612  -21.999 0.3000000119
9207  35.516  -65.222  -18.387 0.3000000119
9218  35.589  -65.379  -19.468 0.3000000119
9956  35.903  -64.715  -20.083 0.3000000119
9239  35.479  -65.398  -21.223 0.3000000119
5900  25.612  -71.033  -21.134 0.3000000119
5892  25.362  -70.066  -21.235 0.3000000119
6431  25.697  -69.115  -22.642 0.3000000119
7829  27.639  -67.271  -25.546 0.4000000060
10739  28.047  -63.840  -23.379 0.3000000119
7765  29.214  -66.812  -21.879 0.3000000119
8470  31.045  -66.310  -20.398 0.3000000119
7767  27.737  -67.727  -21.262 0.4000000060
7064  27.258  -67.976  -21.851 0.4000000060
7080  26.648  -68.667  -23.317 0.4000000060
9260  33.876  -64.708  -22.510 0.3000000119
8469  31.994  -66.146  -20.469 0.3000000119
7017  29.965  -67.452  -19.712 0.3000000119
105139  31.477  -66.954  -19.946 0.3000000119
7028  28.617  -68.449  -19.825 0.4000000060
6412  27.410  -69.519  -20.135 0.3000000119
125802  32.570  -64.754  -22.836 0.3000000119
8499  31.418  -65.186  -22.437 0.3000000119
9280  30.715  -65.240  -22.582 0.3000000119
7788  28.793  -66.928  -23.752 0.4000000060
10008  28.298  -64.998  -24.832 0.3000000119
7044  33.095  -67.902  -20.608 0.3000000119
105987  32.072  -67.895  -20.133 0.3000000119
6409  30.535  -69.201  -20.218 0.3000000119
9996  28.569  -64.719  -23.364 0.3000000119
6386  22.200  -70.006  -17.009 0.4000000060
3244  27.829  -75.933  -19.197 0.3000000119
3274  23.460  -75.040  -22.548 0.5000000000
3750  25.551  -74.592  -21.201 0.4000000060
4287  23.694  -73.359  -25.323 0.4000000060
4301  22.363  -73.097  -26.757 0.4000000060
4802  24.356  -72.694  -23.966 0.5000000000
4804  18.661  -72.614  -23.166 0.5000000000
4818  18.513  -72.713  -24.178 0.5000000000
4848  20.398  -72.330  -26.896 0.5000000000
4854  21.919  -72.030  -27.188 0.4000000060
5310  21.577  -71.425  -17.605 0.5000000000
5356  25.194  -71.719  -21.523 0.5000000000
5364  19.366  -71.246  -22.307 0.5000000000
5390  23.974  -71.840  -25.252 0.4000000060
5413  23.944  -71.223  -26.274 0.4000000060
5417  20.771  -71.465  -27.116 0.5000000000
5901  24.923  -70.744  -21.686 0.5000000000
5906  20.029  -70.032  -21.795 0.6000000238
5925  24.722  -70.297  -25.259 0.4000000060
5950  22.771  -71.015  -27.281 0.4000000060
5952  20.414  -70.912  -27.175 0.5000000000
6379  22.036  -69.335  -16.526 0.5000000000
6425  25.686  -69.140  -21.445 0.3000000119
6426  20.960  -68.847  -21.218 0.5000000000
6450  26.081  -69.341  -24.984 0.4000000060
6477  22.654  -69.539  -27.130 0.4000000060
7018  29.229  -67.605  -19.858 0.4000000060
7019  23.033  -68.787  -19.581 0.5000000000
7020  22.375  -68.697  -20.191 0.5000000000
7024  34.986  -67.815  -20.586 0.3000000119
7029  27.837  -68.230  -20.200 0.4000000060
7042  34.276  -68.108  -21.043 0.3000000119
7045  32.609  -68.972  -21.058 0.3000000119
7048  21.338  -68.079  -21.475 0.5000000000
7065  26.387  -68.465  -22.168 0.3000000119
7098  27.821  -67.634  -24.771 0.4000000060
7099  27.416  -68.172  -24.732 0.3000000119
7102  18.709  -68.046  -25.939 0.6000000238
7126  21.517  -68.596  -27.034 0.5000000000
7127  20.625  -68.474  -27.033 0.6000000238
7128  19.858  -68.279  -27.007 0.6999999881
7659  16.343  -67.241  -13.438 0.5000000000
7693  21.673  -66.888  -15.337 0.4000000060
7744  30.508  -66.904  -19.842 0.3000000119
7747  27.881  -67.778  -20.650 0.4000000060
7749  22.195  -67.774  -21.126 0.5000000000
7763  34.595  -67.439  -21.077 0.3000000119
7766  28.399  -67.347  -21.306 0.4000000060
7780  28.041  -67.621  -22.023 0.4000000060
7815  27.976  -67.252  -25.068 0.4000000060
7837  20.225  -67.007  -26.398 0.6000000238
7855  21.172  -67.834  -26.888 0.6000000238
8376  19.159  -66.207  -13.447 0.6000000238
8377  18.506  -66.508  -13.441 0.5000000000
8378  17.694  -66.460  -13.269 0.5000000000
8401  15.221  -67.321  -14.332 0.6000000238
8402  14.625  -67.107  -13.973 0.6000000238
8468  32.920  -66.069  -20.561 0.3000000119
8471  29.773  -66.460  -20.969 0.3000000119
8556  28.217  -66.061  -25.367 0.3000000119
8557  27.984  -65.966  -25.704 0.3000000119
8563  21.287  -66.564  -26.371 0.6999999881
8565  19.509  -66.720  -26.179 0.6000000238
9135  14.003  -65.457  -11.222 0.6000000238
9188  21.619  -65.901  -15.402 0.6999999881
9194  9.874  -64.946  -15.709 0.5000000000
9229  22.948  -65.154  -19.337 0.6999999881
9242  22.981  -65.320  -20.432 0.6999999881
9253  22.268  -65.422  -22.395 0.6000000238
9262  32.154  -65.109  -22.358 0.3000000119
9282  21.191  -65.079  -23.512 0.6999999881
9854  13.850  -64.127  -10.350 0.5000000000
9863  12.387  -64.071  -11.062 0.5000000000
9885  12.111  -64.765  -13.581 0.6000000238
9887  10.558  -63.933  -13.860 0.6000000238
9898  20.273  -65.155  -14.372 0.6000000238
9907  9.681  -64.013  -14.968 0.6000000238
9921  10.881  -64.584  -14.966 0.5000000000
9923  9.465  -64.392  -15.755 0.5000000000
9934  9.271  -64.768  -16.576 0.5000000000
9940  22.333  -64.904  -17.785 0.6999999881
9948  22.151  -64.154  -18.056 0.6000000238
10031  27.142  -64.553  -25.791 0.4000000060
10035  21.648  -64.741  -26.121 0.6999999881
10578  13.579  -63.510  -10.091 0.6000000238
10579  12.408  -63.358  -10.578 0.5000000000
10592  11.397  -63.382  -11.929 0.6000000238
10614  15.640  -63.289  -13.264 0.5000000000
10628  9.760  -63.459  -14.590 0.6000000238
10636  19.365  -64.018  -15.672 0.6999999881
10649  19.820  -63.912  -16.378 0.6999999881
10651  17.667  -63.287  -16.377 0.6000000238
10685  20.754  -63.070  -18.263 0.6000000238
10695  28.650  -63.298  -19.659 0.3000000119
10698  20.653  -63.075  -19.167 0.6000000238
10709  20.715  -63.238  -20.048 0.6000000238
10719  21.708  -63.854  -22.106 0.6999999881
10764  26.964  -63.006  -25.500 0.4000000060
10770  28.006  -63.675  -25.518 0.4000000060
11298  14.324  -62.544  -9.380 0.5000000000
11300  13.135  -62.470  -9.800 0.6000000238
11311  15.382  -62.826  -10.145 0.6000000238
11312  12.527  -62.544  -10.250 0.5000000000
11326  11.435  -62.543  -11.617 0.6000000238
11343  10.260  -62.407  -13.498 0.6000000238
11361  15.625  -62.382  -15.568 0.5000000000
11363  9.607  -63.129  -15.534 0.6000000238
11374  28.488  -62.592  -16.655 0.3000000119
11379  16.124  -62.822  -16.386 0.6999999881
11396  26.455  -62.605  -17.267 0.3000000119
11400  18.499  -63.057  -17.720 0.6999999881
11416  27.561  -62.985  -18.701 0.3000000119
11442  27.881  -63.098  -19.513 0.3000000119
11447  18.961  -63.027  -19.062 0.6999999881
11451  15.079  -62.436  -20.042 0.8000000119
11467  28.154  -63.127  -20.202 0.3000000119
11474  16.801  -63.034  -20.445 0.6000000238
11491  16.122  -62.678  -22.069 0.6000000238
11492  15.876  -62.553  -21.400 0.6000000238
11493  14.928  -61.792  -21.351 0.6999999881
11508  27.689  -62.158  -22.374 0.4000000060
11509  19.705  -62.770  -22.162 0.6000000238
11513  15.664  -62.293  -22.640 0.6000000238
11533  15.898  -61.952  -23.137 0.6000000238
11555  27.894  -63.267  -25.248 0.4000000060
11563  27.670  -63.123  -25.337 0.4000000060
12127  15.722  -61.011  -8.803 0.4000000060
12135  15.355  -61.747  -9.063 0.4000000060
12145  16.470  -61.625  -10.498 0.4000000060
12157  16.774  -61.295  -11.499 0.5000000000
12159  12.178  -61.108  -11.190 0.6000000238
12160  11.778  -61.725  -11.389 0.6000000238
12179  15.533  -62.009  -13.417 0.4000000060
12180  11.198  -61.121  -13.976 0.6000000238
12208  15.322  -61.672  -15.054 0.5000000000
12210  10.909  -61.772  -15.559 0.6000000238
12274  14.769  -61.435  -20.842 0.8000000119
12289  26.749  -61.266  -21.832 0.4000000060
12309  14.725  -61.578  -22.246 0.6000000238
12319  27.574  -61.970  -23.988 0.4000000060
12321  15.328  -61.482  -23.384 0.6000000238
12328  27.352  -61.551  -24.153 0.4000000060
12329  27.058  -61.231  -24.280 0.4000000060
12333  15.807  -61.282  -23.804 0.6000000238
12337  21.973  -61.099  -26.052 0.6000000238
12344  20.602  -61.903  -26.229 0.6000000238
12931  16.099  -60.380  -8.429 0.4000000060
12934  13.914  -60.478  -9.016 0.4000000060
12947  13.041  -60.943  -9.870 0.5000000000
12984  12.121  -60.176  -12.556 0.6000000238
13000  12.061  -60.192  -13.244 0.6000000238
13021  11.831  -60.537  -14.581 0.6000000238
13110  25.109  -60.717  -22.391 0.3000000119
13129  25.613  -60.415  -23.895 0.5000000000
13136  26.733  -60.821  -24.092 0.4000000060
13782  14.802  -59.732  -8.190 0.4000000060
13801  13.032  -59.541  -9.992 0.4000000060
13823  12.132  -59.646  -12.329 0.5000000000
13937  13.762  -59.582  -22.702 0.6000000238
13943  25.075  -60.101  -24.164 0.5000000000
13944  24.463  -59.649  -23.877 0.4000000060
13956  16.168  -60.051  -24.096 0.6000000238
14580  12.661  -58.608  -10.196 0.4000000060
14599  12.013  -58.871  -12.508 0.4000000060
14706  23.437  -57.962  -22.063 0.5000000000
14713  23.473  -59.136  -23.188 0.5000000000
15410  12.768  -57.566  -10.028 0.4000000060
15421  12.819  -56.744  -11.539 0.3000000119
15548  22.125  -56.500  -22.706 0.4000000060
15549  21.149  -56.510  -22.927 0.4000000060
15557  22.816  -57.781  -22.514 0.4000000060
15561  19.632  -57.383  -23.516 0.5000000000
15562  18.735  -57.479  -23.570 0.5000000000
16254  17.403  -56.528  -6.380 0.4000000060
16255  16.435  -56.248  -6.651 0.4000000060
17200  17.800  -55.809  -6.378 0.4000000060
17219  15.806  -55.529  -7.842 0.4000000060
17233  16.030  -55.010  -8.073 0.4000000060
17242  15.496  -55.222  -9.180 0.4000000060
18092  17.871  -54.968  -6.505 0.4000000060
18114  15.760  -54.783  -8.713 0.4000000060
18123  14.946  -54.744  -10.150 0.3000000119
18132  14.464  -54.540  -10.836 0.3000000119
18135  9.949  -54.474  -9.925 0.3000000119
18157  11.978  -54.079  -12.647 0.3000000119
18158  10.064  -54.746  -11.872 0.3000000119
19037  14.733  -53.445  -8.853 0.4000000060
19039  12.069  -53.262  -8.806 0.3000000119
19040  10.689  -53.188  -8.797 0.3000000119
19048  14.994  -54.080  -9.528 0.3000000119
19051  11.276  -53.608  -9.130 0.3000000119
19052  10.114  -53.758  -9.286 0.3000000119
19062  13.057  -53.835  -10.587 0.3000000119
19063  11.814  -53.957  -9.980 0.3000000119
19964  12.674  -52.877  -8.615 0.4000000060
19974  9.463  -52.440  -9.589 0.3000000119
20020  7.208  -51.370  -13.086 0.4000000060
20830  19.619  -51.173  -6.695 0.3000000119
20832  17.528  -51.913  -7.289 0.3000000119
20853  13.165  -52.230  -8.488 0.4000000060
20855  11.509  -51.742  -8.501 0.3000000119
20856  10.832  -51.661  -8.727 0.3000000119
20878  9.968  -51.560  -10.096 0.3000000119
21743  13.488  -50.431  -8.399 0.3000000119
21746  10.834  -51.146  -8.959 0.3000000119
21767  10.626  -50.666  -11.063 0.3000000119
21780  6.856  -50.263  -12.209 0.3000000119
21793  9.397  -50.286  -12.760 0.4000000060
22661  15.440  -50.011  -8.019 0.3000000119
22677  13.295  -49.707  -8.575 0.3000000119
22679  11.948  -50.208  -8.760 0.3000000119
22689  12.409  -49.215  -9.483 0.3000000119
22701  10.686  -49.813  -12.125 0.4000000060
22732  10.165  -49.323  -12.617 0.4000000060
22733  9.541  -49.585  -12.893 0.4000000060
22734  9.099  -49.371  -12.866 0.3000000119
23635  13.083  -47.799  -9.418 0.3000000119
23637  12.152  -48.990  -10.447 0.3000000119
23667  10.285  -48.613  -12.364 0.3000000119
24542  13.906  -47.618  -8.882 0.3000000119
24558  13.489  -46.932  -9.496 0.3000000119
24572  11.996  -47.769  -11.903 0.3000000119
24592  11.994  -47.038  -11.938 0.3000000119
25515  11.786  -46.464  -11.637 0.3000000119
26404  12.349  -45.727  -11.288 0.3000000119
104503  15.166  -63.469  -10.488 0.6000000238
104994  20.471  -68.970  -21.919 0.6000000238
105518  20.289  -63.709  -17.030 0.6999999881
106070  27.124  -73.578  -21.474 0.3000000119
106296  28.337  -66.295  -25.002 0.4000000060
106657  17.510  -63.130  -17.841 0.8000000119
108708  20.616  -64.857  -25.764 0.6999999881
109260  22.763  -61.178  -25.838 0.5000000000
109526  35.718  -64.561  -19.127 0.3000000119
111020  24.478  -62.008  -25.494 0.4000000060
111021  13.528  -61.093  -9.354 0.5000000000
112240  9.341  -63.759  -15.831 0.5000000000
112856  14.030  -62.093  -9.123 0.6000000238
112940  16.471  -53.924  -8.033 0.4000000060
112985  25.702  -60.448  -23.093 0.4000000060
113258  22.810  -70.298  -27.225 0.4000000060
113855  16.868  -59.920  -24.468 0.6000000238
114003  24.415  -62.735  -25.521 0.4000000060
115363  18.856  -70.539  -25.126 0.6999999881
115399  20.189  -65.679  -25.903 0.8000000119
115628  20.972  -59.348  -24.340 0.6000000238
115906  26.899  -72.914  -21.372 0.4000000060
116502  24.463  -73.181  -23.320 0.5000000000
117064  16.538  -51.103  -7.648 0.3000000119
117102  27.818  -68.817  -19.966 0.4000000060
117230  18.529  -62.856  -20.954 0.6999999881
118030  21.203  -65.377  -26.132 0.6999999881
118911  11.608  -64.389  -13.101 0.6000000238
119120  13.487  -62.965  -9.842 0.6000000238
119332  12.566  -65.084  -16.440 0.5000000000
119446  26.262  -60.778  -22.515 0.4000000060
119477  10.634  -61.665  -13.463 0.6000000238
119533  20.683  -63.499  -23.031 0.6000000238
119851  22.626  -69.311  -17.229 0.5000000000
120085  8.051  -49.610  -12.320 0.3000000119
120393  21.490  -65.970  -26.199 0.6999999881
120932  19.293  -65.453  -24.555 0.6000000238
120963  33.784  -67.798  -20.956 0.3000000119
121115  20.741  -64.820  -23.771 0.6999999881
121126  12.131  -59.047  -11.851 0.4000000060
121148  21.884  -69.356  -27.155 0.4000000060
121245  25.698  -65.732  -25.645 0.6000000238
122112  22.754  -56.538  -22.453 0.4000000060
122240  23.487  -71.518  -26.803 0.4000000060
122735  9.609  -63.069  -14.887 0.6000000238
122799  18.374  -63.441  -16.573 0.6999999881
123477  17.703  -61.212  -24.247 0.6999999881
123605  25.366  -61.888  -25.097 0.4000000060
123889  27.712  -66.612  -25.757 0.4000000060
123953  23.476  -58.921  -22.326 0.4000000060
124521  27.680  -62.564  -24.481 0.4000000060
124584  23.304  -57.367  -22.068 0.5000000000
125072  24.371  -63.820  -25.437 0.4000000060
125182  10.461  -52.127  -8.786 0.3000000119
125246  13.110  -59.016  -9.510 0.4000000060
125881  25.761  -69.690  -20.893 0.3000000119
126232  12.195  -49.682  -9.126 0.3000000119
126334  19.252  -69.243  -26.806 0.6999999881
