#!ascii label  , from subject sub-v2s4x29623_ses-1 vox2ras=TkReg
1262
40623  15.021  -17.419  62.845 0.0000000000
43474  41.382  -13.154  33.931 0.0000000000
38455  29.157  -19.737  51.760 0.0000000000
42361  37.030  -14.805  54.714 0.0000000000
40741  21.325  -16.801  52.082 0.0000000000
42298  20.228  -14.372  59.370 0.0000000000
48249  50.262  -7.557  25.650 0.0000000000
92780  51.664  -10.136  33.586 0.0000000000
45097  35.054  -10.369  44.030 0.0000000000
52005  48.773  -2.109  18.523 0.0000000000
83796  28.851  -18.683  56.805 0.0000000000
41561  17.283  -14.894  60.801 0.0000000000
83419  51.415  -10.029  29.652 0.0000000000
94048  46.454  -10.936  30.214 0.0000000000
42577  42.569  -14.430  38.851 0.0000000000
84953  47.338  -13.822  37.695 0.0000000000
100888  38.328  -14.401  39.360 0.0000000000
39986  35.318  -17.709  48.905 0.0000000000
39923  34.375  -18.201  53.209 0.0000000000
92227  24.885  -17.499  56.441 0.0000000000
40637  24.274  -16.992  60.494 0.0000000000
40689  20.731  -16.385  55.674 0.0000000000
40692  16.437  -16.925  56.654 0.0000000000
39184  25.449  -18.725  52.536 0.0000000000
97772  54.275  -4.589  26.153 0.0000000000
83541  55.108  -7.976  30.976 0.0000000000
44371  46.679  -12.244  33.203 0.0000000000
45094  39.033  -12.076  44.548 0.0000000000
43222  37.868  -13.797  49.303 0.0000000000
50517  49.626  -4.801  21.005 0.0000000000
51973  53.895  -2.046  20.919 0.0000000000
53626  55.753  -0.030  17.744 0.0000000000
39847  29.046  -18.274  59.273 0.0000000000
40631  15.712  -16.675  61.584 0.0000000000
43068  17.166  -13.744  62.999 0.0000000000
41532  16.301  -15.202  65.052 0.0000000000
83480  46.405  -10.097  27.861 0.0000000000
42537  43.549  -14.573  41.229 0.0000000000
99651  45.366  -14.307  40.708 0.0000000000
39782  11.413  -17.966  66.715 0.0000000000
43410  37.645  -13.414  36.529 0.0000000000
84900  30.029  -18.554  49.847 0.0000000000
39191  32.186  -18.423  51.009 0.0000000000
39181  31.806  -19.223  52.738 0.0000000000
39914  23.547  -17.580  54.433 0.0000000000
84562  22.590  -16.823  55.697 0.0000000000
40729  21.422  -16.721  53.861 0.0000000000
39952  23.439  -17.686  51.717 0.0000000000
39167  25.445  -18.773  54.250 0.0000000000
41572  22.458  -15.753  59.510 0.0000000000
48983  52.450  -6.614  25.483 0.0000000000
48964  55.189  -5.754  28.516 0.0000000000
83387  52.974  -7.962  27.423 0.0000000000
94449  50.889  -10.065  31.936 0.0000000000
94562  53.201  -10.132  31.805 0.0000000000
45210  41.300  -11.773  32.030 0.0000000000
45217  43.733  -11.018  31.231 0.0000000000
44373  44.678  -13.297  33.378 0.0000000000
45899  34.451  -10.869  42.440 0.0000000000
97926  35.996  -11.891  41.985 0.0000000000
45887  36.738  -9.958  44.222 0.0000000000
40752  36.672  -16.679  51.853 0.0000000000
41661  37.050  -15.766  48.868 0.0000000000
42398  37.714  -14.500  51.430 0.0000000000
49000  48.233  -6.392  23.643 0.0000000000
49773  48.202  -5.406  21.418 0.0000000000
49756  49.527  -5.563  23.387 0.0000000000
49753  52.014  -5.062  23.782 0.0000000000
51356  53.505  -2.411  16.307 0.0000000000
51332  51.886  -2.862  18.154 0.0000000000
52808  54.248  -0.106  20.053 0.0000000000
51302  51.791  -2.703  19.661 0.0000000000
38429  29.349  -19.532  54.433 0.0000000000
38415  31.702  -20.010  55.487 0.0000000000
38395  30.962  -19.699  57.133 0.0000000000
42300  18.741  -14.156  59.409 0.0000000000
42283  21.002  -13.971  61.934 0.0000000000
43074  19.042  -13.207  62.553 0.0000000000
83537  48.419  -8.502  25.319 0.0000000000
82025  50.706  -8.992  27.253 0.0000000000
83467  48.805  -9.892  27.006 0.0000000000
95060  48.390  -10.390  29.166 0.0000000000
46747  48.436  -10.493  32.400 0.0000000000
89927  41.752  -13.707  36.080 0.0000000000
43427  44.389  -13.820  35.656 0.0000000000
42591  44.605  -14.176  38.104 0.0000000000
42518  34.931  -13.728  43.511 0.0000000000
44143  38.361  -12.608  54.969 0.0000000000
39799  13.544  -18.258  64.326 0.0000000000
87236  14.927  -16.998  65.731 0.0000000000
39772  13.117  -17.513  67.005 0.0000000000
43476  39.153  -13.197  33.788 0.0000000000
43407  40.414  -13.786  36.607 0.0000000000
42579  40.453  -14.045  38.508 0.0000000000
97260  40.671  -14.713  41.395 0.0000000000
39989  32.659  -17.827  48.758 0.0000000000
91082  34.687  -18.000  51.107 0.0000000000
40714  35.761  -16.847  54.365 0.0000000000
39144  33.752  -19.183  55.786 0.0000000000
40685  35.022  -16.995  56.544 0.0000000000
89093  26.954  -17.600  58.955 0.0000000000
39819  26.140  -18.083  61.197 0.0000000000
40659  24.962  -17.059  58.389 0.0000000000
40662  22.870  -16.361  57.861 0.0000000000
41584  20.671  -15.450  57.824 0.0000000000
40731  18.531  -17.046  53.504 0.0000000000
41626  18.919  -16.187  55.793 0.0000000000
41601  18.593  -15.682  57.537 0.0000000000
99977  17.145  -16.523  58.789 0.0000000000
39853  15.446  -17.674  59.027 0.0000000000
39089  13.822  -18.602  60.266 0.0000000000
39217  27.688  -18.697  49.321 0.0000000000
39219  25.370  -18.621  49.178 0.0000000000
38449  27.707  -19.701  52.309 0.0000000000
39165  27.682  -19.133  54.609 0.0000000000
39885  27.605  -18.062  56.677 0.0000000000
48220  56.726  -7.883  29.405 0.0000000000
82002  53.743  -8.923  30.137 0.0000000000
45994  43.547  -10.709  29.792 0.0000000000
45964  46.414  -11.150  31.856 0.0000000000
45193  48.756  -11.037  33.154 0.0000000000
43424  47.005  -13.584  35.433 0.0000000000
44346  49.202  -12.809  35.148 0.0000000000
43356  35.460  -13.907  39.468 0.0000000000
43327  38.765  -13.737  42.551 0.0000000000
44277  41.546  -13.015  43.904 0.0000000000
42473  36.214  -15.091  46.062 0.0000000000
44238  37.274  -12.613  46.522 0.0000000000
44166  38.619  -12.433  52.055 0.0000000000
45049  39.101  -11.561  49.064 0.0000000000
45859  37.402  -9.766  46.321 0.0000000000
46621  38.936  -10.123  46.251 0.0000000000
45867  41.474  -10.892  46.345 0.0000000000
51982  48.915  -2.127  20.485 0.0000000000
50514  52.392  -4.330  21.103 0.0000000000
51267  53.863  -3.191  24.377 0.0000000000
39080  29.298  -18.890  60.705 0.0000000000
40622  15.611  -16.834  62.500 0.0000000000
41541  16.003  -16.143  63.083 0.0000000000
40611  15.542  -16.866  63.412 0.0000000000
42527  43.038  -14.621  42.051 0.0000000000
42525  44.900  -14.130  41.975 0.0000000000
39784  9.313  -18.097  66.259 0.0000000000
39194  29.758  -19.414  51.238 0.0000000000
39192  31.295  -18.935  51.312 0.0000000000
38446  30.424  -19.636  52.426 0.0000000000
39926  22.760  -17.171  53.101 0.0000000000
40715  22.725  -17.198  54.105 0.0000000000
84849  21.400  -16.673  52.985 0.0000000000
87062  22.955  -17.711  50.945 0.0000000000
39939  22.783  -17.253  52.225 0.0000000000
39938  23.448  -17.585  52.656 0.0000000000
42297  21.182  -14.940  59.367 0.0000000000
42282  22.070  -15.001  61.389 0.0000000000
48985  50.780  -6.916  25.169 0.0000000000
48242  52.603  -7.814  26.550 0.0000000000
83199  51.914  -8.257  26.210 0.0000000000
83551  51.548  -10.024  33.285 0.0000000000
84869  52.150  -9.767  32.963 0.0000000000
44389  41.743  -12.331  32.545 0.0000000000
44388  42.658  -12.533  32.316 0.0000000000
43472  43.020  -13.583  33.485 0.0000000000
44282  34.417  -11.549  42.965 0.0000000000
45890  34.784  -10.527  43.022 0.0000000000
45897  35.732  -10.076  43.027 0.0000000000
45881  35.560  -9.963  44.282 0.0000000000
41636  36.971  -15.934  53.050 0.0000000000
41643  37.181  -15.825  52.177 0.0000000000
42384  37.476  -14.589  53.244 0.0000000000
48992  48.569  -6.820  24.331 0.0000000000
48999  48.938  -5.983  23.959 0.0000000000
48991  49.350  -6.372  24.603 0.0000000000
48989  51.270  -6.295  24.691 0.0000000000
52017  51.415  -2.584  17.444 0.0000000000
52002  51.047  -2.531  18.390 0.0000000000
51317  51.461  -2.664  19.093 0.0000000000
51991  50.699  -2.476  19.277 0.0000000000
85458  29.052  -18.820  55.951 0.0000000000
39153  29.891  -19.295  55.662 0.0000000000
85613  30.137  -19.326  57.274 0.0000000000
100704  17.704  -15.025  60.213 0.0000000000
98892  18.804  -13.710  60.747 0.0000000000
42284  17.657  -14.176  61.347 0.0000000000
43051  17.588  -14.085  64.732 0.0000000000
43050  17.983  -14.229  64.331 0.0000000000
95759  47.081  -8.381  25.574 0.0000000000
83543  48.123  -9.523  26.279 0.0000000000
90393  47.378  -9.373  26.451 0.0000000000
95117  45.919  -10.612  28.412 0.0000000000
45999  46.930  -10.476  28.427 0.0000000000
94592  47.079  -10.818  29.393 0.0000000000
94591  48.325  -10.336  31.142 0.0000000000
94641  47.597  -10.505  31.221 0.0000000000
43379  42.775  -13.970  37.389 0.0000000000
43378  43.801  -13.938  37.518 0.0000000000
95550  43.874  -14.287  38.359 0.0000000000
89686  47.418  -7.504  24.665 0.0000000000
39789  13.393  -18.135  65.256 0.0000000000
91848  12.755  -18.057  65.768 0.0000000000
84170  38.190  -13.404  33.929 0.0000000000
43432  39.931  -13.271  35.130 0.0000000000
43433  38.227  -13.333  35.655 0.0000000000
43384  37.549  -13.707  37.478 0.0000000000
43382  39.163  -13.687  37.620 0.0000000000
42581  38.837  -14.426  39.158 0.0000000000
84848  40.784  -14.380  40.003 0.0000000000
42553  39.291  -14.279  40.492 0.0000000000
39225  31.303  -17.960  48.366 0.0000000000
39179  33.365  -18.409  52.117 0.0000000000
39964  33.843  -17.985  50.770 0.0000000000
39936  34.162  -18.189  52.436 0.0000000000
84925  35.559  -17.734  52.214 0.0000000000
39922  34.883  -17.774  53.397 0.0000000000
38404  32.277  -20.157  56.218 0.0000000000
38414  32.579  -20.010  55.370 0.0000000000
88001  33.430  -19.655  57.038 0.0000000000
39872  34.700  -17.862  57.810 0.0000000000
40684  35.698  -16.317  56.679 0.0000000000
39863  26.388  -17.530  58.361 0.0000000000
39864  25.721  -17.430  58.821 0.0000000000
39888  25.074  -17.116  57.334 0.0000000000
95963  21.765  -16.661  55.603 0.0000000000
96222  23.114  -16.652  57.288 0.0000000000
41613  21.739  -16.212  57.097 0.0000000000
41598  21.445  -15.808  57.788 0.0000000000
41614  20.460  -15.911  56.323 0.0000000000
40744  18.958  -17.361  52.735 0.0000000000
39915  16.615  -17.432  54.852 0.0000000000
40708  17.281  -16.841  54.973 0.0000000000
100528  17.456  -16.580  55.686 0.0000000000
41616  18.737  -15.873  56.672 0.0000000000
41617  18.011  -16.226  56.984 0.0000000000
41602  17.905  -16.062  57.838 0.0000000000
40676  16.718  -17.013  57.562 0.0000000000
39839  14.659  -18.093  60.154 0.0000000000
39228  28.066  -18.468  48.619 0.0000000000
84361  27.164  -18.703  48.519 0.0000000000
85651  24.492  -18.368  50.840 0.0000000000
90695  25.332  -18.628  50.890 0.0000000000
39207  26.768  -18.885  50.529 0.0000000000
39183  26.238  -19.005  52.369 0.0000000000
38439  27.231  -19.709  52.989 0.0000000000
97261  25.874  -19.102  53.058 0.0000000000
39900  25.555  -17.933  55.703 0.0000000000
39156  26.425  -18.515  55.359 0.0000000000
39886  26.774  -17.729  56.711 0.0000000000
90729  27.079  -17.726  58.055 0.0000000000
93076  24.994  -17.423  60.206 0.0000000000
41521  15.046  -15.882  68.042 0.0000000000
86715  15.836  -15.523  67.581 0.0000000000
50474  55.397  -4.089  27.777 0.0000000000
83320  55.235  -6.892  30.010 0.0000000000
48950  55.591  -6.549  29.800 0.0000000000
93713  55.979  -7.183  30.156 0.0000000000
81989  56.191  -8.980  30.371 0.0000000000
84205  50.765  -9.426  28.044 0.0000000000
88022  52.277  -9.195  28.670 0.0000000000
81975  51.999  -9.595  29.315 0.0000000000
97557  53.901  -9.888  31.075 0.0000000000
44385  45.560  -12.028  32.499 0.0000000000
45215  45.552  -11.187  31.626 0.0000000000
45205  46.874  -10.990  32.181 0.0000000000
45962  47.518  -10.749  32.533 0.0000000000
44369  48.334  -11.754  33.712 0.0000000000
43376  45.668  -13.744  36.978 0.0000000000
43425  46.160  -13.794  35.174 0.0000000000
42611  47.269  -13.642  36.323 0.0000000000
44313  34.890  -13.396  40.188 0.0000000000
45113  37.717  -11.839  43.342 0.0000000000
44300  37.041  -13.173  42.159 0.0000000000
44290  38.124  -13.018  43.155 0.0000000000
44288  40.098  -13.607  43.399 0.0000000000
44279  39.494  -13.076  44.119 0.0000000000
39987  34.167  -17.694  47.679 0.0000000000
40795  34.633  -17.101  47.064 0.0000000000
42448  37.239  -15.058  48.493 0.0000000000
41687  36.566  -15.553  47.324 0.0000000000
43255  37.318  -14.139  47.477 0.0000000000
43269  37.195  -13.720  46.600 0.0000000000
44229  37.528  -13.198  47.356 0.0000000000
44142  38.591  -12.272  54.103 0.0000000000
90257  39.643  -10.864  49.100 0.0000000000
45058  38.849  -11.292  48.008 0.0000000000
45850  38.761  -10.020  46.958 0.0000000000
46615  37.916  -9.464  46.213 0.0000000000
46604  39.683  -9.693  47.237 0.0000000000
49772  49.081  -5.402  21.503 0.0000000000
50530  50.015  -3.896  20.706 0.0000000000
50529  50.873  -3.876  20.568 0.0000000000
50515  51.473  -4.667  21.030 0.0000000000
50494  52.939  -4.810  24.929 0.0000000000
50502  53.170  -3.862  23.860 0.0000000000
99889  54.296  -3.797  25.975 0.0000000000
95272  54.599  -2.615  25.615 0.0000000000
88206  54.178  -1.562  17.084 0.0000000000
51979  53.854  -1.084  20.619 0.0000000000
52796  54.985  -0.508  21.616 0.0000000000
52786  55.074  -1.590  23.688 0.0000000000
39119  28.628  -18.495  57.628 0.0000000000
86519  30.001  -18.876  58.120 0.0000000000
39102  29.533  -18.710  59.958 0.0000000000
41563  15.987  -16.208  61.064 0.0000000000
42285  16.935  -14.700  61.608 0.0000000000
41548  16.412  -15.330  62.781 0.0000000000
42260  16.701  -14.645  64.326 0.0000000000
43041  16.888  -14.098  65.213 0.0000000000
46017  44.822  -10.284  27.248 0.0000000000
84621  44.936  -10.957  28.267 0.0000000000
84347  42.852  -14.608  39.654 0.0000000000
84699  43.766  -14.654  39.723 0.0000000000
42549  44.073  -14.575  40.504 0.0000000000
43339  45.606  -14.260  41.694 0.0000000000
39791  11.097  -18.265  65.767 0.0000000000
99038  10.736  -18.100  66.255 0.0000000000
39775  10.708  -18.126  67.498 0.0000000000
43434  37.241  -13.480  35.642 0.0000000000
86523  36.863  -13.871  37.868 0.0000000000
39214  31.175  -18.083  49.149 0.0000000000
39203  31.372  -18.503  50.544 0.0000000000
88224  31.966  -18.912  51.936 0.0000000000
39180  32.631  -18.770  52.670 0.0000000000
39901  24.587  -17.716  55.533 0.0000000000
39889  23.948  -17.308  56.229 0.0000000000
40702  23.051  -17.035  55.012 0.0000000000
40703  22.215  -16.849  54.898 0.0000000000
40704  21.157  -16.660  55.162 0.0000000000
39890  15.553  -17.464  56.587 0.0000000000
39904  14.995  -17.832  55.763 0.0000000000
39965  23.717  -17.994  50.846 0.0000000000
99973  24.163  -18.026  51.496 0.0000000000
39174  25.231  -18.768  53.435 0.0000000000
39175  24.586  -18.301  53.481 0.0000000000
39924  24.142  -17.909  53.891 0.0000000000
41571  22.977  -16.179  59.228 0.0000000000
48982  53.295  -6.131  25.845 0.0000000000
48973  54.759  -5.713  27.335 0.0000000000
48974  54.003  -6.525  26.544 0.0000000000
48229  54.026  -7.581  27.822 0.0000000000
48222  54.369  -7.726  28.887 0.0000000000
94518  51.004  -10.597  30.639 0.0000000000
95450  52.505  -9.596  30.949 0.0000000000
81965  52.542  -9.858  32.195 0.0000000000
95069  53.297  -10.349  32.020 0.0000000000
45974  42.062  -10.709  30.636 0.0000000000
44397  43.191  -11.895  31.628 0.0000000000
44386  44.609  -12.423  32.604 0.0000000000
44372  45.400  -12.785  33.107 0.0000000000
83411  48.743  -13.650  37.173 0.0000000000
45136  34.042  -11.805  41.346 0.0000000000
45135  34.863  -11.961  41.442 0.0000000000
45123  35.374  -11.334  41.942 0.0000000000
45114  36.820  -10.988  42.853 0.0000000000
45886  37.621  -10.548  44.544 0.0000000000
96439  35.974  -17.450  50.035 0.0000000000
40782  35.927  -16.879  48.485 0.0000000000
89562  36.863  -16.345  50.301 0.0000000000
42413  37.343  -15.076  49.988 0.0000000000
43203  38.052  -13.927  50.168 0.0000000000
49008  47.244  -6.000  22.922 0.0000000000
49775  46.466  -5.097  22.088 0.0000000000
49007  47.979  -6.023  22.920 0.0000000000
49764  48.502  -5.706  22.210 0.0000000000
49762  50.323  -5.355  22.685 0.0000000000
49761  51.269  -5.297  22.553 0.0000000000
49754  51.303  -5.340  23.490 0.0000000000
49745  51.595  -5.626  24.300 0.0000000000
52032  51.797  -2.516  16.479 0.0000000000
51331  52.649  -2.795  17.816 0.0000000000
52837  54.061  -0.770  18.485 0.0000000000
52821  54.352  -0.179  19.225 0.0000000000
52001  52.790  -1.653  19.318 0.0000000000
51989  52.894  -1.214  19.947 0.0000000000
51289  52.375  -2.090  20.086 0.0000000000
38437  29.492  -19.671  53.610 0.0000000000
84276  30.335  -19.673  53.288 0.0000000000
38416  30.383  -19.580  55.039 0.0000000000
38405  31.343  -19.907  56.313 0.0000000000
38393  32.327  -19.802  57.915 0.0000000000
42299  19.397  -13.999  59.384 0.0000000000
96142  20.725  -14.073  61.099 0.0000000000
43083  19.437  -13.642  61.037 0.0000000000
43073  19.675  -13.435  62.061 0.0000000000
43067  17.793  -13.466  62.736 0.0000000000
84465  19.000  -13.361  63.205 0.0000000000
48251  48.906  -8.082  25.104 0.0000000000
82023  50.636  -8.545  26.543 0.0000000000
97167  49.531  -9.207  26.323 0.0000000000
82006  49.473  -9.841  27.069 0.0000000000
94800  49.306  -9.651  28.094 0.0000000000
83230  47.135  -9.927  27.576 0.0000000000
82714  48.432  -10.076  28.309 0.0000000000
94519  49.720  -9.774  29.057 0.0000000000
94590  49.970  -10.575  31.172 0.0000000000
96081  50.171  -10.435  31.915 0.0000000000
97157  50.641  -10.283  33.000 0.0000000000
43453  42.264  -13.721  34.915 0.0000000000
43452  43.035  -13.732  34.457 0.0000000000
89929  43.582  -13.808  35.871 0.0000000000
43377  44.786  -13.836  37.242 0.0000000000
42589  46.449  -13.868  37.583 0.0000000000
85069  45.103  -14.383  39.339 0.0000000000
42573  46.185  -14.028  38.578 0.0000000000
101123  47.960  -14.161  38.949 0.0000000000
44264  35.561  -11.544  44.242 0.0000000000
43156  37.768  -13.327  55.003 0.0000000000
49002  46.623  -6.326  23.650 0.0000000000
48993  47.108  -6.906  24.168 0.0000000000
48262  48.277  -7.677  24.761 0.0000000000
53627  47.507  -1.478  17.199 0.0000000000
84832  47.290  -2.159  18.074 0.0000000000
39798  14.218  -17.794  63.983 0.0000000000
40603  14.784  -17.498  64.395 0.0000000000
39788  14.232  -17.830  64.824 0.0000000000
40591  13.941  -17.329  66.731 0.0000000000
40585  13.608  -16.709  68.257 0.0000000000
39773  12.289  -17.659  67.383 0.0000000000
99425  40.325  -12.520  33.071 0.0000000000
44376  39.442  -12.810  33.118 0.0000000000
43475  40.544  -12.856  33.833 0.0000000000
43431  40.798  -13.574  35.292 0.0000000000
43406  40.999  -13.798  36.051 0.0000000000
87282  40.930  -13.868  37.194 0.0000000000
43409  38.585  -13.330  36.355 0.0000000000
88234  40.035  -13.857  37.310 0.0000000000
96079  41.779  -14.314  38.748 0.0000000000
84269  41.441  -14.433  40.199 0.0000000000
42539  41.571  -14.592  41.128 0.0000000000
43323  42.514  -13.994  42.636 0.0000000000
39988  33.512  -17.834  48.225 0.0000000000
39978  32.967  -17.813  49.608 0.0000000000
90085  33.737  -17.827  49.945 0.0000000000
39975  35.416  -17.763  49.912 0.0000000000
39949  36.145  -17.393  51.606 0.0000000000
40739  36.217  -17.112  52.599 0.0000000000
41631  36.721  -15.737  54.377 0.0000000000
38436  32.126  -19.479  53.952 0.0000000000
38426  32.817  -19.655  54.566 0.0000000000
39911  34.266  -18.812  54.531 0.0000000000
39873  34.276  -18.617  57.152 0.0000000000
39897  34.601  -17.795  55.940 0.0000000000
87308  34.606  -17.902  55.046 0.0000000000
40700  35.618  -16.728  55.211 0.0000000000
41624  36.126  -16.138  55.856 0.0000000000
42347  36.849  -14.653  55.801 0.0000000000
39082  27.380  -18.288  60.801 0.0000000000
39850  26.707  -17.588  59.846 0.0000000000
39851  25.865  -17.472  59.913 0.0000000000
40647  24.490  -17.069  59.420 0.0000000000
40686  23.747  -16.893  57.080 0.0000000000
40674  23.603  -16.600  57.807 0.0000000000
40661  23.264  -16.382  58.591 0.0000000000
41582  22.546  -15.938  58.581 0.0000000000
41583  21.280  -15.344  58.461 0.0000000000
42309  20.491  -14.837  58.532 0.0000000000
40743  19.912  -16.927  52.536 0.0000000000
40730  19.473  -16.762  53.395 0.0000000000
40705  20.340  -16.506  54.997 0.0000000000
39927  17.652  -17.463  53.598 0.0000000000
40706  18.789  -16.350  54.949 0.0000000000
41625  19.848  -16.186  55.629 0.0000000000
41615  19.585  -15.813  56.452 0.0000000000
41600  19.347  -15.476  57.275 0.0000000000
42310  19.588  -14.557  58.696 0.0000000000
42311  18.873  -14.722  58.785 0.0000000000
41586  17.992  -16.180  58.912 0.0000000000
41587  17.194  -16.192  59.409 0.0000000000
40677  16.164  -17.419  57.843 0.0000000000
92558  16.628  -16.726  59.052 0.0000000000
40639  16.274  -16.236  60.470 0.0000000000
40640  15.687  -16.846  60.730 0.0000000000
39827  15.148  -17.564  60.814 0.0000000000
100913  14.307  -18.324  61.747 0.0000000000
39072  13.677  -18.526  62.161 0.0000000000
39055  13.013  -18.659  62.746 0.0000000000
84751  28.852  -18.277  48.785 0.0000000000
98277  29.024  -18.624  49.678 0.0000000000
39206  28.438  -19.042  50.528 0.0000000000
39218  26.765  -18.808  49.535 0.0000000000
39196  27.532  -19.113  50.985 0.0000000000
38448  28.533  -19.807  52.389 0.0000000000
87531  27.927  -19.796  53.006 0.0000000000
39164  28.544  -19.361  54.587 0.0000000000
39154  28.271  -18.852  55.416 0.0000000000
39166  26.234  -18.904  54.430 0.0000000000
39155  27.335  -18.726  55.375 0.0000000000
39884  28.233  -18.353  56.994 0.0000000000
39874  27.843  -18.012  57.672 0.0000000000
39862  27.705  -17.755  58.713 0.0000000000
41526  15.884  -15.844  65.632 0.0000000000
41522  16.516  -14.939  66.037 0.0000000000
48963  55.738  -5.254  28.945 0.0000000000
83330  52.275  -8.622  26.958 0.0000000000
82944  53.239  -8.685  29.021 0.0000000000
82001  54.562  -8.414  30.688 0.0000000000
81971  53.220  -9.422  30.654 0.0000000000
82000  54.327  -9.216  30.816 0.0000000000
81987  54.952  -8.705  31.102 0.0000000000
46002  42.967  -10.768  28.814 0.0000000000
99898  44.772  -10.770  30.265 0.0000000000
45972  44.027  -10.539  30.921 0.0000000000
90118  44.605  -10.709  30.926 0.0000000000
91766  45.918  -10.962  30.920 0.0000000000
45969  47.176  -10.630  31.810 0.0000000000
45961  48.590  -10.666  32.737 0.0000000000
45939  50.738  -10.687  33.665 0.0000000000
43451  44.598  -13.821  34.763 0.0000000000
43449  46.177  -13.567  34.219 0.0000000000
44358  46.946  -12.924  34.021 0.0000000000
42610  48.232  -13.552  36.388 0.0000000000
43447  48.307  -12.958  34.989 0.0000000000
44357  47.867  -12.534  34.269 0.0000000000
44355  49.753  -12.125  34.690 0.0000000000
45181  50.277  -11.378  34.142 0.0000000000
43365  35.307  -13.868  38.666 0.0000000000
84060  37.159  -14.178  39.144 0.0000000000
44307  36.010  -13.453  41.187 0.0000000000
44306  36.913  -13.685  41.323 0.0000000000
43349  38.554  -13.941  40.855 0.0000000000
43342  39.397  -14.059  41.836 0.0000000000
43325  40.645  -13.930  42.676 0.0000000000
43308  42.027  -13.550  43.321 0.0000000000
41673  36.239  -16.197  47.795 0.0000000000
42506  35.634  -13.937  44.376 0.0000000000
43296  36.336  -12.577  45.313 0.0000000000
44263  36.030  -11.598  45.006 0.0000000000
44154  38.011  -13.026  53.392 0.0000000000
44167  38.113  -13.096  52.445 0.0000000000
43188  38.386  -13.251  50.642 0.0000000000
45039  39.144  -11.887  50.709 0.0000000000
44207  38.208  -13.044  48.871 0.0000000000
44228  37.578  -12.298  47.212 0.0000000000
45071  37.290  -11.364  46.590 0.0000000000
45083  36.349  -10.698  45.184 0.0000000000
46629  37.033  -9.345  45.433 0.0000000000
45878  38.175  -9.892  45.109 0.0000000000
45877  39.068  -10.801  45.269 0.0000000000
86764  39.808  -9.655  47.402 0.0000000000
45868  40.412  -10.887  46.566 0.0000000000
88227  39.658  -11.656  45.005 0.0000000000
45092  41.533  -12.101  45.239 0.0000000000
52824  47.063  -2.198  18.869 0.0000000000
99159  49.497  -1.991  19.910 0.0000000000
51303  50.491  -2.495  20.017 0.0000000000
87414  52.428  -3.248  20.426 0.0000000000
51286  52.891  -3.458  21.093 0.0000000000
50508  52.467  -4.754  21.892 0.0000000000
51274  53.178  -3.890  22.894 0.0000000000
51278  54.567  -2.381  22.972 0.0000000000
85608  54.833  -1.941  24.579 0.0000000000
39081  28.152  -18.603  60.797 0.0000000000
39062  28.475  -19.041  61.029 0.0000000000
43322  43.447  -13.894  42.624 0.0000000000
43321  44.349  -13.865  42.673 0.0000000000
38454  29.875  -19.672  51.917 0.0000000000
39193  30.526  -19.399  51.593 0.0000000000
85255  22.068  -16.817  52.614 0.0000000000
40740  22.131  -17.028  51.730 0.0000000000
41560  21.643  -14.959  60.425 0.0000000000
85372  20.801  -14.548  60.309 0.0000000000
48248  51.271  -7.694  25.695 0.0000000000
45947  52.166  -10.033  33.532 0.0000000000
44375  41.206  -12.615  33.259 0.0000000000
43473  42.176  -12.994  33.197 0.0000000000
45106  34.770  -10.655  43.314 0.0000000000
45889  35.028  -9.929  43.560 0.0000000000
42374  37.107  -15.275  53.704 0.0000000000
42385  37.298  -15.295  52.888 0.0000000000
42373  37.362  -14.499  53.994 0.0000000000
48261  49.065  -7.272  24.884 0.0000000000
48260  49.822  -6.888  25.193 0.0000000000
52019  49.601  -2.247  17.980 0.0000000000
52003  50.114  -2.326  18.706 0.0000000000
101082  49.454  -2.219  18.641 0.0000000000
39145  29.613  -19.058  56.568 0.0000000000
42292  17.914  -14.320  60.509 0.0000000000
47509  46.370  -8.317  25.579 0.0000000000
47501  46.818  -8.788  26.076 0.0000000000
94736  46.209  -10.822  29.247 0.0000000000
94966  47.325  -10.840  30.320 0.0000000000
42593  42.236  -14.190  38.084 0.0000000000
42592  43.119  -14.281  38.182 0.0000000000
39790  12.479  -18.433  65.176 0.0000000000
43478  37.556  -13.489  33.180 0.0000000000
43458  37.209  -13.632  34.008 0.0000000000
85148  37.771  -13.480  34.812 0.0000000000
43363  38.094  -14.395  38.834 0.0000000000
43362  38.968  -14.081  38.418 0.0000000000
42566  39.498  -14.269  39.671 0.0000000000
42554  38.595  -14.229  39.961 0.0000000000
39171  33.578  -18.459  53.011 0.0000000000
39935  34.907  -17.979  52.699 0.0000000000
87646  32.768  -19.886  57.027 0.0000000000
39887  25.856  -17.476  56.788 0.0000000000
39876  25.762  -17.308  57.831 0.0000000000
100293  21.240  -16.535  55.679 0.0000000000
40687  22.145  -16.576  56.396 0.0000000000
40688  21.306  -16.278  56.249 0.0000000000
40709  16.621  -16.948  55.641 0.0000000000
40691  17.319  -16.600  56.406 0.0000000000
40675  17.346  -16.669  57.267 0.0000000000
39199  24.883  -18.370  51.782 0.0000000000
39198  25.801  -18.732  51.689 0.0000000000
39875  26.508  -17.525  57.468 0.0000000000
91216  14.958  -15.705  68.743 0.0000000000
41520  15.653  -15.475  68.414 0.0000000000
49731  54.812  -4.712  27.164 0.0000000000
48216  55.323  -7.289  30.331 0.0000000000
48211  55.705  -7.955  30.583 0.0000000000
81979  50.644  -9.797  28.853 0.0000000000
83418  51.500  -9.691  28.635 0.0000000000
92589  46.030  -12.395  32.945 0.0000000000
44384  46.382  -11.678  32.524 0.0000000000
45195  47.153  -11.369  32.750 0.0000000000
44370  47.474  -11.982  33.499 0.0000000000
42601  46.465  -13.716  36.670 0.0000000000
100977  47.058  -13.757  37.072 0.0000000000
44314  34.089  -12.935  39.948 0.0000000000
44280  38.592  -12.528  43.774 0.0000000000
40783  35.089  -17.490  47.948 0.0000000000
42447  37.489  -14.416  48.888 0.0000000000
90899  37.363  -14.445  48.179 0.0000000000
43254  37.611  -13.661  48.320 0.0000000000
87726  40.310  -10.459  49.514 0.0000000000
45841  39.082  -10.732  47.886 0.0000000000
45840  39.567  -9.821  47.197 0.0000000000
45849  38.974  -9.184  46.952 0.0000000000
46591  40.066  -10.048  48.211 0.0000000000
49771  50.012  -5.310  21.682 0.0000000000
50518  48.711  -4.844  20.843 0.0000000000
50531  49.176  -3.911  20.683 0.0000000000
50516  50.527  -4.746  21.067 0.0000000000
49738  53.547  -5.226  25.555 0.0000000000
50493  53.760  -4.308  25.365 0.0000000000
52015  54.685  -0.858  17.515 0.0000000000
52849  55.721  -0.214  17.176 0.0000000000
53616  56.166  -0.161  17.515 0.0000000000
51972  54.496  -1.213  21.302 0.0000000000
51966  54.901  -1.302  22.419 0.0000000000
39861  28.471  -18.089  58.513 0.0000000000
39118  29.208  -18.553  58.325 0.0000000000
41554  16.010  -15.893  61.567 0.0000000000
41553  16.366  -15.299  61.940 0.0000000000
41549  15.915  -15.977  62.225 0.0000000000
99768  16.186  -15.476  64.332 0.0000000000
41540  16.364  -15.382  63.624 0.0000000000
43052  17.083  -14.138  64.669 0.0000000000
42253  16.815  -14.442  65.294 0.0000000000
46009  44.170  -10.686  27.798 0.0000000000
42550  43.178  -14.651  40.433 0.0000000000
39034  10.665  -18.559  64.967 0.0000000000
39783  10.344  -18.133  66.640 0.0000000000
83968  9.858  -18.369  67.145 0.0000000000
39215  30.495  -18.240  49.312 0.0000000000
39182  31.202  -19.364  52.145 0.0000000000
39902  23.782  -17.473  55.276 0.0000000000
40716  22.061  -16.861  54.144 0.0000000000
40717  21.561  -16.769  54.611 0.0000000000
98945  21.680  -16.764  55.085 0.0000000000
85347  20.829  -16.632  54.382 0.0000000000
88913  24.172  -17.902  52.245 0.0000000000
39185  24.732  -18.354  52.771 0.0000000000
39925  23.419  -17.568  53.552 0.0000000000
39913  24.311  -17.860  54.671 0.0000000000
41558  22.982  -16.204  60.135 0.0000000000
48975  52.941  -6.961  26.211 0.0000000000
48241  53.543  -7.346  26.927 0.0000000000
97344  53.461  -8.185  28.281 0.0000000000
95061  51.568  -9.903  31.507 0.0000000000
82931  51.755  -9.698  32.246 0.0000000000
94587  52.938  -10.070  32.589 0.0000000000
45219  41.718  -11.246  31.283 0.0000000000
45209  42.227  -11.840  31.782 0.0000000000
44374  43.848  -13.263  32.988 0.0000000000
44387  43.584  -12.551  32.300 0.0000000000
86971  33.336  -11.780  41.132 0.0000000000
45124  34.557  -11.187  41.848 0.0000000000
45906  34.918  -10.816  42.347 0.0000000000
45888  35.858  -9.855  43.904 0.0000000000
45896  36.414  -10.118  43.517 0.0000000000
45105  37.233  -10.834  43.777 0.0000000000
40762  36.564  -16.921  50.944 0.0000000000
93641  36.440  -17.087  50.109 0.0000000000
41642  37.453  -15.253  51.372 0.0000000000
42412  37.682  -14.685  50.609 0.0000000000
49001  47.526  -6.477  23.560 0.0000000000
48998  49.652  -5.775  24.153 0.0000000000
49757  48.704  -5.808  23.092 0.0000000000
49763  49.358  -5.551  22.401 0.0000000000
100313  50.810  -5.345  23.134 0.0000000000
49755  50.383  -5.495  23.726 0.0000000000
48988  52.017  -6.170  24.818 0.0000000000
49739  52.661  -5.690  25.229 0.0000000000
52016  53.726  -1.565  17.874 0.0000000000
51315  53.041  -2.230  18.354 0.0000000000
86412  53.331  -1.391  18.717 0.0000000000
51990  52.354  -1.967  19.795 0.0000000000
38428  30.260  -19.631  54.261 0.0000000000
38417  29.821  -19.409  54.915 0.0000000000
38406  30.432  -19.554  56.426 0.0000000000
86474  30.806  -19.726  55.614 0.0000000000
93260  31.866  -19.907  57.051 0.0000000000
38394  31.444  -19.647  57.864 0.0000000000
42290  19.969  -13.972  60.359 0.0000000000
43095  19.069  -13.745  60.083 0.0000000000
43084  18.900  -13.418  61.568 0.0000000000
43065  19.698  -13.524  62.841 0.0000000000
43064  20.245  -13.860  62.866 0.0000000000
42277  17.393  -13.972  62.186 0.0000000000
89759  17.858  -13.487  63.347 0.0000000000
83069  49.177  -8.774  25.556 0.0000000000
83278  48.863  -9.897  26.452 0.0000000000
46775  46.386  -9.754  27.202 0.0000000000
97518  47.085  -9.658  26.956 0.0000000000
94520  47.745  -10.520  28.729 0.0000000000
96069  48.947  -9.885  28.838 0.0000000000
94745  49.051  -10.255  29.592 0.0000000000
95059  49.858  -10.345  30.039 0.0000000000
82676  49.045  -10.382  30.613 0.0000000000
81999  48.964  -10.344  31.703 0.0000000000
46746  49.505  -10.548  32.550 0.0000000000
43429  42.312  -13.714  35.719 0.0000000000
43428  42.986  -13.749  35.330 0.0000000000
89928  42.904  -13.776  36.028 0.0000000000
43403  44.142  -13.805  36.557 0.0000000000
42590  45.501  -14.058  37.848 0.0000000000
42563  44.626  -14.495  39.852 0.0000000000
42575  44.389  -14.533  38.984 0.0000000000
42548  45.556  -14.219  40.051 0.0000000000
42561  46.339  -14.147  39.469 0.0000000000
42560  47.097  -14.393  39.746 0.0000000000
84835  47.141  -14.132  38.987 0.0000000000
43311  34.739  -12.623  43.202 0.0000000000
43310  35.402  -12.730  43.854 0.0000000000
99710  46.439  -6.785  24.307 0.0000000000
47517  47.639  -8.162  25.173 0.0000000000
39808  13.652  -18.310  63.483 0.0000000000
39780  13.365  -17.796  66.175 0.0000000000
39779  14.268  -17.584  65.777 0.0000000000
40584  14.384  -16.666  67.514 0.0000000000
98263  13.581  -17.065  67.459 0.0000000000
93083  11.988  -18.159  65.814 0.0000000000
44390  40.377  -12.001  32.193 0.0000000000
90957  39.730  -12.440  32.564 0.0000000000
43477  38.514  -13.164  33.023 0.0000000000
90789  39.886  -12.850  33.669 0.0000000000
43456  39.855  -13.064  34.327 0.0000000000
43455  40.660  -13.258  34.540 0.0000000000
88511  40.130  -13.602  35.908 0.0000000000
100244  40.948  -13.825  36.607 0.0000000000
43361  39.799  -13.875  38.101 0.0000000000
43381  40.506  -13.871  37.843 0.0000000000
42578  41.097  -14.269  38.882 0.0000000000
100106  41.503  -14.361  39.164 0.0000000000
42564  41.219  -14.360  39.509 0.0000000000
85256  40.739  -14.557  40.693 0.0000000000
101138  42.083  -14.763  42.100 0.0000000000
43340  41.090  -14.587  42.099 0.0000000000
91792  32.806  -17.852  47.761 0.0000000000
39977  33.641  -17.846  49.088 0.0000000000
39213  31.978  -18.014  49.791 0.0000000000
39963  34.587  -17.906  50.307 0.0000000000
99730  35.269  -17.877  50.665 0.0000000000
39950  35.467  -17.851  51.362 0.0000000000
39934  35.452  -17.497  53.067 0.0000000000
40728  36.000  -17.021  53.547 0.0000000000
40727  36.575  -16.561  53.261 0.0000000000
40713  36.349  -16.415  54.010 0.0000000000
97431  31.223  -19.689  53.909 0.0000000000
38427  31.943  -19.874  54.686 0.0000000000
38413  33.347  -19.624  55.215 0.0000000000
38425  33.684  -19.336  54.441 0.0000000000
39152  33.853  -19.159  55.072 0.0000000000
92632  34.929  -17.196  57.357 0.0000000000
39882  34.594  -17.783  56.832 0.0000000000
40701  35.047  -17.222  55.569 0.0000000000
100971  36.087  -15.705  56.681 0.0000000000
41611  36.471  -15.290  56.260 0.0000000000
39849  27.460  -17.722  59.663 0.0000000000
39832  27.122  -17.852  60.499 0.0000000000
92368  25.180  -17.339  59.340 0.0000000000
88065  23.296  -17.061  55.745 0.0000000000
97477  24.416  -17.108  56.951 0.0000000000
88113  23.049  -16.831  56.513 0.0000000000
84053  22.483  -16.536  57.169 0.0000000000
40660  24.043  -16.734  58.566 0.0000000000
41597  22.170  -16.118  57.820 0.0000000000
84879  21.902  -15.711  58.300 0.0000000000
40718  19.946  -16.494  54.183 0.0000000000
40719  19.019  -16.513  54.171 0.0000000000
40721  17.121  -17.438  54.283 0.0000000000
40707  18.053  -16.396  55.285 0.0000000000
40720  18.031  -16.765  54.353 0.0000000000
99902  19.276  -16.279  55.322 0.0000000000
42325  19.143  -15.122  58.082 0.0000000000
42324  19.894  -15.049  57.866 0.0000000000
41585  18.568  -15.561  58.451 0.0000000000
41603  17.391  -16.679  58.132 0.0000000000
41574  17.881  -15.534  59.703 0.0000000000
40693  15.993  -17.142  57.176 0.0000000000
40664  16.104  -17.294  58.639 0.0000000000
40650  15.988  -17.011  59.396 0.0000000000
40649  16.546  -16.454  59.770 0.0000000000
93487  15.940  -16.748  60.047 0.0000000000
39838  15.410  -17.428  59.948 0.0000000000
39071  14.481  -18.221  61.007 0.0000000000
40632  15.111  -17.602  61.786 0.0000000000
88086  13.472  -18.674  61.224 0.0000000000
84219  12.902  -18.694  61.893 0.0000000000
39816  13.846  -18.315  62.830 0.0000000000
95148  28.367  -18.541  49.259 0.0000000000
95560  28.219  -18.718  49.806 0.0000000000
95173  26.067  -18.764  49.390 0.0000000000
85081  26.220  -18.707  48.782 0.0000000000
39197  26.709  -19.020  51.505 0.0000000000
38457  27.426  -19.436  51.714 0.0000000000
38456  28.255  -19.559  51.510 0.0000000000
83977  26.980  -19.406  53.834 0.0000000000
100510  27.525  -19.642  53.403 0.0000000000
39147  27.024  -18.226  56.045 0.0000000000
84106  27.721  -18.443  55.967 0.0000000000
39083  26.864  -17.964  61.021 0.0000000000
42288  21.345  -14.475  61.239 0.0000000000
90642  21.550  -14.594  62.053 0.0000000000
40595  14.901  -17.327  65.080 0.0000000000
40594  15.419  -16.653  65.281 0.0000000000
42244  16.388  -15.003  67.773 0.0000000000
42249  16.466  -14.953  67.068 0.0000000000
42243  16.923  -14.679  67.332 0.0000000000
42247  17.015  -14.537  66.892 0.0000000000
42242  17.275  -14.772  67.225 0.0000000000
49719  55.358  -4.861  28.194 0.0000000000
48949  56.200  -6.538  29.564 0.0000000000
82014  51.456  -8.744  26.740 0.0000000000
81983  52.595  -8.640  27.982 0.0000000000
82007  54.266  -8.241  29.716 0.0000000000
81968  52.972  -9.892  31.435 0.0000000000
81985  54.647  -9.254  30.939 0.0000000000
83692  55.169  -9.561  30.911 0.0000000000
84566  42.739  -10.535  29.518 0.0000000000
45993  44.598  -10.923  29.584 0.0000000000
45982  44.243  -10.667  30.494 0.0000000000
45973  43.502  -10.686  30.759 0.0000000000
45971  45.492  -11.039  31.289 0.0000000000
45981  45.026  -10.793  30.673 0.0000000000
45970  46.548  -11.108  31.781 0.0000000000
45963  47.172  -10.862  32.205 0.0000000000
45951  48.113  -10.651  32.808 0.0000000000
45950  48.952  -10.779  32.929 0.0000000000
45192  49.828  -10.949  33.322 0.0000000000
84902  43.762  -13.796  35.015 0.0000000000
88341  46.773  -13.527  34.717 0.0000000000
43422  49.403  -13.093  35.788 0.0000000000
43423  48.692  -13.270  35.700 0.0000000000
44356  48.816  -12.351  34.405 0.0000000000
43357  34.667  -13.658  39.339 0.0000000000
92310  35.953  -13.877  38.808 0.0000000000
43355  36.298  -13.982  39.394 0.0000000000
45134  35.617  -12.356  41.579 0.0000000000
44308  35.207  -12.984  40.991 0.0000000000
44301  36.298  -12.822  41.839 0.0000000000
44299  37.855  -13.484  42.395 0.0000000000
43344  37.787  -13.733  41.491 0.0000000000
43350  37.765  -13.932  40.553 0.0000000000
43343  38.574  -13.913  41.712 0.0000000000
43348  39.143  -14.130  41.176 0.0000000000
43309  41.084  -13.595  43.374 0.0000000000
40781  36.637  -16.276  48.455 0.0000000000
42472  36.779  -14.740  46.820 0.0000000000
41702  36.249  -15.459  46.716 0.0000000000
42492  36.011  -14.602  45.253 0.0000000000
43285  36.800  -13.128  45.854 0.0000000000
44245  36.694  -11.820  45.770 0.0000000000
99409  37.657  -13.523  54.380 0.0000000000
94038  37.930  -13.051  54.254 0.0000000000
44153  38.573  -12.347  53.016 0.0000000000
44180  38.245  -13.178  51.535 0.0000000000
44179  38.706  -12.529  51.144 0.0000000000
45048  39.606  -11.217  50.042 0.0000000000
87960  39.019  -11.936  49.911 0.0000000000
44206  38.718  -12.465  49.381 0.0000000000
44218  37.803  -12.647  48.013 0.0000000000
44217  38.509  -12.167  48.456 0.0000000000
45065  37.644  -10.566  46.733 0.0000000000
45059  37.967  -11.568  47.488 0.0000000000
90279  37.134  -10.279  46.363 0.0000000000
45072  36.849  -10.625  45.855 0.0000000000
45860  36.923  -9.677  45.966 0.0000000000
45871  36.614  -9.933  45.325 0.0000000000
46614  38.594  -9.736  46.544 0.0000000000
46622  38.174  -9.503  45.835 0.0000000000
45870  38.658  -10.137  45.726 0.0000000000
46603  41.127  -10.035  48.046 0.0000000000
88773  41.034  -10.102  47.806 0.0000000000
45858  41.093  -10.378  46.972 0.0000000000
45876  39.972  -11.369  45.696 0.0000000000
45082  40.999  -11.612  45.926 0.0000000000
45093  40.551  -11.985  45.158 0.0000000000
45081  42.068  -11.401  45.818 0.0000000000
49774  47.356  -5.278  21.605 0.0000000000
50520  46.928  -4.545  21.115 0.0000000000
51993  49.037  -1.777  20.083 0.0000000000
51981  49.664  -2.319  20.228 0.0000000000
50528  51.775  -3.780  20.372 0.0000000000
50504  52.071  -5.057  22.718 0.0000000000
51273  53.923  -3.232  23.412 0.0000000000
51279  53.995  -3.293  22.264 0.0000000000
51272  54.421  -2.397  24.071 0.0000000000
51266  54.420  -2.496  24.910 0.0000000000
51951  55.038  -2.486  26.163 0.0000000000
52031  52.674  -2.600  16.290 0.0000000000
52043  53.375  -2.234  15.414 0.0000000000
94215  28.780  -18.829  60.917 0.0000000000
41533  15.887  -16.158  63.931 0.0000000000
42526  43.961  -14.278  41.972 0.0000000000
39205  29.459  -18.987  50.512 0.0000000000
39204  30.487  -18.872  50.702 0.0000000000
95623  22.083  -16.833  53.484 0.0000000000
39953  22.710  -17.452  51.551 0.0000000000
97613  21.884  -15.351  59.778 0.0000000000
41559  22.388  -15.583  60.575 0.0000000000
48984  51.712  -6.953  25.175 0.0000000000
48247  52.198  -7.515  25.764 0.0000000000
81974  51.298  -9.895  32.778 0.0000000000
82985  52.847  -10.152  33.249 0.0000000000
43487  43.034  -13.153  32.733 0.0000000000
45107  34.348  -10.976  42.712 0.0000000000
45898  34.983  -10.341  42.915 0.0000000000
40738  36.775  -16.473  52.598 0.0000000000
41649  36.945  -16.060  51.197 0.0000000000
93922  37.548  -14.747  52.264 0.0000000000
49746  50.980  -5.735  24.201 0.0000000000
48990  50.292  -6.110  24.617 0.0000000000
52018  50.510  -2.355  17.706 0.0000000000
51316  52.294  -2.611  18.978 0.0000000000
99249  51.082  -2.624  19.702 0.0000000000
39163  29.166  -19.179  55.172 0.0000000000
42301  18.201  -14.571  59.820 0.0000000000
42291  18.444  -13.913  60.157 0.0000000000
43085  18.311  -13.819  61.039 0.0000000000
43075  18.192  -13.436  62.058 0.0000000000
43060  17.330  -13.912  63.910 0.0000000000
43059  18.006  -13.795  63.883 0.0000000000
82021  48.585  -9.234  25.817 0.0000000000
96560  47.726  -8.875  25.779 0.0000000000
82027  47.869  -10.022  26.973 0.0000000000
94450  47.766  -10.738  29.533 0.0000000000
94818  48.227  -10.583  30.225 0.0000000000
83113  47.955  -10.308  31.924 0.0000000000
43405  42.341  -13.764  36.556 0.0000000000
43404  43.265  -13.824  36.661 0.0000000000
48252  46.885  -7.861  25.167 0.0000000000
39039  12.755  -18.728  63.773 0.0000000000
39800  12.868  -18.497  64.606 0.0000000000
43457  38.919  -13.311  34.760 0.0000000000
89322  39.205  -13.334  35.753 0.0000000000
43383  38.439  -13.464  37.123 0.0000000000
84624  38.269  -13.876  37.960 0.0000000000
42580  39.659  -14.086  38.870 0.0000000000
42565  40.410  -14.223  39.371 0.0000000000
42552  40.100  -14.391  40.226 0.0000000000
42540  39.892  -14.593  41.128 0.0000000000
39237  32.037  -18.005  48.043 0.0000000000
39190  33.174  -18.261  51.265 0.0000000000
39951  33.999  -18.114  51.607 0.0000000000
88842  34.845  -18.076  51.910 0.0000000000
39921  35.244  -17.343  53.861 0.0000000000
38403  33.187  -19.822  56.166 0.0000000000
87894  33.815  -19.273  56.648 0.0000000000
40672  35.068  -17.066  58.032 0.0000000000
40671  35.419  -16.538  57.534 0.0000000000
97875  26.328  -17.537  59.175 0.0000000000
85568  20.992  -15.759  57.008 0.0000000000
40690  18.099  -16.341  56.154 0.0000000000
39107  14.143  -18.470  59.415 0.0000000000
39209  24.885  -18.628  50.051 0.0000000000
85899  25.874  -18.816  50.066 0.0000000000
39208  26.100  -18.807  50.936 0.0000000000
38450  26.959  -19.455  52.331 0.0000000000
38440  26.491  -19.481  53.063 0.0000000000
39912  25.056  -18.184  54.849 0.0000000000
39157  25.739  -18.489  54.917 0.0000000000
39899  26.304  -17.937  56.106 0.0000000000
95435  27.180  -17.735  57.269 0.0000000000
41524  15.269  -16.267  67.070 0.0000000000
40589  15.411  -16.480  66.132 0.0000000000
48957  55.417  -6.112  29.441 0.0000000000
83578  56.352  -8.171  30.106 0.0000000000
81990  56.156  -9.832  29.835 0.0000000000
82009  51.732  -9.264  27.630 0.0000000000
82008  52.726  -9.154  29.670 0.0000000000
82913  53.849  -10.277  31.399 0.0000000000
85501  42.877  -10.501  30.036 0.0000000000
45207  45.046  -11.501  32.032 0.0000000000
45216  44.623  -11.021  31.379 0.0000000000
45206  45.999  -11.333  32.041 0.0000000000
45194  48.000  -11.144  33.180 0.0000000000
43402  45.007  -13.764  36.334 0.0000000000
43426  45.236  -13.826  35.420 0.0000000000
43401  45.843  -13.720  36.097 0.0000000000
42612  46.539  -13.649  35.947 0.0000000000
44345  50.069  -12.590  35.579 0.0000000000
45122  36.548  -12.055  42.371 0.0000000000
44291  37.339  -12.429  42.732 0.0000000000
44289  39.088  -13.415  43.338 0.0000000000
44278  40.547  -13.187  44.096 0.0000000000
92306  36.881  -15.678  48.069 0.0000000000
42459  37.059  -14.941  47.717 0.0000000000
42491  36.692  -14.214  45.893 0.0000000000
89195  38.844  -11.926  54.991 0.0000000000
45003  39.219  -11.600  53.581 0.0000000000
45016  39.136  -11.692  52.590 0.0000000000
45832  39.344  -10.883  48.448 0.0000000000
45064  38.501  -10.694  47.164 0.0000000000
45851  37.788  -10.055  46.667 0.0000000000
46605  38.611  -9.763  46.543 0.0000000000
46613  39.104  -9.152  46.978 0.0000000000
50519  47.817  -4.769  20.844 0.0000000000
51293  48.726  -2.885  20.611 0.0000000000
51292  49.478  -2.918  20.580 0.0000000000
51291  50.268  -2.985  20.453 0.0000000000
50499  52.631  -4.558  24.211 0.0000000000
50498  53.384  -4.008  24.631 0.0000000000
51259  54.119  -3.340  25.280 0.0000000000
96862  54.119  -1.860  16.495 0.0000000000
52030  55.256  -1.058  16.488 0.0000000000
52802  53.654  -0.760  20.225 0.0000000000
52801  54.447  -0.398  20.707 0.0000000000
53587  55.867  -0.746  22.139 0.0000000000
39133  29.387  -18.855  57.445 0.0000000000
86042  29.808  -18.638  59.034 0.0000000000
41562  16.536  -15.552  61.080 0.0000000000
42278  16.796  -14.539  62.460 0.0000000000
42270  16.749  -14.448  63.346 0.0000000000
43030  17.535  -14.729  66.017 0.0000000000
46786  45.539  -9.625  26.679 0.0000000000
46008  45.696  -10.236  27.574 0.0000000000
46000  45.424  -10.944  29.084 0.0000000000
42576  43.431  -14.543  38.951 0.0000000000
91716  44.876  -14.358  40.584 0.0000000000
42536  44.427  -14.388  41.236 0.0000000000
42535  45.169  -14.293  41.188 0.0000000000
39033  11.603  -18.587  65.086 0.0000000000
39792  10.117  -18.204  65.720 0.0000000000
89324  36.689  -13.702  37.106 0.0000000000
90996  37.410  -14.033  38.290 0.0000000000
90530  30.906  -18.308  49.917 0.0000000000
94230  32.675  -18.611  51.784 0.0000000000
83916  15.821  -17.775  55.117 0.0000000000
39903  15.854  -17.347  55.961 0.0000000000
39937  24.139  -17.858  53.098 0.0000000000
39168  24.743  -18.424  54.121 0.0000000000
49732  54.222  -5.580  26.297 0.0000000000
48240  54.522  -6.751  27.484 0.0000000000
48228  54.819  -6.805  28.617 0.0000000000
48221  54.956  -6.861  29.526 0.0000000000
95463  54.790  -7.383  29.870 0.0000000000
94517  50.508  -10.189  29.579 0.0000000000
82870  51.839  -9.825  30.758 0.0000000000
83498  52.206  -9.693  31.593 0.0000000000
45218  42.771  -11.157  31.044 0.0000000000
45208  44.132  -11.647  31.889 0.0000000000
42588  48.145  -13.805  37.798 0.0000000000
44310  33.458  -12.035  40.485 0.0000000000
44309  34.432  -12.461  40.722 0.0000000000
45115  36.029  -11.048  42.360 0.0000000000
45905  35.391  -10.694  42.532 0.0000000000
45104  38.129  -11.541  44.121 0.0000000000
40773  35.978  -17.256  49.441 0.0000000000
40772  36.713  -16.566  49.309 0.0000000000
41648  37.222  -15.513  50.536 0.0000000000
41655  37.081  -15.709  49.724 0.0000000000
42428  37.642  -14.504  49.718 0.0000000000
96129  47.061  -5.609  22.330 0.0000000000
49765  47.730  -5.710  22.213 0.0000000000
49770  50.969  -5.218  21.746 0.0000000000
49744  52.240  -5.315  24.556 0.0000000000
51343  52.246  -2.829  17.191 0.0000000000
51342  52.898  -2.741  16.968 0.0000000000
51341  53.422  -2.318  17.262 0.0000000000
52836  54.949  -0.231  18.045 0.0000000000
53618  55.246  0.077  18.739 0.0000000000
52822  53.417  -0.863  19.353 0.0000000000
52809  53.669  -0.577  19.825 0.0000000000
51980  53.112  -1.491  20.378 0.0000000000
38447  29.497  -19.756  52.646 0.0000000000
84935  31.097  -19.790  54.814 0.0000000000
39116  30.679  -19.367  57.938 0.0000000000
100890  31.077  -19.443  58.544 0.0000000000
38383  31.730  -19.695  58.786 0.0000000000
42289  20.262  -13.703  61.534 0.0000000000
43072  20.387  -13.714  62.428 0.0000000000
43066  18.421  -13.246  62.974 0.0000000000
99450  18.414  -13.448  63.431 0.0000000000
48250  49.533  -7.752  25.458 0.0000000000
96156  50.637  -8.084  26.031 0.0000000000
82015  49.945  -8.334  26.100 0.0000000000
83259  49.999  -8.895  26.910 0.0000000000
98890  48.963  -9.404  25.907 0.0000000000
82013  49.950  -9.157  27.713 0.0000000000
100905  50.014  -9.440  28.356 0.0000000000
92615  46.493  -9.326  26.581 0.0000000000
82018  47.861  -10.163  27.834 0.0000000000
83202  50.551  -10.250  32.582 0.0000000000
45948  51.129  -10.287  33.432 0.0000000000
84017  42.205  -13.584  34.062 0.0000000000
42574  45.254  -14.295  38.665 0.0000000000
42562  45.709  -14.177  39.226 0.0000000000
96311  46.950  -13.933  38.244 0.0000000000
42572  47.671  -13.941  38.370 0.0000000000
44281  34.983  -11.494  43.579 0.0000000000
42346  37.250  -13.958  55.386 0.0000000000
42360  37.387  -13.955  54.530 0.0000000000
43145  37.826  -13.423  55.954 0.0000000000
49766  46.499  -5.710  22.901 0.0000000000
48269  47.874  -7.006  24.159 0.0000000000
52839  48.049  -2.125  17.761 0.0000000000
39807  14.351  -17.846  63.211 0.0000000000
40612  14.929  -17.408  63.704 0.0000000000
40590  14.711  -16.930  66.480 0.0000000000
39781  12.509  -17.863  66.471 0.0000000000
40586  12.919  -17.201  67.890 0.0000000000
40580  13.661  -16.447  69.111 0.0000000000
86696  40.991  -12.172  32.688 0.0000000000
43454  41.489  -13.532  34.678 0.0000000000
43430  41.597  -13.686  35.440 0.0000000000
94167  41.476  -13.778  36.636 0.0000000000
43380  41.850  -13.894  37.325 0.0000000000
43408  39.435  -13.559  36.671 0.0000000000
42594  41.273  -14.024  38.071 0.0000000000
86049  41.952  -14.420  39.505 0.0000000000
42551  42.274  -14.517  40.358 0.0000000000
42538  42.615  -14.607  41.211 0.0000000000
85945  33.451  -17.764  47.507 0.0000000000
87087  34.403  -17.857  48.527 0.0000000000
39224  31.810  -17.937  48.807 0.0000000000
39202  32.957  -17.977  50.403 0.0000000000
39976  34.532  -17.890  49.440 0.0000000000
39962  35.959  -17.550  50.660 0.0000000000
93776  36.752  -16.004  53.678 0.0000000000
38445  31.108  -19.575  52.980 0.0000000000
95163  31.690  -19.475  53.381 0.0000000000
39172  32.230  -19.121  53.315 0.0000000000
39162  32.967  -18.957  53.716 0.0000000000
39161  34.165  -18.921  53.725 0.0000000000
39883  34.184  -18.511  56.281 0.0000000000
39898  34.168  -18.522  55.439 0.0000000000
92130  34.569  -17.919  54.066 0.0000000000
39910  35.149  -17.340  54.703 0.0000000000
98405  35.510  -16.688  55.966 0.0000000000
41632  36.243  -16.256  54.854 0.0000000000
41623  36.630  -15.532  55.306 0.0000000000
39833  26.390  -17.741  60.667 0.0000000000
39834  25.580  -17.685  60.833 0.0000000000
40673  24.390  -16.825  57.692 0.0000000000
40648  23.607  -16.664  59.608 0.0000000000
41573  21.901  -15.457  58.967 0.0000000000
88401  20.518  -16.914  52.021 0.0000000000
40742  20.758  -16.727  52.593 0.0000000000
84275  20.530  -16.639  53.400 0.0000000000
84827  19.529  -16.380  54.873 0.0000000000
41599  20.150  -15.519  57.104 0.0000000000
100723  19.105  -14.208  59.015 0.0000000000
42312  18.351  -14.986  59.153 0.0000000000
41575  17.034  -15.675  60.183 0.0000000000
40663  16.751  -17.005  58.350 0.0000000000
100033  15.435  -17.188  61.227 0.0000000000
39815  14.430  -18.040  62.452 0.0000000000
39216  29.773  -18.193  48.961 0.0000000000
95720  29.016  -19.452  51.081 0.0000000000
39195  27.569  -18.840  50.138 0.0000000000
38438  28.703  -19.749  53.219 0.0000000000
38430  28.817  -19.605  53.926 0.0000000000
39173  28.018  -19.548  53.798 0.0000000000
39146  28.288  -18.520  56.296 0.0000000000
96706  25.999  -19.199  53.691 0.0000000000
85348  26.936  -18.908  54.694 0.0000000000
39848  28.275  -17.896  59.497 0.0000000000
40602  15.391  -16.915  64.374 0.0000000000
96331  15.824  -16.051  64.760 0.0000000000
41523  15.909  -15.670  66.591 0.0000000000
88468  16.911  -14.422  66.016 0.0000000000
43031  17.230  -14.431  66.149 0.0000000000
95093  51.199  -8.287  26.215 0.0000000000
101007  53.849  -8.293  28.902 0.0000000000
81984  54.916  -7.668  30.568 0.0000000000
81970  52.243  -9.532  30.169 0.0000000000
83786  54.820  -8.453  30.954 0.0000000000
84107  55.511  -8.810  30.867 0.0000000000
46010  43.318  -10.630  27.897 0.0000000000
46001  43.909  -10.966  28.652 0.0000000000
85368  45.457  -10.818  30.025 0.0000000000
45983  43.556  -10.633  30.483 0.0000000000
45980  46.824  -10.870  31.222 0.0000000000
83423  47.731  -10.663  32.540 0.0000000000
45960  49.604  -10.633  32.798 0.0000000000
45949  50.259  -10.553  33.131 0.0000000000
43471  43.966  -13.697  34.003 0.0000000000
95517  44.823  -13.727  34.045 0.0000000000
43450  45.413  -13.806  34.529 0.0000000000
43470  45.444  -13.449  33.754 0.0000000000
43469  46.128  -12.967  33.501 0.0000000000
42600  47.788  -13.711  37.081 0.0000000000
90528  47.825  -13.398  35.626 0.0000000000
43400  49.106  -13.414  36.372 0.0000000000
43448  47.467  -13.226  34.828 0.0000000000
45182  49.328  -11.644  33.840 0.0000000000
45938  51.359  -10.489  33.837 0.0000000000
43385  36.056  -13.872  37.990 0.0000000000
43364  36.615  -13.957  38.566 0.0000000000
43354  37.783  -14.268  39.658 0.0000000000
44312  35.729  -13.819  40.318 0.0000000000
43351  36.796  -14.016  40.232 0.0000000000
43341  40.226  -14.263  41.972 0.0000000000
43326  39.711  -13.865  42.628 0.0000000000
43324  41.576  -14.036  42.696 0.0000000000
40794  35.546  -16.738  47.468 0.0000000000
41688  35.841  -15.972  47.096 0.0000000000
43286  36.317  -13.579  45.182 0.0000000000
43297  35.913  -12.694  44.665 0.0000000000
43166  37.630  -13.778  53.792 0.0000000000
92663  37.749  -13.844  52.835 0.0000000000
43177  37.810  -13.844  51.912 0.0000000000
43189  37.964  -13.895  51.040 0.0000000000
45028  39.134  -11.789  51.643 0.0000000000
45038  39.752  -11.224  51.167 0.0000000000
44193  38.744  -12.574  50.257 0.0000000000
43202  38.422  -13.238  49.752 0.0000000000
45096  35.703  -10.490  44.582 0.0000000000
91162  36.022  -9.997  44.852 0.0000000000
45880  36.425  -9.923  44.742 0.0000000000
46623  37.596  -9.156  45.762 0.0000000000
46628  37.661  -9.334  45.364 0.0000000000
45879  37.265  -9.701  44.933 0.0000000000
45095  38.485  -11.105  44.787 0.0000000000
98756  39.095  -11.398  44.881 0.0000000000
46620  40.069  -9.980  46.974 0.0000000000
46611  41.580  -10.010  47.566 0.0000000000
97530  40.489  -10.512  46.899 0.0000000000
45869  39.359  -10.693  46.200 0.0000000000
44262  40.036  -12.527  44.668 0.0000000000
44261  41.055  -12.556  44.570 0.0000000000
44260  42.019  -12.585  44.562 0.0000000000
52823  47.844  -2.013  18.834 0.0000000000
52810  48.471  -1.756  19.582 0.0000000000
52004  49.330  -2.049  19.367 0.0000000000
51992  49.969  -2.247  19.622 0.0000000000
51290  51.125  -2.980  20.131 0.0000000000
99075  51.947  -3.016  19.771 0.0000000000
51974  52.947  -2.467  20.696 0.0000000000
51285  53.677  -3.073  21.392 0.0000000000
50509  51.896  -5.116  21.748 0.0000000000
50503  52.565  -4.498  23.373 0.0000000000
86567  52.674  -4.496  22.527 0.0000000000
51280  53.038  -3.946  21.840 0.0000000000
51284  54.445  -2.376  21.808 0.0000000000
51957  55.034  -2.040  25.330 0.0000000000
42248  16.871  -14.565  66.552 0.0000000000
42429  37.301  -15.077  49.286 0.0000000000
43028  17.358  -14.659  66.585 0.0000000000
43040  17.416  -14.392  65.498 0.0000000000
46612  40.659  -10.161  47.393 0.0000000000
46616  37.257  -9.224  46.033 0.0000000000
