#Insight Transform File V1.0
#Transform 0
Transform: AffineTransform_float_3_3
Parameters: 0.999999 0.000697103 0.000672643 -0.000697425 1 0.000985131 -0.000671286 -0.000985095 1 -0.070953 -0.0190785 -0.00556763
FixedParameters: 0 0 0

#Transform 1
Transform: AffineTransform_float_3_3
Parameters: 1 0.000746724 0.000803292 -0.000746831 0.999999 0.00066822 -0.000803342 -0.00066935 1 -0.0830554 -0.0257235 -0.0556383
FixedParameters: 0 0 0

#Transform 2
Transform: AffineTransform_float_3_3
Parameters: 0.999999 0.000749044 0.00100033 -0.000750026 0.999999 0.00100093 -0.000998887 -0.00100145 0.999999 -0.08153 0.00150508 -0.0373873
FixedParameters: 0 0 0

#Transform 3
Transform: AffineTransform_float_3_3
Parameters: 1 0.000556887 0.00100885 -0.000558112 0.999999 0.001102 -0.00100767 -0.00110314 0.999999 -0.0788694 -0.042038 -0.0776977
FixedParameters: 0 0 0

#Transform 4
Transform: AffineTransform_float_3_3
Parameters: 1 0.000491881 0.000446737 -0.000492547 0.999999 0.000745801 -0.000446003 -0.00074624 0.999999 -0.0445432 -0.0142336 -0.053489
FixedParameters: 0 0 0

#Transform 5
Transform: AffineTransform_float_3_3
Parameters: 1 0.000754677 0.000931692 -0.000754756 0.999999 0.000600415 -0.000930848 -0.000600748 1 -0.0821669 -0.01157 -0.034445
FixedParameters: 0 0 0

#Transform 6
Transform: AffineTransform_float_3_3
Parameters: 1 0.000324718 0.000457912 -0.000325129 1 0.00044921 -0.00045762 -0.000449507 1 -0.0397103 -0.0327584 -0.080783
FixedParameters: 0 0 0

#Transform 7
Transform: AffineTransform_float_3_3
Parameters: 1 0.000293316 0.000460159 -0.000293666 1 0.000379533 -0.000459936 -0.000379803 1 -0.0318481 -0.0148338 -0.045944
FixedParameters: 0 0 0

#Transform 8
Transform: AffineTransform_float_3_3
Parameters: 1 0.000326334 0.000458532 -0.00032668 1 0.000377229 -0.000458286 -0.000377529 1 -0.0290383 -0.0241999 -0.0455546
FixedParameters: 0 0 0

#Transform 9
Transform: AffineTransform_float_3_3
Parameters: 1 0.000314454 0.000621629 -0.000314736 1 0.000244336 -0.000621487 -0.000243733 1 -0.0380756 -0.0179904 -0.0574911
FixedParameters: 0 0 0

#Transform 10
Transform: AffineTransform_float_3_3
Parameters: 1 0.000299911 0.000387819 -0.000300177 1 0.000371045 -0.000387608 -0.000370283 1 -0.0277697 -0.0200901 -0.061801
FixedParameters: 0 0 0

#Transform 11
Transform: AffineTransform_float_3_3
Parameters: 1 -0.000101265 0.000486194 0.000101502 1 -0.000242913 -0.000486145 0.000243011 1 -0.0266077 0.020071 -0.0520918
FixedParameters: 0 0 0

#Transform 12
Transform: AffineTransform_float_3_3
Parameters: 1 0.000308458 0.000294172 -0.00030832 1 -0.000235747 -0.000294318 0.000235566 1 -0.0200501 0.00467103 -0.0519685
FixedParameters: 0 0 0

#Transform 13
Transform: AffineTransform_float_3_3
Parameters: 1 -8.57575e-05 0.000483844 8.48449e-05 1 -8.85337e-05 -0.000483779 8.86387e-05 1 -0.0320341 0.00763485 -0.0651179
FixedParameters: 0 0 0

#Transform 14
Transform: AffineTransform_float_3_3
Parameters: 1 0.000302627 0.000509359 -0.00030316 1 0.000523199 -0.000509042 -0.000523508 0.999999 -0.032062 0.0113803 -0.0466187
FixedParameters: 0 0 0

#Transform 15
Transform: AffineTransform_float_3_3
Parameters: 1 0.000292052 0.000455331 -0.000292854 0.999999 0.000880608 -0.000454816 -0.000880874 0.999999 -0.0364492 -0.0472305 -0.0406826
FixedParameters: 0 0 0

#Transform 16
Transform: AffineTransform_float_3_3
Parameters: 1 -0.000144246 4.30395e-05 0.000144115 0.999999 0.00130759 -4.33725e-05 -0.00130758 0.999999 -0.000212637 -0.042787 0.0575794
FixedParameters: 0 0 0

#Transform 17
Transform: AffineTransform_float_3_3
Parameters: 1 -0.000144246 4.30395e-05 0.000144115 0.999999 0.00130759 -4.33725e-05 -0.00130758 0.999999 -0.000467065 -0.0587538 0.0395062
FixedParameters: 0 0 0

#Transform 18
Transform: AffineTransform_float_3_3
Parameters: 1 -0.000143739 4.32486e-05 0.00014361 0.999999 0.0012846 -4.35737e-05 -0.00128458 0.999999 -0.00196952 -0.0451818 -0.0230337
FixedParameters: 0 0 0

#Transform 19
Transform: AffineTransform_float_3_3
Parameters: 1 -0.000136392 4.62519e-05 0.000136304 0.999999 0.000951688 -4.65114e-05 -0.000951675 0.999999 -0.00228297 -0.0470126 -0.0379911
FixedParameters: 0 0 0

#Transform 20
Transform: AffineTransform_float_3_3
Parameters: 1 -0.000118403 5.36446e-05 0.000118388 1 0.000135918 -5.36768e-05 -0.000135906 1 -0.0022206 -0.00903443 -0.0196055
FixedParameters: 0 0 0

#Transform 21
Transform: AffineTransform_float_3_3
Parameters: 1 -0.00011902 5.33914e-05 0.000119003 1 0.000163911 -5.34304e-05 -0.000163898 1 -0.00231032 0.000336733 -0.0198333
FixedParameters: 0 0 0

#Transform 22
Transform: AffineTransform_float_3_3
Parameters: 1 -0.000122583 -2.53425e-05 0.00012259 1 0.000145115 2.53069e-05 -0.000145121 1 0.00212574 -0.0073828 -0.0190848
FixedParameters: 0 0 0

#Transform 23
Transform: AffineTransform_float_3_3
Parameters: 1 -3.02848e-05 5.20505e-05 3.02999e-05 1 -0.000145242 -5.20417e-05 0.000145245 1 -0.00301615 -0.0183061 -0.0333555
FixedParameters: 0 0 0

#Transform 24
Transform: AffineTransform_float_3_3
Parameters: 1 -1.97101e-05 6.04552e-05 1.9817e-05 1 -0.00103219 -6.03704e-05 0.00103219 1 -0.00273931 0.0354283 -0.0035796
FixedParameters: 0 0 0

#Transform 25
Transform: AffineTransform_float_3_3
Parameters: 1 -9.7068e-05 6.23673e-05 9.71715e-05 0.999999 -0.000830809 -6.22059e-05 0.000830821 0.999999 -0.00271953 0.025897 -0.0279095
FixedParameters: 0 0 0

#Transform 26
Transform: AffineTransform_float_3_3
Parameters: 1 -0.000324778 7.73448e-05 0.000324937 1 -0.00114976 -7.65538e-05 0.00114981 1 -0.00108123 0.0202206 -0.0298058
FixedParameters: 0 0 0

#Transform 27
Transform: AffineTransform_float_3_3
Parameters: 1 -9.01458e-05 6.52129e-05 9.02769e-05 1 -0.00114472 -6.49623e-05 0.00114473 1 -0.0025779 0.0250461 -0.021839
FixedParameters: 0 0 0

#Transform 28
Transform: AffineTransform_float_3_3
Parameters: 1 -0.000279482 0.000253221 0.000279094 0.999999 -0.00134019 -0.000253376 0.00134034 0.999999 -0.0110803 0.0290408 -0.0329599
FixedParameters: 0 0 0

#Transform 29
Transform: AffineTransform_float_3_3
Parameters: 1 -0.000628867 9.95687e-05 0.000629129 0.999998 -0.0017634 -9.82601e-05 0.00176351 0.999999 0.000925339 0.0505977 -0.0224232
FixedParameters: 0 0 0

#Transform 30
Transform: AffineTransform_float_3_3
Parameters: 1 -0.00038388 8.64357e-05 0.00038409 0.999999 -0.00173019 -8.60597e-05 0.00173015 0.999998 0.000104495 0.0347884 0.0100344
FixedParameters: 0 0 0

#Transform 31
Transform: AffineTransform_float_3_3
Parameters: 1 -0.000398142 8.51569e-05 0.000398335 0.999998 -0.00153641 -8.48869e-05 0.00153647 0.999999 -0.00798931 0.0560308 -0.0032511
FixedParameters: 0 0 0

#Transform 32
Transform: AffineTransform_float_3_3
Parameters: 1 -0.000624465 0.00010146 0.000624774 0.999998 -0.00196234 -9.99186e-05 0.00196246 0.999998 0.000931851 0.0626472 -0.0167158
FixedParameters: 0 0 0

#Transform 33
Transform: AffineTransform_float_3_3
Parameters: 1 -0.00042889 8.63821e-05 0.00042908 0.999999 -0.00150106 -8.6048e-05 0.00150113 0.999999 -6.65576e-05 0.0381305 -0.00869075
FixedParameters: 0 0 0

#Transform 34
Transform: AffineTransform_float_3_3
Parameters: 1 -0.000265701 0.000297159 0.000266628 0.999998 -0.00159158 -0.000296268 0.00159174 0.999998 -0.0175535 0.0689201 -0.00921435
FixedParameters: 0 0 0

#Transform 35
Transform: AffineTransform_float_3_3
Parameters: 1 -2.98472e-05 0.000274885 3.05943e-05 0.999999 -0.0013916 -0.000274756 0.00139161 0.999999 -0.0228311 0.0583552 -0.0130869
FixedParameters: 0 0 0

#Transform 36
Transform: AffineTransform_float_3_3
Parameters: 1 -0.000588671 0.000352867 0.000588586 0.999999 -0.00139198 -0.000352132 0.00139241 0.999999 -0.0224413 0.0287399 -0.052399
FixedParameters: 0 0 0

#Transform 37
Transform: AffineTransform_float_3_3
Parameters: 1 -0.000122137 0.00067513 0.000123456 0.999999 -0.000990823 -0.000674833 0.000990095 1 -0.0598667 0.0600777 -0.0774695
FixedParameters: 0 0 0

#Transform 38
Transform: AffineTransform_float_3_3
Parameters: 1 -0.000114039 0.000576625 0.000115849 0.999998 -0.00158577 -0.000576217 0.0015859 0.999998 -0.0527511 0.0625242 -0.0780604
FixedParameters: 0 0 0

#Transform 39
Transform: AffineTransform_float_3_3
Parameters: 1 0.000362991 0.000470649 -0.000362473 0.999998 -0.00157642 -0.0004707 0.00157611 0.999998 -0.0495515 0.0574605 -0.079304
FixedParameters: 0 0 0

#Transform 40
Transform: AffineTransform_float_3_3
Parameters: 1 -0.00014518 0.00022279 0.000145626 0.999999 -0.00100246 -0.000222498 0.00100253 0.999999 -0.0397067 0.00187382 -0.0737027
FixedParameters: 0 0 0

#Transform 41
Transform: AffineTransform_float_3_3
Parameters: 1 -0.000137442 7.0535e-05 0.000137667 0.999998 -0.00172387 -7.00168e-05 0.00172389 0.999998 -0.0131636 0.0238486 -0.0511598
FixedParameters: 0 0 0

#Transform 42
Transform: AffineTransform_float_3_3
Parameters: 1 -0.000125126 0.000492981 0.000126371 0.999999 -0.00128067 -0.000492615 0.00128079 0.999999 -0.0438401 0.0248677 -0.0511621
FixedParameters: 0 0 0

#Transform 43
Transform: AffineTransform_float_3_3
Parameters: 1 0.000173687 2.19965e-05 -0.000173585 0.999998 -0.00159243 -2.15078e-05 0.00159243 0.999998 -0.0335283 0.052921 -0.0798897
FixedParameters: 0 0 0

#Transform 44
Transform: AffineTransform_float_3_3
Parameters: 1 0.000161581 0.000307424 -0.000161529 0.999998 -0.00173218 -0.000307847 0.0017322 0.999999 -0.0191247 0.0381427 -0.073166
FixedParameters: 0 0 0

#Transform 45
Transform: AffineTransform_float_3_3
Parameters: 1 0.000175037 0.000438865 -0.000174287 0.999998 -0.00203188 -0.000439437 0.00203175 0.999998 -0.0258703 0.0629508 -0.0511762
FixedParameters: 0 0 0

#Transform 46
Transform: AffineTransform_float_3_3
Parameters: 1 -0.000163032 4.03631e-05 0.000163149 0.999998 -0.0016787 -3.97715e-05 0.00167871 0.999998 -0.0192803 0.0449667 -0.0698557
FixedParameters: 0 0 0

#Transform 47
Transform: AffineTransform_float_3_3
Parameters: 1 -0.000103551 3.56845e-05 0.000103641 0.999999 -0.00152239 -3.5325e-05 0.0015224 0.999999 -0.012234 0.0404654 -0.041584
FixedParameters: 0 0 0

#Transform 48
Transform: AffineTransform_float_3_3
Parameters: 1 -0.000170169 0.000311192 0.000169969 0.999999 -0.0013923 -0.000311622 0.00139242 0.999999 -0.0278058 0.0338519 -0.0423908
FixedParameters: 0 0 0

#Transform 49
Transform: AffineTransform_float_3_3
Parameters: 1 -0.000150494 0.000227062 0.000151108 0.999999 -0.00139265 -0.000226598 0.00139272 0.999999 -0.0206149 0.0275222 -0.0414573
FixedParameters: 0 0 0

#Transform 50
Transform: AffineTransform_float_3_3
Parameters: 1 0.000156047 0.000213282 -0.000155337 0.999998 -0.00170418 -0.000213768 0.00170412 0.999998 -0.0218374 0.0461309 -0.0292876
FixedParameters: 0 0 0

#Transform 51
Transform: AffineTransform_float_3_3
Parameters: 1 0.000157318 0.000299867 -0.000157401 0.999999 -0.00155533 -0.000300262 0.00155526 0.999998 -0.0307655 0.0507354 -0.0208649
FixedParameters: 0 0 0

#Transform 52
Transform: AffineTransform_float_3_3
Parameters: 1 -3.54984e-05 0.000277586 3.50564e-05 1 -0.00103457 -0.000277419 0.00103461 1 -0.0267069 0.00112697 -0.0371588
FixedParameters: 0 0 0

#Transform 53
Transform: AffineTransform_float_3_3
Parameters: 1 -0.000303559 4.73529e-05 0.000303696 0.999998 -0.00164771 -4.63083e-05 0.00164774 0.999998 -0.00758737 0.0250029 0.0013921
FixedParameters: 0 0 0

#Transform 54
Transform: AffineTransform_float_3_3
Parameters: 1 -0.000296017 0.00023222 0.000296669 0.999999 -0.00155082 -0.000232255 0.00155095 0.999999 -0.024035 0.0125223 0.00195446
FixedParameters: 0 0 0

#Transform 55
Transform: AffineTransform_float_3_3
Parameters: 1 -0.000311942 4.38584e-05 0.000312034 0.999999 -0.00126782 -4.30233e-05 0.00126785 0.999999 -0.0148842 0.00205871 -0.0429609
FixedParameters: 0 0 0

#Transform 56
Transform: AffineTransform_float_3_3
Parameters: 1 -1.35137e-05 -4.38472e-05 1.33073e-05 0.999998 -0.00194324 4.39873e-05 0.00194323 0.999998 -0.0102268 0.0154435 -0.0203351
FixedParameters: 0 0 0

#Transform 57
Transform: AffineTransform_float_3_3
Parameters: 1 2.94581e-05 3.47727e-05 -2.93463e-05 0.999998 -0.00211864 -3.48093e-05 0.00211864 0.999998 -0.0196625 0.0322128 -0.00180547
FixedParameters: 0 0 0

#Transform 58
Transform: AffineTransform_float_3_3
Parameters: 1 -0.000322634 -0.000371847 0.00032227 0.999999 -0.00178105 0.000373034 0.00178079 0.999999 0.00984119 0.0417325 -0.0131612
FixedParameters: 0 0 0

#Transform 59
Transform: AffineTransform_float_3_3
Parameters: 1 -0.000156949 0.000275876 0.000157776 0.999999 -0.00153139 -0.00027535 0.00153148 0.999999 -0.0259814 0.0267534 -0.0279191
FixedParameters: 0 0 0

#Transform 60
Transform: AffineTransform_float_3_3
Parameters: 1 1.58274e-05 -0.000389561 -1.62466e-05 0.999999 -0.00177363 0.000389542 0.00177362 0.999999 0.00380993 0.00768596 -0.0258765
FixedParameters: 0 0 0

#Transform 61
Transform: AffineTransform_float_3_3
Parameters: 1 -8.90057e-05 -0.000384075 8.86036e-05 0.999999 -0.00177593 0.000384428 0.00177584 0.999999 -0.00673851 -0.00778002 0.0320334
FixedParameters: 0 0 0

#Transform 62
Transform: AffineTransform_float_3_3
Parameters: 1 -0.00032844 -0.000312816 0.000328518 0.999999 -0.00136152 0.000312707 0.00136128 0.999999 -0.00891964 0.0173622 0.0190439
FixedParameters: 0 0 0

#Transform 63
Transform: AffineTransform_float_3_3
Parameters: 1 -0.00037301 -0.000984369 0.000372301 0.999999 -0.000887563 0.000984969 0.000887902 0.999999 0.0440311 -0.0040238 0.016022
FixedParameters: 0 0 0

#Transform 64
Transform: AffineTransform_float_3_3
Parameters: 1 -0.000502396 -0.000773928 0.000501616 1 -0.00112967 0.000774003 0.00112986 0.999999 0.0286948 -0.0338348 0.0492633
FixedParameters: 0 0 0

#Transform 65
Transform: AffineTransform_float_3_3
Parameters: 1 -0.000350167 -0.000596541 0.000349921 1 -0.00102754 0.000597254 0.0010271 1 0.0162218 -0.0609268 0.00952991
FixedParameters: 0 0 0

#Transform 66
Transform: AffineTransform_float_3_3
Parameters: 0.999999 -0.000367071 -0.000961214 0.000365897 1 -0.00112032 0.000962029 0.00111959 0.999999 0.0459658 -0.0608861 0.00247451
FixedParameters: 0 0 0

#Transform 67
Transform: AffineTransform_float_3_3
Parameters: 0.999999 -0.000546764 -0.000443828 0.000546345 0.999998 -0.00154168 0.000444498 0.00154216 0.999998 0.0159613 -0.0358693 0.0101256
FixedParameters: 0 0 0

#Transform 68
Transform: AffineTransform_float_3_3
Parameters: 0.999999 -0.000796244 -0.000581423 0.000795671 0.999999 -0.000493304 0.000582207 0.000492377 0.999999 0.0241484 -0.078581 0.0399514
FixedParameters: 0 0 0

#Transform 69
Transform: AffineTransform_float_3_3
Parameters: 1 -0.00049688 -0.000186752 0.000496471 1 -0.000905995 0.000186655 0.000905702 0.999999 0.00371574 -0.0616402 0.0707399
FixedParameters: 0 0 0

#Transform 70
Transform: AffineTransform_float_3_3
Parameters: 0.999999 -0.000650638 -0.000298403 0.000650044 1 -0.000963442 0.0002997 0.000963054 1 0.0109411 -0.0621615 0.0776235
FixedParameters: 0 0 0

#Transform 71
Transform: AffineTransform_float_3_3
Parameters: 0.999999 -0.000180936 -0.000976424 0.000180831 1 -0.000565988 0.000976621 0.000565713 1 0.0402018 -0.0716175 0.00312931
FixedParameters: 0 0 0

#Transform 72
Transform: AffineTransform_float_3_3
Parameters: 1 -0.000197941 -0.000973663 0.00019749 0.999999 -0.000754403 0.00097391 0.000754096 0.999999 0.0424134 -0.0709911 0.0336011
FixedParameters: 0 0 0

#Transform 73
Transform: AffineTransform_float_3_3
Parameters: 1 -0.000611569 -0.000951556 0.000609958 1 -0.00084675 0.000952589 0.000845587 0.999999 0.0485265 -0.0609021 0.0444867
FixedParameters: 0 0 0

#Transform 74
Transform: AffineTransform_float_3_3
Parameters: 0.999999 -0.000585793 -0.00045604 0.000584937 1 -0.000861511 0.000456052 0.000860869 0.999999 0.0321631 -0.0416372 0.0510208
FixedParameters: 0 0 0

#Transform 75
Transform: AffineTransform_float_3_3
Parameters: 0.999999 -0.000588663 -0.000550997 0.000587561 1 -0.000956456 0.000551158 0.000956795 1 0.0361789 -0.0405812 -0.0044676
FixedParameters: 0 0 0

#Transform 76
Transform: AffineTransform_float_3_3
Parameters: 1 -0.000608806 -0.000875205 0.000607465 0.999999 -0.000788898 0.000876152 0.000788928 1 0.0428122 -0.0604374 -0.0125377
FixedParameters: 0 0 0

#Transform 77
Transform: AffineTransform_float_3_3
Parameters: 1 -0.000611937 -0.000951728 0.00061038 0.999999 -0.000828705 0.000952739 0.000827641 0.999999 0.0459311 -0.0511475 0.0473601
FixedParameters: 0 0 0

#Transform 78
Transform: AffineTransform_float_3_3
Parameters: 0.999999 -0.000585993 -0.000421002 0.000585319 0.999999 -0.000765109 0.00042089 0.000765602 0.999999 0.023601 -0.0504799 0.0369516
FixedParameters: 0 0 0

#Transform 79
Transform: AffineTransform_float_3_3
Parameters: 1 -0.000603481 -0.000947905 0.000602146 0.999999 -0.00123065 0.000949338 0.00122949 0.999999 0.0515839 -0.0360966 -0.0124733
FixedParameters: 0 0 0

#Transform 80
Transform: AffineTransform_float_3_3
Parameters: 0.999999 -0.000587568 -0.000729079 0.000586452 0.999999 -0.00145028 0.000730765 0.00145039 0.999998 0.0471596 -0.0496694 0.036073
FixedParameters: 0 0 0

#Transform 81
Transform: AffineTransform_float_3_3
Parameters: 1 -0.000564425 -0.000203611 0.000563845 0.999999 -0.0012547 0.000204072 0.00125447 0.999999 0.00576544 -0.026962 -0.0162012
FixedParameters: 0 0 0

#Transform 82
Transform: AffineTransform_float_3_3
Parameters: 0.999999 -0.000583263 -0.000544697 0.000581887 0.999999 -0.00119934 0.000545141 0.0011987 0.999999 0.012747 -0.0295526 -0.00408627
FixedParameters: 0 0 0

#Transform 83
Transform: AffineTransform_float_3_3
Parameters: 0.999999 -0.000575954 -0.00052391 0.000574317 0.999998 -0.00149606 0.000524676 0.00149545 0.999999 0.025798 -0.00494899 0.0310187
FixedParameters: 0 0 0

#Transform 84
Transform: AffineTransform_float_3_3
Parameters: 0.999999 -0.000709868 -0.000604404 0.000708252 0.999999 -0.00127979 0.000605265 0.00127892 0.999999 0.0215769 -0.026132 0.0279354
FixedParameters: 0 0 0
