#!ascii label  , from subject sub-v2s4x29598_ses-1 vox2ras=TkReg
1347
9052  -35.143  -67.008  -13.081 0.5000000000
9070  -35.180  -66.168  -13.244 0.6000000238
6413  -40.829  -70.715  -8.172 0.3000000119
120050  -33.434  -65.760  -13.137 0.5000000000
6457  -39.947  -70.004  -10.265 0.4000000060
6442  -41.146  -70.000  -9.292 0.4000000060
6427  -41.343  -70.230  -8.515 0.3000000119
7050  -41.592  -69.288  -9.681 0.4000000060
9825  -36.911  -65.194  -12.965 0.5000000000
9839  -36.535  -65.492  -13.242 0.5000000000
9071  -36.052  -66.739  -13.364 0.5000000000
10616  -35.527  -64.448  -12.667 0.6000000238
10626  -36.053  -64.883  -12.983 0.5000000000
131280  -36.059  -65.990  -13.373 0.6000000238
5847  -40.622  -71.141  -7.605 0.3000000119
9837  -34.183  -64.746  -13.322 0.5000000000
7080  -39.878  -69.016  -11.226 0.5000000000
6471  -39.499  -69.659  -10.893 0.5000000000
6414  -41.425  -70.490  -7.623 0.3000000119
10625  -35.104  -64.454  -13.047 0.6000000238
9069  -34.194  -65.540  -13.240 0.5000000000
7068  -41.147  -69.007  -10.237 0.5000000000
7067  -40.344  -69.331  -10.599 0.4000000060
7035  -41.871  -69.589  -8.955 0.4000000060
6428  -42.022  -69.806  -8.099 0.3000000119
6415  -42.229  -70.044  -7.291 0.3000000119
7651  -41.242  -68.397  -10.198 0.4000000060
7051  -42.364  -68.947  -9.402 0.4000000060
7636  -41.920  -68.605  -9.939 0.4000000060
9788  -37.385  -65.754  -9.893 0.6999999881
9801  -37.644  -65.647  -10.847 0.6999999881
9813  -37.682  -65.656  -11.888 0.6999999881
8345  -37.196  -67.726  -13.183 0.5000000000
9787  -36.636  -65.469  -9.547 0.6999999881
9800  -36.865  -65.282  -10.439 0.6999999881
10609  -36.303  -64.826  -11.837 0.8000000119
10610  -36.983  -65.229  -12.396 0.5000000000
11346  -35.677  -64.416  -12.123 0.6999999881
7677  -37.616  -68.380  -12.861 0.5000000000
10608  -35.786  -64.275  -11.297 0.6999999881
7678  -38.454  -68.298  -12.696 0.4000000060
7664  -38.665  -68.920  -12.139 0.5000000000
5840  -41.118  -70.953  -6.870 0.3000000119
11355  -35.008  -64.084  -12.259 0.6000000238
7665  -39.330  -68.530  -11.826 0.5000000000
7650  -40.538  -68.747  -10.681 0.5000000000
6403  -41.790  -70.501  -6.867 0.3000000119
7666  -39.976  -68.350  -11.183 0.5000000000
8312  -41.912  -67.310  -9.782 0.4000000060
8321  -41.191  -67.812  -10.096 0.4000000060
7625  -43.033  -68.569  -9.054 0.4000000060
7037  -43.337  -68.919  -8.254 0.4000000060
7036  -42.630  -69.257  -8.623 0.4000000060
8313  -42.802  -67.378  -9.578 0.3000000119
8322  -42.066  -67.890  -10.037 0.4000000060
8998  -36.314  -66.598  -7.463 0.5000000000
9010  -35.836  -66.025  -7.991 0.6000000238
9011  -36.810  -66.371  -8.208 0.6000000238
9021  -37.078  -66.004  -9.075 0.6000000238
131795  -34.862  -66.765  -6.692 0.5000000000
8997  -35.432  -66.527  -7.213 0.5000000000
9009  -35.082  -65.976  -7.659 0.6000000238
9778  -36.339  -65.746  -8.746 0.6000000238
9786  -35.991  -65.093  -9.158 0.6999999881
9826  -37.576  -65.664  -12.747 0.6000000238
5822  -40.514  -71.463  -4.470 0.3000000119
9741  -33.236  -65.250  -6.674 0.6999999881
9760  -33.894  -65.416  -7.215 0.6000000238
10562  -34.151  -64.661  -7.715 0.6000000238
9776  -35.219  -65.410  -8.109 0.6000000238
10577  -35.323  -64.769  -8.707 0.6999999881
10590  -35.566  -64.446  -9.552 0.6999999881
9814  -38.301  -66.076  -12.367 0.6000000238
9054  -38.648  -66.612  -12.733 0.6000000238
8346  -38.032  -67.666  -13.202 0.5000000000
8984  -32.934  -65.955  -6.099 0.6999999881
10561  -33.462  -64.539  -7.211 0.6000000238
10575  -33.643  -63.828  -7.815 0.6000000238
122945  -34.790  -64.755  -8.149 0.6000000238
10589  -34.960  -63.951  -9.039 0.6999999881
11336  -34.653  -63.341  -10.456 0.6999999881
8348  -39.080  -67.894  -12.354 0.5000000000
123955  -41.630  -70.603  -5.984 0.3000000119
9740  -32.663  -64.947  -6.085 0.6999999881
131232  -32.546  -63.885  -6.782 0.6000000238
126783  -32.875  -63.718  -7.214 0.6999999881
11311  -33.761  -63.144  -8.560 0.6000000238
11322  -34.007  -62.954  -9.239 0.6000000238
11345  -35.162  -63.930  -11.617 0.6999999881
9041  -39.372  -66.930  -11.542 0.5000000000
9034  -39.787  -67.345  -10.944 0.5000000000
11300  -32.325  -63.166  -7.489 0.6000000238
12095  -33.024  -62.613  -8.702 0.6000000238
12119  -34.052  -62.927  -10.061 0.6000000238
130189  -34.189  -63.073  -11.452 0.6000000238
12144  -33.761  -63.141  -12.026 0.6000000238
11299  -31.640  -63.032  -7.052 0.6999999881
12081  -31.874  -62.920  -7.799 0.6000000238
11310  -33.007  -63.190  -8.002 0.6000000238
12106  -33.017  -62.271  -9.298 0.6000000238
12942  -33.106  -62.205  -9.937 0.5000000000
12958  -32.818  -61.967  -10.529 0.5000000000
123834  -33.145  -62.579  -12.040 0.5000000000
11359  -34.320  -63.720  -12.359 0.5000000000
8320  -40.371  -67.660  -10.396 0.5000000000
110587  -43.520  -66.328  -8.518 0.3000000119
8297  -43.236  -66.762  -9.182 0.3000000119
7626  -43.681  -68.038  -8.755 0.4000000060
12143  -33.007  -62.895  -12.645 0.5000000000
129823  -42.846  -66.456  -8.893 0.3000000119
9014  -42.466  -66.778  -9.377 0.3000000119
7638  -43.208  -67.852  -9.365 0.4000000060
8245  -35.614  -67.141  -5.690 0.5000000000
8260  -35.527  -66.931  -6.466 0.5000000000
8261  -36.425  -67.092  -6.183 0.5000000000
8276  -36.782  -66.940  -6.934 0.5000000000
112722  -34.780  -67.335  -5.174 0.5000000000
114379  -34.808  -67.088  -6.059 0.5000000000
8275  -36.085  -66.857  -6.871 0.5000000000
8292  -36.992  -66.787  -7.549 0.5000000000
9012  -37.653  -66.411  -8.670 0.6000000238
8294  -38.326  -66.767  -8.361 0.6000000238
118713  -33.411  -66.700  -5.996 0.5000000000
9013  -38.359  -66.416  -9.160 0.6000000238
9802  -38.513  -66.057  -11.333 0.8000000119
128802  -40.993  -71.961  -3.637 0.3000000119
8970  -32.785  -66.607  -5.436 0.6000000238
8985  -33.619  -66.114  -6.650 0.6000000238
8309  -39.026  -66.745  -8.847 0.4000000060
5813  -41.757  -71.630  -3.311 0.3000000119
10532  -32.070  -64.510  -5.641 0.6999999881
118155  -39.078  -66.414  -10.635 0.5000000000
112298  -40.863  -70.774  -5.039 0.3000000119
6390  -41.757  -70.424  -4.758 0.3000000119
11279  -31.254  -63.721  -5.930 0.6999999881
8310  -39.796  -66.849  -9.454 0.4000000060
6395  -42.536  -70.033  -5.524 0.3000000119
132284  -31.680  -63.991  -5.973 0.6000000238
11290  -31.652  -63.517  -6.453 0.6999999881
9025  -40.090  -67.158  -10.238 0.4000000060
7024  -42.797  -69.499  -7.755 0.3000000119
11288  -30.262  -63.516  -6.657 0.6000000238
11289  -31.102  -63.313  -6.532 0.6999999881
12093  -31.621  -62.553  -8.451 0.6000000238
12940  -31.818  -61.961  -9.799 0.5000000000
12941  -32.558  -62.082  -9.835 0.5000000000
12979  -32.796  -62.154  -11.673 0.6000000238
8311  -40.602  -66.981  -9.660 0.4000000060
123521  -40.917  -67.367  -9.851 0.4000000060
8973  -43.263  -65.727  -6.973 0.3000000119
9001  -43.226  -66.002  -7.750 0.3000000119
9742  -44.092  -65.860  -7.769 0.3000000119
118312  -43.959  -67.266  -8.772 0.4000000060
12092  -30.781  -62.687  -8.262 0.6000000238
12939  -30.924  -61.981  -9.722 0.5000000000
12955  -30.545  -61.595  -10.687 0.5000000000
12957  -32.083  -61.755  -10.562 0.5000000000
13661  -31.596  -61.600  -11.848 0.5000000000
13677  -31.598  -62.020  -12.501 0.6000000238
127283  -31.967  -62.429  -13.155 0.5000000000
119940  -41.374  -66.829  -9.291 0.3000000119
9000  -42.641  -66.241  -8.106 0.3000000119
112219  -30.997  -62.230  -8.862 0.5000000000
12956  -31.366  -61.619  -10.568 0.5000000000
13660  -30.966  -61.119  -11.906 0.5000000000
12992  -29.981  -60.869  -12.440 0.5000000000
117413  -36.021  -67.365  -4.106 0.5000000000
113186  -35.769  -67.294  -4.885 0.5000000000
8247  -37.243  -67.385  -5.567 0.5000000000
8229  -38.562  -67.546  -4.717 0.5000000000
129223  -37.912  -67.453  -6.043 0.5000000000
113922  -33.781  -67.458  -4.889 0.5000000000
8264  -38.976  -67.497  -6.866 0.4000000060
8243  -33.322  -67.124  -5.405 0.5000000000
8278  -38.405  -67.152  -7.533 0.4000000060
5240  -41.486  -72.551  -2.755 0.3000000119
5241  -42.248  -71.964  -2.604 0.3000000119
8228  -32.883  -67.192  -4.831 0.6000000238
131205  -38.948  -67.011  -8.142 0.4000000060
9704  -31.997  -65.499  -4.624 0.6000000238
9724  -32.344  -65.586  -5.364 0.6000000238
5823  -42.086  -70.813  -3.804 0.3000000119
10531  -31.502  -64.063  -5.347 0.6000000238
10530  -30.788  -63.832  -5.308 0.6000000238
8280  -40.260  -67.042  -7.952 0.4000000060
130703  -40.800  -66.813  -8.586 0.4000000060
6404  -42.367  -70.161  -6.497 0.3000000119
11278  -30.721  -63.651  -6.058 0.6999999881
8999  -42.040  -66.496  -8.633 0.3000000119
8987  -42.506  -66.127  -7.107 0.3000000119
117412  -37.390  -67.457  -4.203 0.5000000000
113185  -36.763  -67.394  -4.686 0.5000000000
113184  -37.709  -67.496  -4.789 0.5000000000
8230  -39.483  -67.409  -4.539 0.4000000060
117414  -35.066  -67.406  -4.283 0.5000000000
8249  -39.044  -67.622  -5.412 0.4000000060
8263  -38.623  -67.589  -6.110 0.4000000060
8209  -34.789  -67.431  -3.513 0.6000000238
8265  -40.242  -67.316  -6.319 0.4000000060
111677  -39.833  -67.385  -7.010 0.4000000060
5814  -42.423  -71.324  -3.160 0.3000000119
5815  -42.988  -71.307  -2.619 0.3000000119
9723  -31.802  -64.714  -4.931 0.6000000238
8279  -39.351  -67.245  -7.635 0.4000000060
8295  -39.640  -66.952  -8.455 0.4000000060
8266  -40.688  -67.103  -7.179 0.4000000060
8986  -41.645  -66.562  -7.403 0.4000000060
8281  -41.116  -66.762  -8.170 0.3000000119
10529  -29.984  -63.867  -5.974 0.6000000238
8211  -36.818  -67.399  -3.852 0.5000000000
116806  -38.082  -67.487  -4.103 0.5000000000
8214  -39.318  -67.264  -3.571 0.4000000060
118652  -38.791  -67.446  -4.043 0.4000000060
126259  -36.200  -67.326  -3.310 0.5000000000
123849  -36.959  -67.322  -3.224 0.5000000000
114428  -33.289  -67.458  -4.197 0.6000000238
8195  -35.428  -67.268  -2.944 0.6000000238
131811  -36.036  -67.235  -2.804 0.6000000238
8250  -39.886  -67.403  -5.487 0.4000000060
8934  -32.584  -67.112  -4.073 0.6000000238
8207  -33.585  -67.497  -3.611 0.6000000238
129499  -40.566  -67.120  -5.698 0.4000000060
8951  -31.931  -65.783  -3.983 0.6000000238
8251  -41.026  -66.969  -6.395 0.4000000060
110259  -41.909  -66.270  -5.394 0.4000000060
8971  -41.794  -66.455  -6.304 0.4000000060
9725  -42.628  -65.806  -5.239 0.4000000060
6391  -42.563  -70.126  -4.368 0.3000000119
6392  -43.386  -69.886  -3.999 0.3000000119
9703  -31.665  -64.834  -4.156 0.6000000238
8972  -42.550  -65.992  -6.144 0.4000000060
7008  -43.374  -69.510  -5.744 0.3000000119
6396  -43.049  -69.645  -4.877 0.3000000119
10515  -31.263  -64.095  -4.486 0.6000000238
113860  -29.090  -64.417  -5.936 0.6000000238
10513  -29.752  -64.264  -4.468 0.6999999881
10497  -30.927  -63.995  -3.286 0.6999999881
117861  -29.808  -64.042  -5.166 0.6000000238
10512  -29.140  -64.575  -4.140 0.6999999881
10495  -29.033  -64.530  -3.270 0.6999999881
9702  -28.668  -65.017  -4.638 0.6000000238
10478  -30.520  -64.078  -2.734 0.6999999881
112586  -30.787  -64.181  -1.981 0.6000000238
9683  -28.325  -65.200  -3.915 0.6999999881
118351  -29.748  -64.332  -2.785 0.6999999881
8212  -37.552  -67.390  -3.576 0.5000000000
8199  -39.081  -67.117  -2.794 0.5000000000
8196  -36.609  -67.190  -2.628 0.5000000000
8190  -37.968  -66.931  -2.050 0.5000000000
8198  -38.378  -67.110  -2.610 0.5000000000
8918  -40.284  -66.409  -2.476 0.5000000000
8200  -39.844  -66.912  -3.010 0.4000000060
8215  -40.123  -67.033  -3.835 0.4000000060
8187  -35.074  -67.001  -2.200 0.6000000238
124404  -35.888  -67.077  -2.352 0.6000000238
8904  -37.530  -66.596  -1.433 0.6000000238
8905  -38.372  -66.523  -1.463 0.6000000238
8953  -40.872  -66.592  -4.011 0.4000000060
8914  -32.514  -66.873  -3.199 0.6000000238
8902  -35.750  -66.724  -1.575 0.6000000238
8903  -36.684  -66.635  -1.448 0.6000000238
8231  -40.497  -66.998  -4.816 0.4000000060
8933  -32.005  -66.027  -3.223 0.6000000238
8915  -32.795  -66.760  -2.416 0.6000000238
8186  -34.136  -67.066  -2.041 0.6000000238
8889  -35.260  -66.230  -0.855 0.6000000238
8890  -36.184  -66.235  -0.840 0.6000000238
8232  -41.183  -66.738  -5.534 0.4000000060
9686  -43.056  -65.139  -3.708 0.4000000060
8185  -33.327  -66.826  -1.922 0.6000000238
117295  -33.867  -66.675  -1.355 0.6000000238
9630  -35.717  -65.783  -0.176 0.6000000238
117531  -36.162  -65.337  0.544 0.6000000238
9706  -43.553  -65.082  -4.353 0.4000000060
9684  -31.619  -65.042  -3.361 0.6000000238
8913  -32.280  -66.214  -2.470 0.5000000000
129031  -33.236  -66.455  -1.333 0.6000000238
8888  -34.352  -66.263  -0.801 0.6000000238
10433  -36.593  -64.698  1.090 0.6999999881
10514  -30.530  -63.976  -4.456 0.6999999881
9663  -31.785  -65.320  -2.549 0.6000000238
8899  -32.090  -65.575  -1.775 0.6000000238
8887  -33.549  -66.206  -0.813 0.6000000238
128690  -35.263  -65.382  0.538 0.6000000238
11198  -37.076  -63.079  1.613 0.6000000238
11949  -37.226  -62.419  1.365 0.6000000238
9628  -33.138  -65.780  -0.282 0.6000000238
129472  -34.365  -65.421  0.483 0.6000000238
120591  -36.271  -64.203  1.599 0.6000000238
11948  -36.505  -62.691  1.661 0.6000000238
123067  -31.440  -64.800  -1.845 0.6000000238
9647  -32.379  -65.756  -1.162 0.6000000238
9597  -33.921  -65.013  1.142 0.5000000000
118448  -35.117  -64.436  1.761 0.6000000238
10413  -35.688  -64.028  1.939 0.6000000238
9610  -32.660  -65.341  0.279 0.5000000000
10477  -29.950  -64.189  -2.077 0.6999999881
10465  -31.024  -64.385  -1.175 0.5000000000
9609  -31.912  -65.054  0.014 0.6000000238
9596  -33.033  -64.994  1.052 0.5000000000
10412  -34.382  -64.520  1.855 0.5000000000
10432  -32.163  -64.838  0.886 0.6000000238
12861  -23.417  -60.921  -4.406 0.6000000238
132609  -22.771  -61.160  -3.935 0.6000000238
12859  -21.826  -61.626  -4.227 0.6000000238
8917  -39.548  -66.672  -2.276 0.5000000000
8906  -39.197  -66.390  -1.562 0.5000000000
8907  -39.988  -66.180  -1.730 0.5000000000
8919  -40.966  -66.039  -2.713 0.5000000000
8935  -40.560  -66.547  -3.237 0.4000000060
9632  -37.465  -65.691  -0.208 0.5000000000
8892  -37.929  -66.147  -0.825 0.5000000000
10451  -39.516  -64.683  0.128 0.5000000000
8936  -41.246  -66.149  -3.454 0.4000000060
126449  -42.290  -65.170  -2.758 0.4000000060
9633  -38.312  -65.554  -0.282 0.5000000000
117551  -38.998  -63.981  0.715 0.5000000000
8954  -41.315  -66.481  -4.722 0.4000000060
9685  -42.424  -65.367  -3.408 0.4000000060
9665  -42.894  -64.939  -3.043 0.4000000060
10434  -37.389  -64.476  0.958 0.5000000000
121172  -38.181  -64.193  0.837 0.5000000000
9613  -37.855  -65.054  0.362 0.5000000000
8955  -41.987  -66.030  -4.573 0.4000000060
11208  -37.625  -63.563  1.279 0.6000000238
11209  -38.391  -63.063  1.113 0.6000000238
11199  -37.676  -62.816  1.360 0.6000000238
11950  -37.989  -62.261  1.148 0.5000000000
12762  -36.838  -61.879  0.562 0.4000000060
130651  -37.023  -61.798  -0.177 0.4000000060
12780  -37.707  -61.656  -0.594 0.4000000060
126163  -35.927  -62.563  1.601 0.6000000238
12749  -36.522  -62.253  1.203 0.6000000238
118882  -35.967  -62.159  -0.227 0.5000000000
12802  -36.623  -62.103  -1.124 0.4000000060
11984  -36.736  -62.480  -2.161 0.4000000060
124754  -27.681  -65.931  -4.237 0.6999999881
11183  -35.564  -63.372  2.182 0.6000000238
12761  -35.875  -62.118  0.701 0.5000000000
11983  -35.796  -62.888  -1.879 0.4000000060
10463  -29.355  -64.309  -1.358 0.6000000238
10411  -33.482  -64.629  1.853 0.5000000000
10389  -34.909  -63.800  2.347 0.5000000000
127654  -35.152  -62.230  0.740 0.5000000000
11967  -34.724  -62.715  -0.792 0.5000000000
11968  -35.552  -62.669  -1.147 0.4000000060
114737  -35.438  -62.760  -3.116 0.4000000060
10450  -31.193  -64.535  -0.320 0.6000000238
11182  -34.200  -63.280  2.796 0.5000000000
12880  -25.043  -60.697  -5.609 0.6999999881
12862  -24.627  -61.172  -4.291 0.6000000238
12863  -26.102  -61.444  -4.316 0.6999999881
119054  -23.938  -61.103  -3.716 0.6000000238
115461  -26.624  -61.172  -2.800 0.6000000238
12840  -22.161  -61.481  -3.575 0.6000000238
122770  -25.308  -61.461  -2.987 0.6000000238
12821  -26.177  -61.170  -2.049 0.6000000238
13523  -27.181  -60.630  -1.747 0.6000000238
14232  -27.422  -59.796  0.092 0.6000000238
12816  -21.597  -61.989  -2.967 0.5000000000
12795  -23.573  -61.457  -1.813 0.6000000238
12796  -24.484  -61.425  -1.391 0.6000000238
12798  -26.247  -60.983  -1.089 0.6000000238
12799  -26.815  -60.789  -1.002 0.6000000238
11998  -21.504  -62.612  -2.345 0.5000000000
12000  -22.763  -61.747  -1.886 0.5000000000
116894  -25.559  -61.270  -0.352 0.5000000000
12777  -26.737  -60.643  -0.046 0.5000000000
8893  -38.780  -66.035  -0.892 0.4000000060
9648  -39.619  -65.866  -1.016 0.5000000000
117527  -41.303  -65.599  -2.250 0.5000000000
9651  -41.896  -65.207  -2.174 0.4000000060
11999  -22.264  -62.433  -1.770 0.5000000000
11979  -23.871  -61.814  -0.900 0.5000000000
12775  -25.400  -61.801  0.419 0.5000000000
117301  -26.390  -61.131  0.773 0.5000000000
9634  -40.001  -65.231  -0.518 0.5000000000
10479  -42.638  -64.843  -2.254 0.4000000060
10467  -43.078  -64.319  -1.734 0.4000000060
11236  -43.915  -64.021  -2.033 0.4000000060
11224  -21.920  -63.310  -1.894 0.5000000000
11964  -23.655  -62.506  -0.534 0.5000000000
11965  -24.846  -62.595  0.446 0.6000000238
11956  -26.280  -62.547  1.481 0.6000000238
10443  -24.240  -64.460  -0.330 0.6000000238
11218  -24.534  -63.602  0.190 0.6000000238
11958  -38.957  -62.144  1.007 0.4000000060
9680  -24.091  -65.195  -3.227 0.6000000238
12751  -38.264  -61.906  0.865 0.5000000000
12804  -38.551  -61.447  -1.009 0.4000000060
9681  -25.085  -65.598  -3.272 0.6000000238
12763  -37.863  -61.688  0.395 0.4000000060
113676  -26.136  -65.899  -3.401 0.6000000238
9661  -27.308  -65.440  -2.646 0.6000000238
12004  -37.512  -62.308  -2.481 0.4000000060
10462  -28.270  -64.611  -1.183 0.6000000238
9662  -28.127  -65.027  -2.921 0.6999999881
10431  -31.361  -64.489  0.583 0.6000000238
10409  -31.582  -64.326  1.635 0.6000000238
10410  -32.566  -64.608  1.773 0.5000000000
10388  -33.932  -64.004  2.500 0.5000000000
12882  -26.239  -61.052  -5.063 0.6999999881
112694  -26.615  -61.173  -4.060 0.6999999881
125483  -27.361  -60.566  -3.521 0.6000000238
13542  -27.165  -60.750  -2.702 0.6000000238
14256  -27.834  -59.555  -1.693 0.6000000238
129469  -27.418  -60.268  -1.513 0.6000000238
14233  -27.751  -59.034  0.385 0.6999999881
14223  -27.520  -59.655  1.149 0.6000000238
13495  -27.136  -60.220  0.854 0.6000000238
9635  -40.792  -64.988  -0.731 0.5000000000
9649  -40.429  -65.627  -1.207 0.5000000000
8908  -40.708  -65.865  -1.974 0.5000000000
9650  -41.250  -65.253  -1.521 0.5000000000
128086  -26.990  -60.575  1.398 0.6000000238
13488  -27.922  -59.741  2.316 0.5000000000
9636  -41.423  -64.673  -0.949 0.5000000000
11945  -26.957  -62.304  2.055 0.6000000238
12757  -26.490  -61.623  1.489 0.6000000238
13482  -28.305  -60.441  3.024 0.5000000000
10436  -39.814  -63.805  0.510 0.5000000000
9659  -24.634  -65.441  -2.334 0.6000000238
9643  -24.198  -65.293  -1.474 0.4000000060
10460  -23.809  -64.926  -0.892 0.6000000238
11204  -26.134  -63.484  1.217 0.6000000238
11193  -26.736  -63.153  1.731 0.6000000238
12735  -28.234  -61.388  2.946 0.6000000238
11210  -39.242  -63.081  0.885 0.4000000060
11211  -40.018  -62.713  0.744 0.4000000060
9644  -25.106  -65.456  -1.547 0.5000000000
9625  -25.590  -65.293  -0.761 0.5000000000
10445  -25.999  -64.984  -0.109 0.6000000238
10425  -25.988  -64.371  0.560 0.6999999881
11205  -27.384  -63.683  1.488 0.6000000238
11194  -27.397  -63.039  2.142 0.6000000238
11175  -27.984  -62.875  2.426 0.6000000238
12764  -38.944  -61.596  0.450 0.5000000000
112882  -25.586  -65.620  -2.440 0.6000000238
124199  -26.676  -64.716  0.053 0.6000000238
11195  -28.244  -63.354  1.932 0.6000000238
11176  -28.672  -62.955  2.519 0.6000000238
11919  -29.603  -62.255  3.551 0.6000000238
9646  -26.934  -65.305  -1.824 0.5000000000
9645  -26.576  -65.160  -0.842 0.6000000238
129291  -27.339  -64.509  0.188 0.6000000238
11197  -29.858  -63.563  1.910 0.6000000238
11177  -29.506  -63.189  2.669 0.6000000238
9660  -26.492  -65.620  -2.514 0.6000000238
10475  -27.813  -64.989  -2.017 0.6000000238
10461  -27.395  -64.993  -1.286 0.6000000238
10428  -28.641  -64.069  0.277 0.6000000238
11207  -29.125  -63.800  0.724 0.6000000238
10429  -29.560  -63.938  0.040 0.6000000238
10448  -29.783  -64.067  -0.712 0.6000000238
10386  -32.169  -64.208  2.471 0.5000000000
11181  -33.366  -63.526  3.036 0.5000000000
12883  -26.888  -60.644  -5.500 0.6999999881
13556  -27.212  -60.630  -4.234 0.6999999881
12901  -28.317  -60.716  -7.272 0.6999999881
13591  -28.388  -60.481  -6.553 0.6999999881
13573  -27.419  -60.465  -5.149 0.6999999881
13557  -27.860  -60.135  -3.994 0.6999999881
14272  -28.152  -59.569  -2.748 0.6000000238
14960  -28.323  -58.481  -1.269 0.6000000238
15707  -28.747  -57.450  0.752 0.5000000000
14245  -27.721  -59.242  -0.640 0.6999999881
14929  -28.583  -58.027  1.589 0.5000000000
14224  -28.039  -58.875  1.460 0.5000000000
14916  -28.642  -58.715  2.544 0.5000000000
11220  -41.415  -63.464  -0.060 0.4000000060
11221  -42.163  -63.293  -0.419 0.5000000000
11222  -42.935  -63.102  -0.709 0.5000000000
10454  -42.582  -63.834  -1.084 0.5000000000
11985  -43.805  -62.797  -0.821 0.4000000060
11219  -40.633  -63.624  0.271 0.4000000060
14200  -28.868  -60.245  3.357 0.6000000238
11918  -28.862  -61.878  3.309 0.6000000238
13476  -29.407  -60.654  3.463 0.6000000238
11920  -30.351  -62.494  3.634 0.6000000238
115487  -30.601  -61.243  3.440 0.6000000238
10408  -30.745  -63.806  1.909 0.6000000238
11179  -31.203  -63.556  3.102 0.6000000238
12736  -31.374  -61.087  2.986 0.6000000238
10407  -29.890  -63.763  0.938 0.6000000238
124907  -31.880  -62.465  3.513 0.5000000000
10385  -31.353  -63.878  2.522 0.6000000238
10372  -31.909  -63.758  3.042 0.5000000000
11180  -32.614  -63.879  2.949 0.5000000000
13608  -28.689  -60.392  -8.169 0.6999999881
13598  -29.076  -60.129  -7.173 0.6999999881
14309  -29.315  -59.174  -4.864 0.6999999881
14308  -28.587  -59.665  -4.471 0.6999999881
14293  -29.134  -59.072  -4.087 0.6000000238
14292  -28.386  -59.609  -3.640 0.6999999881
14970  -28.549  -58.769  -2.351 0.4000000060
14364  -29.524  -59.089  -9.393 0.6999999881
14335  -29.845  -59.395  -7.263 0.6999999881
14326  -29.734  -59.247  -6.462 0.6000000238
14999  -29.742  -58.485  -4.482 0.6000000238
15735  -28.582  -57.697  -0.327 0.5000000000
15869  -27.775  -57.639  -10.797 0.6999999881
15861  -29.221  -58.132  -9.811 0.6999999881
132772  -29.151  -56.981  0.859 0.5000000000
16677  -26.732  -56.685  -10.004 0.6999999881
15708  -29.200  -57.223  1.612 0.5000000000
115483  -26.074  -56.403  -9.414 0.6000000238
16668  -25.486  -56.331  -8.730 0.6000000238
110618  -24.656  -56.927  -6.855 0.6000000238
16595  -23.271  -56.563  -4.898 0.5000000000
16584  -24.077  -56.776  -3.953 0.5000000000
120635  -42.513  -62.602  -0.132 0.4000000060
127728  -43.138  -62.509  -0.413 0.4000000060
123939  -31.307  -61.867  3.517 0.6000000238
133568  -29.774  -57.828  -3.173 0.5000000000
14961  -28.989  -57.935  -2.081 0.5000000000
14347  -30.160  -58.656  -8.349 0.6000000238
14327  -30.359  -58.794  -6.820 0.6000000238
15000  -30.265  -57.954  -4.833 0.6000000238
15773  -30.138  -57.450  -3.476 0.6000000238
15751  -29.374  -57.197  -1.783 0.5000000000
15750  -28.815  -57.612  -1.297 0.5000000000
15721  -29.197  -56.863  0.124 0.5000000000
113070  -28.120  -57.331  -10.246 0.6999999881
15846  -30.229  -57.981  -8.548 0.6000000238
15018  -30.735  -58.192  -7.205 0.6000000238
15796  -30.736  -57.678  -5.935 0.6000000238
16587  -30.666  -56.760  -4.924 0.6000000238
16501  -30.455  -56.068  1.368 0.5000000000
16678  -27.670  -56.924  -9.766 0.6999999881
15844  -29.075  -57.078  -8.973 0.6000000238
128955  -29.797  -56.447  -7.851 0.6000000238
16621  -30.698  -56.810  -6.920 0.6000000238
17408  -30.500  -56.110  -5.522 0.6000000238
16669  -27.041  -56.778  -8.993 0.6000000238
16670  -28.245  -56.969  -8.743 0.6000000238
16648  -29.090  -56.541  -8.088 0.6000000238
16620  -30.178  -56.228  -7.267 0.6000000238
16646  -25.914  -57.000  -7.785 0.6000000238
15821  -27.211  -57.300  -6.989 0.6000000238
16619  -28.704  -56.151  -7.430 0.6000000238
17447  -29.472  -56.080  -7.377 0.6000000238
15803  -25.268  -57.539  -5.984 0.5000000000
16597  -25.157  -57.431  -5.113 0.5000000000
15793  -26.290  -57.477  -5.450 0.5000000000
15795  -27.438  -57.154  -6.377 0.6000000238
17427  -29.061  -55.433  -7.133 0.6000000238
12782  -43.193  -61.270  -0.201 0.4000000060
16581  -21.274  -56.460  -3.541 0.5000000000
15782  -25.760  -57.328  -4.882 0.5000000000
16598  -26.671  -56.893  -5.273 0.6000000238
17426  -28.196  -55.994  -6.999 0.6000000238
16573  -22.782  -56.587  -2.861 0.5000000000
16562  -24.071  -56.350  -2.996 0.5000000000
16576  -25.083  -56.683  -3.961 0.4000000060
17392  -26.190  -56.672  -4.729 0.5000000000
128731  -27.380  -55.625  -6.590 0.6000000238
15752  -29.953  -56.841  -2.172 0.6000000238
16543  -29.835  -56.586  -1.422 0.5000000000
16514  -29.871  -56.346  0.154 0.5000000000
15765  -30.271  -56.845  -2.822 0.6000000238
16544  -30.315  -55.899  -1.126 0.5000000000
117113  -30.452  -56.203  -3.635 0.6999999881
17368  -30.604  -55.495  -2.369 0.6999999881
17379  -30.261  -55.579  -3.741 0.6999999881
115743  -30.013  -55.502  -6.070 0.6000000238
17407  -30.062  -55.468  -5.197 0.6999999881
18256  -29.311  -54.940  -6.500 0.6000000238
18217  -29.470  -54.870  -4.898 0.6999999881
128584  -28.659  -54.729  -6.956 0.6000000238
18216  -29.056  -54.491  -5.800 0.6999999881
17354  -20.467  -56.274  -1.579 0.5000000000
16561  -23.258  -56.252  -2.624 0.5000000000
17391  -25.521  -56.406  -4.153 0.4000000060
17425  -26.441  -55.548  -5.762 0.6000000238
124286  -28.155  -55.067  -7.139 0.6000000238
17355  -21.789  -55.892  -1.712 0.5000000000
18200  -24.514  -55.493  -3.397 0.4000000060
18235  -25.649  -55.234  -5.005 0.5000000000
16515  -30.348  -55.942  0.533 0.5000000000
16527  -30.305  -55.814  -0.267 0.5000000000
17356  -30.692  -55.307  -1.656 0.6000000238
118394  -30.918  -54.622  -1.427 0.5000000000
120073  -30.553  -54.258  0.069 0.5000000000
18203  -30.285  -55.180  -3.144 0.6999999881
18202  -29.724  -55.001  -3.768 0.6999999881
18185  -29.103  -54.441  -3.192 0.6000000238
18255  -28.667  -54.208  -6.528 0.6999999881
18201  -28.879  -54.497  -4.190 0.6000000238
18253  -27.249  -54.558  -7.396 0.6000000238
19144  -28.125  -53.697  -6.583 0.6000000238
18198  -22.872  -55.015  -2.693 0.5000000000
112891  -24.816  -54.870  -4.387 0.4000000060
18252  -26.391  -54.645  -7.130 0.6000000238
19106  -22.569  -53.911  -4.400 0.4000000060
18214  -24.017  -54.678  -3.810 0.4000000060
18234  -24.858  -54.452  -5.886 0.5000000000
110622  -25.748  -54.846  -6.256 0.5000000000
19053  -30.725  -54.072  -1.222 0.6000000238
19039  -30.352  -53.793  -0.451 0.5000000000
18171  -30.592  -54.368  -1.942 0.6000000238
19070  -29.587  -53.993  -2.303 0.6000000238
19069  -28.514  -53.883  -2.634 0.6000000238
117120  -28.956  -53.357  -1.826 0.5000000000
19087  -28.241  -54.086  -3.601 0.6000000238
19108  -27.783  -53.251  -5.209 0.6999999881
112747  -27.582  -53.518  -4.088 0.5000000000
18266  -27.084  -53.854  -7.751 0.6000000238
18265  -26.463  -54.053  -8.019 0.5000000000
131007  -24.129  -54.004  -6.105 0.4000000060
18264  -25.778  -53.993  -7.995 0.5000000000
22340  -17.260  -49.010  -1.120 0.4000000060
23074  -18.625  -48.782  -1.909 0.3000000119
130329  -18.212  -48.320  -2.405 0.4000000060
19030  -29.751  -53.342  0.405 0.5000000000
23866  -16.840  -47.726  -3.969 0.3000000119
23868  -18.384  -48.156  -3.381 0.4000000060
19051  -28.296  -53.033  -1.450 0.5000000000
19894  -28.985  -52.909  0.003 0.5000000000
123898  -17.776  -49.741  -4.572 0.3000000119
23104  -17.773  -48.194  -3.892 0.4000000060
19068  -27.913  -53.334  -2.094 0.5000000000
21569  -18.027  -50.638  -4.677 0.3000000119
19963  -27.188  -52.648  -6.894 0.6999999881
19955  -27.279  -52.610  -5.681 0.6000000238
19151  -24.910  -53.456  -8.250 0.5000000000
19142  -26.905  -53.121  -7.878 0.5000000000
19971  -26.172  -52.726  -8.606 0.4000000060
19954  -26.700  -51.907  -7.111 0.4000000060
21525  -20.119  -50.912  -0.674 0.3000000119
120414  -19.059  -49.531  -1.332 0.3000000119
22342  -19.687  -49.099  -2.100 0.3000000119
23088  -19.811  -48.339  -2.827 0.3000000119
23857  -19.128  -48.024  -3.042 0.4000000060
19037  -28.976  -52.951  -0.977 0.5000000000
126598  -18.349  -49.349  -4.430 0.4000000060
23115  -19.710  -49.165  -3.841 0.4000000060
19905  -28.107  -52.706  -0.969 0.5000000000
22381  -18.713  -50.137  -4.812 0.4000000060
22382  -19.649  -50.025  -5.076 0.4000000060
19918  -26.974  -53.027  -2.419 0.5000000000
19904  -27.484  -52.653  -1.510 0.5000000000
121345  -19.952  -51.250  -5.627 0.4000000060
19931  -26.836  -53.093  -3.479 0.5000000000
124887  -26.902  -52.082  -6.135 0.5000000000
19930  -26.295  -52.370  -4.042 0.5000000000
19139  -23.147  -52.800  -6.904 0.3000000119
19150  -24.313  -52.632  -8.713 0.4000000060
20753  -26.316  -51.649  -8.320 0.4000000060
20739  -25.900  -51.635  -4.726 0.4000000060
132337  -20.558  -51.604  -0.195 0.3000000119
21538  -19.968  -50.023  -1.292 0.3000000119
23089  -20.661  -48.374  -2.963 0.4000000060
23106  -20.974  -48.483  -3.482 0.4000000060
20654  -29.910  -51.432  2.294 0.4000000060
23116  -20.704  -48.919  -4.181 0.4000000060
19869  -29.236  -51.924  1.685 0.4000000060
23125  -20.113  -49.469  -4.648 0.4000000060
23126  -20.840  -49.009  -5.027 0.4000000060
19885  -28.435  -52.290  0.406 0.4000000060
23142  -21.131  -49.067  -5.462 0.4000000060
19903  -26.572  -52.234  -1.973 0.5000000000
123668  -20.874  -50.348  -5.840 0.4000000060
21584  -21.911  -51.236  -6.413 0.3000000119
19917  -26.246  -52.453  -2.933 0.5000000000
20762  -24.811  -50.967  -8.984 0.3000000119
21539  -20.688  -50.477  -0.963 0.3000000119
22355  -21.360  -49.068  -2.014 0.3000000119
22354  -20.585  -48.848  -2.413 0.3000000119
126386  -21.400  -48.170  -3.027 0.4000000060
23870  -21.545  -47.831  -3.711 0.4000000060
23880  -21.510  -47.034  -4.224 0.3000000119
23879  -21.423  -47.649  -4.696 0.4000000060
21474  -31.484  -50.530  2.848 0.4000000060
21475  -32.473  -50.167  3.107 0.4000000060
23893  -21.471  -47.661  -5.453 0.4000000060
21489  -29.381  -50.755  1.922 0.4000000060
20694  -27.855  -51.912  -0.000 0.4000000060
22391  -21.315  -49.560  -5.797 0.3000000119
20693  -27.476  -51.459  -0.520 0.4000000060
21583  -21.157  -51.049  -6.148 0.3000000119
122881  -21.774  -50.329  -6.198 0.3000000119
129100  -23.847  -50.381  -7.567 0.3000000119
20744  -26.386  -51.484  -6.045 0.4000000060
22327  -22.141  -50.256  -0.435 0.3000000119
23090  -21.735  -48.463  -2.346 0.4000000060
23871  -21.898  -47.273  -3.235 0.4000000060
21477  -34.100  -49.833  2.581 0.4000000060
24728  -21.386  -46.912  -5.265 0.4000000060
133407  -29.975  -50.769  2.313 0.4000000060
23911  -21.650  -47.902  -5.925 0.4000000060
20664  -28.637  -51.164  1.285 0.4000000060
120826  -29.523  -49.891  1.724 0.4000000060
23144  -22.280  -48.398  -6.151 0.3000000119
21509  -28.190  -50.680  0.664 0.4000000060
22393  -23.348  -49.058  -6.531 0.3000000119
21542  -27.087  -50.909  -1.035 0.5000000000
133356  -22.472  -50.733  -6.533 0.3000000119
22394  -24.815  -48.960  -7.410 0.3000000119
20701  -26.532  -51.300  -1.731 0.5000000000
21587  -26.274  -49.884  -7.608 0.3000000119
20713  -25.707  -50.838  -3.275 0.4000000060
20752  -26.260  -50.567  -8.064 0.4000000060
22345  -22.463  -49.454  -0.814 0.3000000119
24729  -21.413  -46.257  -4.694 0.3000000119
25623  -22.049  -45.427  -5.709 0.3000000119
22286  -33.272  -49.428  2.871 0.4000000060
23894  -21.602  -47.086  -6.023 0.3000000119
22284  -31.597  -49.591  2.660 0.4000000060
22285  -32.421  -49.304  2.824 0.3000000119
23912  -22.294  -47.537  -6.174 0.3000000119
21510  -28.847  -50.107  1.171 0.4000000060
22283  -30.717  -49.431  2.313 0.4000000060
133453  -24.244  -48.392  -6.707 0.3000000119
23145  -25.298  -48.248  -7.050 0.3000000119
22331  -27.733  -49.995  -0.220 0.4000000060
22402  -25.592  -49.355  -8.145 0.3000000119
22384  -26.124  -49.321  -6.012 0.3000000119
21570  -25.851  -50.164  -5.114 0.3000000119
21549  -25.869  -49.935  -2.976 0.3000000119
24747  -22.730  -45.928  -6.113 0.3000000119
25624  -23.031  -45.064  -5.741 0.3000000119
24748  -23.810  -45.801  -6.146 0.3000000119
23012  -31.934  -48.739  2.579 0.3000000119
22301  -30.008  -49.292  1.847 0.4000000060
23011  -31.216  -48.894  2.372 0.4000000060
121614  -25.608  -47.626  -6.734 0.3000000119
22312  -28.840  -49.340  0.737 0.4000000060
22300  -29.357  -49.274  1.281 0.4000000060
23146  -25.951  -48.280  -6.948 0.3000000119
23128  -26.140  -48.619  -6.553 0.3000000119
22330  -27.352  -49.902  -0.946 0.3000000119
21562  -25.647  -50.102  -3.975 0.3000000119
24764  -26.196  -46.580  -6.236 0.3000000119
23147  -26.026  -47.643  -6.585 0.3000000119
23033  -29.841  -48.458  1.366 0.3000000119
23803  -30.522  -47.883  1.649 0.3000000119
23129  -26.176  -47.998  -6.151 0.3000000119
115435  -27.965  -49.275  -0.420 0.3000000119
22374  -25.946  -49.423  -4.791 0.3000000119
129914  -26.893  -49.460  -1.727 0.3000000119
24731  -26.641  -45.778  -4.710 0.3000000119
125795  -26.757  -44.594  -4.241 0.3000000119
133497  -26.495  -47.110  -4.823 0.3000000119
23049  -29.178  -48.657  0.714 0.3000000119
24712  -26.895  -46.185  -3.804 0.3000000119
25601  -27.158  -45.439  -3.211 0.3000000119
20743  -26.267  -50.676  -6.858 0.4000000060
21593  -24.329  -50.637  -8.412 0.3000000119
22403  -25.991  -49.723  -8.256 0.3000000119
9072  -37.541  -66.515  -13.344 0.5000000000
126100  -36.785  -66.250  -13.416 0.5000000000
9838  -35.417  -65.261  -13.286 0.5000000000
8359  -37.622  -67.171  -13.364 0.5000000000
7079  -39.070  -69.306  -11.533 0.5000000000
10602  -36.330  -64.754  -10.901 0.6999999881
9032  -38.302  -66.058  -10.115 0.6999999881
10601  -35.750  -64.271  -10.445 0.6999999881
7663  -37.885  -69.112  -12.323 0.4000000060
11337  -35.235  -63.799  -10.830 0.6999999881
8333  -39.568  -67.681  -11.644 0.5000000000
130047  -42.911  -69.772  -6.268 0.3000000119
8334  -40.031  -67.844  -10.966 0.5000000000
8293  -37.603  -66.798  -7.920 0.6000000238
8277  -37.541  -67.042  -7.159 0.5000000000
5251  -41.159  -70.929  -4.007 0.3000000119
131228  -34.901  -64.338  -8.539 0.6000000238
11323  -34.523  -63.418  -9.578 0.6999999881
130212  -39.155  -66.488  -11.318 0.5000000000
9055  -39.120  -67.106  -12.264 0.6000000238
8360  -38.185  -66.882  -13.213 0.5000000000
123981  -33.502  -62.555  -9.662 0.6000000238
12131  -34.178  -62.853  -10.880 0.6999999881
12104  -31.548  -62.099  -9.111 0.5000000000
119410  -33.087  -62.013  -11.071 0.5000000000
7015  -43.331  -69.466  -6.544 0.3000000119
114317  -30.674  -62.990  -7.337 0.6000000238
12978  -32.302  -61.738  -11.247 0.5000000000
9015  -43.843  -66.772  -8.805 0.3000000119
9023  -39.029  -66.569  -9.732 0.5000000000
7016  -43.517  -69.160  -7.279 0.3000000119
116836  -30.991  -61.272  -11.211 0.5000000000
6384  -42.840  -70.649  -3.487 0.3000000119
121392  -33.453  -67.263  -2.836 0.6000000238
131568  -30.932  -63.948  -3.848 0.6999999881
9626  -31.788  -65.112  -0.953 0.6000000238
114969  -39.162  -65.412  -0.367 0.5000000000
121005  -41.472  -66.233  -4.094 0.4000000060
9631  -36.606  -65.781  -0.158 0.6000000238
9629  -33.945  -65.812  -0.211 0.6000000238
12750  -37.495  -61.997  0.999 0.4000000060
9682  -27.562  -65.630  -3.441 0.6000000238
10476  -28.899  -64.514  -2.238 0.6999999881
122712  -23.805  -61.257  -2.913 0.6000000238
12803  -37.598  -61.921  -1.601 0.4000000060
11947  -35.217  -62.474  1.956 0.4000000060
127009  -26.374  -66.271  -4.376 0.6000000238
12842  -25.720  -61.529  -3.644 0.6000000238
12774  -24.653  -61.710  -0.341 0.6000000238
10466  -42.100  -64.614  -1.496 0.5000000000
11216  -23.184  -63.382  -0.693 0.5000000000
13487  -27.673  -60.815  2.481 0.6000000238
10459  -23.023  -64.404  -1.151 0.4000000060
10447  -28.934  -64.226  -0.552 0.5000000000
124873  -39.827  -61.725  0.656 0.5000000000
11206  -28.367  -63.829  1.117 0.6000000238
10446  -27.393  -64.764  -0.551 0.5000000000
16667  -24.523  -56.011  -8.884 0.6000000238
16583  -23.183  -56.644  -3.656 0.5000000000
117135  -30.461  -57.278  -4.310 0.5000000000
16650  -30.350  -56.904  -7.779 0.6000000238
16600  -30.763  -56.915  -5.939 0.6000000238
16577  -30.451  -56.230  -2.912 0.6000000238
15843  -27.546  -57.128  -7.964 0.6000000238
16542  -21.649  -56.419  -1.897 0.5000000000
17341  -30.719  -55.130  -0.843 0.5000000000
19109  -28.268  -53.914  -4.677 0.6000000238
18199  -23.782  -55.313  -2.849 0.5000000000
19131  -27.779  -53.186  -6.226 0.6000000238
23072  -16.863  -48.570  -1.887 0.3000000119
19052  -29.959  -53.593  -1.356 0.5000000000
19140  -23.835  -53.133  -7.751 0.3000000119
19886  -29.043  -52.661  0.886 0.4000000060
20682  -28.625  -51.943  1.045 0.4000000060
121697  -25.288  -52.748  -9.055 0.4000000060
20761  -24.073  -51.710  -8.486 0.3000000119
20726  -25.788  -51.707  -3.599 0.5000000000
21473  -30.593  -50.879  2.571 0.4000000060
22344  -21.738  -49.705  -1.249 0.3000000119
127773  -27.828  -50.435  0.144 0.4000000060
128567  -23.313  -48.097  -6.379 0.3000000119
21550  -26.156  -50.655  -2.355 0.4000000060
23059  -23.436  -48.359  -0.683 0.3000000119
23914  -25.164  -46.899  -6.572 0.3000000119
22311  -28.244  -49.804  0.345 0.4000000060
24749  -26.416  -46.746  -5.589 0.3000000119
12141  -26.138  -61.762  -12.479 0.5000000000
12142  -26.775  -61.724  -12.183 0.5000000000
12973  -27.559  -61.450  -12.328 0.5000000000
12991  -28.931  -60.896  -12.629 0.4000000060
11354  -24.939  -62.558  -11.811 0.5000000000
12126  -26.300  -62.242  -11.658 0.5000000000
12127  -27.221  -62.124  -11.610 0.5000000000
12128  -28.055  -61.912  -11.534 0.5000000000
12974  -28.444  -61.181  -12.119 0.5000000000
12976  -30.243  -61.128  -11.522 0.4000000060
123391  -25.069  -63.069  -11.051 0.4000000060
11343  -26.040  -62.924  -10.992 0.5000000000
127001  -29.533  -61.714  -10.939 0.4000000060
12114  -26.911  -62.854  -11.048 0.5000000000
11332  -26.608  -63.507  -10.543 0.5000000000
12115  -27.762  -62.766  -10.999 0.5000000000
11333  -28.148  -63.341  -10.378 0.5000000000
11334  -28.758  -63.050  -10.025 0.5000000000
12117  -29.967  -62.145  -10.047 0.4000000060
112698  -25.738  -63.510  -10.434 0.5000000000
11319  -27.727  -64.023  -9.960 0.5000000000
11335  -29.367  -62.772  -9.604 0.5000000000
10571  -25.254  -64.747  -8.479 0.5000000000
11318  -26.313  -63.983  -9.901 0.5000000000
10586  -25.914  -64.508  -9.191 0.5000000000
10587  -27.038  -64.702  -9.615 0.5000000000
10588  -28.036  -64.638  -9.381 0.5000000000
129305  -28.901  -63.379  -9.425 0.5000000000
126736  -29.318  -63.153  -8.875 0.5000000000
130878  -25.873  -64.902  -8.664 0.5000000000
10559  -25.852  -65.432  -8.228 0.5000000000
8982  -25.752  -66.477  -6.889 0.5000000000
118045  -26.514  -65.159  -8.859 0.5000000000
9758  -27.378  -66.306  -7.660 0.5000000000
8983  -26.825  -66.694  -6.901 0.5000000000
10573  -28.277  -64.914  -8.566 0.5000000000
9774  -27.849  -65.618  -8.168 0.5000000000
9759  -28.293  -65.679  -7.341 0.5000000000
10574  -28.743  -64.359  -7.990 0.5000000000
11307  -28.709  -64.042  -8.906 0.5000000000
11309  -29.902  -62.936  -8.125 0.5000000000
132013  -24.638  -65.525  -4.713 0.5000000000
132680  -27.126  -66.327  -4.495 0.6000000238
9739  -27.922  -66.318  -6.689 0.5000000000
9721  -28.231  -66.065  -5.684 0.5000000000
117720  -28.588  -65.430  -6.359 0.5000000000
10560  -28.997  -63.820  -7.413 0.5000000000
119772  -29.342  -63.867  -6.723 0.5000000000
11308  -29.158  -63.550  -8.095 0.5000000000
132478  -24.000  -65.050  -3.956 0.5000000000
9700  -25.373  -65.899  -4.308 0.5000000000
8950  -27.657  -66.348  -5.013 0.6000000238
12910  -22.974  -61.796  -6.882 0.5000000000
12895  -22.691  -61.511  -5.956 0.6000000238
12911  -23.485  -61.660  -7.530 0.5000000000
12896  -23.657  -61.034  -6.506 0.5000000000
127896  -24.224  -60.598  -5.801 0.6000000238
12897  -24.649  -60.642  -6.422 0.6000000238
12912  -24.350  -61.040  -7.379 0.5000000000
128644  -25.102  -60.893  -7.710 0.6000000238
12925  -25.514  -60.989  -8.456 0.5000000000
121600  -26.142  -60.693  -6.465 0.6000000238
12914  -26.840  -60.733  -7.163 0.6000000238
12938  -26.227  -60.975  -9.021 0.5000000000
12926  -27.392  -60.891  -8.024 0.6000000238
129797  -27.931  -60.734  -6.741 0.6000000238
13641  -26.361  -60.131  -10.384 0.5000000000
13607  -27.924  -60.738  -8.613 0.5000000000
15875  -26.133  -57.885  -11.177 0.5000000000
118578  -25.947  -56.995  -11.084 0.6000000238
124330  -22.753  -55.983  -8.654 0.6000000238
16674  -23.745  -56.182  -9.593 0.5000000000
15073  -28.143  -58.286  -10.809 0.6000000238
14362  -28.322  -59.831  -9.917 0.5000000000
16682  -24.931  -56.474  -10.234 0.5000000000
16616  -23.662  -56.339  -6.803 0.6000000238
16644  -24.106  -56.120  -7.836 0.6000000238
16617  -24.449  -57.082  -5.863 0.6000000238
7606  -44.200  -68.619  -7.040 0.3000000119
8267  -45.663  -67.092  -7.063 0.3000000119
7627  -44.266  -67.691  -8.271 0.3000000119
9745  -46.624  -65.383  -6.865 0.3000000119
8299  -44.357  -66.903  -8.429 0.3000000119
7615  -43.965  -68.482  -7.874 0.3000000119
10545  -28.795  -64.640  -7.080 0.5000000000
9722  -28.688  -65.201  -5.386 0.5000000000
12877  -22.001  -61.666  -5.037 0.5000000000
12129  -28.783  -61.647  -11.454 0.4000000060
12116  -28.617  -62.472  -10.814 0.5000000000
129531  -27.037  -63.971  -10.117 0.5000000000
10570  -24.476  -64.555  -8.688 0.5000000000
10558  -25.028  -65.197  -7.719 0.5000000000
9756  -25.324  -65.877  -7.494 0.5000000000
9773  -26.887  -65.899  -8.418 0.5000000000
7616  -44.534  -68.043  -7.559 0.3000000119
9763  -45.377  -65.896  -7.589 0.3000000119
8988  -46.088  -66.119  -7.222 0.3000000119
8283  -45.226  -67.008  -7.590 0.3000000119
112221  -45.469  -66.470  -7.517 0.3000000119
23035  -31.322  -48.090  2.192 0.3000000119
6426  -40.623  -70.587  -8.831 0.3000000119
7009  -44.089  -69.077  -5.564 0.3000000119
7017  -43.864  -69.099  -6.417 0.3000000119
7049  -40.764  -69.634  -9.939 0.4000000060
7617  -45.045  -67.615  -7.267 0.3000000119
7637  -42.642  -68.178  -9.658 0.4000000060
7667  -40.541  -68.162  -10.565 0.5000000000
8188  -36.422  -66.962  -1.989 0.6000000238
8189  -37.139  -67.011  -2.016 0.6000000238
8194  -34.494  -67.328  -2.791 0.6000000238
8197  -37.584  -67.207  -2.768 0.5000000000
8208  -34.124  -67.594  -4.077 0.6000000238
8210  -35.502  -67.362  -3.631 0.5000000000
8213  -38.421  -67.337  -3.336 0.5000000000
8244  -34.004  -67.190  -5.700 0.5000000000
8246  -36.366  -67.249  -5.395 0.5000000000
8248  -38.189  -67.536  -5.442 0.5000000000
8259  -34.163  -66.756  -6.417 0.6000000238
8262  -37.344  -67.216  -6.416 0.5000000000
8282  -44.752  -67.294  -7.880 0.3000000119
8296  -40.438  -66.860  -8.940 0.4000000060
8298  -43.509  -67.263  -9.188 0.4000000060
8300  -44.862  -66.486  -7.893 0.3000000119
8347  -38.660  -67.387  -12.854 0.5000000000
8358  -36.898  -67.036  -13.420 0.5000000000
8886  -32.866  -66.050  -0.960 0.6000000238
8891  -37.068  -66.195  -0.820 0.5000000000
8900  -32.658  -66.308  -1.702 0.6000000238
8901  -34.735  -66.688  -1.450 0.6000000238
8916  -38.766  -66.805  -2.127 0.5000000000
8932  -26.992  -66.027  -3.840 0.6000000238
8937  -41.916  -65.818  -3.784 0.4000000060
8949  -26.765  -66.633  -5.135 0.6000000238
8952  -32.281  -66.464  -4.638 0.6000000238
8969  -27.365  -66.671  -5.904 0.5000000000
8996  -34.489  -66.199  -7.117 0.5000000000
9002  -44.270  -66.362  -8.278 0.3000000119
9022  -37.777  -66.094  -9.362 0.6000000238
9024  -39.552  -66.762  -10.216 0.5000000000
9033  -39.531  -66.827  -10.859 0.5000000000
9053  -38.040  -66.165  -13.034 0.5000000000
9598  -34.795  -64.970  1.198 0.6000000238
9611  -33.489  -65.437  0.420 0.5000000000
9612  -37.017  -65.231  0.455 0.5000000000
9624  -24.634  -65.147  -0.762 0.6000000238
9627  -32.443  -65.554  -0.500 0.5000000000
9658  -23.728  -65.173  -2.228 0.4000000060
9664  -41.698  -65.599  -2.933 0.4000000060
9699  -24.549  -65.377  -4.008 0.5000000000
9701  -28.283  -65.718  -4.799 0.6000000238
9705  -42.714  -65.539  -4.293 0.4000000060
9757  -26.309  -66.306  -7.717 0.5000000000
9761  -34.593  -65.435  -7.667 0.6000000238
9775  -28.452  -65.059  -7.825 0.5000000000
9777  -35.727  -65.425  -8.543 0.6999999881
9812  -36.992  -65.212  -11.425 0.8000000119
9840  -37.334  -65.784  -13.193 0.5000000000
10387  -33.039  -64.245  2.543 0.5000000000
10414  -36.915  -63.909  1.492 0.6000000238
10426  -26.811  -64.160  0.886 0.6000000238
10427  -27.760  -64.203  0.674 0.6000000238
10430  -30.516  -64.026  0.181 0.6000000238
10435  -38.685  -64.866  0.270 0.5000000000
10442  -23.597  -64.244  -0.618 0.5000000000
10444  -25.148  -64.652  0.047 0.6999999881
10449  -30.494  -64.128  -0.621 0.6000000238
10452  -41.083  -64.250  -0.356 0.4000000060
10453  -41.784  -64.023  -0.747 0.5000000000
10464  -30.253  -64.139  -1.328 0.6000000238
10496  -30.124  -64.180  -3.612 0.6999999881
10498  -31.250  -64.248  -3.631 0.6000000238
10528  -29.163  -64.599  -4.968 0.6999999881
10546  -32.225  -64.081  -6.364 0.6999999881
10547  -32.882  -64.370  -6.677 0.6000000238
10572  -27.475  -65.293  -8.917 0.5000000000
10576  -34.419  -63.961  -8.355 0.6000000238
10591  -36.214  -64.850  -9.991 0.6999999881
10617  -36.233  -64.871  -12.585 0.6000000238
11157  -29.924  -62.980  3.306 0.6000000238
11158  -30.750  -63.142  3.410 0.5000000000
11159  -33.717  -62.972  3.144 0.5000000000
11178  -30.463  -63.495  2.782 0.6000000238
11184  -36.286  -63.415  1.841 0.6000000238
11196  -29.092  -63.571  1.435 0.6000000238
11203  -25.318  -63.607  0.681 0.6000000238
11217  -23.867  -63.483  -0.273 0.5000000000
11225  -22.501  -63.321  -1.261 0.5000000000
11291  -32.208  -63.464  -6.846 0.6000000238
11298  -29.684  -63.430  -7.397 0.5000000000
11312  -34.375  -63.425  -8.924 0.6000000238
11320  -28.426  -63.816  -9.712 0.5000000000
11321  -30.172  -62.508  -9.048 0.5000000000
11324  -35.115  -63.863  -9.978 0.6999999881
11342  -25.572  -62.578  -11.500 0.5000000000
11344  -34.699  -63.366  -11.196 0.6999999881
11921  -31.114  -62.547  3.629 0.5000000000
11935  -27.614  -62.486  2.403 0.6000000238
11936  -28.260  -62.309  2.794 0.6000000238
11937  -29.126  -62.629  3.078 0.6000000238
11940  -34.973  -62.909  2.448 0.4000000060
11941  -35.791  -62.821  2.011 0.6000000238
11955  -25.594  -62.649  0.980 0.6000000238
11969  -42.866  -61.976  -0.023 0.4000000060
11970  -43.611  -62.052  -0.339 0.4000000060
11978  -23.018  -62.223  -1.151 0.5000000000
11982  -34.854  -62.853  -1.619 0.5000000000
12002  -35.218  -62.857  -2.364 0.4000000060
12003  -36.021  -62.992  -2.714 0.4000000060
12078  -22.779  -62.534  -7.675 0.5000000000
12080  -31.340  -62.877  -7.781 0.6000000238
12094  -32.370  -62.794  -8.266 0.6000000238
12105  -32.328  -62.234  -9.025 0.5000000000
12118  -33.509  -62.351  -10.526 0.6000000238
12130  -33.599  -62.498  -11.374 0.6000000238
12132  -34.548  -63.568  -11.837 0.6000000238
12150  -33.535  -63.394  -12.699 0.5000000000
12725  -28.814  -61.011  3.341 0.6000000238
12726  -29.431  -61.473  3.522 0.6000000238
12727  -30.089  -61.788  3.730 0.6000000238
12728  -30.695  -61.987  3.693 0.6000000238
12734  -27.578  -61.774  2.513 0.6000000238
12737  -32.065  -61.343  2.569 0.6000000238
12744  -26.995  -61.167  1.944 0.6000000238
12748  -35.398  -62.287  1.290 0.5000000000
12756  -25.981  -61.805  1.011 0.5000000000
12758  -26.742  -60.731  0.969 0.6000000238
12765  -39.839  -61.131  0.167 0.5000000000
12776  -26.154  -61.104  0.048 0.5000000000
12779  -34.945  -62.357  0.131 0.5000000000
12781  -38.471  -61.440  -0.129 0.4000000060
12797  -25.380  -61.179  -1.173 0.6000000238
12817  -22.261  -61.736  -2.559 0.5000000000
12818  -23.037  -61.426  -2.472 0.6000000238
12819  -24.546  -61.342  -2.483 0.6000000238
12820  -25.335  -61.317  -2.168 0.6000000238
12822  -26.809  -60.985  -1.925 0.6000000238
12839  -21.382  -61.954  -3.646 0.5000000000
12841  -24.793  -61.407  -3.514 0.6000000238
12843  -26.370  -61.379  -3.574 0.6000000238
12844  -26.861  -60.985  -3.484 0.6999999881
12860  -22.479  -61.263  -4.386 0.6000000238
12864  -26.647  -60.911  -4.698 0.6999999881
12878  -22.788  -61.093  -5.065 0.5000000000
12879  -23.504  -60.835  -5.463 0.6000000238
12881  -25.467  -61.225  -4.835 0.6999999881
12898  -25.456  -60.657  -6.171 0.6000000238
12899  -26.548  -60.693  -5.811 0.6999999881
12900  -27.236  -60.636  -6.399 0.6000000238
12913  -25.898  -60.770  -7.483 0.6000000238
12915  -27.692  -60.819  -7.247 0.6000000238
12975  -29.294  -61.040  -11.843 0.4000000060
12977  -31.560  -61.452  -11.242 0.5000000000
12993  -32.104  -61.974  -11.921 0.5000000000
12994  -32.415  -62.380  -12.461 0.5000000000
13002  -32.483  -62.700  -13.131 0.5000000000
13505  -27.120  -60.336  -0.049 0.6000000238
13524  -27.564  -60.215  -2.272 0.6000000238
13543  -27.721  -60.174  -3.162 0.6000000238
13574  -28.004  -60.137  -4.810 0.6999999881
13582  -27.697  -60.512  -6.029 0.6999999881
13583  -28.224  -60.216  -5.670 0.6999999881
13584  -29.492  -59.215  -5.657 0.6000000238
13592  -28.991  -59.824  -6.218 0.6999999881
13606  -27.107  -60.838  -8.811 0.5000000000
13609  -29.543  -59.751  -8.064 0.6999999881
13623  -26.767  -60.521  -9.531 0.5000000000
13624  -27.709  -60.372  -9.394 0.5000000000
13625  -28.540  -60.161  -9.217 0.6999999881
13642  -27.424  -59.784  -10.241 0.5000000000
14244  -27.432  -60.039  -0.848 0.6000000238
14273  -28.847  -58.912  -3.257 0.6999999881
14318  -28.757  -59.716  -5.279 0.6999999881
14319  -30.147  -58.695  -6.030 0.6000000238
14336  -30.339  -58.787  -7.576 0.6000000238
14345  -29.259  -59.710  -8.945 0.6999999881
14346  -29.803  -59.185  -8.708 0.6999999881
14363  -29.016  -59.366  -9.834 0.6999999881
14381  -28.280  -59.113  -10.368 0.6000000238
14939  -28.239  -58.243  0.602 0.5000000000
14950  -28.061  -58.520  -0.264 0.6999999881
14971  -29.279  -58.180  -2.886 0.5000000000
14983  -29.615  -58.250  -3.656 0.5000000000
14984  -30.085  -57.847  -4.151 0.6000000238
15010  -29.917  -58.604  -5.248 0.6000000238
15011  -30.453  -58.111  -5.603 0.6000000238
15026  -30.457  -58.300  -7.918 0.6000000238
15045  -29.791  -58.455  -9.191 0.6000000238
15061  -28.851  -58.512  -10.252 0.6999999881
15062  -29.355  -58.710  -9.764 0.6999999881
15072  -27.148  -58.296  -11.067 0.5000000000
15736  -29.139  -56.973  -0.903 0.5000000000
15764  -29.749  -57.464  -2.659 0.5000000000
15783  -26.311  -57.143  -4.968 0.5000000000
15784  -30.635  -57.459  -5.239 0.6000000238
15792  -25.734  -57.583  -5.445 0.5000000000
15794  -26.842  -57.202  -5.619 0.5000000000
15804  -26.058  -57.718  -6.044 0.5000000000
15805  -26.768  -57.498  -6.112 0.5000000000
15806  -30.821  -57.569  -6.599 0.6000000238
15819  -25.542  -57.295  -6.863 0.5000000000
15820  -26.403  -57.420  -6.870 0.6000000238
15822  -30.173  -57.368  -8.407 0.6000000238
15823  -30.510  -57.695  -7.878 0.6000000238
15842  -26.807  -57.215  -7.833 0.6000000238
15845  -29.677  -57.605  -9.072 0.6000000238
15859  -27.298  -57.107  -10.487 0.6999999881
15860  -28.838  -57.547  -9.726 0.6999999881
15867  -25.102  -56.869  -10.873 0.6000000238
15868  -26.838  -57.358  -10.908 0.6999999881
15870  -28.517  -57.889  -10.414 0.6999999881
16526  -29.791  -56.450  -0.565 0.5000000000
16539  -18.971  -56.724  -1.795 0.5000000000
16540  -19.927  -56.801  -1.839 0.5000000000
16541  -20.835  -56.704  -1.848 0.5000000000
16558  -20.359  -56.942  -2.003 0.5000000000
16559  -21.289  -56.765  -2.108 0.5000000000
16560  -22.197  -56.460  -2.319 0.5000000000
16563  -30.361  -56.173  -2.086 0.5000000000
16572  -21.795  -56.639  -2.710 0.5000000000
16574  -23.708  -56.564  -3.163 0.5000000000
16575  -24.427  -56.547  -3.632 0.4000000060
16582  -22.239  -56.556  -3.548 0.5000000000
16585  -25.024  -57.046  -4.286 0.5000000000
16586  -25.680  -56.936  -4.436 0.5000000000
16596  -24.354  -56.986  -4.865 0.5000000000
16599  -27.355  -56.691  -6.067 0.6000000238
16618  -27.956  -56.645  -6.817 0.6000000238
16643  -22.662  -55.874  -7.190 0.6000000238
16645  -25.027  -56.616  -7.824 0.6000000238
16647  -28.071  -56.887  -7.437 0.6000000238
16649  -29.782  -56.874  -8.454 0.6000000238
16666  -23.517  -55.944  -8.732 0.6000000238
16673  -22.852  -56.260  -9.313 0.6000000238
16675  -24.501  -56.188  -9.785 0.5000000000
16676  -25.206  -56.247  -9.567 0.5000000000
16679  -28.416  -57.158  -9.559 0.6999999881
16683  -25.782  -56.598  -10.347 0.5000000000
17353  -19.536  -56.207  -1.511 0.5000000000
17366  -22.457  -56.119  -2.078 0.5000000000
17367  -24.034  -56.031  -2.724 0.5000000000
17378  -24.677  -56.240  -3.505 0.5000000000
17380  -30.488  -55.612  -3.043 0.6999999881
17393  -30.004  -55.400  -4.428 0.6999999881
17394  -30.406  -56.049  -4.508 0.6999999881
17405  -26.086  -55.990  -4.650 0.4000000060
17406  -26.684  -56.348  -5.425 0.5000000000
17428  -29.812  -55.619  -6.864 0.6000000238
17429  -30.443  -56.123  -6.466 0.6000000238
18159  -30.765  -54.411  -0.685 0.5000000000
18183  -22.371  -55.495  -2.116 0.5000000000
18184  -23.209  -55.795  -2.396 0.5000000000
18186  -30.057  -54.682  -2.793 0.6999999881
18187  -30.643  -55.002  -2.551 0.6999999881
18197  -21.975  -54.646  -2.588 0.5000000000
18213  -23.187  -54.513  -3.520 0.5000000000
18215  -25.319  -55.702  -4.010 0.4000000060
18233  -23.969  -54.138  -5.114 0.4000000060
18236  -29.597  -55.027  -5.706 0.6999999881
18251  -25.316  -54.266  -7.242 0.5000000000
18254  -27.925  -54.209  -7.120 0.6000000238
19038  -29.688  -53.279  -0.521 0.5000000000
19085  -22.290  -54.253  -3.479 0.4000000060
19086  -27.603  -53.589  -3.010 0.5000000000
19129  -22.547  -53.075  -6.096 0.3000000119
19130  -23.511  -53.505  -6.380 0.3000000119
19132  -28.434  -53.766  -5.793 0.6999999881
19141  -24.386  -53.804  -6.998 0.5000000000
19143  -27.536  -53.446  -7.136 0.6000000238
19152  -25.831  -53.441  -8.511 0.5000000000
19153  -26.416  -53.455  -8.170 0.5000000000
19892  -27.658  -52.206  -0.719 0.5000000000
19893  -28.287  -52.512  -0.347 0.5000000000
19946  -26.549  -52.183  -5.147 0.5000000000
19947  -27.001  -52.890  -4.603 0.6000000238
19962  -26.683  -52.428  -7.864 0.5000000000
19969  -23.607  -52.497  -7.806 0.3000000119
19970  -25.656  -51.973  -8.967 0.4000000060
20680  -27.765  -51.129  0.136 0.4000000060
20681  -28.190  -51.537  0.631 0.4000000060
20702  -27.063  -51.832  -1.183 0.5000000000
20714  -25.981  -51.611  -2.566 0.5000000000
20725  -25.653  -50.927  -4.315 0.4000000060
20738  -25.878  -50.892  -5.521 0.4000000060
20750  -21.494  -51.663  -6.206 0.3000000119
20763  -25.668  -50.889  -8.862 0.3000000119
21490  -30.111  -50.134  2.265 0.4000000060
21508  -27.519  -50.631  -0.397 0.4000000060
21528  -22.311  -50.476  0.403 0.3000000119
21540  -21.401  -50.460  -0.798 0.3000000119
21541  -26.705  -50.349  -1.614 0.5000000000
21575  -18.733  -50.894  -4.933 0.3000000119
21576  -19.365  -50.710  -5.263 0.4000000060
21577  -26.161  -49.989  -6.457 0.3000000119
21585  -22.835  -51.391  -6.757 0.3000000119
21586  -23.834  -49.867  -6.942 0.3000000119
21594  -25.231  -50.147  -8.639 0.3000000119
22326  -18.602  -50.028  -0.837 0.3000000119
22341  -18.160  -49.245  -1.215 0.3000000119
22343  -20.786  -49.704  -1.586 0.3000000119
22356  -26.419  -49.895  -2.228 0.4000000060
22366  -26.040  -49.181  -3.706 0.3000000119
22371  -16.882  -49.325  -4.522 0.3000000119
22373  -19.173  -49.518  -4.464 0.4000000060
22383  -20.531  -49.682  -5.396 0.4000000060
22392  -22.131  -49.326  -6.148 0.3000000119
22395  -25.834  -48.787  -7.678 0.3000000119
22396  -26.185  -49.049  -7.465 0.3000000119
22401  -24.624  -49.776  -8.052 0.3000000119
23013  -32.799  -48.651  2.714 0.3000000119
23034  -30.587  -48.663  1.982 0.3000000119
23048  -28.597  -48.917  0.138 0.3000000119
23058  -22.795  -48.710  -1.208 0.3000000119
23073  -17.765  -48.685  -1.789 0.4000000060
23085  -16.474  -48.096  -2.811 0.3000000119
23086  -17.446  -48.238  -2.549 0.3000000119
23087  -18.973  -48.170  -2.636 0.3000000119
23103  -17.069  -47.913  -4.192 0.3000000119
23105  -19.986  -48.472  -3.025 0.4000000060
23107  -21.944  -47.921  -2.806 0.4000000060
23114  -18.575  -48.785  -3.856 0.4000000060
23117  -21.286  -48.296  -4.233 0.4000000060
23118  -26.211  -48.199  -5.012 0.3000000119
23127  -21.371  -48.438  -5.431 0.4000000060
23143  -21.594  -48.730  -5.821 0.3000000119
23845  -23.747  -47.644  -1.040 0.3000000119
23854  -16.255  -47.764  -3.718 0.3000000119
23855  -17.128  -47.914  -3.348 0.3000000119
23856  -18.178  -47.945  -3.056 0.4000000060
23867  -17.559  -47.923  -3.695 0.4000000060
23869  -19.313  -48.448  -3.290 0.4000000060
23878  -21.263  -48.359  -4.892 0.4000000060
23895  -26.333  -47.501  -5.401 0.3000000119
23913  -24.425  -47.597  -6.583 0.3000000119
23915  -25.951  -47.057  -6.580 0.3000000119
23916  -26.221  -47.249  -6.202 0.3000000119
24730  -26.592  -46.514  -4.701 0.3000000119
24746  -21.606  -46.150  -5.870 0.4000000060
24760  -22.458  -46.747  -6.173 0.3000000119
25617  -26.839  -45.267  -4.047 0.3000000119
110491  -23.960  -61.546  -8.151 0.5000000000
111391  -26.911  -65.777  -3.156 0.6000000238
111409  -26.478  -46.148  -5.316 0.3000000119
111738  -33.477  -62.644  -9.058 0.6000000238
112711  -20.183  -48.760  -3.459 0.4000000060
113336  -24.529  -64.909  -7.985 0.5000000000
114388  -24.373  -60.781  -5.053 0.6000000238
114422  -26.526  -60.871  -8.198 0.5000000000
114744  -29.724  -56.564  0.943 0.5000000000
114791  -27.407  -63.482  -10.545 0.5000000000
115182  -21.451  -45.555  -5.099 0.3000000119
116182  -30.423  -56.821  -3.547 0.6000000238
116203  -30.660  -58.221  -6.365 0.6000000238
116287  -27.178  -60.492  -0.922 0.6000000238
116299  -30.907  -50.107  2.525 0.4000000060
117290  -25.266  -60.714  -6.939 0.6000000238
117388  -25.404  -61.465  -4.170 0.6000000238
117708  -22.826  -50.027  -6.479 0.3000000119
118402  -39.439  -67.551  -6.200 0.4000000060
118911  -29.070  -63.274  2.072 0.6000000238
119064  -25.997  -61.427  -2.910 0.6000000238
119309  -26.437  -51.260  -7.304 0.4000000060
119421  -29.977  -59.191  -7.990 0.6999999881
119432  -20.103  -50.490  -5.584 0.4000000060
120295  -34.817  -65.773  -0.207 0.6000000238
120454  -25.903  -60.920  -5.579 0.6000000238
120756  -30.761  -63.991  1.098 0.6000000238
121299  -23.246  -47.329  -6.326 0.3000000119
121855  -24.204  -62.584  -0.069 0.5000000000
122668  -42.847  -69.657  -6.935 0.3000000119
123035  -30.861  -54.906  -2.000 0.6999999881
123038  -30.744  -57.439  -7.284 0.6000000238
123303  -26.051  -65.486  -1.639 0.5000000000
123576  -38.137  -67.350  -6.678 0.5000000000
123597  -32.549  -63.294  3.348 0.5000000000
123836  -27.029  -44.633  -3.508 0.3000000119
123993  -29.913  -61.125  3.533 0.6000000238
124053  -31.659  -63.168  3.493 0.6000000238
124207  -38.952  -66.474  -11.998 0.6000000238
124602  -27.313  -60.360  1.724 0.6000000238
124755  -28.065  -64.426  -0.205 0.5000000000
125680  -26.241  -56.664  -8.621 0.6000000238
125726  -34.079  -67.532  -3.357 0.6000000238
125879  -23.710  -56.628  -5.723 0.5000000000
126428  -29.236  -62.456  -10.295 0.4000000060
126744  -44.740  -68.196  -6.927 0.3000000119
127076  -30.515  -56.672  -4.166 0.6000000238
127466  -26.350  -46.168  -5.886 0.3000000119
127584  -28.797  -54.321  -5.074 0.6999999881
127681  -29.446  -59.677  -6.763 0.6999999881
127790  -28.022  -60.844  -7.875 0.6999999881
128338  -19.374  -50.262  -0.935 0.3000000119
128345  -23.239  -50.634  -6.866 0.3000000119
128505  -23.028  -61.201  -3.366 0.6000000238
128521  -21.207  -56.254  -1.655 0.5000000000
128661  -32.186  -66.552  -3.839 0.6000000238
128862  -24.073  -62.045  -0.440 0.5000000000
128874  -26.498  -56.918  -10.656 0.6999999881
129003  -24.937  -51.834  -9.109 0.4000000060
129665  -35.713  -64.777  1.283 0.6000000238
129874  -33.214  -62.967  3.306 0.5000000000
130227  -31.209  -64.393  -2.753 0.6999999881
130690  -21.171  -48.542  -2.615 0.3000000119
130937  -23.339  -54.165  -4.407 0.4000000060
131018  -26.023  -49.155  -8.037 0.3000000119
131106  -38.890  -68.421  -12.294 0.4000000060
131240  -20.512  -50.964  -5.893 0.4000000060
131287  -34.432  -67.492  -4.612 0.5000000000
131722  -26.716  -63.635  1.388 0.6000000238
131905  -33.025  -67.316  -3.588 0.6000000238
132886  -26.754  -60.635  -6.407 0.6000000238
133396  -30.323  -63.757  1.450 0.6000000238
133641  -30.095  -63.977  -0.306 0.6000000238
