#!ascii label  , from subject sub-v2s4x29598_ses-1 vox2ras=TkReg
1123
50363  10.999  -11.945  78.517 0.0000000000
43949  1.908  -19.301  60.733 0.0000000000
46681  3.296  -16.684  77.026 0.0000000000
51236  3.404  -11.206  72.356 0.0000000000
53245  0.508  -10.041  66.038 0.0000000000
48605  7.260  -14.975  79.663 0.0000000000
51217  6.826  -11.271  77.260 0.0000000000
111338  14.538  -14.838  76.389 0.0000000000
44717  10.683  -18.748  77.829 0.0000000000
120094  5.331  -19.951  77.129 0.0000000000
55987  0.891  -6.413  74.174 0.0000000000
51259  -0.876  -11.561  69.388 0.0000000000
58005  -0.415  -5.134  70.366 0.0000000000
45718  -0.691  -17.662  73.165 0.0000000000
115333  1.236  -15.986  69.975 0.0000000000
50391  3.919  -13.444  74.464 0.0000000000
54148  3.784  -7.638  76.098 0.0000000000
48700  4.887  -15.549  66.054 0.0000000000
48722  -0.525  -14.382  63.620 0.0000000000
52285  -1.135  -11.477  59.555 0.0000000000
55130  3.039  -7.627  63.485 0.0000000000
48602  9.381  -13.944  79.183 0.0000000000
51208  8.449  -12.011  78.474 0.0000000000
49516  13.179  -13.361  77.677 0.0000000000
45699  12.567  -17.412  77.374 0.0000000000
111672  10.863  -15.991  78.883 0.0000000000
45688  8.457  -17.283  79.229 0.0000000000
56957  -0.573  -5.528  72.163 0.0000000000
46691  1.545  -16.844  74.858 0.0000000000
48639  1.916  -15.527  74.062 0.0000000000
48628  3.288  -15.393  75.246 0.0000000000
55023  6.650  -7.817  77.592 0.0000000000
53174  5.455  -8.724  76.652 0.0000000000
43833  3.522  -18.105  77.495 0.0000000000
42974  2.755  -19.984  75.968 0.0000000000
44722  1.811  -18.162  76.109 0.0000000000
43858  -0.261  -19.101  74.240 0.0000000000
127257  4.192  -13.732  70.787 0.0000000000
46733  3.695  -15.957  68.309 0.0000000000
49561  4.012  -13.594  69.229 0.0000000000
52212  -0.376  -10.539  67.704 0.0000000000
49597  -0.373  -13.516  66.293 0.0000000000
51285  -0.695  -11.958  64.454 0.0000000000
49624  -1.670  -13.053  61.517 0.0000000000
53262  -0.676  -10.664  63.512 0.0000000000
133859  5.431  -16.567  77.513 0.0000000000
49520  5.137  -14.615  76.606 0.0000000000
49512  6.798  -13.693  78.321 0.0000000000
53162  7.903  -9.344  77.605 0.0000000000
46689  15.670  -16.128  75.217 0.0000000000
44732  13.768  -17.789  73.153 0.0000000000
44725  14.167  -18.049  75.248 0.0000000000
42977  11.337  -20.250  75.225 0.0000000000
42955  7.988  -19.624  77.553 0.0000000000
44702  6.395  -17.932  78.967 0.0000000000
52173  1.025  -9.662  73.808 0.0000000000
50408  1.018  -12.018  71.039 0.0000000000
53198  -0.498  -9.105  71.999 0.0000000000
54187  -0.493  -8.693  70.397 0.0000000000
55094  0.356  -7.526  69.119 0.0000000000
52151  13.342  -10.464  78.054 0.0000000000
47652  18.964  -14.983  72.826 0.0000000000
120994  19.459  -11.274  73.562 0.0000000000
128037  16.294  -13.375  75.896 0.0000000000
50368  14.723  -11.986  76.930 0.0000000000
44740  -2.344  -18.707  71.217 0.0000000000
45758  -0.573  -17.936  69.334 0.0000000000
46712  0.188  -16.984  71.780 0.0000000000
114222  2.436  -14.878  72.454 0.0000000000
50401  4.482  -11.560  73.087 0.0000000000
50384  5.330  -12.584  75.842 0.0000000000
51227  5.594  -10.399  74.743 0.0000000000
52172  3.026  -9.759  74.259 0.0000000000
113285  1.757  -7.316  75.188 0.0000000000
114112  0.322  -17.535  67.406 0.0000000000
46765  2.164  -17.399  65.565 0.0000000000
122694  3.939  -17.099  62.086 0.0000000000
49589  1.018  -13.598  67.683 0.0000000000
48712  2.150  -15.003  64.283 0.0000000000
46801  2.301  -16.054  60.592 0.0000000000
47837  -0.112  -15.112  59.903 0.0000000000
48754  -0.947  -13.854  57.766 0.0000000000
58024  -0.095  -4.424  68.522 0.0000000000
57010  1.953  -5.867  67.755 0.0000000000
118254  1.766  -5.100  64.743 0.0000000000
54233  1.620  -8.571  64.610 0.0000000000
53282  1.417  -9.705  61.661 0.0000000000
121211  10.544  -12.874  78.946 0.0000000000
51206  10.008  -11.129  78.004 0.0000000000
52142  10.712  -10.395  77.957 0.0000000000
49509  11.771  -13.136  78.265 0.0000000000
48615  12.265  -14.451  78.183 0.0000000000
49510  11.100  -13.481  78.803 0.0000000000
48610  10.138  -14.597  79.234 0.0000000000
43089  0.643  -20.593  59.968 0.0000000000
44897  1.462  -18.674  59.156 0.0000000000
46684  2.468  -16.709  75.876 0.0000000000
47639  2.699  -16.181  75.357 0.0000000000
47635  3.411  -16.304  76.240 0.0000000000
45723  14.457  -16.421  72.166 0.0000000000
44713  3.363  -17.347  77.527 0.0000000000
44718  2.874  -17.883  77.126 0.0000000000
119941  2.345  -17.599  76.653 0.0000000000
45705  1.909  -17.360  76.013 0.0000000000
50405  4.114  -12.718  71.163 0.0000000000
50420  4.266  -13.159  70.121 0.0000000000
50406  3.534  -12.269  70.953 0.0000000000
53236  0.025  -10.475  66.348 0.0000000000
52222  -0.414  -11.265  66.094 0.0000000000
52229  -0.520  -11.385  64.872 0.0000000000
52242  -1.128  -11.466  63.651 0.0000000000
53254  -0.028  -10.359  64.638 0.0000000000
130634  6.564  -16.193  78.683 0.0000000000
48612  6.552  -15.136  78.294 0.0000000000
48606  7.154  -14.713  79.187 0.0000000000
52146  8.291  -10.574  77.962 0.0000000000
54127  8.355  -7.864  77.642 0.0000000000
47638  15.542  -15.332  75.842 0.0000000000
45708  15.131  -16.832  75.220 0.0000000000
126411  14.405  -16.603  76.187 0.0000000000
44716  11.443  -18.421  77.488 0.0000000000
44721  12.601  -18.650  76.588 0.0000000000
43844  10.769  -19.769  76.737 0.0000000000
43838  8.717  -19.447  77.697 0.0000000000
46670  7.352  -16.060  79.764 0.0000000000
44701  7.255  -17.984  79.093 0.0000000000
45684  6.594  -16.685  79.218 0.0000000000
45685  5.879  -16.921  78.358 0.0000000000
121890  0.379  -8.036  73.751 0.0000000000
52177  -0.170  -9.416  72.712 0.0000000000
112257  0.162  -8.014  73.202 0.0000000000
56971  -0.611  -5.951  71.369 0.0000000000
56022  -0.528  -6.898  71.459 0.0000000000
56032  -0.416  -6.550  70.534 0.0000000000
55090  -0.203  -7.759  69.884 0.0000000000
56041  -0.247  -6.370  70.122 0.0000000000
48625  17.226  -13.658  74.980 0.0000000000
45721  -1.103  -17.730  72.395 0.0000000000
45725  -1.197  -17.605  71.545 0.0000000000
46706  0.135  -16.879  72.503 0.0000000000
49539  2.757  -14.867  74.412 0.0000000000
48643  1.721  -15.519  73.409 0.0000000000
49538  3.367  -14.071  74.185 0.0000000000
49542  4.211  -12.817  72.787 0.0000000000
50395  4.510  -12.450  73.954 0.0000000000
50373  5.954  -13.405  77.406 0.0000000000
110941  5.421  -13.792  76.693 0.0000000000
51218  6.340  -11.817  76.844 0.0000000000
53175  4.782  -8.512  76.280 0.0000000000
52162  5.949  -9.587  76.099 0.0000000000
53185  4.401  -9.251  75.294 0.0000000000
52166  4.326  -9.624  74.482 0.0000000000
53181  3.365  -8.791  75.489 0.0000000000
53182  2.538  -8.456  75.310 0.0000000000
54149  3.027  -7.243  75.884 0.0000000000
43863  12.914  -18.983  72.711 0.0000000000
43865  12.382  -18.668  71.250 0.0000000000
125052  5.945  -20.641  76.075 0.0000000000
42014  5.693  -21.063  75.300 0.0000000000
42007  4.651  -20.449  76.020 0.0000000000
42975  2.047  -19.777  75.729 0.0000000000
42017  2.655  -20.758  74.819 0.0000000000
44730  -0.339  -18.342  74.091 0.0000000000
44734  -1.364  -18.766  73.118 0.0000000000
46724  0.204  -17.280  70.048 0.0000000000
46736  -0.017  -17.494  68.613 0.0000000000
126710  0.915  -16.733  68.876 0.0000000000
46741  4.565  -15.973  66.865 0.0000000000
46753  3.511  -16.735  66.471 0.0000000000
46763  4.676  -16.704  65.556 0.0000000000
45825  2.693  -17.509  63.753 0.0000000000
46772  4.561  -16.491  63.670 0.0000000000
50415  -0.277  -11.899  70.281 0.0000000000
49563  1.185  -13.132  69.065 0.0000000000
123525  -0.151  -12.975  68.349 0.0000000000
48706  -0.791  -14.017  65.134 0.0000000000
48705  0.148  -14.304  65.290 0.0000000000
47761  0.411  -14.811  63.685 0.0000000000
47778  2.464  -15.405  62.646 0.0000000000
47799  0.778  -15.110  62.157 0.0000000000
46818  0.551  -15.758  59.739 0.0000000000
116073  -0.444  -14.823  61.518 0.0000000000
121264  -1.473  -12.382  60.441 0.0000000000
131258  -1.429  -13.250  59.968 0.0000000000
50494  -1.453  -12.545  58.835 0.0000000000
59089  -0.494  -3.073  66.936 0.0000000000
57012  0.701  -4.870  68.212 0.0000000000
58032  0.740  -4.496  67.061 0.0000000000
56102  2.021  -5.709  62.627 0.0000000000
132645  2.810  -6.374  63.913 0.0000000000
56059  2.955  -6.627  65.317 0.0000000000
54231  2.940  -8.049  63.849 0.0000000000
111135  1.152  -9.469  63.354 0.0000000000
54250  2.525  -8.901  62.663 0.0000000000
48604  8.072  -14.304  79.311 0.0000000000
49506  7.726  -14.390  79.186 0.0000000000
49504  8.791  -13.054  78.730 0.0000000000
127800  13.944  -14.701  76.842 0.0000000000
110875  13.685  -16.018  77.034 0.0000000000
111195  13.014  -15.034  77.601 0.0000000000
47629  12.055  -15.878  78.188 0.0000000000
45694  10.486  -17.457  78.495 0.0000000000
44709  9.434  -18.377  78.450 0.0000000000
46674  10.137  -16.155  79.141 0.0000000000
47616  8.939  -15.190  79.500 0.0000000000
57964  0.742  -4.810  73.762 0.0000000000
56001  -0.144  -6.298  72.888 0.0000000000
59028  0.232  -4.377  73.116 0.0000000000
118966  -0.264  -4.263  72.310 0.0000000000
59054  -0.568  -3.959  70.868 0.0000000000
122034  0.197  -17.269  74.046 0.0000000000
133266  0.544  -16.781  73.345 0.0000000000
47644  1.958  -16.329  74.678 0.0000000000
48633  2.440  -15.382  74.835 0.0000000000
49530  3.509  -14.782  75.064 0.0000000000
53164  6.669  -9.121  77.459 0.0000000000
117984  6.680  -9.934  77.319 0.0000000000
54140  6.123  -8.381  77.251 0.0000000000
54142  4.948  -7.375  77.007 0.0000000000
55030  4.386  -6.926  76.731 0.0000000000
120225  3.335  -6.722  76.119 0.0000000000
43832  4.627  -18.647  77.760 0.0000000000
42973  4.012  -20.126  76.336 0.0000000000
43840  3.006  -18.776  77.032 0.0000000000
43846  2.620  -19.217  76.245 0.0000000000
43852  1.392  -19.460  75.383 0.0000000000
43854  0.316  -19.152  74.782 0.0000000000
44727  0.733  -18.527  75.174 0.0000000000
116894  0.688  -17.864  75.099 0.0000000000
110424  3.588  -14.471  70.970 0.0000000000
47681  3.064  -15.541  69.720 0.0000000000
131567  3.854  -15.037  69.752 0.0000000000
47679  4.449  -14.627  68.723 0.0000000000
48676  4.322  -14.545  67.644 0.0000000000
51260  -0.881  -11.369  68.746 0.0000000000
50443  -0.483  -12.359  67.923 0.0000000000
50444  -0.400  -12.167  67.344 0.0000000000
49605  -0.886  -12.897  65.080 0.0000000000
49614  -1.322  -13.235  63.863 0.0000000000
48732  -1.372  -13.987  62.303 0.0000000000
122640  -1.601  -12.410  63.361 0.0000000000
123009  -1.445  -11.784  62.251 0.0000000000
127607  -0.824  -11.243  61.862 0.0000000000
56100  3.296  -7.104  62.312 0.0000000000
54249  3.127  -8.331  62.432 0.0000000000
54257  4.146  -8.213  61.071 0.0000000000
119275  3.921  -16.808  77.375 0.0000000000
48618  4.141  -15.831  76.329 0.0000000000
48614  5.282  -15.631  77.060 0.0000000000
49518  6.130  -13.892  77.968 0.0000000000
51214  6.946  -12.012  77.823 0.0000000000
50360  7.821  -12.682  78.460 0.0000000000
51210  7.586  -11.620  78.146 0.0000000000
52147  7.629  -10.407  77.784 0.0000000000
54134  7.281  -8.661  77.565 0.0000000000
46694  16.354  -16.028  74.231 0.0000000000
45719  14.820  -16.751  72.934 0.0000000000
45713  15.178  -16.942  74.462 0.0000000000
45704  13.621  -17.623  76.506 0.0000000000
43851  12.442  -19.465  75.383 0.0000000000
42984  12.153  -20.025  74.151 0.0000000000
125211  6.816  -20.432  76.417 0.0000000000
42963  6.626  -19.997  77.224 0.0000000000
44710  8.639  -18.467  78.550 0.0000000000
43824  6.974  -18.436  78.461 0.0000000000
43831  5.898  -19.147  77.950 0.0000000000
44704  5.220  -17.799  78.052 0.0000000000
120602  4.565  -17.202  77.655 0.0000000000
52179  1.511  -10.720  72.875 0.0000000000
51244  1.709  -11.523  71.612 0.0000000000
52180  0.657  -10.577  72.674 0.0000000000
51240  -0.311  -10.460  71.755 0.0000000000
52191  -0.827  -10.423  70.667 0.0000000000
54168  -0.216  -7.830  72.333 0.0000000000
54178  -0.560  -8.469  71.146 0.0000000000
52199  -0.733  -10.237  69.693 0.0000000000
53217  -0.251  -9.463  69.188 0.0000000000
54206  0.328  -9.590  68.055 0.0000000000
54205  0.722  -9.191  67.820 0.0000000000
52152  12.435  -10.670  78.170 0.0000000000
122049  17.734  -15.249  73.030 0.0000000000
52178  20.463  -10.616  72.078 0.0000000000
113105  19.789  -10.159  73.130 0.0000000000
50396  20.141  -11.960  72.990 0.0000000000
48640  19.188  -13.637  73.210 0.0000000000
47649  18.498  -14.720  73.407 0.0000000000
46698  17.134  -15.590  73.763 0.0000000000
114613  16.288  -14.748  75.649 0.0000000000
48619  15.674  -13.749  75.957 0.0000000000
50375  15.975  -12.030  76.197 0.0000000000
49523  14.924  -13.340  76.242 0.0000000000
49515  13.868  -13.032  77.157 0.0000000000
51212  13.342  -11.420  77.901 0.0000000000
46719  -0.448  -17.469  70.391 0.0000000000
124773  0.833  -16.387  71.527 0.0000000000
47655  1.129  -15.907  72.880 0.0000000000
48647  1.654  -15.507  72.587 0.0000000000
47661  1.963  -15.264  71.748 0.0000000000
48646  3.262  -14.131  72.218 0.0000000000
49547  4.198  -12.829  71.927 0.0000000000
51235  4.141  -11.411  72.608 0.0000000000
48622  4.390  -15.067  76.099 0.0000000000
111633  4.221  -14.303  75.417 0.0000000000
50390  4.711  -12.924  75.336 0.0000000000
51222  6.485  -10.587  76.571 0.0000000000
51225  5.767  -11.596  75.502 0.0000000000
50389  5.244  -11.940  74.983 0.0000000000
51230  4.877  -11.074  73.570 0.0000000000
52175  4.336  -10.578  73.469 0.0000000000
52176  3.446  -10.303  73.533 0.0000000000
53190  1.925  -9.616  74.201 0.0000000000
53188  1.023  -8.597  74.501 0.0000000000
55043  1.487  -6.695  74.909 0.0000000000
55974  2.701  -6.120  75.808 0.0000000000
55978  2.237  -5.757  75.593 0.0000000000
57953  1.536  -5.182  75.009 0.0000000000
42038  5.079  -21.299  73.801 0.0000000000
42008  3.909  -20.573  75.528 0.0000000000
131648  1.871  -16.860  67.585 0.0000000000
45791  1.098  -17.616  66.039 0.0000000000
45861  3.046  -17.915  61.265 0.0000000000
50423  1.856  -12.906  69.735 0.0000000000
123183  2.577  -13.634  68.354 0.0000000000
48688  3.578  -14.648  66.355 0.0000000000
48680  0.534  -13.952  67.031 0.0000000000
48689  2.202  -14.442  66.201 0.0000000000
48702  3.422  -14.962  65.408 0.0000000000
47777  3.917  -15.960  62.445 0.0000000000
47817  3.534  -16.355  61.457 0.0000000000
44895  2.728  -17.923  59.857 0.0000000000
46832  1.690  -16.977  59.284 0.0000000000
48744  -1.068  -13.931  60.591 0.0000000000
48749  -0.750  -14.333  59.151 0.0000000000
59064  -0.536  -3.826  69.908 0.0000000000
60031  -0.341  -2.692  68.547 0.0000000000
58017  -0.349  -4.678  69.773 0.0000000000
56990  0.495  -5.928  69.449 0.0000000000
56053  1.462  -6.486  68.420 0.0000000000
55106  1.588  -7.975  67.127 0.0000000000
125274  2.364  -5.470  66.542 0.0000000000
55105  2.213  -7.492  66.624 0.0000000000
54223  1.082  -8.913  65.815 0.0000000000
122601  0.529  -9.725  63.867 0.0000000000
53272  -0.016  -10.261  62.435 0.0000000000
52271  -0.258  -10.963  60.467 0.0000000000
115182  0.539  -10.093  60.000 0.0000000000
131746  10.704  -12.395  78.709 0.0000000000
131264  10.636  -11.344  78.193 0.0000000000
50362  11.876  -12.176  78.202 0.0000000000
126785  11.138  -12.663  78.566 0.0000000000
43958  1.338  -19.943  60.397 0.0000000000
43968  1.115  -19.634  59.511 0.0000000000
43967  1.852  -19.147  59.887 0.0000000000
46683  2.891  -16.672  76.530 0.0000000000
47636  2.932  -16.416  75.903 0.0000000000
46704  16.179  -16.009  72.643 0.0000000000
46710  14.981  -15.859  71.687 0.0000000000
46705  15.311  -16.167  72.440 0.0000000000
45696  3.279  -16.936  77.411 0.0000000000
45700  2.849  -17.201  77.145 0.0000000000
45701  2.506  -17.042  76.675 0.0000000000
51242  3.932  -11.819  71.834 0.0000000000
128872  -0.360  -10.926  65.596 0.0000000000
53246  -0.074  -10.513  65.284 0.0000000000
133918  -0.274  -10.635  64.665 0.0000000000
116433  0.324  -10.094  65.179 0.0000000000
47619  6.719  -15.854  79.091 0.0000000000
48607  6.827  -15.291  78.885 0.0000000000
113239  6.938  -15.287  79.398 0.0000000000
47632  14.733  -15.471  76.235 0.0000000000
46686  14.917  -16.101  75.918 0.0000000000
46682  14.287  -16.085  76.510 0.0000000000
43835  11.105  -19.138  77.201 0.0000000000
43836  10.321  -19.354  77.344 0.0000000000
43837  9.441  -19.560  77.465 0.0000000000
43827  9.923  -19.021  78.083 0.0000000000
47618  7.522  -15.323  79.869 0.0000000000
112990  6.862  -16.189  79.549 0.0000000000
46671  6.713  -16.151  79.380 0.0000000000
118560  6.447  -16.477  78.864 0.0000000000
54161  0.732  -7.419  74.058 0.0000000000
54165  0.332  -7.566  73.469 0.0000000000
121326  -0.568  -5.498  70.920 0.0000000000
112525  -0.574  -6.285  71.052 0.0000000000
56980  -0.438  -5.799  70.578 0.0000000000
131241  -0.355  -6.018  70.373 0.0000000000
46702  -0.366  -17.244  72.765 0.0000000000
49533  3.432  -14.446  74.694 0.0000000000
49537  3.901  -13.030  73.749 0.0000000000
50378  6.412  -12.469  77.358 0.0000000000
133120  4.435  -7.911  76.283 0.0000000000
53180  4.158  -8.871  75.942 0.0000000000
54154  3.090  -8.032  75.735 0.0000000000
42972  5.313  -20.290  76.408 0.0000000000
42006  5.268  -20.728  75.819 0.0000000000
42981  1.514  -20.234  75.008 0.0000000000
45714  -0.280  -17.698  73.801 0.0000000000
45715  -0.817  -18.257  73.490 0.0000000000
44737  -1.207  -18.139  72.951 0.0000000000
110936  0.652  -16.826  69.553 0.0000000000
46723  1.211  -16.353  69.363 0.0000000000
47730  4.886  -15.726  66.419 0.0000000000
46751  5.093  -16.218  66.040 0.0000000000
46762  5.271  -16.349  65.347 0.0000000000
45806  5.173  -16.623  64.737 0.0000000000
46771  5.117  -16.339  64.412 0.0000000000
50416  -0.739  -11.731  69.866 0.0000000000
50425  -0.238  -12.262  69.574 0.0000000000
50434  -0.411  -12.532  68.749 0.0000000000
48714  -0.235  -14.351  64.426 0.0000000000
47780  0.010  -14.926  62.971 0.0000000000
47779  1.086  -15.088  62.958 0.0000000000
47820  0.158  -15.130  61.430 0.0000000000
47800  -0.299  -14.958  62.218 0.0000000000
113844  -1.422  -11.943  60.028 0.0000000000
50489  -1.501  -12.422  59.631 0.0000000000
51321  -1.396  -11.973  59.161 0.0000000000
58044  -0.293  -3.658  66.800 0.0000000000
58043  0.094  -4.050  66.479 0.0000000000
56083  2.948  -7.082  63.025 0.0000000000
56084  2.649  -6.288  63.299 0.0000000000
56067  3.022  -6.874  63.870 0.0000000000
126553  3.016  -7.474  64.064 0.0000000000
54242  2.559  -8.557  63.418 0.0000000000
54241  2.978  -8.134  63.160 0.0000000000
48603  8.710  -14.453  79.313 0.0000000000
112892  8.608  -13.806  78.987 0.0000000000
132708  9.032  -13.432  78.983 0.0000000000
47634  13.411  -14.627  77.246 0.0000000000
124461  12.999  -14.279  77.825 0.0000000000
47622  11.385  -15.404  78.587 0.0000000000
46680  11.383  -16.310  78.377 0.0000000000
45693  11.269  -17.157  78.253 0.0000000000
46673  10.695  -16.682  78.739 0.0000000000
47624  9.764  -15.340  79.296 0.0000000000
48611  9.379  -14.696  79.325 0.0000000000
47617  8.163  -14.925  79.696 0.0000000000
59991  0.030  -3.630  71.970 0.0000000000
59047  -0.482  -4.090  71.554 0.0000000000
118432  -0.177  -3.481  71.180 0.0000000000
46692  0.869  -17.133  74.350 0.0000000000
46695  1.396  -16.621  74.186 0.0000000000
48629  2.775  -15.669  75.068 0.0000000000
47643  2.393  -15.844  74.904 0.0000000000
49531  2.931  -15.312  74.915 0.0000000000
54135  6.639  -8.558  77.471 0.0000000000
54136  6.071  -7.786  77.412 0.0000000000
55025  5.382  -7.350  77.350 0.0000000000
117602  4.380  -6.447  76.801 0.0000000000
133880  4.123  -18.238  77.753 0.0000000000
111183  3.930  -18.923  77.284 0.0000000000
127056  2.407  -18.417  76.529 0.0000000000
43847  1.871  -19.003  76.018 0.0000000000
43848  1.273  -18.689  75.621 0.0000000000
45706  1.342  -17.375  75.364 0.0000000000
45710  0.923  -17.365  74.844 0.0000000000
45711  0.219  -17.689  74.497 0.0000000000
47669  3.285  -15.036  70.366 0.0000000000
48649  4.238  -14.356  70.158 0.0000000000
49560  4.298  -13.545  69.732 0.0000000000
48656  4.430  -14.076  69.549 0.0000000000
49574  4.341  -14.037  69.070 0.0000000000
48667  4.343  -14.436  68.384 0.0000000000
49575  4.108  -14.018  68.496 0.0000000000
117543  -0.668  -10.866  68.155 0.0000000000
51265  -0.660  -11.474  67.765 0.0000000000
51274  -0.422  -11.650  66.787 0.0000000000
124804  -0.461  -11.688  65.274 0.0000000000
50456  -0.546  -12.354  65.282 0.0000000000
50462  -0.895  -12.559  64.427 0.0000000000
49609  -1.097  -12.891  64.413 0.0000000000
127176  -1.751  -12.883  63.224 0.0000000000
50468  -1.151  -12.222  63.873 0.0000000000
52249  -1.092  -11.085  63.218 0.0000000000
52250  -1.383  -11.579  62.996 0.0000000000
113647  -1.170  -11.354  62.454 0.0000000000
53273  -0.694  -10.773  62.634 0.0000000000
56115  3.017  -6.275  61.847 0.0000000000
56114  3.712  -6.973  61.603 0.0000000000
55151  3.777  -7.858  61.929 0.0000000000
46678  4.871  -16.763  77.386 0.0000000000
130252  4.516  -16.471  77.095 0.0000000000
47626  5.299  -16.221  77.234 0.0000000000
49513  6.564  -14.426  78.375 0.0000000000
49514  6.046  -14.692  77.822 0.0000000000
50372  6.507  -13.084  77.867 0.0000000000
50367  7.205  -12.801  78.218 0.0000000000
126489  8.379  -12.874  78.563 0.0000000000
128120  7.990  -13.514  78.660 0.0000000000
131105  8.182  -12.601  78.521 0.0000000000
123282  7.992  -10.933  78.129 0.0000000000
118371  7.937  -10.108  77.738 0.0000000000
53163  7.330  -9.416  77.586 0.0000000000
119481  16.174  -15.908  74.825 0.0000000000
45712  15.746  -16.486  73.973 0.0000000000
44724  14.628  -17.460  74.905 0.0000000000
43849  13.653  -18.519  74.853 0.0000000000
129218  13.010  -16.595  77.350 0.0000000000
45697  13.817  -16.796  76.735 0.0000000000
45698  13.240  -17.320  77.022 0.0000000000
43842  12.076  -19.361  76.175 0.0000000000
43841  12.976  -19.029  75.896 0.0000000000
43857  12.611  -19.497  74.632 0.0000000000
42976  12.069  -20.073  74.946 0.0000000000
42009  9.911  -20.994  74.771 0.0000000000
124613  8.114  -20.134  77.007 0.0000000000
42962  7.405  -20.084  77.092 0.0000000000
42956  7.113  -19.532  77.590 0.0000000000
44699  8.980  -17.926  79.044 0.0000000000
44700  8.146  -17.981  79.077 0.0000000000
43825  6.201  -18.476  78.321 0.0000000000
126890  5.622  -18.552  78.139 0.0000000000
43826  5.159  -18.289  78.039 0.0000000000
118866  5.718  -17.943  78.379 0.0000000000
46677  5.516  -16.855  77.810 0.0000000000
45691  5.341  -17.285  77.916 0.0000000000
114969  0.884  -10.215  73.221 0.0000000000
132873  -0.362  -9.247  72.366 0.0000000000
52181  0.008  -10.174  72.549 0.0000000000
52182  -0.483  -9.741  72.075 0.0000000000
51247  -0.677  -10.653  70.993 0.0000000000
53202  -0.722  -9.674  71.453 0.0000000000
56947  -0.414  -6.058  72.413 0.0000000000
55061  -0.260  -7.191  72.374 0.0000000000
56002  -0.350  -6.579  72.380 0.0000000000
55083  -0.439  -7.892  70.731 0.0000000000
55076  -0.477  -7.612  71.343 0.0000000000
53211  -0.683  -9.261  70.649 0.0000000000
53218  -0.551  -9.489  69.894 0.0000000000
116309  -0.581  -10.010  69.253 0.0000000000
54193  -0.332  -8.866  69.818 0.0000000000
55095  0.007  -8.121  69.291 0.0000000000
54199  0.172  -9.092  68.889 0.0000000000
54198  0.415  -8.642  68.625 0.0000000000
55102  0.713  -8.131  68.310 0.0000000000
132060  12.933  -11.023  78.137 0.0000000000
52140  12.596  -9.789  78.164 0.0000000000
53168  13.427  -9.459  78.002 0.0000000000
47658  19.020  -14.992  71.992 0.0000000000
125095  18.329  -15.166  71.649 0.0000000000
47653  18.382  -15.092  72.505 0.0000000000
126675  18.394  -15.050  73.138 0.0000000000
52169  19.328  -10.607  73.641 0.0000000000
52168  19.548  -10.195  73.454 0.0000000000
51226  19.704  -10.927  73.235 0.0000000000
51229  20.109  -11.515  72.892 0.0000000000
50397  19.844  -11.778  73.338 0.0000000000
49541  19.779  -13.121  73.015 0.0000000000
115756  19.591  -12.438  73.464 0.0000000000
48637  18.142  -14.139  73.903 0.0000000000
47645  17.960  -14.724  73.982 0.0000000000
47641  17.647  -14.598  74.458 0.0000000000
49528  16.848  -13.375  75.580 0.0000000000
48626  16.816  -14.234  75.474 0.0000000000
125865  16.360  -14.063  75.822 0.0000000000
48627  15.690  -14.543  75.893 0.0000000000
51216  16.249  -11.139  76.493 0.0000000000
50376  15.229  -12.412  76.452 0.0000000000
50377  14.531  -12.755  76.769 0.0000000000
49524  14.279  -13.421  76.755 0.0000000000
52150  14.043  -9.960  77.480 0.0000000000
129271  -2.502  -19.059  70.689 0.0000000000
45726  -1.906  -17.974  71.100 0.0000000000
46713  -0.513  -17.343  71.223 0.0000000000
46718  0.260  -17.137  70.923 0.0000000000
47648  1.108  -16.444  73.633 0.0000000000
47651  0.723  -16.437  73.007 0.0000000000
47650  1.392  -15.947  73.509 0.0000000000
115019  2.213  -15.035  73.260 0.0000000000
114194  2.915  -14.654  71.711 0.0000000000
50402  4.302  -12.081  72.348 0.0000000000
48617  4.878  -15.364  76.619 0.0000000000
50380  5.147  -13.396  76.208 0.0000000000
49525  4.682  -14.214  76.022 0.0000000000
50385  4.666  -13.554  75.685 0.0000000000
52158  6.068  -9.378  76.806 0.0000000000
52165  5.521  -9.660  75.297 0.0000000000
52161  6.089  -10.630  75.536 0.0000000000
133614  5.773  -11.056  74.939 0.0000000000
51228  5.460  -11.033  74.284 0.0000000000
50394  4.984  -11.783  74.132 0.0000000000
126255  3.683  -9.637  74.375 0.0000000000
52171  3.994  -10.021  74.008 0.0000000000
126084  2.518  -10.145  73.739 0.0000000000
54158  2.199  -7.776  75.412 0.0000000000
53187  1.723  -8.616  74.935 0.0000000000
55047  1.305  -7.235  74.689 0.0000000000
55042  1.806  -6.804  75.245 0.0000000000
55032  3.218  -6.236  76.090 0.0000000000
45720  13.953  -17.173  72.584 0.0000000000
42025  5.150  -21.168  74.665 0.0000000000
120656  3.422  -20.155  75.980 0.0000000000
45722  -2.092  -18.379  71.727 0.0000000000
43867  -2.735  -19.403  71.265 0.0000000000
46744  0.226  -17.217  68.071 0.0000000000
46745  -0.008  -17.644  67.996 0.0000000000
46756  0.088  -18.033  67.278 0.0000000000
45792  0.353  -17.834  66.605 0.0000000000
47699  2.859  -15.991  68.962 0.0000000000
111725  2.619  -16.543  68.143 0.0000000000
46764  3.385  -17.107  65.547 0.0000000000
46754  1.985  -17.129  66.626 0.0000000000
45826  1.281  -17.809  64.002 0.0000000000
45837  3.599  -17.251  62.771 0.0000000000
45838  2.129  -17.718  63.117 0.0000000000
45850  3.009  -17.660  62.078 0.0000000000
44847  2.228  -18.468  61.918 0.0000000000
50407  2.236  -12.093  71.021 0.0000000000
50413  1.445  -12.358  70.332 0.0000000000
49577  1.635  -13.433  68.371 0.0000000000
49562  2.405  -13.335  69.079 0.0000000000
49588  2.124  -13.857  67.738 0.0000000000
49587  3.353  -14.058  67.889 0.0000000000
48678  2.745  -14.277  67.073 0.0000000000
118341  -0.317  -13.090  67.023 0.0000000000
49590  -0.044  -13.592  66.791 0.0000000000
119813  1.231  -14.658  64.992 0.0000000000
48704  1.113  -14.396  65.778 0.0000000000
48703  2.239  -14.734  65.168 0.0000000000
48711  3.442  -15.291  64.390 0.0000000000
47759  4.532  -15.907  63.714 0.0000000000
113463  3.495  -15.455  63.269 0.0000000000
47818  2.743  -15.791  61.264 0.0000000000
47797  3.296  -15.825  61.864 0.0000000000
46800  3.215  -16.524  60.913 0.0000000000
45860  3.243  -17.291  60.742 0.0000000000
46815  2.792  -16.798  60.332 0.0000000000
45873  2.205  -17.651  59.481 0.0000000000
46816  2.000  -16.530  59.965 0.0000000000
46834  -0.201  -15.411  58.531 0.0000000000
48733  -1.681  -13.532  61.966 0.0000000000
48738  -1.321  -13.977  61.513 0.0000000000
48739  -1.426  -13.533  61.057 0.0000000000
117148  -1.154  -13.608  58.504 0.0000000000
48750  -1.038  -13.839  59.064 0.0000000000
132508  -0.945  -13.949  58.271 0.0000000000
116786  -0.747  -14.210  57.698 0.0000000000
60038  -0.468  -2.628  67.784 0.0000000000
59081  -0.361  -3.397  68.392 0.0000000000
59073  -0.494  -4.030  69.366 0.0000000000
58025  -0.359  -4.170  68.903 0.0000000000
57001  -0.195  -4.850  69.473 0.0000000000
57000  0.280  -5.192  69.160 0.0000000000
57011  1.434  -5.564  68.269 0.0000000000
55101  1.346  -7.560  68.009 0.0000000000
55100  2.016  -6.883  67.476 0.0000000000
57060  1.671  -5.305  63.884 0.0000000000
57047  1.242  -4.683  64.377 0.0000000000
57034  1.420  -4.697  65.365 0.0000000000
57033  2.292  -5.314  65.612 0.0000000000
55111  2.692  -7.362  65.204 0.0000000000
55104  2.807  -7.058  66.047 0.0000000000
55112  2.258  -7.785  65.791 0.0000000000
54210  1.679  -8.315  66.262 0.0000000000
54222  1.578  -8.401  65.427 0.0000000000
54234  0.888  -8.913  65.008 0.0000000000
54244  0.968  -9.121  64.228 0.0000000000
53270  1.722  -9.459  62.571 0.0000000000
53271  0.809  -9.858  62.459 0.0000000000
53284  -0.211  -10.762  61.560 0.0000000000
53283  0.488  -10.125  61.602 0.0000000000
53281  2.901  -8.964  61.923 0.0000000000
49511  9.652  -13.027  79.030 0.0000000000
50364  10.154  -12.086  78.553 0.0000000000
49517  12.444  -13.684  78.093 0.0000000000
113653  11.695  -13.988  78.426 0.0000000000
48609  11.058  -14.467  79.001 0.0000000000
47623  10.608  -15.342  79.094 0.0000000000
119624  10.358  -13.733  79.126 0.0000000000
44898  0.581  -19.004  58.742 0.0000000000
44914  0.964  -18.045  58.477 0.0000000000
46687  1.893  -16.897  75.488 0.0000000000
47640  2.224  -16.426  75.165 0.0000000000
48624  3.133  -15.994  75.511 0.0000000000
49552  4.256  -13.207  70.682 0.0000000000
50404  4.234  -13.089  70.436 0.0000000000
50411  4.068  -12.822  70.425 0.0000000000
50421  3.933  -13.066  69.859 0.0000000000
52221  -0.337  -10.741  66.713 0.0000000000
116979  -0.621  -11.014  67.182 0.0000000000
131951  -0.436  -11.302  65.410 0.0000000000
51290  -1.004  -11.797  63.897 0.0000000000
52235  -0.766  -11.452  64.190 0.0000000000
52241  -0.808  -11.042  63.899 0.0000000000
130289  -0.443  -10.665  64.203 0.0000000000
46672  6.253  -16.484  78.286 0.0000000000
47625  5.944  -16.312  77.726 0.0000000000
47620  6.567  -15.879  78.326 0.0000000000
49508  6.878  -14.799  78.743 0.0000000000
49507  7.139  -14.279  78.705 0.0000000000
115802  8.391  -11.222  78.282 0.0000000000
120760  8.417  -9.952  77.687 0.0000000000
54133  8.036  -8.599  77.584 0.0000000000
46685  15.556  -15.892  75.626 0.0000000000
46690  15.215  -16.391  75.544 0.0000000000
45702  14.918  -16.923  75.841 0.0000000000
44719  14.048  -17.992  75.903 0.0000000000
44706  11.835  -17.686  77.839 0.0000000000
44715  12.216  -18.175  77.191 0.0000000000
43834  11.919  -18.998  77.027 0.0000000000
43843  11.418  -19.433  76.625 0.0000000000
42967  11.297  -20.033  76.068 0.0000000000
42961  8.717  -19.937  77.231 0.0000000000
45682  7.922  -16.642  79.535 0.0000000000
45689  7.609  -17.308  79.288 0.0000000000
45683  7.115  -16.665  79.519 0.0000000000
44695  6.841  -17.310  79.224 0.0000000000
44696  6.336  -17.275  79.024 0.0000000000
44703  5.987  -17.498  78.717 0.0000000000
44697  6.127  -17.011  78.743 0.0000000000
53191  0.492  -9.036  74.003 0.0000000000
53194  0.321  -9.664  73.246 0.0000000000
53195  0.067  -8.993  73.302 0.0000000000
53192  0.099  -8.480  73.234 0.0000000000
54167  -0.040  -8.233  72.759 0.0000000000
57985  -0.650  -5.492  71.505 0.0000000000
56010  -0.478  -6.759  71.918 0.0000000000
121021  -0.576  -6.392  71.533 0.0000000000
120236  -0.514  -7.079  70.932 0.0000000000
55082  -0.373  -7.401  70.397 0.0000000000
54186  -0.331  -8.174  70.113 0.0000000000
130161  -0.296  -7.065  70.166 0.0000000000
55089  -0.076  -7.260  69.766 0.0000000000
56040  0.157  -6.575  69.641 0.0000000000
48645  19.372  -14.394  72.344 0.0000000000
50386  18.990  -11.106  73.889 0.0000000000
48632  17.141  -14.367  74.898 0.0000000000
49527  17.408  -12.874  75.075 0.0000000000
50383  17.073  -12.392  75.517 0.0000000000
51211  14.757  -11.164  77.063 0.0000000000
128837  -1.694  -17.966  71.832 0.0000000000
46707  -0.510  -17.275  72.034 0.0000000000
48638  2.205  -15.166  74.550 0.0000000000
48642  2.229  -15.045  73.934 0.0000000000
49544  2.805  -14.619  73.794 0.0000000000
49549  2.938  -14.344  72.986 0.0000000000
49543  3.549  -13.787  73.421 0.0000000000
50399  4.555  -12.176  73.157 0.0000000000
49519  5.682  -14.219  77.332 0.0000000000
50379  5.808  -12.782  76.680 0.0000000000
120426  5.380  -9.033  76.502 0.0000000000
53179  4.969  -9.117  75.999 0.0000000000
118995  5.106  -9.736  74.673 0.0000000000
52167  3.495  -9.311  74.805 0.0000000000
53186  2.485  -9.134  74.873 0.0000000000
54155  2.310  -7.000  75.542 0.0000000000
44733  13.255  -18.312  72.951 0.0000000000
111434  12.914  -18.325  72.138 0.0000000000
42005  6.566  -21.018  75.618 0.0000000000
42015  4.715  -21.016  75.298 0.0000000000
42980  3.083  -20.418  75.391 0.0000000000
44731  -0.878  -18.974  73.727 0.0000000000
121620  -1.732  -18.463  72.423 0.0000000000
46725  -0.336  -17.641  69.647 0.0000000000
127096  -0.204  -17.706  69.080 0.0000000000
120204  0.077  -17.413  69.264 0.0000000000
46735  0.320  -17.121  68.759 0.0000000000
126127  0.614  -16.944  68.308 0.0000000000
46732  4.324  -15.707  67.753 0.0000000000
46742  3.761  -16.355  67.373 0.0000000000
46752  4.413  -16.389  66.453 0.0000000000
45808  3.174  -17.366  64.601 0.0000000000
45807  4.585  -17.085  64.556 0.0000000000
45824  4.285  -17.093  63.639 0.0000000000
46779  4.097  -16.621  62.756 0.0000000000
50414  0.399  -12.166  70.300 0.0000000000
50424  0.744  -12.600  69.677 0.0000000000
49564  0.153  -12.960  69.035 0.0000000000
49578  0.561  -13.218  68.309 0.0000000000
48692  -0.517  -13.989  65.789 0.0000000000
48713  0.833  -14.743  64.399 0.0000000000
47760  1.682  -15.159  63.576 0.0000000000
131684  1.543  -15.240  62.481 0.0000000000
47819  1.404  -15.348  61.145 0.0000000000
46817  1.278  -15.850  60.270 0.0000000000
47836  0.455  -15.270  60.540 0.0000000000
114774  -0.312  -14.911  60.782 0.0000000000
49625  -1.481  -12.775  60.776 0.0000000000
49631  -1.472  -13.180  60.557 0.0000000000
50483  -1.508  -12.884  59.992 0.0000000000
49637  -1.373  -13.323  59.358 0.0000000000
49642  -1.374  -13.124  58.650 0.0000000000
124527  -0.445  -3.064  67.581 0.0000000000
124173  -0.284  -3.688  67.762 0.0000000000
58033  0.034  -4.170  67.464 0.0000000000
113059  1.483  -5.104  67.550 0.0000000000
56069  2.371  -5.943  63.913 0.0000000000
57046  2.359  -5.604  64.633 0.0000000000
57045  2.827  -5.927  65.261 0.0000000000
56068  2.869  -6.332  64.515 0.0000000000
55121  2.726  -7.697  64.470 0.0000000000
54232  2.414  -8.328  64.195 0.0000000000
54243  1.852  -8.887  63.851 0.0000000000
53260  2.036  -9.124  63.206 0.0000000000
111674  7.664  -14.749  79.656 0.0000000000
49505  8.175  -13.704  78.801 0.0000000000
50366  8.837  -12.203  78.511 0.0000000000
50365  9.347  -12.381  78.623 0.0000000000
111406  8.848  -11.389  78.301 0.0000000000
47633  14.142  -15.433  76.711 0.0000000000
128663  13.496  -15.250  77.090 0.0000000000
47627  13.050  -15.749  77.459 0.0000000000
46679  12.612  -16.124  77.891 0.0000000000
128567  12.649  -14.885  78.032 0.0000000000
45692  12.189  -16.785  78.022 0.0000000000
44707  11.056  -18.017  78.115 0.0000000000
44708  10.220  -18.213  78.283 0.0000000000
45686  10.025  -17.029  79.058 0.0000000000
128309  9.509  -16.601  79.228 0.0000000000
46675  9.253  -15.960  79.404 0.0000000000
46676  8.786  -16.591  79.365 0.0000000000
46669  8.267  -15.817  79.697 0.0000000000
56929  0.698  -5.865  73.967 0.0000000000
55995  0.326  -6.539  73.461 0.0000000000
57958  0.568  -5.378  73.741 0.0000000000
57965  0.107  -5.158  73.277 0.0000000000
57973  -0.342  -4.950  72.617 0.0000000000
59980  0.233  -3.822  72.639 0.0000000000
57984  -0.635  -4.823  71.772 0.0000000000
57997  -0.625  -4.956  71.062 0.0000000000
59065  -0.563  -4.404  70.569 0.0000000000
46701  -0.040  -17.150  73.453 0.0000000000
46696  0.712  -16.926  73.803 0.0000000000
47647  1.737  -16.039  74.071 0.0000000000
48634  2.102  -15.591  74.555 0.0000000000
49534  2.824  -15.091  74.744 0.0000000000
53169  6.059  -9.024  77.077 0.0000000000
53170  5.717  -8.279  76.949 0.0000000000
54141  5.587  -7.811  77.086 0.0000000000
54146  5.102  -7.936  76.655 0.0000000000
55035  3.796  -7.068  76.308 0.0000000000
43839  4.761  -19.376  77.330 0.0000000000
42964  4.655  -20.057  76.790 0.0000000000
42965  4.119  -19.737  76.956 0.0000000000
43845  3.418  -19.561  76.533 0.0000000000
43853  0.874  -19.146  75.173 0.0000000000
44723  1.177  -17.954  75.674 0.0000000000
44728  0.126  -18.424  74.738 0.0000000000
110770  2.174  -15.594  70.304 0.0000000000
47682  1.965  -15.904  69.524 0.0000000000
112893  3.914  -15.480  69.088 0.0000000000
49556  4.374  -13.532  70.201 0.0000000000
47680  4.316  -14.754  69.331 0.0000000000
117945  4.450  -15.098  68.750 0.0000000000
47697  4.606  -15.120  68.147 0.0000000000
48686  4.569  -15.190  66.952 0.0000000000
48687  4.411  -14.909  66.650 0.0000000000
50435  -0.626  -12.212  68.531 0.0000000000
50436  -0.701  -11.911  68.254 0.0000000000
129816  -0.369  -12.683  66.672 0.0000000000
49599  -0.547  -12.851  65.884 0.0000000000
49598  -0.702  -13.452  65.641 0.0000000000
49604  -1.032  -13.361  64.762 0.0000000000
48715  -1.043  -13.968  64.280 0.0000000000
48723  -1.188  -13.909  63.425 0.0000000000
48731  -0.843  -14.369  62.760 0.0000000000
119515  -1.278  -13.942  62.852 0.0000000000
48724  -1.513  -13.440  62.863 0.0000000000
49620  -1.852  -13.040  62.460 0.0000000000
51295  -1.393  -11.897  63.465 0.0000000000
51300  -1.624  -12.135  62.756 0.0000000000
50477  -1.742  -12.604  62.186 0.0000000000
51305  -1.462  -11.991  61.624 0.0000000000
51311  -1.374  -12.017  60.912 0.0000000000
52273  -1.162  -11.689  60.515 0.0000000000
56101  2.773  -6.343  62.518 0.0000000000
55140  3.215  -7.757  62.754 0.0000000000
55163  4.185  -7.556  61.113 0.0000000000
47631  3.948  -16.391  76.806 0.0000000000
47630  4.681  -16.010  76.797 0.0000000000
48616  5.485  -15.009  77.181 0.0000000000
48613  5.976  -15.579  77.600 0.0000000000
130401  7.609  -14.178  78.882 0.0000000000
50361  7.501  -13.578  78.557 0.0000000000
51209  8.073  -11.831  78.418 0.0000000000
52153  7.222  -10.804  77.690 0.0000000000
133349  7.172  -9.859  77.594 0.0000000000
54128  7.433  -7.853  77.647 0.0000000000
46699  16.358  -16.078  73.462 0.0000000000
46700  15.581  -16.371  73.225 0.0000000000
45716  15.087  -16.916  73.709 0.0000000000
122151  14.336  -17.270  73.427 0.0000000000
45717  14.555  -17.391  74.187 0.0000000000
128365  13.993  -17.838  73.844 0.0000000000
127577  13.487  -18.184  73.541 0.0000000000
42992  12.234  -19.909  73.349 0.0000000000
44726  13.554  -18.495  75.539 0.0000000000
42978  10.632  -20.660  74.803 0.0000000000
42004  7.399  -20.965  75.770 0.0000000000
42971  6.000  -20.184  76.793 0.0000000000
42958  5.964  -19.708  77.381 0.0000000000
43828  9.120  -19.052  78.141 0.0000000000
43829  8.322  -19.024  78.101 0.0000000000
43823  7.807  -18.463  78.531 0.0000000000
43830  7.485  -18.990  78.018 0.0000000000
128447  6.467  -19.469  77.621 0.0000000000
127200  5.444  -19.415  77.515 0.0000000000
121492  5.201  -19.014  77.972 0.0000000000
44711  4.635  -17.985  77.940 0.0000000000
45690  5.610  -17.437  78.276 0.0000000000
44705  4.897  -17.573  77.881 0.0000000000
44712  4.039  -17.587  77.850 0.0000000000
45695  3.736  -17.131  77.623 0.0000000000
51237  2.235  -11.161  72.316 0.0000000000
51243  2.986  -11.568  71.608 0.0000000000
51238  1.115  -11.111  72.249 0.0000000000
51245  0.651  -11.384  71.510 0.0000000000
51239  0.252  -10.908  72.096 0.0000000000
50409  0.163  -11.768  70.879 0.0000000000
51250  -0.448  -11.363  70.551 0.0000000000
51251  -0.860  -11.038  70.175 0.0000000000
55053  0.243  -7.163  73.256 0.0000000000
54170  -0.298  -8.469  72.236 0.0000000000
55067  -0.404  -7.384  71.887 0.0000000000
54171  -0.390  -8.064  71.790 0.0000000000
53203  -0.699  -9.163  71.310 0.0000000000
52185  -0.839  -9.858  70.817 0.0000000000
52192  -0.825  -10.415  70.215 0.0000000000
51252  -0.896  -10.921  69.545 0.0000000000
52205  -0.736  -10.632  68.991 0.0000000000
53225  -0.464  -10.246  68.584 0.0000000000
54192  -0.129  -8.551  69.526 0.0000000000
53224  -0.068  -9.912  68.301 0.0000000000
120984  0.000  -10.273  67.372 0.0000000000
53235  0.436  -9.963  67.107 0.0000000000
54212  0.925  -9.517  66.908 0.0000000000
51205  11.520  -11.137  78.199 0.0000000000
52141  11.699  -10.092  78.129 0.0000000000
120383  11.937  -9.293  78.103 0.0000000000
46703  16.958  -15.655  72.864 0.0000000000
52174  20.075  -10.793  72.731 0.0000000000
48644  19.671  -13.858  72.693 0.0000000000
48641  19.073  -14.288  72.990 0.0000000000
49535  19.165  -13.008  73.519 0.0000000000
46697  17.916  -15.064  73.652 0.0000000000
47637  16.699  -14.724  75.310 0.0000000000
46688  16.210  -15.366  75.272 0.0000000000
126845  15.107  -14.914  76.080 0.0000000000
51221  17.311  -11.556  75.590 0.0000000000
49521  16.493  -12.657  75.874 0.0000000000
49522  15.769  -12.911  76.045 0.0000000000
48620  14.974  -14.251  76.002 0.0000000000
113596  14.350  -14.080  76.487 0.0000000000
48621  13.719  -13.924  77.139 0.0000000000
50369  14.067  -11.658  77.286 0.0000000000
50370  13.418  -12.381  77.559 0.0000000000
114924  12.766  -12.074  78.020 0.0000000000
51213  12.462  -11.448  78.142 0.0000000000
45729  -1.167  -17.634  70.710 0.0000000000
47683  0.796  -16.550  70.474 0.0000000000
47670  1.497  -15.823  71.006 0.0000000000
133249  0.166  -16.884  73.013 0.0000000000
47656  0.676  -16.427  72.349 0.0000000000
116827  1.115  -16.009  72.272 0.0000000000
47662  1.401  -15.827  71.858 0.0000000000
48653  2.426  -15.044  71.001 0.0000000000
48650  3.782  -13.923  71.504 0.0000000000
49548  3.807  -13.563  72.543 0.0000000000
49554  3.938  -13.467  71.885 0.0000000000
49553  4.206  -13.190  71.260 0.0000000000
48623  3.671  -15.608  75.768 0.0000000000
49526  3.906  -14.874  75.553 0.0000000000
49529  4.190  -13.843  75.035 0.0000000000
51223  6.009  -11.692  76.198 0.0000000000
118445  4.538  -12.724  74.733 0.0000000000
50398  4.748  -11.758  73.532 0.0000000000
52170  4.947  -10.319  74.095 0.0000000000
51231  4.370  -11.061  73.092 0.0000000000
51232  3.839  -10.832  72.953 0.0000000000
51233  2.673  -10.679  73.049 0.0000000000
121831  1.716  -10.194  73.505 0.0000000000
132156  1.795  -9.137  74.626 0.0000000000
111165  1.260  -9.126  74.386 0.0000000000
54164  0.644  -8.326  74.205 0.0000000000
54160  0.824  -7.769  74.311 0.0000000000
55048  1.103  -6.860  74.381 0.0000000000
55036  2.812  -6.610  75.836 0.0000000000
55037  2.276  -6.409  75.565 0.0000000000
55979  1.799  -6.273  75.271 0.0000000000
55986  1.385  -6.299  74.787 0.0000000000
56928  1.234  -5.776  74.601 0.0000000000
57957  1.107  -5.179  74.348 0.0000000000
45724  13.684  -16.756  71.740 0.0000000000
44738  13.078  -17.133  71.182 0.0000000000
44736  13.262  -17.492  71.949 0.0000000000
114643  3.998  -21.082  74.970 0.0000000000
42027  3.620  -21.139  74.316 0.0000000000
123163  -0.199  -17.916  68.699 0.0000000000
46722  1.783  -16.399  68.880 0.0000000000
46734  1.393  -16.774  68.252 0.0000000000
113524  0.871  -17.043  67.564 0.0000000000
46743  2.728  -16.736  67.266 0.0000000000
46755  0.797  -17.443  66.866 0.0000000000
45809  0.298  -17.932  65.556 0.0000000000
44865  2.526  -18.685  61.039 0.0000000000
122436  2.632  -12.507  70.342 0.0000000000
50422  2.972  -13.016  69.820 0.0000000000
49576  3.369  -13.637  68.716 0.0000000000
48677  3.783  -14.450  67.123 0.0000000000
48701  4.469  -15.253  65.734 0.0000000000
49579  -0.382  -12.730  67.953 0.0000000000
110917  0.075  -13.251  67.565 0.0000000000
48691  0.095  -14.089  66.270 0.0000000000
48690  1.043  -14.203  66.502 0.0000000000
48679  1.540  -14.127  67.072 0.0000000000
47741  4.554  -15.596  64.733 0.0000000000
129757  4.342  -16.076  63.023 0.0000000000
46789  3.929  -16.583  61.959 0.0000000000
45849  3.716  -17.116  61.422 0.0000000000
120617  2.944  -18.031  60.536 0.0000000000
44882  2.465  -18.609  60.234 0.0000000000
44896  2.192  -18.337  59.540 0.0000000000
45874  1.656  -17.793  59.023 0.0000000000
47801  -0.911  -14.445  61.892 0.0000000000
47821  -0.783  -14.360  61.072 0.0000000000
47838  -0.667  -14.498  60.067 0.0000000000
48745  -1.258  -13.568  60.041 0.0000000000
129253  -0.913  -13.981  59.784 0.0000000000
47851  -0.395  -14.922  59.194 0.0000000000
47852  -0.483  -14.777  58.440 0.0000000000
60005  -0.365  -3.367  70.370 0.0000000000
132981  -0.576  -3.914  70.415 0.0000000000
58018  -0.484  -4.529  70.099 0.0000000000
124207  -0.398  -3.411  69.112 0.0000000000
56991  -0.312  -5.472  70.121 0.0000000000
121216  -0.045  -5.694  69.795 0.0000000000
56999  0.982  -5.741  68.903 0.0000000000
129352  0.732  -6.562  69.079 0.0000000000
128038  0.945  -7.243  68.662 0.0000000000
54204  1.135  -8.642  67.528 0.0000000000
54211  1.325  -8.942  66.654 0.0000000000
57021  1.642  -4.882  66.506 0.0000000000
56052  2.475  -6.036  67.065 0.0000000000
57032  2.847  -6.116  66.148 0.0000000000
56056  2.593  -6.720  66.731 0.0000000000
128992  0.876  -9.440  66.151 0.0000000000
54224  0.647  -9.541  65.447 0.0000000000
53253  0.439  -9.736  64.617 0.0000000000
53261  -0.038  -10.289  63.886 0.0000000000
113619  0.299  -9.993  63.189 0.0000000000
124507  -0.311  -10.382  63.131 0.0000000000
52260  -0.668  -11.420  61.022 0.0000000000
52272  -0.847  -11.305  60.189 0.0000000000
111142  2.198  -9.309  62.038 0.0000000000
53294  0.924  -9.979  60.813 0.0000000000
53295  0.282  -10.404  60.701 0.0000000000
42957  6.687  -19.012  78.007 0.0000000000
42966  11.898  -19.954  75.583 0.0000000000
42985  11.419  -20.376  74.416 0.0000000000
43850  13.128  -19.053  75.138 0.0000000000
44698  9.727  -17.729  78.849 0.0000000000
44714  13.057  -18.027  76.994 0.0000000000
44720  13.321  -18.315  76.246 0.0000000000
44729  14.158  -18.000  74.571 0.0000000000
45687  9.264  -17.221  79.150 0.0000000000
45703  14.203  -17.209  76.085 0.0000000000
45707  15.686  -16.353  74.657 0.0000000000
45709  14.503  -17.401  75.520 0.0000000000
45823  4.997  -16.845  64.138 0.0000000000
45866  2.883  -17.451  60.257 0.0000000000
45872  2.451  -17.223  59.837 0.0000000000
47621  12.105  -15.132  78.238 0.0000000000
47628  12.618  -15.481  77.979 0.0000000000
47646  17.481  -15.103  74.285 0.0000000000
47698  4.282  -15.447  68.420 0.0000000000
47712  4.581  -15.400  67.307 0.0000000000
47739  5.309  -15.999  65.631 0.0000000000
47740  5.208  -15.857  65.230 0.0000000000
47758  5.349  -16.245  65.037 0.0000000000
47798  2.062  -15.348  61.911 0.0000000000
47853  -0.775  -14.245  58.378 0.0000000000
48608  11.678  -14.687  78.466 0.0000000000
48675  4.626  -14.871  67.879 0.0000000000
49540  20.050  -12.384  73.012 0.0000000000
49591  -0.377  -12.706  67.263 0.0000000000
50371  12.610  -12.817  78.035 0.0000000000
50392  19.325  -11.842  73.734 0.0000000000
50412  3.540  -12.693  70.288 0.0000000000
50426  -0.823  -12.057  69.170 0.0000000000
50427  -0.936  -11.876  68.860 0.0000000000
50449  -0.312  -12.312  66.314 0.0000000000
50478  -1.521  -12.432  61.367 0.0000000000
51246  -0.120  -11.113  71.309 0.0000000000
51280  -0.326  -11.855  65.907 0.0000000000
52184  -0.838  -10.152  71.083 0.0000000000
52234  -0.485  -10.948  64.646 0.0000000000
52261  -1.208  -11.670  61.536 0.0000000000
53196  -0.200  -8.852  72.679 0.0000000000
53199  -0.511  -8.653  71.723 0.0000000000
54147  4.432  -7.446  76.526 0.0000000000
54153  3.936  -8.262  75.941 0.0000000000
54159  1.317  -7.918  74.785 0.0000000000
54221  2.185  -7.996  64.939 0.0000000000
55049  0.617  -7.023  73.764 0.0000000000
55060  0.030  -7.588  72.878 0.0000000000
55120  2.988  -7.035  64.586 0.0000000000
56937  0.178  -5.836  73.366 0.0000000000
56946  -0.258  -5.653  72.806 0.0000000000
56958  -0.580  -6.121  71.883 0.0000000000
57020  2.062  -5.404  67.142 0.0000000000
57035  0.869  -4.156  65.016 0.0000000000
57048  0.644  -4.259  64.074 0.0000000000
57996  -0.603  -4.474  71.149 0.0000000000
58006  -0.503  -4.918  70.592 0.0000000000
110957  6.939  -15.687  79.667 0.0000000000
113350  -0.652  -10.126  71.466 0.0000000000
113896  2.433  -5.794  62.045 0.0000000000
115472  -0.444  -13.066  66.449 0.0000000000
116099  20.156  -10.036  72.655 0.0000000000
117579  2.922  -16.860  77.066 0.0000000000
118796  -0.739  -9.859  70.258 0.0000000000
121650  -0.053  -6.924  72.862 0.0000000000
122282  -1.585  -12.173  62.046 0.0000000000
124237  -1.333  -12.683  63.858 0.0000000000
124991  3.377  -13.352  69.344 0.0000000000
125777  -1.500  -12.873  59.302 0.0000000000
128861  0.280  -8.591  73.713 0.0000000000
129174  13.394  -17.800  72.588 0.0000000000
129928  14.118  -12.354  77.121 0.0000000000
130024  2.795  -8.467  62.922 0.0000000000
132989  0.395  -10.199  72.968 0.0000000000
133074  -0.402  -18.384  68.583 0.0000000000
133269  -1.789  -12.650  62.821 0.0000000000
