#!ascii label  , from subject sub-v2s4x29598_ses-1 vox2ras=TkReg
1058
50557  25.254  -11.877  51.580 0.0000000000
64805  44.638  3.184  36.622 0.0000000000
56296  33.994  -7.232  42.995 0.0000000000
41190  10.380  -23.038  63.028 0.0000000000
112582  22.837  -16.189  56.640 0.0000000000
59347  35.967  -2.806  40.461 0.0000000000
44893  14.627  -18.676  58.371 0.0000000000
41202  14.309  -23.220  61.560 0.0000000000
44911  18.376  -19.150  57.428 0.0000000000
65750  48.387  3.236  35.526 0.0000000000
53399  30.171  -9.434  52.440 0.0000000000
54408  30.981  -8.565  48.622 0.0000000000
51407  30.549  -11.595  52.098 0.0000000000
69464  45.755  7.628  34.642 0.0000000000
69492  47.664  7.956  31.679 0.0000000000
64772  40.731  3.146  39.066 0.0000000000
62150  44.413  -1.127  39.376 0.0000000000
60313  39.927  -2.312  39.269 0.0000000000
56306  39.394  -6.672  42.310 0.0000000000
44932  27.448  -18.809  56.048 0.0000000000
38543  9.179  -25.675  65.943 0.0000000000
40229  4.877  -24.023  67.715 0.0000000000
41068  3.310  -22.124  72.151 0.0000000000
124699  24.271  -14.442  54.409 0.0000000000
117610  22.659  -18.481  57.629 0.0000000000
59272  28.871  -3.637  46.205 0.0000000000
58270  34.753  -6.475  48.897 0.0000000000
73967  49.297  12.586  29.713 0.0000000000
65740  46.856  3.198  36.064 0.0000000000
124446  47.283  1.021  37.362 0.0000000000
52380  26.832  -10.345  51.624 0.0000000000
52417  28.940  -10.943  50.015 0.0000000000
50545  27.956  -12.302  51.602 0.0000000000
66689  44.085  5.057  36.971 0.0000000000
67668  45.373  6.722  36.725 0.0000000000
66702  45.484  4.707  35.536 0.0000000000
67680  46.733  5.153  34.029 0.0000000000
133735  1.636  -24.697  72.696 0.0000000000
62168  39.676  0.223  38.871 0.0000000000
62137  37.783  0.003  40.012 0.0000000000
57339  35.208  -5.646  40.959 0.0000000000
57348  37.447  -5.730  40.316 0.0000000000
118666  37.227  -7.908  42.832 0.0000000000
55267  36.925  -7.556  45.100 0.0000000000
40316  12.501  -24.069  61.701 0.0000000000
126304  14.681  -24.557  64.016 0.0000000000
39483  12.169  -25.438  63.464 0.0000000000
118243  12.284  -26.146  66.645 0.0000000000
39474  9.753  -24.953  64.387 0.0000000000
40226  6.650  -22.670  67.429 0.0000000000
41094  3.833  -23.180  70.131 0.0000000000
46866  23.495  -15.672  55.345 0.0000000000
44956  23.717  -18.324  54.360 0.0000000000
44949  21.347  -17.758  55.376 0.0000000000
44862  18.368  -19.190  61.092 0.0000000000
44860  20.127  -18.514  61.224 0.0000000000
54393  32.809  -8.923  50.269 0.0000000000
118368  32.614  -7.354  48.173 0.0000000000
61268  37.380  -0.481  41.159 0.0000000000
58351  35.153  -2.327  42.534 0.0000000000
58353  33.462  -3.508  42.295 0.0000000000
43085  16.354  -20.654  60.335 0.0000000000
113499  16.079  -21.048  63.013 0.0000000000
43087  14.561  -21.124  59.563 0.0000000000
43088  12.623  -20.707  60.210 0.0000000000
42134  11.509  -20.927  62.681 0.0000000000
46882  19.658  -16.440  55.052 0.0000000000
127633  17.325  -16.493  55.801 0.0000000000
44913  16.130  -18.857  57.325 0.0000000000
122858  31.274  -7.086  52.548 0.0000000000
119114  30.000  -6.149  50.813 0.0000000000
54394  30.473  -8.859  50.003 0.0000000000
131700  31.109  -10.762  50.192 0.0000000000
71223  47.030  10.001  32.644 0.0000000000
69478  46.520  7.338  33.095 0.0000000000
67690  48.946  4.999  32.960 0.0000000000
65734  42.810  3.575  37.779 0.0000000000
63048  43.993  0.587  37.476 0.0000000000
131899  42.421  0.741  37.923 0.0000000000
61280  41.548  -1.446  39.341 0.0000000000
59353  41.789  -3.126  40.847 0.0000000000
116933  37.916  -2.679  39.406 0.0000000000
58389  39.641  -4.607  40.074 0.0000000000
47889  26.524  -15.876  53.006 0.0000000000
132946  27.513  -13.923  54.258 0.0000000000
66669  43.111  4.855  39.149 0.0000000000
41164  9.536  -21.695  64.596 0.0000000000
116673  7.383  -23.863  65.055 0.0000000000
38546  6.514  -25.293  66.418 0.0000000000
112083  5.512  -26.085  68.288 0.0000000000
113835  3.527  -25.785  69.523 0.0000000000
40193  2.417  -23.839  70.525 0.0000000000
41070  1.033  -22.887  71.756 0.0000000000
41055  -0.055  -22.063  72.705 0.0000000000
49673  24.465  -13.451  52.900 0.0000000000
45919  25.379  -17.862  52.643 0.0000000000
117612  25.042  -18.880  57.540 0.0000000000
117654  21.031  -18.688  57.688 0.0000000000
130183  31.495  -5.027  43.613 0.0000000000
56228  29.318  -6.631  47.455 0.0000000000
57255  31.158  -6.620  46.006 0.0000000000
56266  34.061  -7.163  45.674 0.0000000000
111452  28.839  -12.659  55.186 0.0000000000
73067  50.178  11.704  28.124 0.0000000000
71232  48.074  9.768  30.971 0.0000000000
71250  49.240  9.718  29.256 0.0000000000
64804  45.510  2.851  36.655 0.0000000000
114513  46.901  1.988  37.149 0.0000000000
64795  45.974  2.084  36.986 0.0000000000
52400  25.618  -10.761  51.133 0.0000000000
133377  26.361  -11.142  50.624 0.0000000000
50556  26.138  -12.073  51.279 0.0000000000
66696  43.905  4.461  36.877 0.0000000000
67670  44.626  5.336  36.488 0.0000000000
65753  45.299  4.073  36.008 0.0000000000
65752  46.035  3.939  35.645 0.0000000000
39422  1.027  -24.445  72.800 0.0000000000
63018  38.147  1.387  40.449 0.0000000000
63006  37.996  1.222  41.712 0.0000000000
56310  34.464  -6.885  42.130 0.0000000000
56318  35.390  -6.725  41.581 0.0000000000
55301  35.682  -7.872  42.603 0.0000000000
55275  36.668  -7.920  44.271 0.0000000000
55276  35.204  -7.847  44.443 0.0000000000
41204  11.729  -23.348  62.033 0.0000000000
39491  12.627  -25.094  62.734 0.0000000000
39492  11.606  -24.662  62.720 0.0000000000
39484  11.104  -25.039  63.567 0.0000000000
39485  10.097  -24.549  63.687 0.0000000000
46867  22.859  -16.181  55.538 0.0000000000
46879  22.241  -16.721  54.941 0.0000000000
114072  21.621  -16.629  55.325 0.0000000000
44844  17.879  -19.305  62.373 0.0000000000
58255  29.333  -4.000  51.072 0.0000000000
54392  33.434  -8.117  50.507 0.0000000000
58352  34.245  -2.791  42.336 0.0000000000
118188  33.754  -2.010  43.409 0.0000000000
43093  15.940  -20.339  59.404 0.0000000000
43086  15.501  -20.853  59.784 0.0000000000
43094  14.871  -20.315  59.066 0.0000000000
44864  12.960  -18.919  60.557 0.0000000000
43941  12.172  -19.513  61.947 0.0000000000
42141  12.007  -21.392  61.687 0.0000000000
46858  18.829  -15.240  56.673 0.0000000000
45869  15.214  -16.581  58.230 0.0000000000
45878  15.656  -17.106  57.490 0.0000000000
43975  15.416  -18.830  57.939 0.0000000000
43963  16.618  -19.921  59.127 0.0000000000
55223  30.981  -8.162  51.539 0.0000000000
53421  30.181  -9.393  51.327 0.0000000000
51421  29.363  -11.715  50.557 0.0000000000
52416  29.699  -10.941  50.011 0.0000000000
51419  31.056  -11.326  51.536 0.0000000000
52397  31.570  -10.763  51.080 0.0000000000
51406  31.223  -11.270  52.639 0.0000000000
68587  45.427  7.086  35.125 0.0000000000
115922  46.303  8.256  33.181 0.0000000000
69472  46.278  7.029  33.844 0.0000000000
65762  47.694  3.653  34.902 0.0000000000
66722  47.514  4.732  33.692 0.0000000000
66710  48.951  3.857  33.961 0.0000000000
65723  41.496  3.482  38.671 0.0000000000
63903  42.489  1.637  37.813 0.0000000000
114716  41.637  1.970  38.105 0.0000000000
62153  39.907  -0.699  39.002 0.0000000000
62152  40.975  -0.804  39.021 0.0000000000
61281  40.572  -1.681  39.211 0.0000000000
60301  41.956  -2.427  40.387 0.0000000000
60312  40.613  -2.652  39.515 0.0000000000
60295  36.363  -1.920  40.612 0.0000000000
60303  36.898  -1.729  39.915 0.0000000000
60304  36.597  -2.660  39.946 0.0000000000
126503  38.486  -6.670  41.274 0.0000000000
57347  38.371  -5.594  40.278 0.0000000000
57336  39.640  -5.823  41.151 0.0000000000
58377  40.775  -4.795  41.207 0.0000000000
45902  27.517  -17.477  54.654 0.0000000000
47876  28.007  -16.072  55.165 0.0000000000
65702  40.747  4.166  40.152 0.0000000000
66681  41.798  4.231  38.967 0.0000000000
65722  42.250  3.891  38.308 0.0000000000
42140  15.095  -22.513  62.012 0.0000000000
128528  15.229  -22.436  63.389 0.0000000000
38542  10.275  -25.817  65.954 0.0000000000
38527  11.568  -26.089  67.259 0.0000000000
117656  10.063  -25.870  67.683 0.0000000000
38529  9.179  -25.881  67.474 0.0000000000
41152  8.731  -21.922  65.867 0.0000000000
41179  8.443  -22.834  64.495 0.0000000000
41167  7.519  -22.657  65.425 0.0000000000
40228  5.420  -23.850  67.187 0.0000000000
39470  6.120  -24.370  66.182 0.0000000000
38547  5.760  -24.860  66.726 0.0000000000
38517  6.256  -25.950  67.800 0.0000000000
38518  4.872  -25.654  67.807 0.0000000000
111726  4.565  -25.946  68.508 0.0000000000
38519  4.229  -25.309  68.210 0.0000000000
115846  3.916  -22.664  70.931 0.0000000000
40192  3.017  -23.575  70.241 0.0000000000
127028  2.393  -22.938  71.311 0.0000000000
41085  1.766  -22.935  71.527 0.0000000000
41069  2.415  -22.424  71.808 0.0000000000
50515  25.049  -12.342  55.139 0.0000000000
51381  24.131  -10.752  54.124 0.0000000000
125883  24.338  -14.079  53.571 0.0000000000
47903  24.536  -15.138  52.562 0.0000000000
46901  24.191  -16.396  52.546 0.0000000000
44936  23.226  -18.544  56.280 0.0000000000
44946  24.336  -18.677  55.068 0.0000000000
130053  24.287  -18.737  57.454 0.0000000000
44940  18.299  -18.294  55.508 0.0000000000
44938  20.344  -18.584  56.047 0.0000000000
44910  19.441  -19.012  57.851 0.0000000000
44859  21.065  -18.396  61.159 0.0000000000
63035  44.473  -0.292  37.853 0.0000000000
63034  45.400  -0.386  37.912 0.0000000000
62149  45.263  -1.087  39.576 0.0000000000
60252  30.334  -2.451  45.459 0.0000000000
59328  31.134  -3.096  43.954 0.0000000000
58333  30.478  -3.750  44.396 0.0000000000
126050  30.316  -7.949  49.036 0.0000000000
56210  29.493  -6.764  49.084 0.0000000000
55247  30.695  -7.768  48.241 0.0000000000
56216  34.020  -6.882  48.896 0.0000000000
56226  32.524  -7.026  47.449 0.0000000000
57210  33.220  -6.822  47.761 0.0000000000
57271  32.513  -6.932  46.012 0.0000000000
57254  34.247  -6.489  47.498 0.0000000000
57253  35.158  -6.221  47.267 0.0000000000
49665  28.242  -13.189  55.168 0.0000000000
73980  49.735  12.117  28.885 0.0000000000
70359  47.577  8.648  31.630 0.0000000000
72147  47.497  9.914  31.832 0.0000000000
71233  47.809  9.141  31.361 0.0000000000
70372  49.352  8.848  29.465 0.0000000000
70371  50.007  8.421  29.130 0.0000000000
125308  14.573  -16.784  58.691 0.0000000000
44894  13.904  -18.574  59.124 0.0000000000
113383  47.549  3.341  35.608 0.0000000000
128286  48.705  2.830  36.707 0.0000000000
64794  47.429  2.586  36.831 0.0000000000
53424  27.660  -10.235  52.305 0.0000000000
53445  28.847  -10.480  50.941 0.0000000000
52418  27.364  -11.094  50.276 0.0000000000
51422  28.434  -11.695  50.287 0.0000000000
51409  28.766  -12.129  51.286 0.0000000000
67661  46.003  6.618  37.792 0.0000000000
67669  44.914  5.997  36.421 0.0000000000
68580  45.126  6.521  35.726 0.0000000000
68588  45.604  6.142  34.917 0.0000000000
67693  46.120  6.118  34.310 0.0000000000
66712  45.758  5.251  34.989 0.0000000000
65751  46.838  3.834  35.254 0.0000000000
39432  2.991  -25.154  72.522 0.0000000000
64759  39.680  3.225  40.149 0.0000000000
63886  39.821  1.758  38.695 0.0000000000
63887  39.118  1.944  39.280 0.0000000000
63027  38.913  0.513  39.270 0.0000000000
62154  38.943  -0.801  39.245 0.0000000000
58379  35.202  -4.417  40.701 0.0000000000
58393  35.903  -4.201  40.285 0.0000000000
57338  36.088  -6.216  40.937 0.0000000000
55307  37.071  -7.287  41.557 0.0000000000
56307  38.549  -7.065  42.097 0.0000000000
55273  38.124  -7.730  44.155 0.0000000000
55266  37.902  -7.341  45.091 0.0000000000
44903  26.901  -19.038  58.785 0.0000000000
40334  13.621  -23.614  61.417 0.0000000000
133485  14.281  -23.859  62.309 0.0000000000
39497  13.701  -24.529  62.353 0.0000000000
39482  14.114  -25.206  63.642 0.0000000000
38552  13.443  -25.958  65.019 0.0000000000
38554  11.262  -25.844  65.301 0.0000000000
38556  9.473  -25.355  65.134 0.0000000000
41142  7.154  -22.391  66.922 0.0000000000
40210  6.051  -23.049  68.070 0.0000000000
40211  5.161  -23.402  68.205 0.0000000000
40212  4.409  -23.754  68.437 0.0000000000
40191  4.743  -22.975  69.868 0.0000000000
41083  4.725  -22.374  71.219 0.0000000000
127528  4.110  -21.993  72.408 0.0000000000
48774  24.268  -14.725  55.134 0.0000000000
46891  23.617  -16.163  53.270 0.0000000000
46892  23.284  -16.760  53.776 0.0000000000
44957  22.791  -17.833  54.676 0.0000000000
44937  21.862  -18.411  56.265 0.0000000000
44878  18.754  -19.223  59.739 0.0000000000
130589  19.195  -19.071  59.436 0.0000000000
123061  18.818  -19.063  60.622 0.0000000000
62135  43.936  -1.137  40.161 0.0000000000
59255  28.479  -3.231  47.907 0.0000000000
130045  31.858  -9.313  49.085 0.0000000000
55245  31.973  -8.011  48.057 0.0000000000
55233  33.063  -8.207  49.723 0.0000000000
55239  33.538  -7.392  49.496 0.0000000000
73952  49.056  12.959  30.609 0.0000000000
118094  -0.383  -23.978  73.010 0.0000000000
60286  37.506  -1.241  42.701 0.0000000000
59338  36.844  -1.644  42.517 0.0000000000
58366  35.639  -2.368  42.089 0.0000000000
124165  34.439  -3.101  41.811 0.0000000000
122646  33.883  -4.112  41.883 0.0000000000
57327  33.050  -6.000  42.382 0.0000000000
43938  17.334  -19.970  62.058 0.0000000000
43930  16.917  -19.901  63.968 0.0000000000
43077  16.668  -20.715  61.585 0.0000000000
42146  15.565  -21.626  60.854 0.0000000000
41229  14.022  -22.326  60.249 0.0000000000
43966  13.529  -20.045  59.401 0.0000000000
43096  13.323  -20.691  59.585 0.0000000000
42155  13.173  -22.368  60.340 0.0000000000
41219  12.747  -22.772  60.791 0.0000000000
119122  11.676  -22.202  62.059 0.0000000000
42135  11.073  -21.508  63.032 0.0000000000
46869  21.185  -16.246  55.741 0.0000000000
46870  20.314  -15.924  55.865 0.0000000000
45890  18.042  -17.031  55.160 0.0000000000
44927  17.723  -18.679  56.379 0.0000000000
46847  16.802  -15.568  57.963 0.0000000000
45885  16.245  -17.440  56.821 0.0000000000
44912  17.627  -19.397  57.842 0.0000000000
43962  17.480  -19.792  59.483 0.0000000000
43955  17.327  -19.937  60.183 0.0000000000
121428  30.723  -5.466  52.640 0.0000000000
57165  29.785  -4.967  51.421 0.0000000000
56195  30.586  -6.610  51.399 0.0000000000
55234  30.402  -8.217  49.829 0.0000000000
54400  30.662  -8.800  49.242 0.0000000000
53464  29.941  -10.443  50.095 0.0000000000
53480  30.675  -10.136  49.740 0.0000000000
53479  31.284  -9.635  49.320 0.0000000000
52413  32.277  -9.689  50.340 0.0000000000
53420  32.671  -9.655  52.036 0.0000000000
71217  46.854  10.050  33.602 0.0000000000
70345  46.391  9.067  33.069 0.0000000000
69485  47.912  7.198  32.006 0.0000000000
67691  47.153  5.517  33.422 0.0000000000
67701  47.601  5.979  32.832 0.0000000000
64798  43.435  3.184  37.303 0.0000000000
63901  44.398  1.580  37.216 0.0000000000
63902  43.451  1.539  37.482 0.0000000000
63049  43.121  0.696  37.701 0.0000000000
124908  43.164  -0.607  38.475 0.0000000000
63038  41.104  0.581  38.287 0.0000000000
62165  42.328  -0.406  38.508 0.0000000000
122235  42.687  -0.989  39.034 0.0000000000
61273  42.684  -1.946  40.576 0.0000000000
60300  42.437  -2.631  41.111 0.0000000000
62127  37.457  -0.390  40.378 0.0000000000
61284  37.825  -1.238  39.612 0.0000000000
130466  38.364  -2.350  39.343 0.0000000000
58403  37.309  -4.008  39.655 0.0000000000
58402  38.216  -4.044  39.519 0.0000000000
59365  39.725  -3.149  39.435 0.0000000000
58387  41.121  -4.205  40.998 0.0000000000
48783  26.255  -14.369  52.682 0.0000000000
49672  26.650  -13.518  52.998 0.0000000000
47888  26.966  -15.282  53.773 0.0000000000
47871  28.314  -15.482  55.837 0.0000000000
66679  43.298  4.769  38.199 0.0000000000
65733  43.355  4.076  37.308 0.0000000000
42128  10.853  -20.970  64.073 0.0000000000
42122  9.885  -20.858  65.293 0.0000000000
41177  9.868  -22.333  63.701 0.0000000000
40279  8.865  -23.436  64.079 0.0000000000
39487  8.601  -23.974  64.196 0.0000000000
38557  8.516  -25.069  65.146 0.0000000000
40262  6.915  -23.317  65.565 0.0000000000
39477  6.929  -24.245  65.432 0.0000000000
38544  8.113  -25.599  65.968 0.0000000000
126997  7.663  -25.871  67.458 0.0000000000
38516  7.276  -25.970  68.227 0.0000000000
38492  3.810  -25.919  70.315 0.0000000000
39450  3.230  -24.542  69.331 0.0000000000
38494  2.734  -24.877  69.808 0.0000000000
38479  2.737  -25.244  70.816 0.0000000000
39440  1.924  -24.308  71.442 0.0000000000
40181  0.873  -23.564  72.052 0.0000000000
40182  0.348  -23.035  72.116 0.0000000000
119053  1.760  -21.763  72.729 0.0000000000
41053  0.892  -22.128  72.383 0.0000000000
41054  0.132  -22.478  72.423 0.0000000000
52381  23.916  -9.989  51.935 0.0000000000
110437  23.792  -10.136  53.374 0.0000000000
127594  24.486  -12.428  52.494 0.0000000000
48793  24.772  -14.288  52.549 0.0000000000
46900  26.533  -16.992  53.136 0.0000000000
116611  26.299  -18.722  54.627 0.0000000000
45904  24.102  -18.234  53.475 0.0000000000
44945  25.389  -18.813  54.882 0.0000000000
44919  26.673  -19.073  56.815 0.0000000000
45896  20.855  -17.260  55.118 0.0000000000
122437  21.191  -18.304  55.831 0.0000000000
117609  21.842  -18.538  57.824 0.0000000000
44889  20.334  -18.795  59.550 0.0000000000
112340  21.228  -18.628  59.553 0.0000000000
112122  22.894  -18.418  59.168 0.0000000000
63046  45.888  0.368  37.405 0.0000000000
59310  32.812  -2.323  43.443 0.0000000000
58354  32.520  -4.226  42.541 0.0000000000
57310  32.571  -5.999  42.867 0.0000000000
122159  29.284  -5.132  50.657 0.0000000000
120736  28.453  -5.272  48.886 0.0000000000
57212  28.244  -5.092  47.193 0.0000000000
55246  31.213  -7.560  47.665 0.0000000000
57233  30.017  -6.674  46.838 0.0000000000
57274  29.800  -5.290  45.111 0.0000000000
57273  30.717  -5.945  45.032 0.0000000000
56283  32.084  -6.707  44.739 0.0000000000
56281  33.652  -7.395  43.914 0.0000000000
56265  35.154  -7.316  45.544 0.0000000000
50536  27.093  -12.806  53.101 0.0000000000
50534  28.836  -12.337  53.510 0.0000000000
51392  29.844  -11.910  53.663 0.0000000000
51380  29.941  -11.891  54.817 0.0000000000
51379  30.698  -11.574  54.373 0.0000000000
73993  50.894  12.946  27.029 0.0000000000
73041  48.176  11.405  30.889 0.0000000000
73056  48.698  11.065  29.957 0.0000000000
70366  48.413  8.913  30.680 0.0000000000
71251  48.814  10.260  29.764 0.0000000000
73055  49.194  11.595  29.414 0.0000000000
73068  49.710  11.134  28.658 0.0000000000
72177  50.290  10.757  27.969 0.0000000000
64796  45.041  2.295  36.976 0.0000000000
51426  24.845  -11.114  51.380 0.0000000000
51425  25.781  -11.396  51.016 0.0000000000
64806  43.917  3.685  36.855 0.0000000000
65743  44.494  4.098  36.368 0.0000000000
65742  45.104  3.518  36.307 0.0000000000
39423  0.671  -24.514  73.019 0.0000000000
56309  35.237  -7.376  42.220 0.0000000000
55302  34.851  -7.652  42.828 0.0000000000
55289  35.406  -7.973  43.467 0.0000000000
55277  34.525  -7.771  43.733 0.0000000000
40298  11.131  -23.666  62.536 0.0000000000
39493  10.576  -24.080  63.067 0.0000000000
46868  22.077  -16.344  55.709 0.0000000000
44827  17.385  -19.209  63.844 0.0000000000
45820  17.937  -18.618  64.066 0.0000000000
58231  29.667  -3.838  51.785 0.0000000000
43964  15.445  -19.682  58.527 0.0000000000
114586  14.503  -19.438  58.645 0.0000000000
45870  14.832  -17.754  58.158 0.0000000000
45879  15.371  -17.901  57.699 0.0000000000
54380  30.837  -8.753  52.082 0.0000000000
53422  29.465  -9.886  51.664 0.0000000000
51408  29.739  -11.882  51.611 0.0000000000
51420  30.259  -11.586  50.973 0.0000000000
68586  45.947  7.948  35.802 0.0000000000
69471  45.865  8.254  34.062 0.0000000000
113865  48.000  4.034  34.122 0.0000000000
65761  48.636  3.489  34.706 0.0000000000
65760  49.417  3.499  34.546 0.0000000000
38477  4.114  -25.803  71.419 0.0000000000
64781  41.159  2.595  38.451 0.0000000000
61282  39.496  -1.585  39.186 0.0000000000
56315  39.170  -6.480  41.575 0.0000000000
57325  39.884  -6.127  41.976 0.0000000000
45894  27.642  -18.108  55.189 0.0000000000
45889  28.363  -17.881  55.891 0.0000000000
44931  28.248  -18.613  56.727 0.0000000000
65715  41.081  3.890  39.363 0.0000000000
66671  41.429  4.559  39.758 0.0000000000
110505  14.848  -23.110  62.413 0.0000000000
126767  9.725  -25.854  66.816 0.0000000000
38528  10.646  -25.954  67.007 0.0000000000
124240  8.924  -25.820  66.673 0.0000000000
41153  8.033  -22.187  66.005 0.0000000000
39462  5.293  -24.447  67.204 0.0000000000
38533  5.308  -25.248  67.288 0.0000000000
38534  4.712  -24.890  67.648 0.0000000000
39456  4.247  -24.517  68.232 0.0000000000
41084  3.132  -22.627  71.330 0.0000000000
49661  25.086  -13.279  55.325 0.0000000000
49667  24.526  -13.692  54.506 0.0000000000
50516  24.687  -12.945  54.544 0.0000000000
48778  24.139  -14.811  53.505 0.0000000000
47890  24.093  -15.443  52.914 0.0000000000
44922  23.174  -18.537  57.054 0.0000000000
44921  23.828  -18.674  56.897 0.0000000000
117611  23.596  -18.567  57.734 0.0000000000
132751  23.727  -18.532  58.359 0.0000000000
44906  23.160  -18.461  58.414 0.0000000000
44926  18.802  -18.932  56.578 0.0000000000
62164  44.016  -0.799  38.499 0.0000000000
62163  44.909  -0.932  38.605 0.0000000000
60236  29.202  -2.826  46.692 0.0000000000
60235  30.053  -2.284  46.398 0.0000000000
59271  29.582  -3.067  45.839 0.0000000000
59289  30.002  -3.355  45.074 0.0000000000
59290  29.319  -3.928  45.463 0.0000000000
56219  29.984  -7.315  48.560 0.0000000000
57209  34.109  -6.706  48.482 0.0000000000
57230  33.927  -6.616  47.826 0.0000000000
124614  33.094  -6.795  47.139 0.0000000000
57208  34.513  -6.432  48.363 0.0000000000
57229  35.012  -6.110  48.087 0.0000000000
73966  49.802  13.110  29.152 0.0000000000
70358  48.155  8.341  31.160 0.0000000000
45864  14.274  -16.509  59.481 0.0000000000
46814  14.825  -15.724  60.162 0.0000000000
46831  15.045  -15.983  59.224 0.0000000000
65739  48.048  2.951  36.324 0.0000000000
63898  47.819  1.860  37.378 0.0000000000
53446  27.851  -10.517  51.242 0.0000000000
52398  27.096  -10.756  50.757 0.0000000000
50555  27.157  -12.187  51.143 0.0000000000
51423  27.556  -11.623  50.358 0.0000000000
50554  27.978  -12.076  50.791 0.0000000000
66678  44.072  5.149  37.743 0.0000000000
67663  44.492  5.637  37.044 0.0000000000
66703  44.893  4.792  36.113 0.0000000000
67675  45.159  5.553  35.714 0.0000000000
39433  2.079  -24.688  72.207 0.0000000000
64753  39.793  3.243  41.081 0.0000000000
64760  39.199  2.680  39.745 0.0000000000
63875  38.988  2.792  40.710 0.0000000000
63019  38.230  0.676  39.815 0.0000000000
63877  38.672  1.296  39.568 0.0000000000
112019  38.490  -0.053  39.476 0.0000000000
57350  35.929  -5.225  40.495 0.0000000000
55300  36.575  -7.726  42.201 0.0000000000
56317  36.341  -7.056  41.493 0.0000000000
122506  37.782  -6.977  41.401 0.0000000000
55299  37.577  -7.567  42.140 0.0000000000
55287  38.188  -7.674  43.098 0.0000000000
55274  37.412  -7.777  44.491 0.0000000000
56263  37.230  -6.999  45.821 0.0000000000
65690  40.226  3.681  40.442 0.0000000000
40335  12.997  -23.576  61.155 0.0000000000
40315  13.371  -24.167  61.710 0.0000000000
39498  13.023  -24.710  62.128 0.0000000000
38570  13.232  -25.509  63.478 0.0000000000
38564  13.799  -25.721  64.259 0.0000000000
38565  12.824  -25.827  64.261 0.0000000000
38567  10.684  -25.385  64.358 0.0000000000
38555  10.288  -25.540  65.035 0.0000000000
41109  6.408  -22.590  69.035 0.0000000000
40197  5.677  -23.031  68.817 0.0000000000
40198  4.934  -23.225  69.012 0.0000000000
41093  5.718  -22.668  69.696 0.0000000000
112284  4.017  -22.261  71.701 0.0000000000
47872  24.161  -15.324  56.070 0.0000000000
48767  24.558  -14.797  55.897 0.0000000000
47877  24.032  -15.226  55.207 0.0000000000
46877  23.415  -15.772  54.290 0.0000000000
46878  22.991  -16.369  54.584 0.0000000000
129553  22.271  -17.275  54.855 0.0000000000
44958  22.080  -17.665  55.193 0.0000000000
44948  22.475  -18.105  55.284 0.0000000000
113269  21.891  -18.124  55.590 0.0000000000
44879  18.120  -19.548  60.243 0.0000000000
44861  18.861  -18.908  61.436 0.0000000000
60201  29.060  -2.502  48.224 0.0000000000
59241  28.591  -3.116  48.790 0.0000000000
119139  32.226  -9.378  49.640 0.0000000000
54399  32.448  -8.850  49.244 0.0000000000
55226  33.995  -7.644  51.273 0.0000000000
119718  33.868  -7.377  50.371 0.0000000000
56201  34.318  -6.738  49.969 0.0000000000
122149  -1.078  -23.389  72.877 0.0000000000
129388  34.894  -3.146  41.235 0.0000000000
132567  34.985  -2.673  41.911 0.0000000000
57326  33.927  -5.701  41.965 0.0000000000
58368  33.230  -4.902  42.206 0.0000000000
43947  17.065  -20.215  60.909 0.0000000000
42152  15.275  -21.323  60.160 0.0000000000
42153  14.722  -21.740  60.184 0.0000000000
44880  13.386  -18.185  60.167 0.0000000000
44881  13.426  -19.213  59.649 0.0000000000
43948  12.448  -19.671  60.831 0.0000000000
43957  13.006  -19.877  59.972 0.0000000000
42154  13.275  -21.625  59.840 0.0000000000
42148  12.464  -21.734  60.603 0.0000000000
43072  11.942  -20.314  62.378 0.0000000000
46856  21.022  -16.012  56.820 0.0000000000
46857  20.053  -15.540  56.988 0.0000000000
46872  18.201  -15.850  55.596 0.0000000000
125830  17.503  -17.694  55.632 0.0000000000
44928  17.017  -18.658  56.888 0.0000000000
44892  18.048  -19.578  59.155 0.0000000000
43973  17.051  -19.661  58.498 0.0000000000
43956  16.699  -20.259  59.970 0.0000000000
56194  30.931  -6.408  52.132 0.0000000000
55227  30.966  -7.362  51.592 0.0000000000
54387  30.514  -8.740  50.991 0.0000000000
120552  30.605  -8.083  50.745 0.0000000000
53465  29.133  -10.681  50.299 0.0000000000
53444  29.658  -10.084  50.646 0.0000000000
52415  30.480  -10.803  50.016 0.0000000000
132430  30.181  -10.653  50.050 0.0000000000
52431  31.110  -10.303  49.732 0.0000000000
53463  31.698  -9.779  49.672 0.0000000000
52414  31.665  -10.280  50.294 0.0000000000
52378  32.196  -10.324  52.017 0.0000000000
68570  46.275  7.261  37.396 0.0000000000
71216  47.751  10.672  34.473 0.0000000000
70344  46.647  9.757  34.068 0.0000000000
69486  46.946  7.833  32.402 0.0000000000
68606  47.267  6.811  32.564 0.0000000000
67692  46.512  5.845  33.869 0.0000000000
115594  47.995  5.195  33.106 0.0000000000
68605  48.145  6.442  32.318 0.0000000000
133059  43.678  2.291  37.307 0.0000000000
64799  42.984  2.531  37.637 0.0000000000
128478  42.773  0.071  38.063 0.0000000000
63893  40.807  1.626  38.308 0.0000000000
63039  40.185  0.861  38.521 0.0000000000
62166  41.461  -0.226  38.549 0.0000000000
116921  41.865  -0.866  39.010 0.0000000000
61279  42.243  -1.299  39.413 0.0000000000
62136  42.942  -1.323  39.921 0.0000000000
61274  42.126  -1.746  39.910 0.0000000000
62126  37.677  0.123  41.199 0.0000000000
60315  37.237  -2.584  39.589 0.0000000000
61275  37.376  -1.294  39.793 0.0000000000
111835  37.681  -1.902  39.516 0.0000000000
61283  38.489  -1.565  39.342 0.0000000000
58392  36.756  -4.809  40.080 0.0000000000
58391  37.801  -4.841  39.921 0.0000000000
57346  39.268  -5.398  40.411 0.0000000000
58390  38.749  -4.770  39.902 0.0000000000
58401  39.158  -3.977  39.565 0.0000000000
59356  39.948  -3.922  39.820 0.0000000000
59355  40.599  -3.479  39.886 0.0000000000
58388  40.538  -4.305  40.396 0.0000000000
121232  26.508  -15.030  53.034 0.0000000000
46865  28.523  -16.581  55.705 0.0000000000
66668  44.072  4.907  38.863 0.0000000000
66691  42.961  4.276  37.941 0.0000000000
43931  16.354  -20.488  63.482 0.0000000000
43923  16.246  -20.266  64.407 0.0000000000
43066  16.007  -20.921  63.845 0.0000000000
118256  14.819  -23.853  63.446 0.0000000000
41151  9.265  -21.355  65.648 0.0000000000
42129  10.211  -21.306  64.304 0.0000000000
40278  9.664  -23.462  63.545 0.0000000000
41178  9.140  -22.619  64.109 0.0000000000
40261  7.752  -23.196  64.860 0.0000000000
40280  8.325  -23.511  64.406 0.0000000000
39476  8.031  -24.116  64.592 0.0000000000
38558  7.608  -24.719  65.219 0.0000000000
41154  7.261  -22.498  66.134 0.0000000000
40243  6.577  -22.910  66.429 0.0000000000
39478  6.447  -23.931  65.748 0.0000000000
39469  6.599  -24.642  65.859 0.0000000000
38545  7.151  -25.166  65.823 0.0000000000
123164  7.406  -25.686  66.609 0.0000000000
38531  6.847  -25.780  67.237 0.0000000000
112084  6.444  -26.123  68.533 0.0000000000
38503  3.773  -25.650  68.810 0.0000000000
111294  4.396  -26.122  69.498 0.0000000000
40199  4.086  -23.487  69.215 0.0000000000
40213  3.750  -24.165  68.828 0.0000000000
40200  3.360  -23.812  69.520 0.0000000000
40201  2.816  -24.171  69.928 0.0000000000
39444  2.461  -24.422  70.369 0.0000000000
127753  2.583  -24.989  70.338 0.0000000000
39439  2.332  -24.633  70.840 0.0000000000
39445  2.006  -24.054  70.899 0.0000000000
40187  1.602  -23.590  71.558 0.0000000000
42041  2.240  -21.371  73.396 0.0000000000
42042  1.385  -21.453  73.189 0.0000000000
42043  0.580  -21.688  72.958 0.0000000000
53425  24.724  -9.554  52.076 0.0000000000
50538  24.170  -12.318  53.071 0.0000000000
51394  23.947  -11.174  53.209 0.0000000000
122943  24.040  -11.461  52.403 0.0000000000
49681  24.785  -13.223  52.533 0.0000000000
45939  25.341  -17.052  52.294 0.0000000000
46917  25.796  -16.339  52.403 0.0000000000
45938  25.923  -17.271  52.593 0.0000000000
117998  26.627  -17.758  53.664 0.0000000000
44953  26.307  -18.349  53.772 0.0000000000
45905  23.411  -17.636  53.895 0.0000000000
45921  23.863  -17.281  53.035 0.0000000000
128198  24.648  -18.809  56.770 0.0000000000
44934  25.050  -18.851  55.872 0.0000000000
44933  26.239  -18.936  55.730 0.0000000000
44920  25.619  -18.946  56.729 0.0000000000
117613  26.006  -19.051  57.603 0.0000000000
44904  25.364  -18.896  58.360 0.0000000000
46881  20.525  -16.531  55.206 0.0000000000
45897  20.080  -17.393  54.996 0.0000000000
128441  20.506  -18.732  56.990 0.0000000000
121530  21.188  -18.566  56.737 0.0000000000
44877  19.605  -18.869  60.137 0.0000000000
44890  19.643  -18.984  59.058 0.0000000000
44876  20.650  -18.612  60.354 0.0000000000
44858  21.874  -18.321  61.228 0.0000000000
122951  21.517  -18.469  60.479 0.0000000000
128690  21.958  -18.483  59.972 0.0000000000
112121  22.094  -18.486  59.288 0.0000000000
63900  45.453  1.310  37.132 0.0000000000
63047  44.931  0.475  37.377 0.0000000000
60267  33.508  -1.469  44.154 0.0000000000
60268  32.403  -1.831  44.105 0.0000000000
58332  31.155  -4.273  43.895 0.0000000000
133311  31.561  -3.483  43.427 0.0000000000
57312  31.751  -4.250  43.159 0.0000000000
57311  32.049  -5.315  43.096 0.0000000000
57193  29.377  -6.112  49.923 0.0000000000
56220  29.310  -6.803  48.257 0.0000000000
57194  28.931  -6.097  49.018 0.0000000000
57211  28.615  -5.947  47.944 0.0000000000
58283  28.182  -4.742  48.214 0.0000000000
56218  32.171  -7.235  47.603 0.0000000000
57231  32.046  -6.941  46.923 0.0000000000
57232  30.854  -6.723  46.483 0.0000000000
57256  30.087  -6.041  45.985 0.0000000000
56247  33.599  -6.829  46.497 0.0000000000
56267  33.069  -7.044  45.406 0.0000000000
56282  32.871  -6.973  44.242 0.0000000000
115916  33.552  -7.342  44.843 0.0000000000
56280  34.318  -7.628  44.748 0.0000000000
56245  35.635  -6.662  46.456 0.0000000000
49671  27.288  -13.409  53.744 0.0000000000
50524  28.281  -12.733  54.362 0.0000000000
50523  29.181  -12.268  54.484 0.0000000000
51378  31.360  -11.270  54.107 0.0000000000
73979  50.166  12.666  28.330 0.0000000000
74902  50.588  13.234  27.813 0.0000000000
73994  50.541  12.312  27.569 0.0000000000
73078  50.639  11.356  27.393 0.0000000000
72129  47.466  10.649  33.474 0.0000000000
72146  47.839  10.617  31.431 0.0000000000
72152  48.312  10.429  30.450 0.0000000000
71239  48.707  9.511  30.068 0.0000000000
72165  49.205  10.629  29.217 0.0000000000
71265  49.836  10.089  28.517 0.0000000000
65741  45.845  3.357  36.193 0.0000000000
64803  46.428  2.714  36.710 0.0000000000
63899  46.409  1.149  37.174 0.0000000000
52399  26.094  -10.451  51.148 0.0000000000
51439  26.601  -10.955  50.610 0.0000000000
51424  26.666  -11.557  50.665 0.0000000000
66695  44.336  4.797  36.526 0.0000000000
63870  38.384  2.083  41.331 0.0000000000
63007  37.873  0.680  40.692 0.0000000000
57340  34.663  -6.017  41.535 0.0000000000
56308  35.836  -7.431  42.004 0.0000000000
121394  36.384  -8.081  43.255 0.0000000000
122078  35.928  -7.978  44.072 0.0000000000
55268  36.019  -7.692  44.894 0.0000000000
40317  11.825  -24.137  62.166 0.0000000000
38566  11.738  -25.701  64.340 0.0000000000
110860  6.192  -22.288  70.667 0.0000000000
45895  21.603  -17.137  55.072 0.0000000000
110575  18.346  -19.052  61.850 0.0000000000
44825  18.408  -18.755  62.683 0.0000000000
59227  29.242  -3.063  50.584 0.0000000000
54386  33.386  -8.570  51.244 0.0000000000
59324  34.880  -2.080  43.067 0.0000000000
59325  34.011  -2.434  42.851 0.0000000000
43079  12.134  -20.558  61.196 0.0000000000
46859  17.754  -15.438  56.634 0.0000000000
46848  16.074  -16.047  58.257 0.0000000000
43974  16.128  -19.455  58.196 0.0000000000
53443  30.261  -9.567  50.317 0.0000000000
51436  29.017  -11.271  50.020 0.0000000000
51435  29.920  -11.292  50.200 0.0000000000
51434  30.756  -11.198  50.524 0.0000000000
52379  31.660  -10.826  52.248 0.0000000000
52363  31.726  -10.821  53.222 0.0000000000
68579  45.656  7.322  36.205 0.0000000000
70338  46.163  9.190  34.047 0.0000000000
66711  46.982  4.371  34.439 0.0000000000
66721  48.451  4.460  33.459 0.0000000000
66720  49.417  4.295  33.357 0.0000000000
64780  42.095  2.850  38.096 0.0000000000
63892  41.728  1.129  38.043 0.0000000000
62167  40.548  -0.028  38.646 0.0000000000
60311  41.390  -2.174  39.704 0.0000000000
60302  41.293  -2.946  40.106 0.0000000000
60294  36.868  -1.128  40.903 0.0000000000
56316  38.017  -6.380  40.738 0.0000000000
57337  38.840  -6.107  40.855 0.0000000000
58378  40.053  -5.075  40.782 0.0000000000
57335  40.383  -5.503  41.544 0.0000000000
46890  27.034  -17.218  54.068 0.0000000000
47881  27.061  -16.272  53.824 0.0000000000
46876  28.045  -17.166  55.144 0.0000000000
127010  41.229  4.545  40.577 0.0000000000
66659  41.967  4.814  40.392 0.0000000000
66670  42.244  4.738  39.456 0.0000000000
66680  42.552  4.500  38.601 0.0000000000
42139  15.874  -21.699  61.980 0.0000000000
42133  15.738  -21.734  63.137 0.0000000000
38541  11.347  -26.011  66.351 0.0000000000
38515  8.440  -25.917  68.123 0.0000000000
41165  8.820  -22.061  64.859 0.0000000000
41166  8.091  -22.357  65.110 0.0000000000
40227  5.897  -23.329  66.983 0.0000000000
40244  6.225  -23.608  66.205 0.0000000000
40245  5.661  -23.996  66.638 0.0000000000
38532  6.006  -25.581  67.118 0.0000000000
127780  5.548  -25.778  67.614 0.0000000000
41095  3.323  -23.084  70.706 0.0000000000
41096  2.705  -23.265  70.867 0.0000000000
40186  2.117  -23.481  71.138 0.0000000000
113874  1.647  -22.342  72.097 0.0000000000
42031  0.058  -21.428  73.288 0.0000000000
50527  24.419  -12.041  54.093 0.0000000000
48784  24.375  -14.591  52.906 0.0000000000
113457  24.506  -15.740  52.383 0.0000000000
45920  24.635  -17.222  52.385 0.0000000000
44947  23.256  -18.400  55.296 0.0000000000
44935  24.045  -18.692  56.026 0.0000000000
44905  24.356  -18.681  58.241 0.0000000000
45898  19.076  -17.574  55.039 0.0000000000
44951  19.865  -18.187  55.297 0.0000000000
44939  19.340  -18.616  55.747 0.0000000000
44925  19.769  -18.842  56.806 0.0000000000
117653  20.246  -18.846  57.605 0.0000000000
45857  20.034  -18.342  62.211 0.0000000000
45856  20.801  -18.271  61.948 0.0000000000
62162  45.874  -0.923  38.810 0.0000000000
60234  30.840  -1.683  46.046 0.0000000000
60251  31.098  -1.817  45.099 0.0000000000
60269  31.469  -2.177  44.280 0.0000000000
59288  30.672  -2.706  44.628 0.0000000000
56209  29.930  -6.956  49.652 0.0000000000
56217  33.217  -6.917  48.228 0.0000000000
129532  32.042  -6.892  46.359 0.0000000000
56246  34.622  -6.699  46.516 0.0000000000
49660  27.895  -14.027  55.070 0.0000000000
49666  27.804  -13.322  54.445 0.0000000000
49659  28.427  -13.727  55.773 0.0000000000
50514  28.792  -13.029  55.833 0.0000000000
71224  47.199  9.295  32.033 0.0000000000
71249  49.826  9.092  28.747 0.0000000000
45871  14.148  -17.550  58.810 0.0000000000
45865  13.792  -17.375  59.795 0.0000000000
46830  16.077  -15.943  59.181 0.0000000000
115399  48.965  3.037  36.257 0.0000000000
65732  48.462  2.524  37.106 0.0000000000
53400  29.241  -9.914  52.858 0.0000000000
53423  28.602  -10.234  51.969 0.0000000000
53466  28.127  -10.870  50.273 0.0000000000
51437  28.018  -11.189  49.943 0.0000000000
67662  45.175  6.157  37.288 0.0000000000
68593  45.979  6.667  34.421 0.0000000000
67681  46.161  5.588  34.441 0.0000000000
125918  46.308  4.958  34.537 0.0000000000
66701  46.160  4.499  35.007 0.0000000000
38478  3.206  -25.424  71.572 0.0000000000
65716  40.354  3.587  39.739 0.0000000000
64782  40.284  2.448  38.748 0.0000000000
64773  39.948  2.935  39.419 0.0000000000
128530  39.604  2.406  39.108 0.0000000000
63040  39.336  1.093  38.926 0.0000000000
63876  38.587  2.137  40.130 0.0000000000
129671  39.193  -0.179  39.136 0.0000000000
59348  35.475  -3.417  40.625 0.0000000000
59358  35.929  -3.546  40.303 0.0000000000
57349  36.647  -5.782  40.463 0.0000000000
56324  37.061  -6.585  40.898 0.0000000000
56295  38.884  -7.330  43.864 0.0000000000
56279  38.628  -7.297  44.603 0.0000000000
55288  37.349  -7.941  43.683 0.0000000000
56262  38.769  -6.914  45.311 0.0000000000
116372  27.057  -19.149  57.802 0.0000000000
126884  28.149  -18.909  57.664 0.0000000000
44902  27.680  -19.036  58.424 0.0000000000
40297  14.240  -24.551  63.074 0.0000000000
39490  13.537  -25.012  62.851 0.0000000000
38540  12.086  -26.016  65.893 0.0000000000
110406  5.267  -22.496  70.574 0.0000000000
125749  4.516  -22.698  70.552 0.0000000000
48773  24.793  -14.123  55.495 0.0000000000
47882  23.890  -15.216  54.091 0.0000000000
45906  22.804  -17.120  54.389 0.0000000000
116584  22.525  -18.356  55.855 0.0000000000
44923  22.549  -18.474  56.681 0.0000000000
44891  18.780  -19.312  58.705 0.0000000000
112216  19.366  -18.797  61.042 0.0000000000
44843  18.892  -18.644  62.182 0.0000000000
44842  19.443  -18.609  61.759 0.0000000000
112755  44.891  -1.054  40.345 0.0000000000
60219  28.946  -2.780  47.461 0.0000000000
118660  28.548  -3.418  47.043 0.0000000000
53478  31.457  -9.047  48.815 0.0000000000
54407  31.562  -8.534  48.433 0.0000000000
54406  32.029  -8.741  48.580 0.0000000000
55240  32.677  -7.989  48.761 0.0000000000
56208  33.226  -7.199  48.756 0.0000000000
56207  33.936  -6.931  49.167 0.0000000000
119612  48.829  6.752  31.890 0.0000000000
69491  48.668  7.416  31.347 0.0000000000
61267  38.077  -0.131  42.260 0.0000000000
60293  37.644  -0.764  42.199 0.0000000000
112487  36.841  -1.476  41.712 0.0000000000
59346  36.164  -2.050  41.383 0.0000000000
116603  36.166  -2.212  42.005 0.0000000000
59339  35.561  -2.547  41.205 0.0000000000
58367  34.479  -4.667  41.347 0.0000000000
56311  33.622  -6.585  42.427 0.0000000000
131259  17.185  -19.725  63.453 0.0000000000
43939  16.851  -20.195  62.906 0.0000000000
43071  16.327  -20.844  62.479 0.0000000000
43078  15.918  -21.075  60.657 0.0000000000
114617  16.084  -21.157  61.510 0.0000000000
42147  14.932  -22.164  60.975 0.0000000000
41217  14.364  -22.735  61.002 0.0000000000
43965  13.973  -19.714  59.022 0.0000000000
43095  13.956  -20.554  59.214 0.0000000000
42159  13.804  -21.174  59.479 0.0000000000
124932  14.066  -21.654  59.755 0.0000000000
41218  13.559  -22.960  60.866 0.0000000000
41203  12.340  -23.160  61.398 0.0000000000
118761  12.226  -22.310  61.248 0.0000000000
41189  11.030  -22.635  62.606 0.0000000000
46871  19.317  -15.666  55.750 0.0000000000
46883  18.771  -16.422  55.081 0.0000000000
46860  16.805  -16.070  56.863 0.0000000000
46861  16.191  -16.269  57.459 0.0000000000
45884  16.899  -17.605  56.224 0.0000000000
131693  17.673  -19.023  57.122 0.0000000000
43946  17.833  -19.647  61.276 0.0000000000
44845  17.443  -19.573  63.013 0.0000000000
127855  30.039  -4.710  52.176 0.0000000000
57158  30.381  -5.777  51.787 0.0000000000
56202  30.330  -7.330  50.473 0.0000000000
116929  30.592  -9.609  49.694 0.0000000000
53492  30.980  -9.323  49.167 0.0000000000
52396  32.271  -10.093  51.133 0.0000000000
53442  32.806  -9.342  51.202 0.0000000000
127413  46.770  9.401  32.652 0.0000000000
70352  47.032  8.652  32.163 0.0000000000
68599  46.372  6.356  33.917 0.0000000000
68598  46.802  6.367  33.311 0.0000000000
64797  44.146  2.685  37.002 0.0000000000
63036  43.589  -0.125  37.909 0.0000000000
63037  41.970  0.290  38.172 0.0000000000
62151  43.532  -1.079  39.208 0.0000000000
61265  43.532  -1.466  40.898 0.0000000000
61269  37.181  -0.937  40.227 0.0000000000
62138  37.560  -0.734  39.864 0.0000000000
62155  38.143  -0.720  39.546 0.0000000000
60314  39.126  -2.387  39.250 0.0000000000
59357  36.459  -3.635  39.968 0.0000000000
59367  37.023  -3.249  39.654 0.0000000000
59366  37.718  -3.321  39.467 0.0000000000
120464  38.613  -3.161  39.350 0.0000000000
59354  41.209  -3.677  40.535 0.0000000000
59345  41.654  -3.822  41.238 0.0000000000
49679  25.977  -13.612  52.373 0.0000000000
50547  25.706  -12.651  52.084 0.0000000000
48782  26.900  -14.268  53.608 0.0000000000
48777  27.491  -14.693  54.405 0.0000000000
47880  27.559  -15.655  54.474 0.0000000000
48772  27.862  -15.072  55.205 0.0000000000
66690  43.602  4.623  37.486 0.0000000000
43062  15.922  -20.834  64.759 0.0000000000
41188  14.938  -23.262  63.077 0.0000000000
42127  11.291  -20.488  63.741 0.0000000000
41176  10.555  -21.974  63.405 0.0000000000
39486  9.226  -24.178  63.927 0.0000000000
39475  8.875  -24.604  64.463 0.0000000000
38530  8.299  -25.858  67.056 0.0000000000
111091  8.037  -25.972  69.074 0.0000000000
38502  5.207  -26.202  69.064 0.0000000000
115341  3.303  -25.657  70.818 0.0000000000
38520  3.647  -24.937  68.696 0.0000000000
38504  3.229  -25.252  69.306 0.0000000000
38493  2.978  -25.512  70.067 0.0000000000
39438  2.487  -24.907  71.539 0.0000000000
39434  1.423  -24.199  72.081 0.0000000000
40172  0.497  -23.899  72.611 0.0000000000
40173  0.106  -23.744  72.708 0.0000000000
41052  2.582  -21.801  72.639 0.0000000000
40174  -0.376  -23.062  72.541 0.0000000000
53447  25.054  -9.998  51.450 0.0000000000
52401  24.527  -10.307  51.583 0.0000000000
51410  24.096  -10.751  51.789 0.0000000000
52366  23.798  -10.274  52.478 0.0000000000
50549  24.496  -11.701  51.863 0.0000000000
50548  24.912  -12.568  52.133 0.0000000000
49680  25.203  -13.473  52.346 0.0000000000
48792  25.498  -14.429  52.365 0.0000000000
47901  25.959  -15.263  52.486 0.0000000000
47902  25.034  -15.381  52.220 0.0000000000
45903  26.947  -18.097  54.440 0.0000000000
44944  26.969  -18.650  55.185 0.0000000000
128582  24.526  -17.954  52.816 0.0000000000
44976  24.990  -18.467  53.282 0.0000000000
44955  24.676  -18.649  54.126 0.0000000000
44954  25.609  -18.677  53.947 0.0000000000
46880  21.126  -16.690  55.249 0.0000000000
44950  20.604  -18.032  55.361 0.0000000000
44924  21.933  -18.505  57.085 0.0000000000
44909  20.493  -18.829  58.570 0.0000000000
44908  21.509  -18.615  58.588 0.0000000000
44907  22.359  -18.473  58.496 0.0000000000
63033  46.303  -0.337  37.983 0.0000000000
59326  33.105  -2.896  42.799 0.0000000000
59311  31.855  -2.654  43.583 0.0000000000
59327  32.186  -3.276  43.015 0.0000000000
57328  32.646  -5.342  42.570 0.0000000000
56297  33.047  -6.727  43.078 0.0000000000
58256  28.885  -4.090  50.251 0.0000000000
57175  28.718  -5.185  49.787 0.0000000000
58271  28.372  -4.174  49.227 0.0000000000
59242  28.185  -3.830  48.370 0.0000000000
59256  28.137  -4.069  47.553 0.0000000000
58292  28.358  -4.299  46.644 0.0000000000
130821  31.287  -8.106  48.196 0.0000000000
124371  30.163  -7.179  47.673 0.0000000000
56227  31.261  -7.015  47.104 0.0000000000
57234  29.021  -5.939  46.743 0.0000000000
57257  29.197  -5.294  45.848 0.0000000000
57275  29.343  -4.693  45.377 0.0000000000
58317  29.802  -4.351  44.868 0.0000000000
58316  30.382  -4.920  44.419 0.0000000000
57292  31.119  -5.409  44.224 0.0000000000
57272  31.592  -6.628  45.449 0.0000000000
57291  31.421  -6.150  44.671 0.0000000000
117265  31.708  -5.847  43.982 0.0000000000
56298  32.327  -6.301  43.628 0.0000000000
56264  36.258  -7.160  45.740 0.0000000000
50537  26.419  -12.982  52.484 0.0000000000
50546  26.605  -12.542  52.090 0.0000000000
113279  27.484  -12.514  52.382 0.0000000000
50525  27.654  -12.942  53.866 0.0000000000
117947  27.934  -12.607  53.376 0.0000000000
50535  28.394  -12.350  52.484 0.0000000000
51393  29.303  -12.099  52.517 0.0000000000
115107  30.064  -11.815  52.630 0.0000000000
50513  29.272  -12.466  55.886 0.0000000000
113910  29.388  -12.204  55.249 0.0000000000
51391  30.772  -11.533  53.284 0.0000000000
51390  31.382  -11.192  53.448 0.0000000000
52349  31.743  -10.934  53.901 0.0000000000
72137  47.530  10.656  32.454 0.0000000000
73033  48.492  12.465  31.489 0.0000000000
73040  48.779  12.032  30.305 0.0000000000
70365  49.003  8.636  30.097 0.0000000000
39499  12.332  -24.590  62.227 0.0000000000
44826  17.883  -18.943  63.249 0.0000000000
44918  27.534  -18.983  57.012 0.0000000000
44975  25.751  -18.364  53.270 0.0000000000
45918  26.169  -17.842  53.099 0.0000000000
46889  27.606  -16.640  54.528 0.0000000000
46918  24.864  -16.371  52.172 0.0000000000
51438  27.107  -11.207  50.313 0.0000000000
52382  23.903  -9.815  52.357 0.0000000000
53448  24.344  -9.833  51.815 0.0000000000
58303  28.837  -4.494  45.910 0.0000000000
113199  5.432  -23.526  67.577 0.0000000000
120349  24.401  -13.139  53.690 0.0000000000
127082  26.240  -19.034  58.351 0.0000000000
127309  28.561  -5.100  46.375 0.0000000000
127934  33.464  -7.783  50.051 0.0000000000
128187  19.410  -18.372  62.409 0.0000000000
128294  23.609  -15.873  56.311 0.0000000000
129112  33.632  -7.010  48.777 0.0000000000
132719  21.507  -18.575  57.350 0.0000000000
