#!ascii label  , from subject sub-v2s4x29598_ses-1 vox2ras=TkReg
256
66214  28.716  2.836  -14.017 0.0000000000
58926  25.437  -4.682  -11.114 0.0000000000
69946  28.404  8.114  -14.142 0.0000000000
76985  27.369  14.996  -14.776 0.0000000000
55881  23.499  -6.609  -9.844 0.0000000000
71731  30.483  9.335  -16.432 0.0000000000
74437  29.977  11.967  -18.343 0.0000000000
64400  25.649  1.424  -13.472 0.0000000000
61791  27.085  -2.483  -14.392 0.0000000000
63554  28.399  0.834  -12.950 0.0000000000
67208  30.470  4.003  -16.181 0.0000000000
64421  30.928  1.499  -15.337 0.0000000000
68160  28.370  5.144  -13.620 0.0000000000
119322  30.883  6.941  -16.934 0.0000000000
75316  26.734  13.935  -16.009 0.0000000000
75343  28.544  12.827  -19.726 0.0000000000
114530  27.655  -3.483  -11.885 0.0000000000
73495  29.359  11.368  -15.407 0.0000000000
74418  28.946  12.261  -15.404 0.0000000000
65262  27.242  2.293  -13.573 0.0000000000
112405  26.716  0.701  -13.071 0.0000000000
125852  28.816  2.166  -13.814 0.0000000000
57853  24.285  -5.478  -10.749 0.0000000000
69049  28.007  6.688  -13.521 0.0000000000
69046  30.358  6.362  -14.786 0.0000000000
69069  30.112  7.122  -14.989 0.0000000000
72636  30.815  9.837  -18.523 0.0000000000
70843  30.678  8.421  -18.814 0.0000000000
77830  25.721  15.722  -15.032 0.0000000000
76147  24.228  13.564  -15.585 0.0000000000
76154  26.795  14.073  -16.448 0.0000000000
77028  27.045  15.628  -21.380 0.0000000000
76180  27.862  14.227  -21.067 0.0000000000
75335  28.214  14.272  -19.172 0.0000000000
75351  28.384  13.342  -21.366 0.0000000000
74457  28.548  11.904  -20.214 0.0000000000
61781  27.905  -1.632  -12.978 0.0000000000
124422  27.637  -2.924  -13.726 0.0000000000
55882  22.328  -7.232  -9.434 0.0000000000
70804  29.669  8.451  -15.275 0.0000000000
72614  29.904  9.962  -15.742 0.0000000000
115736  30.520  10.807  -17.177 0.0000000000
73530  29.989  11.056  -19.143 0.0000000000
115467  24.715  -1.286  -14.149 0.0000000000
62682  25.852  -0.787  -13.764 0.0000000000
62681  27.002  0.033  -12.749 0.0000000000
62669  28.283  -0.606  -12.225 0.0000000000
67194  29.858  4.003  -14.535 0.0000000000
65272  30.180  2.473  -14.748 0.0000000000
65288  30.936  2.666  -16.550 0.0000000000
66216  26.183  3.618  -13.696 0.0000000000
68162  26.535  4.771  -14.014 0.0000000000
67176  28.054  4.218  -13.805 0.0000000000
68174  30.039  5.062  -14.189 0.0000000000
111316  30.616  5.631  -16.790 0.0000000000
69104  30.141  6.448  -18.977 0.0000000000
70820  30.953  8.380  -16.862 0.0000000000
69989  30.297  7.574  -18.578 0.0000000000
74421  26.042  12.707  -15.495 0.0000000000
76999  27.907  15.242  -18.153 0.0000000000
76161  27.390  14.297  -17.322 0.0000000000
114985  27.450  14.072  -17.300 0.0000000000
131813  28.013  13.342  -15.767 0.0000000000
74438  29.474  12.739  -18.113 0.0000000000
74456  28.735  11.366  -19.906 0.0000000000
58949  25.776  -4.198  -13.054 0.0000000000
60869  26.686  -2.893  -14.626 0.0000000000
64396  29.311  1.651  -13.721 0.0000000000
129947  29.778  0.779  -13.172 0.0000000000
73496  28.433  11.744  -15.184 0.0000000000
73497  27.452  12.023  -15.287 0.0000000000
110621  27.738  2.909  -13.782 0.0000000000
65261  28.104  2.265  -13.761 0.0000000000
118783  21.304  -7.937  -8.793 0.0000000000
55871  22.096  -7.769  -8.849 0.0000000000
57852  25.023  -5.268  -10.498 0.0000000000
116373  28.389  7.296  -13.624 0.0000000000
131831  29.011  7.344  -13.841 0.0000000000
69945  29.451  7.759  -14.671 0.0000000000
130558  30.030  9.451  -20.377 0.0000000000
72645  30.487  9.592  -19.551 0.0000000000
76986  24.837  15.136  -15.436 0.0000000000
76145  26.918  14.524  -14.994 0.0000000000
76144  27.246  14.464  -15.038 0.0000000000
121242  28.188  13.627  -20.661 0.0000000000
75350  28.527  12.424  -21.491 0.0000000000
61780  28.369  -1.581  -12.243 0.0000000000
60851  27.998  -2.296  -12.952 0.0000000000
57869  23.131  -4.936  -11.356 0.0000000000
71703  28.416  9.467  -15.044 0.0000000000
72605  28.877  9.943  -15.098 0.0000000000
73520  30.127  11.646  -17.105 0.0000000000
73510  30.017  11.176  -16.227 0.0000000000
124441  30.464  11.123  -18.129 0.0000000000
77828  27.616  16.169  -14.883 0.0000000000
62697  24.979  -0.412  -14.048 0.0000000000
63556  25.594  0.286  -13.604 0.0000000000
63555  27.509  0.979  -13.084 0.0000000000
63542  27.848  0.205  -12.508 0.0000000000
63541  28.657  0.277  -12.397 0.0000000000
120964  22.628  -6.693  -9.965 0.0000000000
133856  23.123  -7.056  -9.477 0.0000000000
67193  30.340  3.758  -15.279 0.0000000000
66233  30.249  3.218  -14.939 0.0000000000
66251  30.683  3.308  -16.894 0.0000000000
115014  25.933  2.995  -13.457 0.0000000000
69037  27.603  5.790  -13.696 0.0000000000
68161  27.331  4.932  -13.795 0.0000000000
67177  26.879  4.234  -13.801 0.0000000000
67175  29.184  4.606  -13.871 0.0000000000
126927  30.682  6.314  -16.550 0.0000000000
122540  30.590  5.925  -15.760 0.0000000000
113252  30.566  5.648  -17.712 0.0000000000
69087  30.573  6.292  -17.428 0.0000000000
122158  30.419  8.455  -15.987 0.0000000000
71730  30.932  9.022  -17.316 0.0000000000
69114  30.099  7.024  -19.237 0.0000000000
112614  25.742  13.874  -15.736 0.0000000000
75306  24.902  13.052  -15.617 0.0000000000
110460  25.622  13.090  -15.569 0.0000000000
74422  25.261  12.462  -15.632 0.0000000000
75305  26.298  13.527  -15.571 0.0000000000
76181  27.299  14.925  -20.968 0.0000000000
77017  26.756  15.522  -21.093 0.0000000000
76176  27.940  15.204  -19.477 0.0000000000
76168  28.073  14.644  -18.352 0.0000000000
75334  28.414  13.721  -18.931 0.0000000000
75325  27.918  14.131  -18.049 0.0000000000
75324  28.137  13.820  -17.863 0.0000000000
75314  27.795  13.757  -16.670 0.0000000000
75323  28.909  13.375  -17.380 0.0000000000
75333  29.026  13.190  -18.755 0.0000000000
74464  28.619  11.803  -21.169 0.0000000000
73539  28.825  11.149  -20.743 0.0000000000
115458  24.852  -4.073  -12.608 0.0000000000
61792  26.291  -1.926  -14.140 0.0000000000
61806  25.839  -2.234  -14.072 0.0000000000
61805  26.657  -2.753  -14.640 0.0000000000
59897  27.365  -3.469  -13.155 0.0000000000
59910  27.092  -3.518  -14.262 0.0000000000
59911  26.617  -4.029  -13.678 0.0000000000
58948  26.052  -4.404  -13.066 0.0000000000
128657  30.518  1.792  -14.917 0.0000000000
64409  29.982  1.685  -14.376 0.0000000000
72616  28.680  10.765  -15.141 0.0000000000
72617  27.593  10.909  -15.342 0.0000000000
73511  29.560  12.053  -16.061 0.0000000000
65263  26.260  2.329  -13.354 0.0000000000
128939  26.149  0.807  -13.223 0.0000000000
64399  26.747  1.493  -13.314 0.0000000000
64398  27.616  1.744  -13.514 0.0000000000
64397  28.383  1.604  -13.462 0.0000000000
57839  23.922  -6.116  -10.317 0.0000000000
56823  24.320  -6.430  -9.562 0.0000000000
57838  24.695  -5.853  -9.997 0.0000000000
56822  25.117  -6.175  -9.250 0.0000000000
67213  30.642  4.170  -17.227 0.0000000000
69036  28.516  5.983  -13.385 0.0000000000
113497  30.079  6.026  -13.887 0.0000000000
69048  29.119  6.616  -13.368 0.0000000000
69047  29.762  6.889  -14.146 0.0000000000
69068  30.578  6.851  -15.836 0.0000000000
71740  31.000  9.157  -18.177 0.0000000000
71752  30.902  9.222  -19.103 0.0000000000
124014  30.740  8.968  -19.872 0.0000000000
111274  25.058  13.911  -15.644 0.0000000000
76155  26.485  13.893  -15.683 0.0000000000
76187  27.319  14.948  -21.229 0.0000000000
75345  28.037  14.449  -20.279 0.0000000000
75344  28.347  13.563  -19.916 0.0000000000
74458  28.423  12.714  -20.615 0.0000000000
61790  27.479  -1.807  -13.601 0.0000000000
60858  27.601  -2.434  -13.878 0.0000000000
56837  23.031  -6.169  -10.445 0.0000000000
57854  23.465  -5.533  -10.858 0.0000000000
57868  24.014  -4.949  -11.419 0.0000000000
57867  24.750  -4.897  -11.403 0.0000000000
70793  27.481  8.603  -14.538 0.0000000000
70791  28.987  8.496  -14.761 0.0000000000
70792  28.330  8.879  -14.759 0.0000000000
71714  29.878  9.195  -15.573 0.0000000000
73494  29.829  10.679  -15.742 0.0000000000
72628  30.280  10.325  -16.424 0.0000000000
71741  30.784  9.882  -17.419 0.0000000000
127856  30.731  10.459  -18.028 0.0000000000
72646  30.494  10.431  -18.874 0.0000000000
72657  29.901  10.161  -19.785 0.0000000000
76974  27.347  15.661  -14.688 0.0000000000
76984  27.671  15.451  -14.972 0.0000000000
117940  25.479  -1.386  -13.990 0.0000000000
117099  26.261  -0.032  -13.169 0.0000000000
119268  26.742  -1.168  -13.426 0.0000000000
62670  27.550  -0.761  -12.805 0.0000000000
122359  29.582  3.094  -14.416 0.0000000000
133598  30.499  2.817  -15.226 0.0000000000
65280  30.811  2.375  -15.496 0.0000000000
66250  30.958  2.875  -17.220 0.0000000000
65279  31.356  2.135  -15.953 0.0000000000
65264  25.417  2.472  -13.652 0.0000000000
113480  26.752  2.999  -13.524 0.0000000000
119789  28.171  3.431  -13.901 0.0000000000
66215  27.276  3.591  -13.723 0.0000000000
66213  28.993  3.681  -14.020 0.0000000000
112726  30.448  4.531  -15.083 0.0000000000
68173  30.501  5.480  -14.819 0.0000000000
68193  30.580  4.968  -15.994 0.0000000000
130726  30.506  4.471  -16.707 0.0000000000
68211  30.689  4.996  -17.764 0.0000000000
112506  30.565  5.803  -18.352 0.0000000000
69957  30.229  7.705  -15.513 0.0000000000
69977  30.803  7.639  -16.439 0.0000000000
69976  30.929  7.647  -17.315 0.0000000000
70833  30.899  8.274  -17.841 0.0000000000
133860  30.585  7.623  -17.967 0.0000000000
69086  30.272  7.036  -18.061 0.0000000000
69996  29.882  7.004  -18.874 0.0000000000
74420  26.967  12.884  -15.266 0.0000000000
116147  27.816  16.071  -17.905 0.0000000000
131014  27.916  15.917  -18.889 0.0000000000
76993  27.436  14.985  -16.727 0.0000000000
75315  26.964  13.986  -16.694 0.0000000000
75304  27.253  13.572  -15.683 0.0000000000
74419  28.058  12.783  -15.283 0.0000000000
74430  28.806  12.980  -16.036 0.0000000000
73521  29.583  12.543  -17.095 0.0000000000
74448  29.005  12.258  -19.556 0.0000000000
124894  29.507  12.428  -18.883 0.0000000000
74447  29.438  11.657  -19.338 0.0000000000
73538  28.938  10.593  -19.978 0.0000000000
58936  24.836  -4.434  -12.127 0.0000000000
58935  25.397  -4.509  -12.244 0.0000000000
59934  26.470  -3.439  -14.310 0.0000000000
60868  26.954  -3.066  -14.839 0.0000000000
59921  26.572  -3.790  -14.232 0.0000000000
58960  26.219  -4.027  -13.758 0.0000000000
127608  28.949  1.245  -13.226 0.0000000000
64395  29.988  1.035  -13.981 0.0000000000
133501  29.426  1.113  -13.355 0.0000000000
63553  29.120  0.792  -12.886 0.0000000000
59920  26.847  -3.472  -14.695 0.0000000000
59922  26.077  -3.802  -13.862 0.0000000000
59933  26.803  -3.424  -14.636 0.0000000000
65273  29.437  2.324  -14.188 0.0000000000
66245  30.597  3.142  -15.813 0.0000000000
68159  29.349  5.601  -13.514 0.0000000000
68204  30.523  4.929  -17.106 0.0000000000
69093  30.267  6.423  -18.364 0.0000000000
71702  29.081  9.152  -15.115 0.0000000000
72615  29.387  10.435  -15.301 0.0000000000
76135  26.807  15.277  -14.688 0.0000000000
77843  27.676  16.522  -15.608 0.0000000000
112788  29.421  9.658  -20.788 0.0000000000
121864  26.533  -3.898  -14.180 0.0000000000
122507  27.748  16.182  -16.610 0.0000000000
127168  27.256  -3.023  -14.586 0.0000000000
128249  29.435  9.747  -15.320 0.0000000000
