#Insight Transform File V1.0
#Transform 0
Transform: AffineTransform_float_3_3
Parameters: 1 0.000195911 -0.00050015 -0.000195776 1 0.00106071 0.000500459 -0.0010605 1 0.0188004 -0.0365938 0.0573366
FixedParameters: 0 0 0

#Transform 1
Transform: AffineTransform_float_3_3
Parameters: 1 0.00017235 -0.000313962 -0.000172389 0.999999 0.00141069 0.000314341 -0.00141056 0.999999 0.0116822 -0.0370792 0.0177212
FixedParameters: 0 0 0

#Transform 2
Transform: AffineTransform_float_3_3
Parameters: 1 0.000132066 3.87631e-05 -0.000132122 0.999999 0.00155505 -3.8331e-05 -0.00155506 0.999999 -0.00424457 -0.0335633 0.033366
FixedParameters: 0 0 0

#Transform 3
Transform: AffineTransform_float_3_3
Parameters: 1 0.000239681 -6.91566e-05 -0.000239544 0.999999 0.000983328 6.96278e-05 -0.000983295 0.999999 0.00118211 -0.0381012 0.0363259
FixedParameters: 0 0 0

#Transform 4
Transform: AffineTransform_float_3_3
Parameters: 1 0.000192188 -0.000157419 -0.0001919 0.999999 0.000913603 0.00015777 -0.000913542 0.999999 0.00513821 -0.0322709 0.0450171
FixedParameters: 0 0 0

#Transform 5
Transform: AffineTransform_float_3_3
Parameters: 1 0.000148956 -8.30488e-06 -0.000148942 0.999999 0.000834324 8.55343e-06 -0.000834322 0.999999 -0.00541993 -0.0368584 0.0315923
FixedParameters: 0 0 0

#Transform 6
Transform: AffineTransform_float_3_3
Parameters: 1 0.00025346 -0.000226554 -0.000253175 1 0.000628321 0.000226872 -0.000628206 1 0.00723817 -0.0220948 0.0248817
FixedParameters: 0 0 0

#Transform 7
Transform: AffineTransform_float_3_3
Parameters: 1 0.000383245 -0.000150725 -0.000383734 1 0.00102955 0.000150383 -0.00103036 1 -0.00468914 -0.032951 0.038418
FixedParameters: 0 0 0

#Transform 8
Transform: AffineTransform_float_3_3
Parameters: 1 0.000395381 -0.000249568 -0.000395597 1 0.00116393 0.000249391 -0.00116368 1 -0.0104652 -0.0335582 0.0140046
FixedParameters: 0 0 0

#Transform 9
Transform: AffineTransform_float_3_3
Parameters: 1 0.000364504 -9.03918e-06 -0.000364292 1 0.00105478 8.83817e-06 -0.00105474 1 -0.0110193 -0.0336873 0.0125417
FixedParameters: 0 0 0

#Transform 10
Transform: AffineTransform_float_3_3
Parameters: 1 0.000219682 5.42603e-05 -0.000219657 0.999999 0.00095014 -5.48339e-05 -0.000950134 0.999999 -0.0109751 -0.024833 0.0283688
FixedParameters: 0 0 0

#Transform 11
Transform: AffineTransform_float_3_3
Parameters: 1 0.000139642 -0.000153743 -0.000140255 1 0.00101799 0.000153921 -0.00101793 1 0.00555246 -0.0257822 0.0180583
FixedParameters: 0 0 0

#Transform 12
Transform: AffineTransform_float_3_3
Parameters: 1 0.000214766 1.89113e-06 -0.000214767 1 0.000278385 -1.77155e-06 -0.000278385 1 -0.00837332 0.00358217 0.0536079
FixedParameters: 0 0 0

#Transform 13
Transform: AffineTransform_float_3_3
Parameters: 1 0.000378809 -8.96085e-05 -0.000378726 1 0.000463184 8.99594e-05 -0.000463116 1 -0.0157216 -0.0356925 0.0390111
FixedParameters: 0 0 0

#Transform 14
Transform: AffineTransform_float_3_3
Parameters: 1 0.000379898 -0.000100689 -0.000379664 1 0.000519583 0.000100093 -0.000519477 1 -0.00963323 -0.0180875 0.0571046
FixedParameters: 0 0 0

#Transform 15
Transform: AffineTransform_float_3_3
Parameters: 1 0.00027658 -9.66605e-05 -0.000276513 1 0.000349246 9.68536e-05 -0.000349193 1 -0.0157757 -0.0143852 0.0454797
FixedParameters: 0 0 0

#Transform 16
Transform: AffineTransform_float_3_3
Parameters: 1 0.00028924 -0.00051128 -0.000288871 1 0.000362717 0.000511456 -0.000363387 0.999999 -0.000258497 -0.0141999 0.0491817
FixedParameters: 0 0 0

#Transform 17
Transform: AffineTransform_float_3_3
Parameters: 1 0.000100561 0.000248267 -0.000100728 1 0.000336338 -0.000248199 -0.000336388 1 -0.00952256 0.00127649 0.0427756
FixedParameters: 0 0 0

#Transform 18
Transform: AffineTransform_float_3_3
Parameters: 1 0.000141468 -0.000112272 -0.000141389 1 0.000348291 0.000112371 -0.00034826 1 -0.0128234 -0.00558415 0.043745
FixedParameters: 0 0 0

#Transform 19
Transform: AffineTransform_float_3_3
Parameters: 1 6.56158e-05 -0.000195747 -6.54787e-05 1 0.000350137 0.000195793 -0.000350111 1 0.00255108 -0.0129989 0.0409858
FixedParameters: 0 0 0

#Transform 20
Transform: AffineTransform_float_3_3
Parameters: 1 8.29405e-05 0.000128041 -8.30276e-05 1 0.000339991 -0.000127985 -0.000340012 1 -0.00550661 -0.0188083 0.0318965
FixedParameters: 0 0 0

#Transform 21
Transform: AffineTransform_float_3_3
Parameters: 1 2.87441e-05 0.000102828 -2.8814e-05 1 0.000340224 -0.000102809 -0.000340229 1 -0.00684436 -0.00505626 -0.0175725
FixedParameters: 0 0 0

#Transform 22
Transform: AffineTransform_float_3_3
Parameters: 1 -0.000100397 -0.000113335 0.000100332 1 -0.000286634 0.000113392 0.000286612 1 0.00531331 0.0209933 -0.0260026
FixedParameters: 0 0 0

#Transform 23
Transform: AffineTransform_float_3_3
Parameters: 1 7.58786e-05 -4.3394e-05 -7.59279e-05 1 -0.00056913 4.33076e-05 0.000569136 1 0.000288368 0.0176072 -0.0619242
FixedParameters: 0 0 0

#Transform 24
Transform: AffineTransform_float_3_3
Parameters: 1 -6.06703e-05 -4.87379e-05 6.06195e-05 1 -0.00117176 4.89013e-05 0.00117175 1 0.00625113 0.0281255 -0.0849732
FixedParameters: 0 0 0

#Transform 25
Transform: AffineTransform_float_3_3
Parameters: 1 -6.21487e-05 -5.71443e-05 6.20594e-05 0.999999 -0.000780284 5.72412e-05 0.000780277 0.999999 0.00119016 0.0072326 -0.0826422
FixedParameters: 0 0 0

#Transform 26
Transform: AffineTransform_float_3_3
Parameters: 1 -0.000114075 -0.000179126 0.000113804 0.999999 -0.000757958 0.000179299 0.000757917 0.999999 0.00696784 0.0245657 -0.0793234
FixedParameters: 0 0 0

#Transform 27
Transform: AffineTransform_float_3_3
Parameters: 1 -3.34553e-05 -0.000270289 3.29355e-05 0.999999 -0.000961302 0.000270353 0.000961284 0.999999 0.00351725 0.0432543 -0.0765924
FixedParameters: 0 0 0

#Transform 28
Transform: AffineTransform_float_3_3
Parameters: 1 6.89106e-06 -0.000588075 -7.8862e-06 0.999999 -0.00084481 0.000588075 0.000844562 1 0.0225611 0.0427182 -0.0749845
FixedParameters: 0 0 0

#Transform 29
Transform: AffineTransform_float_3_3
Parameters: 1 -9.87487e-05 -0.00038194 9.81463e-05 0.999999 -0.000788374 0.000382095 0.000788299 0.999999 0.0154722 0.0384543 -0.0546499
FixedParameters: 0 0 0

#Transform 30
Transform: AffineTransform_float_3_3
Parameters: 1 8.3049e-06 -0.000592563 -9.47463e-06 0.999999 -0.000985729 0.000592559 0.000985484 1 0.0229173 0.0441081 -0.0447701
FixedParameters: 0 0 0

#Transform 31
Transform: AffineTransform_float_3_3
Parameters: 1 1.00504e-05 -0.000598003 -1.137e-05 1 -0.0011565 0.000598 0.00115652 0.999999 0.0222988 0.0304436 -0.0628512
FixedParameters: 0 0 0

#Transform 32
Transform: AffineTransform_float_3_3
Parameters: 1 -1.93309e-05 -0.000355024 1.84792e-05 0.999999 -0.00147274 0.00035411 0.00147276 0.999999 0.00441588 0.0422156 -0.0529272
FixedParameters: 0 0 0

#Transform 33
Transform: AffineTransform_float_3_3
Parameters: 1 -7.62744e-06 -0.000440868 6.42682e-06 0.999998 -0.00158194 0.000439921 0.00158196 0.999998 -0.00289429 0.0549341 -0.0519347
FixedParameters: 0 0 0

#Transform 34
Transform: AffineTransform_float_3_3
Parameters: 1 1.31111e-05 -0.000607747 -1.48249e-05 0.999999 -0.00146233 0.000607727 0.00146235 0.999998 0.00323641 0.0454999 -0.0783032
FixedParameters: 0 0 0

#Transform 35
Transform: AffineTransform_float_3_3
Parameters: 1 -2.92455e-05 -0.000272951 2.84488e-05 0.999999 -0.00157552 0.000273063 0.0015755 0.999998 0.00891718 0.0301802 -0.108014
FixedParameters: 0 0 0

#Transform 36
Transform: AffineTransform_float_3_3
Parameters: 1 -3.30566e-05 -0.000242023 3.23448e-05 0.999998 -0.00160155 0.000242149 0.00160154 0.999998 0.00724765 0.0151057 -0.110211
FixedParameters: 0 0 0

#Transform 37
Transform: AffineTransform_float_3_3
Parameters: 1 -7.02022e-05 3.77168e-05 6.93831e-05 0.999999 -0.00141773 -3.7626e-05 0.00141775 0.999999 -0.00553621 0.0256355 -0.117174
FixedParameters: 0 0 0

#Transform 38
Transform: AffineTransform_float_3_3
Parameters: 1 -2.18212e-05 -0.000338951 2.09327e-05 0.999999 -0.00140424 0.000339032 0.00140422 0.999999 0.00792496 0.0401479 -0.110948
FixedParameters: 0 0 0

#Transform 39
Transform: AffineTransform_float_3_3
Parameters: 1 -5.62308e-05 -7.54711e-05 5.6094e-05 0.999999 -0.00132595 7.56413e-05 0.00132594 0.999999 0.00134189 0.022205 -0.119716
FixedParameters: 0 0 0

#Transform 40
Transform: AffineTransform_float_3_3
Parameters: 1 -1.90146e-05 -0.000343968 1.79382e-05 0.999999 -0.00174924 0.000344075 0.00174923 0.999999 0.0109581 0.0139826 -0.104495
FixedParameters: 0 0 0

#Transform 41
Transform: AffineTransform_float_3_3
Parameters: 1 1.6715e-05 -0.000619139 -1.78524e-05 0.999999 -0.00182014 0.000619247 0.00182014 0.999998 0.0213582 0.0135985 -0.10352
FixedParameters: 0 0 0

#Transform 42
Transform: AffineTransform_float_3_3
Parameters: 1 -0.00018486 -0.000201136 0.000184301 0.999999 -0.00154546 0.000201727 0.00154539 0.999999 0.00336104 0.0259925 -0.10146
FixedParameters: 0 0 0

#Transform 43
Transform: AffineTransform_float_3_3
Parameters: 1 -0.000186253 -0.000187851 0.000186711 0.999999 -0.00174902 0.000188674 0.00174894 0.999999 0.00648627 0.0316824 -0.114588
FixedParameters: 0 0 0

#Transform 44
Transform: AffineTransform_float_3_3
Parameters: 1 -5.83167e-05 -3.01595e-05 5.83288e-05 0.999998 -0.00189873 3.04235e-05 0.00189872 0.999998 -0.000909364 0.0315042 -0.128892
FixedParameters: 0 0 0

#Transform 45
Transform: AffineTransform_float_3_3
Parameters: 1 -0.000345969 -0.000202291 0.000345273 0.999998 -0.00202643 0.000203734 0.00202629 0.999998 0.00814003 0.0313872 -0.097923
FixedParameters: 0 0 0

#Transform 46
Transform: AffineTransform_float_3_3
Parameters: 1 -7.08046e-05 9.55192e-05 7.04716e-05 0.999997 -0.00244115 -9.52388e-05 0.00244117 0.999997 -0.00515832 0.054656 -0.0879541
FixedParameters: 0 0 0

#Transform 47
Transform: AffineTransform_float_3_3
Parameters: 1 -1.47574e-05 -0.000357205 1.33376e-05 0.999997 -0.00216501 0.000357309 0.00216499 0.999997 0.0121599 0.0553715 -0.11407
FixedParameters: 0 0 0

#Transform 48
Transform: AffineTransform_float_3_3
Parameters: 1 -0.000212469 -0.000209493 0.000211708 0.999996 -0.00257907 0.000209659 0.00257901 0.999996 0.00744425 0.0642714 -0.130651
FixedParameters: 0 0 0

#Transform 49
Transform: AffineTransform_float_3_3
Parameters: 1 -0.000309593 -0.000213545 0.000308798 0.999996 -0.00275609 0.000214343 0.00275598 0.999996 0.00813083 0.0617785 -0.12087
FixedParameters: 0 0 0

#Transform 50
Transform: AffineTransform_float_3_3
Parameters: 1 -5.1208e-06 -0.00042 3.40757e-06 0.999997 -0.00242305 0.000419093 0.00242307 0.999997 0.01445 0.0631463 -0.114762
FixedParameters: 0 0 0

#Transform 51
Transform: AffineTransform_float_3_3
Parameters: 1 -0.000217837 -0.000267749 0.000217913 0.999997 -0.00230617 0.000267989 0.00230703 0.999998 0.00727532 0.0606051 -0.114795
FixedParameters: 0 0 0

#Transform 52
Transform: AffineTransform_float_3_3
Parameters: 1 -0.000259731 -0.000367929 0.000259251 0.999997 -0.00242951 0.000368391 0.00242933 0.999997 0.0140529 0.0576115 -0.116136
FixedParameters: 0 0 0

#Transform 53
Transform: AffineTransform_float_3_3
Parameters: 1 -0.000278544 -0.000427593 0.000277449 0.999996 -0.00288308 0.000428418 0.00288285 0.999996 0.0160644 0.0602958 -0.121111
FixedParameters: 0 0 0

#Transform 54
Transform: AffineTransform_float_3_3
Parameters: 1 -0.000223404 -0.000695459 0.000221368 0.999995 -0.00320619 0.000696257 0.00320587 0.999994 0.0264334 0.0772324 -0.108922
FixedParameters: 0 0 0

#Transform 55
Transform: AffineTransform_float_3_3
Parameters: 1 -0.000272836 -0.000358378 0.000272095 0.999995 -0.00294723 0.000359207 0.00294705 0.999995 0.0134548 0.0617799 -0.105051
FixedParameters: 0 0 0

#Transform 56
Transform: AffineTransform_float_3_3
Parameters: 1 -0.000213281 -0.000515049 0.000211906 0.999997 -0.00266648 0.000515406 0.00266627 0.999997 0.0188988 0.0416421 -0.103008
FixedParameters: 0 0 0

#Transform 57
Transform: AffineTransform_float_3_3
Parameters: 0.999999 -0.000395055 -0.000704059 0.000393465 0.999996 -0.00280463 0.000705621 0.00280407 0.999996 0.0106758 0.0310439 -0.104882
FixedParameters: 0 0 0

#Transform 58
Transform: AffineTransform_float_3_3
Parameters: 1 -0.000173171 -0.000551974 0.000171578 0.999997 -0.00268687 0.000552122 0.0026867 0.999996 -0.00367694 0.0273213 -0.122122
FixedParameters: 0 0 0

#Transform 59
Transform: AffineTransform_float_3_3
Parameters: 1 -2.47575e-05 -0.000389516 2.39397e-05 0.999997 -0.00264537 0.000389859 0.00264533 0.999997 -0.0090577 0.0374288 -0.136114
FixedParameters: 0 0 0

#Transform 60
Transform: AffineTransform_float_3_3
Parameters: 1 -3.8578e-05 -0.000498624 3.7329e-05 0.999996 -0.002567 0.00049802 0.00256698 0.999996 -0.00110232 0.0369275 -0.137313
FixedParameters: 0 0 0

#Transform 61
Transform: AffineTransform_float_3_3
Parameters: 1 3.71405e-05 -0.000641501 -3.92639e-05 0.999996 -0.00257374 0.00064151 0.00257352 0.999997 0.0055224 0.0222002 -0.129263
FixedParameters: 0 0 0

#Transform 62
Transform: AffineTransform_float_3_3
Parameters: 1 3.09904e-05 -0.000651465 -3.24715e-05 0.999996 -0.00285053 0.000651626 0.00285054 0.999995 0.00740727 0.0215118 -0.132816
FixedParameters: 0 0 0

#Transform 63
Transform: AffineTransform_float_3_3
Parameters: 1 3.80114e-05 -0.00065736 -3.97318e-05 0.999996 -0.00305538 0.000657486 0.0030554 0.999995 0.00656586 0.0346074 -0.133174
FixedParameters: 0 0 0

#Transform 64
Transform: AffineTransform_float_3_3
Parameters: 1 3.38747e-05 -0.000654108 -3.54915e-05 0.999995 -0.00294159 0.000654258 0.00294135 0.999996 0.00290974 0.0391681 -0.137242
FixedParameters: 0 0 0

#Transform 65
Transform: AffineTransform_float_3_3
Parameters: 1 3.5955e-05 -0.000660703 -3.78187e-05 0.999995 -0.00314835 0.000660834 0.00314836 0.999995 0.00513601 0.0407151 -0.120308
FixedParameters: 0 0 0

#Transform 66
Transform: AffineTransform_float_3_3
Parameters: 1 3.66963e-05 -0.000663095 -3.86744e-05 0.999995 -0.0032233 0.000663215 0.00322332 0.999994 0.00681239 0.0421718 -0.123967
FixedParameters: 0 0 0

#Transform 67
Transform: AffineTransform_float_3_3
Parameters: 1 3.5955e-05 -0.000660703 -3.78187e-05 0.999995 -0.00314835 0.000660834 0.00314836 0.999995 0.00627701 0.0286764 -0.124823
FixedParameters: 0 0 0

#Transform 68
Transform: AffineTransform_float_3_3
Parameters: 1 4.86779e-06 -0.000396992 -6.1694e-06 0.999993 -0.0035323 0.000396219 0.00353232 0.999993 -0.00679297 0.0508102 -0.110056
FixedParameters: 0 0 0

#Transform 69
Transform: AffineTransform_float_3_3
Parameters: 1 3.5955e-05 -0.000660703 -3.78187e-05 0.999995 -0.00314835 0.000660834 0.00314836 0.999995 0.00257573 0.0292782 -0.119308
FixedParameters: 0 0 0

#Transform 70
Transform: AffineTransform_float_3_3
Parameters: 1 3.5955e-05 -0.000660703 -3.78187e-05 0.999995 -0.00314835 0.000660834 0.00314836 0.999995 0.00855652 0.0320948 -0.124381
FixedParameters: 0 0 0

#Transform 71
Transform: AffineTransform_float_3_3
Parameters: 1 4.06284e-05 -0.000675576 -4.30891e-05 0.999994 -0.00361508 0.000675679 0.00361511 0.999993 0.00410469 0.0372387 -0.10872
FixedParameters: 0 0 0

#Transform 72
Transform: AffineTransform_float_3_3
Parameters: 1 3.78443e-05 -0.000666688 -3.99326e-05 0.999995 -0.00333624 0.000666813 0.00333626 0.999994 0.0079022 0.0472448 -0.107631
FixedParameters: 0 0 0

#Transform 73
Transform: AffineTransform_float_3_3
Parameters: 1 3.9512e-05 -0.000672077 -4.18632e-05 0.999994 -0.00350514 0.000672177 0.00350516 0.999993 0.00329429 0.0203355 -0.106148
FixedParameters: 0 0 0

#Transform 74
Transform: AffineTransform_float_3_3
Parameters: 1 4.06284e-05 -0.000675576 -4.30891e-05 0.999994 -0.00361508 0.000675679 0.00361511 0.999993 0.00302441 0.0537307 -0.0851712
FixedParameters: 0 0 0

#Transform 75
Transform: AffineTransform_float_3_3
Parameters: 1 4.15546e-05 -0.000678574 -4.41644e-05 0.999993 -0.00370903 0.000678662 0.00370905 0.999993 0.00558193 0.0470198 -0.10682
FixedParameters: 0 0 0

#Transform 76
Transform: AffineTransform_float_3_3
Parameters: 1 4.97745e-05 -0.000735615 -5.2005e-05 0.999993 -0.00387922 0.000735775 0.00387925 0.999992 0.00585973 0.0417618 -0.11488
FixedParameters: 0 0 0

#Transform 77
Transform: AffineTransform_float_3_3
Parameters: 0.999999 6.38535e-05 -0.000836991 -6.71777e-05 0.999992 -0.00410095 0.00083703 0.00410101 0.999991 0.0155462 0.0371694 -0.0948556
FixedParameters: 0 0 0

#Transform 78
Transform: AffineTransform_float_3_3
Parameters: 1 4.24893e-05 -0.000681598 -4.52527e-05 0.999992 -0.0038041 0.000681683 0.00380387 0.999993 0.0023016 0.0380499 -0.0699447
FixedParameters: 0 0 0

#Transform 79
Transform: AffineTransform_float_3_3
Parameters: 0.999999 5.08937e-05 -0.000756886 -5.38052e-05 0.999994 -0.00361237 0.000755922 0.00361245 0.999993 -0.000875995 0.0290545 -0.0736868
FixedParameters: 0 0 0

#Transform 80
Transform: AffineTransform_float_3_3
Parameters: 1 0.000125814 -0.000667696 -0.000128331 0.999993 -0.00370143 0.000667161 0.00370156 0.999993 0.000607987 0.0488862 -0.0824131
FixedParameters: 0 0 0

#Transform 81
Transform: AffineTransform_float_3_3
Parameters: 1 4.06284e-05 -0.000675576 -4.30891e-05 0.999994 -0.00361508 0.000675679 0.00361511 0.999993 0.0015424 0.0364395 -0.0723763
FixedParameters: 0 0 0

#Transform 82
Transform: AffineTransform_float_3_3
Parameters: 1 4.15251e-05 -0.000678478 -4.41301e-05 0.999993 -0.00370603 0.000678566 0.00370605 0.999993 -0.00434715 0.0462875 -0.0553882
FixedParameters: 0 0 0

#Transform 83
Transform: AffineTransform_float_3_3
Parameters: 1 4.06284e-05 -0.000675576 -4.30891e-05 0.999994 -0.00361508 0.000675679 0.00361511 0.999993 -0.00601661 0.0268664 -0.0605948
FixedParameters: 0 0 0

#Transform 84
Transform: AffineTransform_float_3_3
Parameters: 1 0.000153655 -0.000510027 -0.000156192 0.999993 -0.00376619 0.000510129 0.00376629 0.999993 -0.00750915 0.0210981 -0.0473718
FixedParameters: 0 0 0
