#!ascii label  , from subject sub-v2s4x29613_ses-1 vox2ras=TkReg
842
34145  -18.762  -34.032  65.890 0.0000000000
115016  -45.109  -20.820  61.090 0.0000000000
53049  -45.042  -13.305  56.012 0.0000000000
54055  -52.538  -12.542  51.686 0.0000000000
43168  -41.850  -23.756  62.022 0.0000000000
53996  -49.316  -12.451  55.234 0.0000000000
60331  -48.239  -5.119  47.473 0.0000000000
63166  -53.572  -2.203  45.699 0.0000000000
44046  -46.959  -23.802  57.585 0.0000000000
47846  -45.276  -19.460  54.265 0.0000000000
50484  -45.819  -15.911  59.272 0.0000000000
35032  -19.336  -33.086  71.029 0.0000000000
37453  -23.638  -30.971  71.228 0.0000000000
41084  -27.177  -26.258  71.200 0.0000000000
41099  -32.138  -26.992  69.383 0.0000000000
113066  -36.548  -27.426  66.426 0.0000000000
41205  -40.303  -26.595  64.106 0.0000000000
41245  -43.201  -25.803  61.346 0.0000000000
48770  -49.864  -18.892  52.869 0.0000000000
124388  -55.411  -2.913  43.969 0.0000000000
116844  -46.495  -21.925  59.522 0.0000000000
47808  -47.019  -19.772  58.456 0.0000000000
48688  -46.104  -18.027  60.386 0.0000000000
36632  -20.099  -31.786  68.898 0.0000000000
35840  -21.463  -32.956  71.780 0.0000000000
41184  -37.172  -26.148  64.896 0.0000000000
40193  -38.314  -26.765  65.594 0.0000000000
42204  -39.147  -25.382  64.222 0.0000000000
44945  -43.622  -22.283  61.866 0.0000000000
43148  -43.160  -23.680  63.565 0.0000000000
44016  -44.733  -22.511  61.735 0.0000000000
42272  -45.135  -25.041  59.050 0.0000000000
50518  -44.755  -16.652  54.441 0.0000000000
48767  -46.456  -18.342  52.098 0.0000000000
51420  -47.269  -15.820  54.026 0.0000000000
54036  -51.605  -12.981  53.218 0.0000000000
51422  -52.393  -15.213  53.875 0.0000000000
52241  -54.155  -14.294  51.837 0.0000000000
55000  -54.068  -12.309  50.371 0.0000000000
121803  -51.148  -3.463  49.430 0.0000000000
59404  -49.384  -5.756  51.180 0.0000000000
126626  -40.009  -25.107  61.683 0.0000000000
111979  -48.786  -13.714  50.609 0.0000000000
114285  -50.567  -3.137  46.370 0.0000000000
62219  -53.230  -3.210  47.497 0.0000000000
59517  -56.386  -5.402  42.188 0.0000000000
119277  -46.637  -25.773  56.132 0.0000000000
45938  -46.281  -21.793  56.494 0.0000000000
49585  -46.337  -17.780  57.202 0.0000000000
34118  -18.759  -33.857  68.719 0.0000000000
36628  -25.629  -30.943  69.542 0.0000000000
108144  -25.201  -28.091  71.260 0.0000000000
39308  -26.374  -28.525  69.231 0.0000000000
39310  -28.752  -27.859  69.643 0.0000000000
38450  -30.615  -29.064  68.798 0.0000000000
37500  -32.780  -29.905  67.691 0.0000000000
40177  -34.250  -27.250  67.611 0.0000000000
108421  -37.402  -30.199  65.171 0.0000000000
123334  -41.297  -24.330  64.140 0.0000000000
41225  -41.683  -26.278  63.219 0.0000000000
39384  -42.063  -28.893  61.363 0.0000000000
40275  -43.935  -28.443  58.591 0.0000000000
41322  -46.346  -27.454  57.203 0.0000000000
50520  -50.382  -16.096  54.694 0.0000000000
57675  -47.997  -8.473  50.525 0.0000000000
115927  -51.960  -10.278  50.625 0.0000000000
35070  -17.291  -33.096  67.771 0.0000000000
113717  -45.584  -21.148  60.910 0.0000000000
46853  -46.503  -19.805  59.980 0.0000000000
127099  -45.675  -19.400  60.504 0.0000000000
41204  -37.423  -26.146  63.780 0.0000000000
42187  -37.950  -25.861  64.905 0.0000000000
115971  -38.679  -25.584  63.421 0.0000000000
45889  -44.397  -21.184  61.088 0.0000000000
44932  -44.313  -22.500  62.239 0.0000000000
45891  -45.063  -21.426  61.353 0.0000000000
44024  -45.273  -22.772  60.776 0.0000000000
51418  -45.122  -15.904  53.907 0.0000000000
52219  -46.029  -14.467  54.923 0.0000000000
53085  -51.761  -13.105  52.124 0.0000000000
118894  -52.865  -13.432  53.046 0.0000000000
115150  -53.188  -12.823  52.101 0.0000000000
53104  -54.448  -13.367  51.109 0.0000000000
54978  -53.605  -11.717  50.796 0.0000000000
61274  -52.191  -4.416  49.362 0.0000000000
61263  -51.362  -4.565  50.551 0.0000000000
60316  -51.814  -5.298  49.392 0.0000000000
62245  -50.493  -3.073  44.695 0.0000000000
63164  -51.783  -2.152  45.954 0.0000000000
63148  -52.357  -2.635  47.465 0.0000000000
63157  -53.311  -2.227  46.445 0.0000000000
61303  -54.605  -4.358  46.230 0.0000000000
62238  -54.620  -3.115  45.752 0.0000000000
61331  -56.630  -4.644  43.288 0.0000000000
111367  -47.065  -24.421  56.969 0.0000000000
44055  -46.578  -23.800  56.665 0.0000000000
45003  -46.802  -23.003  57.265 0.0000000000
49577  -46.726  -17.634  59.122 0.0000000000
47807  -46.968  -19.203  57.852 0.0000000000
49584  -46.069  -16.914  57.523 0.0000000000
50502  -45.260  -16.375  56.648 0.0000000000
51377  -45.201  -15.278  58.631 0.0000000000
106425  -19.834  -34.316  69.002 0.0000000000
117043  -20.245  -34.044  71.084 0.0000000000
117450  -23.083  -32.343  71.694 0.0000000000
42109  -25.884  -25.793  70.186 0.0000000000
40146  -25.792  -27.373  71.212 0.0000000000
39300  -25.956  -28.347  70.740 0.0000000000
39301  -26.441  -27.605  70.932 0.0000000000
40163  -27.517  -27.712  69.824 0.0000000000
40164  -28.365  -27.281  70.652 0.0000000000
39313  -31.467  -28.141  69.687 0.0000000000
117385  -31.839  -29.282  68.679 0.0000000000
39314  -32.401  -28.201  69.009 0.0000000000
41162  -35.456  -26.836  66.601 0.0000000000
41142  -34.661  -26.810  66.863 0.0000000000
40178  -35.037  -27.433  67.246 0.0000000000
39333  -34.296  -28.419  67.519 0.0000000000
38473  -35.459  -28.846  66.713 0.0000000000
37539  -35.930  -30.409  65.872 0.0000000000
38475  -36.553  -28.759  66.006 0.0000000000
116075  -39.087  -27.024  65.068 0.0000000000
40202  -38.584  -27.598  65.058 0.0000000000
40216  -39.706  -27.674  63.899 0.0000000000
40217  -40.281  -27.797  63.264 0.0000000000
43157  -40.899  -24.280  63.483 0.0000000000
43158  -41.647  -23.881  63.782 0.0000000000
115263  -43.312  -24.711  62.957 0.0000000000
42219  -42.764  -25.117  63.329 0.0000000000
41244  -42.875  -25.671  62.226 0.0000000000
40245  -41.613  -27.848  61.832 0.0000000000
40255  -42.543  -27.241  60.820 0.0000000000
41285  -43.581  -27.023  59.389 0.0000000000
43199  -46.282  -24.635  58.397 0.0000000000
42291  -46.013  -25.388  58.243 0.0000000000
42292  -46.787  -25.350  57.609 0.0000000000
41339  -46.929  -26.784  56.861 0.0000000000
36612  -18.417  -31.992  70.527 0.0000000000
35844  -17.892  -32.406  70.549 0.0000000000
35042  -18.035  -33.260  70.296 0.0000000000
111869  -45.338  -21.365  54.694 0.0000000000
46929  -44.993  -20.887  53.232 0.0000000000
48768  -47.716  -18.302  52.407 0.0000000000
123357  -48.317  -12.467  55.872 0.0000000000
52206  -48.699  -14.342  55.609 0.0000000000
51394  -50.082  -14.582  55.406 0.0000000000
50553  -53.517  -16.903  52.361 0.0000000000
49630  -52.639  -17.661  53.223 0.0000000000
58550  -50.230  -6.945  51.931 0.0000000000
59396  -48.872  -7.179  51.257 0.0000000000
57662  -50.133  -7.753  51.797 0.0000000000
56762  -49.496  -8.969  51.342 0.0000000000
57665  -51.393  -9.340  50.480 0.0000000000
56779  -52.551  -10.135  50.069 0.0000000000
62248  -53.168  -2.999  44.293 0.0000000000
63177  -54.596  -2.840  44.775 0.0000000000
62258  -54.342  -3.151  43.462 0.0000000000
63194  -55.480  -2.394  42.686 0.0000000000
44977  -46.907  -22.439  58.666 0.0000000000
44978  -47.146  -22.033  58.269 0.0000000000
45904  -46.821  -20.675  59.172 0.0000000000
48697  -46.720  -18.830  59.627 0.0000000000
49570  -46.071  -16.942  60.054 0.0000000000
36613  -19.485  -32.251  70.545 0.0000000000
35846  -20.139  -33.075  71.524 0.0000000000
37456  -22.959  -31.089  71.232 0.0000000000
41143  -37.143  -26.631  66.176 0.0000000000
40185  -37.171  -27.023  66.264 0.0000000000
41164  -37.728  -26.334  65.779 0.0000000000
42174  -38.912  -25.971  65.176 0.0000000000
41185  -39.668  -25.867  64.792 0.0000000000
44021  -42.950  -22.846  61.586 0.0000000000
44006  -43.027  -23.060  63.368 0.0000000000
44916  -43.603  -22.740  63.033 0.0000000000
43159  -43.845  -23.474  63.012 0.0000000000
109397  -44.158  -24.555  61.399 0.0000000000
116626  -44.361  -25.177  60.106 0.0000000000
43179  -45.239  -23.556  60.313 0.0000000000
44030  -45.843  -23.242  59.747 0.0000000000
37481  -19.160  -31.527  69.019 0.0000000000
49611  -45.020  -17.670  54.393 0.0000000000
48765  -44.921  -18.569  52.673 0.0000000000
49625  -44.989  -16.965  53.209 0.0000000000
114721  -46.550  -17.108  52.861 0.0000000000
49626  -48.261  -17.212  53.394 0.0000000000
54014  -50.111  -12.635  54.429 0.0000000000
52209  -50.821  -13.701  55.005 0.0000000000
53062  -52.272  -13.782  53.862 0.0000000000
51435  -53.401  -15.126  52.820 0.0000000000
61286  -49.607  -4.066  48.559 0.0000000000
60298  -48.479  -5.190  49.460 0.0000000000
61261  -50.040  -4.305  50.635 0.0000000000
60285  -50.702  -5.585  51.507 0.0000000000
46838  -44.460  -20.572  60.317 0.0000000000
45902  -43.899  -21.385  60.007 0.0000000000
53050  -46.232  -13.028  56.115 0.0000000000
110966  -48.182  -12.167  53.974 0.0000000000
53069  -49.712  -12.989  53.359 0.0000000000
53102  -49.633  -13.783  51.702 0.0000000000
54071  -49.703  -13.169  50.622 0.0000000000
61295  -49.635  -4.142  47.502 0.0000000000
62217  -50.849  -3.203  47.751 0.0000000000
62208  -52.260  -3.399  48.623 0.0000000000
60318  -52.910  -4.803  48.226 0.0000000000
62249  -55.765  -3.731  44.623 0.0000000000
60362  -56.143  -5.012  44.136 0.0000000000
127574  -46.077  -25.280  55.201 0.0000000000
107016  -45.672  -22.606  55.765 0.0000000000
46905  -45.700  -20.673  55.257 0.0000000000
46876  -46.976  -20.067  57.599 0.0000000000
47818  -46.442  -19.449  56.502 0.0000000000
48725  -46.100  -18.948  55.895 0.0000000000
49600  -45.322  -17.109  55.786 0.0000000000
51392  -44.483  -15.401  55.684 0.0000000000
48695  -44.898  -18.069  59.840 0.0000000000
49569  -44.301  -17.121  59.545 0.0000000000
52159  -43.866  -14.831  59.282 0.0000000000
34126  -18.768  -33.861  67.813 0.0000000000
34128  -20.218  -34.495  67.189 0.0000000000
36647  -25.819  -31.225  67.753 0.0000000000
118831  -22.980  -29.875  69.647 0.0000000000
38433  -23.758  -29.267  70.853 0.0000000000
39285  -24.376  -29.337  71.022 0.0000000000
37497  -25.907  -30.174  69.136 0.0000000000
39332  -28.919  -28.358  66.992 0.0000000000
38460  -29.815  -28.933  67.885 0.0000000000
41123  -32.631  -26.703  67.754 0.0000000000
41124  -33.474  -26.866  67.732 0.0000000000
40172  -33.034  -27.235  68.582 0.0000000000
38454  -33.480  -28.861  67.865 0.0000000000
37518  -33.771  -30.251  67.150 0.0000000000
39355  -37.665  -28.168  65.527 0.0000000000
42218  -39.324  -25.244  63.171 0.0000000000
43138  -40.474  -24.984  64.584 0.0000000000
41187  -41.071  -25.368  64.451 0.0000000000
43147  -42.525  -24.271  63.976 0.0000000000
42206  -41.898  -24.887  64.254 0.0000000000
40218  -40.932  -26.722  63.441 0.0000000000
40233  -41.281  -27.303  62.589 0.0000000000
39383  -41.530  -29.077  61.882 0.0000000000
38582  -43.960  -30.018  58.024 0.0000000000
41286  -44.341  -26.599  58.765 0.0000000000
41302  -45.073  -27.280  58.065 0.0000000000
40285  -45.361  -28.700  57.311 0.0000000000
39436  -45.710  -28.244  56.779 0.0000000000
35049  -17.684  -33.045  69.820 0.0000000000
52220  -47.408  -14.359  55.283 0.0000000000
51421  -48.416  -15.955  54.403 0.0000000000
48750  -50.442  -17.678  53.817 0.0000000000
114437  -51.174  -16.071  54.499 0.0000000000
49628  -51.493  -17.634  53.870 0.0000000000
47859  -51.711  -19.214  53.227 0.0000000000
54070  -48.945  -12.703  50.149 0.0000000000
54986  -49.930  -12.013  50.336 0.0000000000
59410  -47.637  -6.646  49.278 0.0000000000
58562  -47.436  -7.485  49.515 0.0000000000
127873  -48.084  -9.818  50.433 0.0000000000
55850  -50.274  -10.204  50.762 0.0000000000
54976  -52.522  -11.169  50.686 0.0000000000
55842  -53.268  -11.066  50.430 0.0000000000
35081  -18.028  -33.454  66.219 0.0000000000
106059  -45.495  -20.661  60.853 0.0000000000
46841  -46.027  -19.764  60.525 0.0000000000
46840  -45.360  -20.146  60.720 0.0000000000
41223  -36.637  -26.574  63.013 0.0000000000
111295  -38.010  -25.914  63.040 0.0000000000
45890  -44.717  -21.358  61.334 0.0000000000
52203  -44.657  -14.221  55.528 0.0000000000
52218  -44.979  -14.694  54.847 0.0000000000
52204  -45.483  -13.893  55.462 0.0000000000
109592  -52.915  -12.748  52.246 0.0000000000
54057  -53.762  -12.326  51.296 0.0000000000
54056  -53.271  -12.231  51.378 0.0000000000
60317  -52.575  -4.982  48.938 0.0000000000
60302  -52.002  -4.791  49.655 0.0000000000
63175  -52.885  -2.338  45.037 0.0000000000
63165  -52.651  -2.003  45.855 0.0000000000
63156  -52.508  -2.207  46.634 0.0000000000
63158  -54.047  -2.575  46.162 0.0000000000
63167  -54.284  -2.659  45.467 0.0000000000
122591  -46.906  -23.646  57.244 0.0000000000
126287  -46.968  -23.175  57.594 0.0000000000
50473  -46.226  -16.765  59.678 0.0000000000
122369  -46.554  -17.460  58.133 0.0000000000
50493  -45.667  -16.058  58.037 0.0000000000
51365  -45.158  -15.337  59.571 0.0000000000
34091  -19.717  -33.496  71.098 0.0000000000
36596  -23.187  -31.704  71.532 0.0000000000
35849  -23.468  -32.661  71.553 0.0000000000
42096  -26.621  -25.942  70.864 0.0000000000
41082  -25.923  -26.282  70.954 0.0000000000
41070  -26.618  -26.738  71.132 0.0000000000
117840  -26.248  -27.315  71.076 0.0000000000
40147  -27.048  -26.973  71.012 0.0000000000
40154  -27.319  -27.324  70.752 0.0000000000
40148  -27.993  -26.878  71.076 0.0000000000
105713  -31.219  -26.929  69.704 0.0000000000
40165  -30.991  -27.497  69.914 0.0000000000
40166  -31.822  -27.490  69.712 0.0000000000
38443  -31.898  -28.575  69.261 0.0000000000
40167  -32.413  -27.488  69.186 0.0000000000
40183  -35.740  -27.037  66.784 0.0000000000
39335  -35.856  -27.476  66.705 0.0000000000
39334  -35.226  -28.139  67.087 0.0000000000
39344  -36.099  -28.188  66.508 0.0000000000
40204  -39.593  -26.534  64.720 0.0000000000
40203  -39.138  -27.637  64.521 0.0000000000
106255  -41.306  -23.984  62.794 0.0000000000
42238  -43.549  -25.077  61.937 0.0000000000
41263  -42.784  -26.384  61.306 0.0000000000
41264  -43.212  -26.505  60.483 0.0000000000
43200  -46.806  -24.305  57.966 0.0000000000
43209  -47.125  -24.834  57.272 0.0000000000
36599  -19.193  -32.253  70.763 0.0000000000
36598  -18.137  -31.894  70.677 0.0000000000
35845  -18.878  -32.780  70.712 0.0000000000
35031  -18.497  -32.766  70.628 0.0000000000
46915  -45.198  -20.561  54.231 0.0000000000
110336  -45.152  -21.622  53.860 0.0000000000
47858  -44.942  -19.945  53.381 0.0000000000
48769  -48.858  -18.624  52.628 0.0000000000
47873  -49.215  -19.497  52.415 0.0000000000
47874  -50.224  -19.748  52.711 0.0000000000
53986  -48.988  -12.625  55.717 0.0000000000
53053  -49.478  -13.123  55.734 0.0000000000
60313  -47.618  -5.617  48.021 0.0000000000
58551  -50.464  -7.316  51.458 0.0000000000
58549  -49.641  -7.433  51.798 0.0000000000
57663  -50.465  -8.279  51.358 0.0000000000
44962  -46.899  -21.537  58.958 0.0000000000
45903  -46.514  -21.053  59.713 0.0000000000
47787  -46.155  -18.830  60.398 0.0000000000
47793  -46.501  -19.103  60.046 0.0000000000
48696  -46.508  -18.229  60.067 0.0000000000
49562  -46.508  -17.522  59.926 0.0000000000
49561  -45.859  -17.287  60.228 0.0000000000
36623  -19.852  -31.852  69.708 0.0000000000
37468  -22.842  -30.874  70.625 0.0000000000
41203  -36.571  -26.508  63.914 0.0000000000
41183  -36.278  -26.558  64.848 0.0000000000
41163  -36.945  -26.346  65.770 0.0000000000
42172  -37.668  -26.101  65.488 0.0000000000
42188  -38.762  -25.750  64.903 0.0000000000
42173  -38.092  -25.883  65.484 0.0000000000
42189  -39.691  -25.501  64.722 0.0000000000
44915  -43.339  -22.643  62.656 0.0000000000
44008  -43.934  -22.839  62.847 0.0000000000
44015  -44.356  -23.025  62.420 0.0000000000
43171  -44.277  -23.740  62.181 0.0000000000
127824  -44.492  -23.985  61.399 0.0000000000
44023  -44.697  -23.363  61.370 0.0000000000
44025  -45.925  -22.306  60.186 0.0000000000
44031  -46.464  -22.850  59.190 0.0000000000
36622  -18.836  -31.734  69.957 0.0000000000
49624  -44.864  -17.215  53.619 0.0000000000
50534  -44.859  -16.542  53.742 0.0000000000
51419  -46.065  -15.807  53.812 0.0000000000
50535  -45.515  -16.510  53.350 0.0000000000
50536  -46.646  -16.499  53.326 0.0000000000
49638  -47.337  -17.087  53.098 0.0000000000
50537  -47.812  -16.535  53.681 0.0000000000
54015  -51.036  -12.860  54.133 0.0000000000
53998  -51.227  -13.074  54.301 0.0000000000
53999  -51.883  -13.300  53.860 0.0000000000
52232  -53.661  -14.075  52.520 0.0000000000
51436  -53.924  -14.981  52.083 0.0000000000
118432  -53.640  -15.983  52.291 0.0000000000
110092  -54.146  -14.993  51.274 0.0000000000
62206  -50.405  -3.619  49.148 0.0000000000
61273  -49.700  -4.013  49.667 0.0000000000
62195  -50.738  -3.804  50.209 0.0000000000
59399  -50.744  -5.986  51.580 0.0000000000
54035  -48.698  -12.991  53.128 0.0000000000
122283  -48.177  -14.209  50.892 0.0000000000
53119  -49.446  -13.739  51.048 0.0000000000
53120  -50.134  -13.503  51.246 0.0000000000
62236  -50.497  -3.031  45.602 0.0000000000
62235  -50.043  -3.619  46.122 0.0000000000
61302  -49.690  -4.079  46.661 0.0000000000
62224  -50.292  -3.564  47.057 0.0000000000
62216  -50.292  -3.626  48.106 0.0000000000
62218  -52.708  -3.024  47.931 0.0000000000
110095  -52.218  -2.954  48.260 0.0000000000
62209  -52.756  -3.729  48.187 0.0000000000
61275  -52.669  -4.392  48.678 0.0000000000
61287  -53.064  -4.393  47.925 0.0000000000
60319  -53.387  -4.791  47.576 0.0000000000
61288  -53.624  -4.359  47.347 0.0000000000
61304  -55.036  -4.413  45.631 0.0000000000
63178  -55.264  -3.059  44.549 0.0000000000
62259  -55.889  -3.192  43.960 0.0000000000
60371  -56.705  -5.021  42.781 0.0000000000
60370  -56.349  -5.120  43.424 0.0000000000
42340  -46.155  -25.996  55.255 0.0000000000
45002  -46.367  -22.777  56.652 0.0000000000
45018  -45.825  -23.442  56.007 0.0000000000
45953  -45.679  -21.593  55.538 0.0000000000
117290  -46.221  -20.831  56.208 0.0000000000
46877  -47.153  -20.674  58.091 0.0000000000
45928  -47.139  -21.593  57.854 0.0000000000
48717  -46.556  -18.741  56.937 0.0000000000
124972  -46.774  -19.531  57.129 0.0000000000
48716  -45.948  -17.977  56.061 0.0000000000
48724  -45.334  -17.678  55.250 0.0000000000
50492  -44.898  -15.459  57.348 0.0000000000
50501  -44.644  -15.661  56.281 0.0000000000
34127  -19.447  -34.240  67.469 0.0000000000
34119  -19.334  -34.186  68.355 0.0000000000
34120  -20.625  -34.485  68.925 0.0000000000
35025  -20.751  -33.145  71.733 0.0000000000
35035  -21.359  -33.669  71.747 0.0000000000
35063  -25.189  -32.495  68.223 0.0000000000
35874  -25.501  -31.885  68.243 0.0000000000
35881  -25.606  -31.977  67.277 0.0000000000
36637  -25.774  -31.085  68.689 0.0000000000
38440  -23.262  -29.135  69.984 0.0000000000
39293  -24.760  -28.718  71.178 0.0000000000
37459  -24.858  -30.088  70.814 0.0000000000
126514  -25.161  -28.688  71.127 0.0000000000
106831  -26.174  -28.634  70.079 0.0000000000
38441  -26.013  -29.274  69.617 0.0000000000
38449  -26.105  -29.220  68.653 0.0000000000
38459  -26.167  -29.154  67.755 0.0000000000
39329  -26.537  -28.476  67.437 0.0000000000
39321  -27.632  -27.932  68.394 0.0000000000
39331  -28.017  -27.996  67.205 0.0000000000
106848  -28.766  -28.197  68.185 0.0000000000
123238  -30.613  -28.523  69.494 0.0000000000
39311  -29.962  -27.910  69.928 0.0000000000
108741  -30.773  -29.501  68.036 0.0000000000
37499  -32.344  -29.647  68.104 0.0000000000
37498  -31.961  -29.951  68.009 0.0000000000
37516  -32.533  -30.390  67.484 0.0000000000
36662  -32.632  -31.013  66.883 0.0000000000
41141  -33.842  -26.865  66.986 0.0000000000
40176  -33.650  -27.029  68.077 0.0000000000
41111  -33.053  -26.902  68.404 0.0000000000
40173  -33.600  -27.456  68.112 0.0000000000
39315  -32.981  -27.804  68.604 0.0000000000
39323  -33.597  -28.099  68.078 0.0000000000
38463  -34.775  -29.037  67.068 0.0000000000
38462  -34.012  -29.356  67.406 0.0000000000
37519  -34.409  -29.853  66.934 0.0000000000
36649  -33.541  -30.959  66.734 0.0000000000
38485  -36.619  -29.779  65.632 0.0000000000
37555  -36.815  -31.071  65.348 0.0000000000
40192  -37.675  -27.175  65.912 0.0000000000
115833  -38.104  -27.553  65.501 0.0000000000
122723  -39.119  -25.491  62.084 0.0000000000
106899  -39.739  -25.117  62.250 0.0000000000
43145  -40.670  -24.605  64.146 0.0000000000
42190  -40.489  -25.371  64.582 0.0000000000
42191  -41.183  -24.814  64.435 0.0000000000
44001  -42.428  -23.681  63.904 0.0000000000
41207  -42.178  -25.397  63.706 0.0000000000
42207  -42.564  -24.780  63.888 0.0000000000
41206  -41.460  -25.673  63.993 0.0000000000
108203  -42.094  -27.841  61.204 0.0000000000
40265  -43.495  -28.025  59.218 0.0000000000
122789  -44.548  -25.760  59.107 0.0000000000
41303  -46.015  -27.006  57.565 0.0000000000
40277  -45.696  -27.850  57.476 0.0000000000
40286  -46.045  -27.966  57.085 0.0000000000
39425  -45.605  -28.560  56.998 0.0000000000
40298  -46.146  -27.813  56.855 0.0000000000
41351  -46.522  -26.472  56.170 0.0000000000
40299  -46.485  -27.180  56.586 0.0000000000
35050  -18.555  -33.287  70.029 0.0000000000
35060  -18.271  -33.381  69.217 0.0000000000
34117  -18.147  -33.380  68.248 0.0000000000
113822  -45.500  -18.307  52.297 0.0000000000
48766  -45.276  -19.080  52.030 0.0000000000
48785  -45.845  -19.484  51.705 0.0000000000
53037  -46.795  -12.436  56.373 0.0000000000
52205  -46.811  -13.651  55.721 0.0000000000
51393  -49.519  -14.699  55.458 0.0000000000
117028  -49.062  -15.258  55.047 0.0000000000
50519  -49.454  -16.069  54.669 0.0000000000
50538  -48.847  -16.704  54.043 0.0000000000
50539  -49.898  -16.845  54.276 0.0000000000
51407  -51.822  -15.030  54.343 0.0000000000
51406  -51.257  -15.205  54.647 0.0000000000
117936  -51.931  -15.960  54.153 0.0000000000
49629  -52.132  -17.663  53.645 0.0000000000
48752  -51.988  -18.424  53.491 0.0000000000
47860  -52.332  -19.198  53.062 0.0000000000
54985  -48.707  -11.439  50.078 0.0000000000
60289  -48.866  -5.445  50.409 0.0000000000
59422  -47.873  -5.772  48.909 0.0000000000
59411  -48.252  -6.064  49.833 0.0000000000
58556  -48.359  -7.863  50.776 0.0000000000
58563  -48.121  -7.081  50.224 0.0000000000
58555  -47.709  -7.966  50.138 0.0000000000
119134  -47.236  -8.149  49.638 0.0000000000
57690  -47.383  -8.776  50.052 0.0000000000
56776  -47.455  -9.661  50.133 0.0000000000
111146  -47.997  -9.128  50.542 0.0000000000
56763  -50.370  -9.228  51.206 0.0000000000
56778  -49.519  -9.824  50.911 0.0000000000
55839  -51.143  -10.075  50.744 0.0000000000
55840  -51.634  -11.058  50.616 0.0000000000
55841  -52.675  -10.648  50.426 0.0000000000
44948  -46.021  -21.405  60.442 0.0000000000
114428  -46.580  -20.351  59.745 0.0000000000
45892  -46.131  -20.545  60.417 0.0000000000
47786  -45.676  -18.704  60.428 0.0000000000
42203  -38.335  -25.723  64.099 0.0000000000
45878  -44.202  -21.833  61.795 0.0000000000
44931  -43.960  -22.360  62.515 0.0000000000
45879  -44.455  -22.032  61.831 0.0000000000
44933  -44.734  -22.075  61.715 0.0000000000
44947  -45.346  -21.860  61.177 0.0000000000
51399  -44.589  -15.833  54.834 0.0000000000
51417  -44.715  -16.072  54.232 0.0000000000
51400  -44.784  -15.469  54.465 0.0000000000
51401  -45.502  -15.250  54.341 0.0000000000
51402  -46.682  -15.114  54.461 0.0000000000
54016  -51.848  -13.114  53.588 0.0000000000
54017  -52.547  -13.031  52.959 0.0000000000
53071  -53.556  -13.284  52.225 0.0000000000
53086  -54.153  -13.486  51.695 0.0000000000
54038  -53.819  -12.870  51.686 0.0000000000
54058  -54.295  -12.633  51.107 0.0000000000
54979  -53.993  -11.944  50.891 0.0000000000
62197  -51.974  -4.057  49.740 0.0000000000
61262  -51.226  -4.200  50.588 0.0000000000
61264  -51.777  -4.438  50.015 0.0000000000
60292  -51.562  -4.833  50.324 0.0000000000
62237  -51.125  -2.520  45.273 0.0000000000
63155  -51.066  -2.537  46.138 0.0000000000
62225  -51.013  -2.916  47.009 0.0000000000
62226  -51.747  -2.455  46.823 0.0000000000
63149  -53.030  -2.588  47.174 0.0000000000
62227  -53.679  -2.824  46.878 0.0000000000
62220  -53.782  -3.642  47.147 0.0000000000
62228  -54.329  -3.453  46.474 0.0000000000
62229  -54.817  -3.795  45.905 0.0000000000
63185  -56.123  -2.858  43.166 0.0000000000
62260  -56.511  -3.795  43.476 0.0000000000
62261  -56.875  -4.401  42.827 0.0000000000
60393  -56.999  -5.488  41.590 0.0000000000
43219  -47.158  -25.346  56.787 0.0000000000
105869  -46.592  -24.886  56.290 0.0000000000
45939  -46.781  -22.098  57.269 0.0000000000
47798  -46.918  -18.770  58.915 0.0000000000
48710  -46.836  -18.250  58.041 0.0000000000
49593  -45.834  -17.228  56.595 0.0000000000
51376  -44.533  -14.823  57.996 0.0000000000
122434  -18.891  -33.808  69.555 0.0000000000
126890  -19.216  -34.124  69.083 0.0000000000
34108  -19.506  -34.119  69.763 0.0000000000
34109  -20.252  -34.340  69.817 0.0000000000
34101  -20.606  -34.251  70.642 0.0000000000
36627  -25.278  -31.423  69.898 0.0000000000
39295  -25.585  -28.102  71.142 0.0000000000
39309  -26.662  -27.989  70.151 0.0000000000
39320  -26.865  -28.098  68.929 0.0000000000
38442  -31.279  -28.867  69.256 0.0000000000
38451  -31.356  -29.512  68.474 0.0000000000
38452  -32.363  -28.928  68.657 0.0000000000
127249  -35.009  -26.755  66.227 0.0000000000
41125  -34.928  -26.984  67.161 0.0000000000
126000  -34.780  -28.003  67.406 0.0000000000
122046  -34.241  -27.736  67.646 0.0000000000
38486  -37.159  -28.995  65.521 0.0000000000
39371  -40.017  -28.972  63.393 0.0000000000
39377  -40.562  -29.054  62.864 0.0000000000
43167  -40.508  -24.690  62.299 0.0000000000
124663  -43.510  -24.077  63.311 0.0000000000
42220  -43.060  -24.411  63.661 0.0000000000
41226  -42.291  -26.006  62.821 0.0000000000
40234  -41.757  -26.804  62.404 0.0000000000
40246  -42.209  -26.793  61.754 0.0000000000
40256  -43.012  -27.626  60.011 0.0000000000
127242  -45.755  -24.791  58.680 0.0000000000
41304  -46.433  -26.222  57.625 0.0000000000
41323  -46.759  -26.931  57.188 0.0000000000
40287  -46.565  -27.362  56.985 0.0000000000
42310  -47.104  -26.262  57.157 0.0000000000
42326  -47.125  -26.118  56.758 0.0000000000
37467  -17.916  -31.564  70.092 0.0000000000
36611  -17.541  -31.875  70.468 0.0000000000
35843  -17.372  -32.087  70.533 0.0000000000
48787  -47.169  -19.069  51.887 0.0000000000
47872  -48.188  -19.233  52.136 0.0000000000
53978  -47.721  -12.135  56.023 0.0000000000
119119  -48.216  -13.045  56.082 0.0000000000
53052  -48.835  -13.411  55.982 0.0000000000
52207  -49.511  -13.977  55.738 0.0000000000
50540  -52.917  -16.833  53.040 0.0000000000
116764  -52.338  -16.897  53.682 0.0000000000
59397  -49.678  -6.486  51.719 0.0000000000
59403  -48.790  -6.323  50.839 0.0000000000
57661  -49.543  -8.189  51.613 0.0000000000
126822  -50.064  -8.445  51.589 0.0000000000
56764  -50.997  -9.257  51.104 0.0000000000
56765  -51.889  -10.026  50.537 0.0000000000
63176  -53.835  -2.581  44.965 0.0000000000
63183  -54.092  -2.982  44.231 0.0000000000
63184  -54.927  -2.867  43.962 0.0000000000
115628  -55.061  -2.731  43.267 0.0000000000
110634  -55.522  -2.708  43.392 0.0000000000
63195  -55.848  -2.398  42.760 0.0000000000
44036  -46.868  -23.348  58.324 0.0000000000
44037  -47.120  -22.906  58.018 0.0000000000
45916  -47.100  -21.148  58.509 0.0000000000
46864  -46.956  -20.278  58.834 0.0000000000
46854  -46.737  -19.938  59.417 0.0000000000
47799  -46.829  -19.496  59.214 0.0000000000
48704  -46.730  -18.179  59.643 0.0000000000
113676  -45.612  -16.047  59.993 0.0000000000
113435  -19.699  -32.816  71.077 0.0000000000
126107  -19.635  -33.162  71.219 0.0000000000
35847  -20.710  -32.917  71.519 0.0000000000
35848  -21.796  -32.639  71.490 0.0000000000
36602  -22.512  -31.951  71.311 0.0000000000
37452  -23.025  -31.363  71.392 0.0000000000
37457  -23.502  -30.579  71.069 0.0000000000
41109  -31.621  -26.586  69.058 0.0000000000
119714  -35.775  -26.624  65.811 0.0000000000
107075  -36.326  -26.751  66.302 0.0000000000
40184  -36.509  -27.003  66.485 0.0000000000
41144  -37.724  -26.624  65.880 0.0000000000
41165  -38.285  -26.296  65.545 0.0000000000
40194  -38.898  -26.277  65.211 0.0000000000
41186  -40.409  -25.840  64.611 0.0000000000
44014  -42.589  -23.076  62.491 0.0000000000
44007  -43.527  -23.084  63.196 0.0000000000
43170  -43.825  -24.240  62.587 0.0000000000
42253  -43.692  -25.502  60.833 0.0000000000
43178  -44.773  -24.242  60.406 0.0000000000
43189  -45.604  -24.152  59.275 0.0000000000
43190  -46.347  -23.754  58.771 0.0000000000
48737  -45.186  -18.586  54.171 0.0000000000
48749  -44.959  -19.013  53.398 0.0000000000
48748  -44.934  -18.090  53.439 0.0000000000
49636  -44.998  -17.626  52.843 0.0000000000
50551  -45.401  -17.086  52.938 0.0000000000
49637  -45.908  -17.526  52.577 0.0000000000
113895  -46.947  -17.616  52.572 0.0000000000
118535  -47.768  -17.610  52.886 0.0000000000
49639  -48.577  -17.863  52.994 0.0000000000
53997  -50.366  -12.884  54.884 0.0000000000
53054  -50.259  -13.169  55.307 0.0000000000
53060  -50.996  -13.244  54.687 0.0000000000
53061  -51.564  -13.722  54.427 0.0000000000
52223  -52.094  -14.381  54.184 0.0000000000
118545  -52.834  -14.430  53.433 0.0000000000
51423  -52.904  -15.373  53.365 0.0000000000
118613  -53.132  -15.991  52.996 0.0000000000
61285  -48.897  -4.583  47.975 0.0000000000
60314  -48.287  -5.101  48.487 0.0000000000
61272  -48.886  -4.478  49.068 0.0000000000
60299  -49.158  -4.626  50.064 0.0000000000
60290  -49.615  -5.022  50.961 0.0000000000
119283  -50.772  -4.316  50.893 0.0000000000
61255  -50.441  -4.895  51.248 0.0000000000
60284  -49.902  -5.590  51.643 0.0000000000
59398  -50.460  -6.182  51.817 0.0000000000
119427  -50.485  -6.492  51.635 0.0000000000
46839  -44.929  -20.492  60.891 0.0000000000
46852  -44.803  -19.914  60.403 0.0000000000
43169  -42.442  -23.646  61.169 0.0000000000
44022  -43.278  -22.744  60.548 0.0000000000
44946  -43.849  -21.860  61.008 0.0000000000
53975  -45.164  -12.015  56.705 0.0000000000
53036  -45.700  -12.407  56.451 0.0000000000
53976  -46.207  -12.007  56.587 0.0000000000
54929  -46.554  -11.699  56.276 0.0000000000
53985  -48.302  -12.168  55.692 0.0000000000
53995  -48.448  -11.935  55.042 0.0000000000
54013  -49.157  -12.336  54.341 0.0000000000
53070  -50.690  -12.969  53.464 0.0000000000
53083  -50.069  -13.537  52.467 0.0000000000
53084  -50.921  -13.347  52.432 0.0000000000
53103  -50.899  -13.271  51.612 0.0000000000
54054  -51.592  -12.826  51.370 0.0000000000
61301  -48.976  -4.609  46.807 0.0000000000
118460  -51.049  -3.251  48.621 0.0000000000
116157  -51.628  -2.887  47.893 0.0000000000
62207  -51.740  -3.212  48.957 0.0000000000
117955  -51.971  -3.683  49.268 0.0000000000
62198  -52.305  -3.965  49.019 0.0000000000
60333  -52.872  -5.143  47.991 0.0000000000
119105  -54.309  -4.838  46.431 0.0000000000
63168  -54.863  -2.975  45.184 0.0000000000
62239  -55.203  -3.595  45.276 0.0000000000
61311  -55.531  -4.410  45.029 0.0000000000
62250  -56.240  -3.900  44.151 0.0000000000
61321  -56.049  -4.462  44.469 0.0000000000
44067  -45.871  -24.270  55.669 0.0000000000
45017  -45.458  -23.475  55.147 0.0000000000
45966  -45.294  -22.424  54.638 0.0000000000
107914  -45.621  -19.956  54.941 0.0000000000
44990  -47.056  -22.480  57.738 0.0000000000
45927  -46.824  -21.022  57.220 0.0000000000
46889  -46.600  -20.132  56.759 0.0000000000
123399  -46.075  -19.888  55.814 0.0000000000
47830  -45.699  -19.267  55.108 0.0000000000
109649  -45.526  -18.443  55.081 0.0000000000
49599  -44.938  -17.078  55.023 0.0000000000
50509  -44.716  -16.304  55.455 0.0000000000
53048  -44.334  -13.752  56.191 0.0000000000
111389  -45.249  -19.520  60.540 0.0000000000
48687  -45.546  -17.911  60.311 0.0000000000
49560  -45.151  -16.909  60.127 0.0000000000
50459  -45.587  -16.582  60.124 0.0000000000
50472  -45.044  -15.990  60.165 0.0000000000
51353  -44.965  -15.495  59.968 0.0000000000
51352  -44.414  -15.071  59.565 0.0000000000
51364  -44.534  -14.811  58.955 0.0000000000
53035  -44.421  -12.765  56.555 0.0000000000
34135  -18.785  -33.909  66.856 0.0000000000
34092  -20.308  -33.628  71.504 0.0000000000
34093  -20.920  -34.053  71.381 0.0000000000
38439  -22.907  -29.975  70.241 0.0000000000
38432  -23.423  -30.261  70.966 0.0000000000
38426  -23.935  -29.716  70.988 0.0000000000
37454  -24.143  -30.392  70.962 0.0000000000
36618  -25.390  -30.846  70.081 0.0000000000
38428  -25.339  -28.836  70.943 0.0000000000
37514  -25.997  -30.200  68.101 0.0000000000
108246  -26.884  -28.145  68.001 0.0000000000
40155  -28.897  -26.899  71.035 0.0000000000
39322  -29.744  -28.428  69.080 0.0000000000
37515  -31.441  -30.047  67.588 0.0000000000
37535  -31.894  -30.685  66.906 0.0000000000
41122  -31.790  -26.538  68.143 0.0000000000
41110  -32.372  -26.791  68.708 0.0000000000
112038  -33.178  -26.974  66.331 0.0000000000
123010  -32.673  -27.047  68.959 0.0000000000
119154  -32.943  -28.514  68.439 0.0000000000
38453  -32.864  -29.266  68.100 0.0000000000
38461  -33.314  -29.701  67.606 0.0000000000
37517  -33.114  -30.453  67.328 0.0000000000
39345  -36.981  -27.842  66.067 0.0000000000
39361  -38.230  -28.507  64.947 0.0000000000
38487  -37.840  -29.366  64.998 0.0000000000
42217  -38.593  -25.721  62.516 0.0000000000
43156  -40.145  -24.741  63.288 0.0000000000
42205  -39.921  -24.947  64.182 0.0000000000
44013  -42.139  -23.473  63.219 0.0000000000
43146  -41.877  -24.268  64.243 0.0000000000
125839  -40.904  -25.957  64.296 0.0000000000
40232  -40.810  -28.045  62.671 0.0000000000
128341  -41.240  -28.324  62.237 0.0000000000
41265  -43.931  -26.084  59.788 0.0000000000
40266  -44.130  -27.598  58.592 0.0000000000
42290  -45.363  -26.168  58.277 0.0000000000
39452  -45.335  -28.212  56.493 0.0000000000
40311  -45.969  -27.607  56.477 0.0000000000
35059  -17.479  -33.089  68.844 0.0000000000
47857  -44.929  -19.463  52.571 0.0000000000
51403  -47.956  -15.148  54.817 0.0000000000
49627  -49.258  -17.420  53.641 0.0000000000
49640  -49.561  -18.147  53.213 0.0000000000
52221  -50.700  -14.460  55.095 0.0000000000
51405  -50.594  -15.283  54.941 0.0000000000
50521  -51.727  -16.889  54.099 0.0000000000
49612  -50.910  -16.904  54.323 0.0000000000
48751  -51.234  -18.393  53.544 0.0000000000
48771  -50.827  -19.135  53.167 0.0000000000
54086  -48.216  -13.188  49.948 0.0000000000
54072  -50.759  -12.745  50.863 0.0000000000
54988  -51.905  -12.055  50.901 0.0000000000
59421  -47.301  -6.358  48.432 0.0000000000
58572  -47.090  -7.160  48.796 0.0000000000
55849  -48.721  -10.306  50.436 0.0000000000
56777  -48.694  -9.446  50.849 0.0000000000
112118  -49.632  -10.811  50.419 0.0000000000
108690  -50.632  -11.040  50.512 0.0000000000
54987  -50.980  -11.816  50.577 0.0000000000
54977  -52.897  -11.365  50.861 0.0000000000
54989  -53.684  -11.424  50.432 0.0000000000
55851  -52.904  -10.586  50.241 0.0000000000
55852  -53.498  -10.914  49.954 0.0000000000
54999  -54.041  -11.833  49.947 0.0000000000
34100  -19.856  -34.077  70.574 0.0000000000
35026  -21.365  -33.261  71.860 0.0000000000
35033  -20.057  -33.264  71.558 0.0000000000
35842  -23.742  -32.122  71.410 0.0000000000
36595  -22.578  -32.300  71.596 0.0000000000
36597  -23.599  -31.596  71.406 0.0000000000
38421  -24.104  -30.011  71.162 0.0000000000
38422  -24.385  -29.722  70.920 0.0000000000
38427  -24.993  -29.247  71.022 0.0000000000
38434  -25.713  -29.159  70.425 0.0000000000
38600  -44.890  -29.523  57.118 0.0000000000
39286  -24.727  -29.215  71.044 0.0000000000
39294  -25.073  -28.682  71.161 0.0000000000
39412  -44.037  -29.240  58.329 0.0000000000
41069  -25.945  -26.823  71.254 0.0000000000
41071  -27.577  -26.552  71.135 0.0000000000
41083  -26.492  -26.412  71.172 0.0000000000
41363  -46.013  -26.315  55.332 0.0000000000
47794  -46.677  -19.397  59.630 0.0000000000
47877  -52.575  -19.811  52.685 0.0000000000
48786  -46.362  -19.093  51.767 0.0000000000
50494  -46.285  -16.747  58.687 0.0000000000
50522  -52.610  -16.079  53.548 0.0000000000
50552  -45.957  -16.906  52.922 0.0000000000
51404  -49.910  -15.348  55.145 0.0000000000
52173  -43.894  -14.593  58.976 0.0000000000
52208  -50.169  -13.753  55.474 0.0000000000
52222  -51.361  -14.382  54.657 0.0000000000
52256  -54.360  -14.200  51.294 0.0000000000
53039  -48.646  -12.854  55.949 0.0000000000
53974  -44.173  -12.222  56.743 0.0000000000
53977  -47.061  -12.109  56.301 0.0000000000
53987  -49.671  -12.842  55.470 0.0000000000
54037  -52.435  -12.927  52.761 0.0000000000
54928  -45.637  -11.564  56.453 0.0000000000
54943  -47.695  -11.716  55.503 0.0000000000
54990  -54.068  -12.078  50.603 0.0000000000
56766  -52.268  -10.099  50.315 0.0000000000
57676  -48.665  -8.579  51.083 0.0000000000
58548  -48.980  -7.867  51.407 0.0000000000
60301  -51.603  -5.204  50.244 0.0000000000
60303  -52.475  -4.737  48.977 0.0000000000
60334  -53.424  -5.044  47.424 0.0000000000
61296  -54.134  -4.303  46.804 0.0000000000
61322  -56.436  -4.533  43.857 0.0000000000
62184  -51.577  -4.166  50.225 0.0000000000
62196  -51.558  -3.753  49.873 0.0000000000
62210  -53.310  -3.855  47.620 0.0000000000
106432  -44.448  -15.475  59.841 0.0000000000
107252  -34.068  -26.988  67.407 0.0000000000
107362  -33.158  -26.865  67.156 0.0000000000
109204  -32.056  -27.976  69.561 0.0000000000
111010  -25.233  -32.122  68.830 0.0000000000
111477  -52.816  -11.889  51.036 0.0000000000
115470  -47.255  -25.642  57.079 0.0000000000
117828  -45.803  -18.836  51.881 0.0000000000
118511  -50.330  -13.609  51.878 0.0000000000
119054  -23.950  -31.046  71.166 0.0000000000
120820  -53.316  -10.864  50.217 0.0000000000
122300  -45.450  -18.929  54.648 0.0000000000
125209  -50.411  -18.434  53.354 0.0000000000
125730  -46.301  -17.560  60.164 0.0000000000
125904  -21.995  -32.758  71.751 0.0000000000
126484  -53.295  -16.448  52.687 0.0000000000
128254  -31.044  -28.426  69.605 0.0000000000
