#!ascii label  , from subject sub-v2s4x29613_ses-1 vox2ras=TkReg
269
68972  22.133  1.239  -11.604 0.0000000000
111353  16.611  -6.957  -11.300 0.0000000000
73474  21.957  6.345  -11.533 0.0000000000
81827  24.030  17.042  -10.990 0.0000000000
61276  15.436  -7.760  -9.481 0.0000000000
111268  24.866  8.462  -12.521 0.0000000000
106013  25.187  11.581  -12.456 0.0000000000
114922  18.262  -0.401  -12.659 0.0000000000
64956  18.200  -3.644  -12.974 0.0000000000
66622  20.949  -1.734  -12.943 0.0000000000
70769  23.859  2.953  -14.080 0.0000000000
68164  23.557  0.276  -14.974 0.0000000000
107925  21.919  4.069  -11.488 0.0000000000
110188  24.622  5.932  -13.487 0.0000000000
79623  23.601  14.288  -10.592 0.0000000000
79645  24.461  14.343  -13.499 0.0000000000
63124  18.505  -6.092  -13.096 0.0000000000
76711  24.005  10.021  -10.455 0.0000000000
115810  24.491  11.539  -10.471 0.0000000000
68125  19.484  0.393  -11.744 0.0000000000
67374  19.884  -1.417  -11.774 0.0000000000
68140  21.820  -0.260  -11.862 0.0000000000
62213  16.096  -7.309  -10.734 0.0000000000
72565  21.875  5.456  -11.514 0.0000000000
71656  23.677  4.391  -11.848 0.0000000000
73472  23.904  6.003  -11.595 0.0000000000
105771  24.815  9.892  -13.956 0.0000000000
105949  24.514  8.373  -14.699 0.0000000000
81074  22.219  16.569  -10.478 0.0000000000
110974  22.597  14.309  -10.484 0.0000000000
80338  24.209  15.766  -10.841 0.0000000000
124572  23.038  17.931  -15.760 0.0000000000
81855  22.572  17.043  -15.857 0.0000000000
80363  24.216  15.261  -13.994 0.0000000000
80370  22.894  15.360  -15.375 0.0000000000
120541  23.215  13.937  -15.183 0.0000000000
64967  19.720  -4.549  -13.702 0.0000000000
64050  18.324  -5.410  -13.704 0.0000000000
110476  14.142  -7.874  -8.503 0.0000000000
74330  23.679  7.074  -11.412 0.0000000000
75207  23.856  8.629  -11.083 0.0000000000
105928  25.057  9.847  -12.832 0.0000000000
105778  24.685  10.809  -13.981 0.0000000000
66640  16.741  -1.740  -13.949 0.0000000000
66625  18.598  -2.057  -12.730 0.0000000000
65820  19.847  -2.637  -12.903 0.0000000000
128715  21.325  -3.880  -14.495 0.0000000000
68971  23.055  1.971  -12.060 0.0000000000
68138  22.996  0.765  -13.142 0.0000000000
69017  23.520  1.288  -14.712 0.0000000000
111823  19.994  2.099  -11.437 0.0000000000
70737  19.573  3.477  -11.771 0.0000000000
69836  21.890  2.727  -11.538 0.0000000000
70733  23.721  3.442  -12.412 0.0000000000
71687  24.481  4.325  -13.644 0.0000000000
72619  23.115  5.655  -16.373 0.0000000000
119525  24.688  6.798  -12.875 0.0000000000
121435  23.854  6.889  -15.595 0.0000000000
78203  23.309  12.663  -10.492 0.0000000000
81841  24.384  17.197  -12.533 0.0000000000
81088  24.545  15.996  -12.870 0.0000000000
79630  24.554  14.284  -11.503 0.0000000000
121963  24.761  12.863  -11.073 0.0000000000
78951  24.675  13.325  -13.300 0.0000000000
78241  23.776  12.815  -14.676 0.0000000000
63126  16.790  -5.924  -12.725 0.0000000000
64970  16.790  -3.710  -13.061 0.0000000000
115872  22.322  -0.933  -13.833 0.0000000000
66654  22.351  -2.717  -14.968 0.0000000000
77451  24.008  10.819  -10.194 0.0000000000
68124  20.497  0.462  -11.532 0.0000000000
68141  21.082  -0.394  -11.646 0.0000000000
68123  21.576  0.450  -11.581 0.0000000000
107380  13.700  -8.869  -7.588 0.0000000000
125038  14.013  -8.508  -8.110 0.0000000000
72572  21.236  5.904  -11.746 0.0000000000
72564  22.855  5.684  -11.433 0.0000000000
73473  22.997  6.452  -11.386 0.0000000000
105772  24.485  10.076  -14.977 0.0000000000
121099  24.415  9.402  -15.207 0.0000000000
81828  23.500  17.224  -10.780 0.0000000000
81073  23.200  16.532  -10.581 0.0000000000
80339  23.677  15.795  -10.575 0.0000000000
81072  23.935  16.472  -10.737 0.0000000000
81101  22.764  16.289  -15.530 0.0000000000
79657  21.999  14.819  -15.948 0.0000000000
64048  20.365  -4.630  -13.770 0.0000000000
62227  15.002  -6.066  -11.038 0.0000000000
122840  23.047  7.917  -11.100 0.0000000000
75196  22.942  8.763  -10.659 0.0000000000
105978  25.306  10.456  -11.225 0.0000000000
105939  25.017  9.759  -11.342 0.0000000000
121273  25.229  10.142  -11.982 0.0000000000
121222  24.970  10.681  -12.866 0.0000000000
121370  24.836  11.435  -13.247 0.0000000000
82547  23.152  18.144  -10.587 0.0000000000
67376  17.911  -1.137  -13.240 0.0000000000
67375  18.941  -1.313  -12.308 0.0000000000
67373  20.624  -1.203  -11.874 0.0000000000
66623  20.194  -1.995  -12.379 0.0000000000
65833  20.729  -3.026  -13.782 0.0000000000
61277  14.676  -7.516  -9.290 0.0000000000
61258  14.953  -8.073  -8.890 0.0000000000
69859  23.384  2.362  -12.751 0.0000000000
69007  23.341  1.505  -13.516 0.0000000000
69873  23.563  2.222  -13.852 0.0000000000
68975  18.803  1.250  -12.164 0.0000000000
71659  20.871  4.320  -11.499 0.0000000000
70736  20.333  3.502  -11.510 0.0000000000
69837  20.801  2.626  -11.458 0.0000000000
107739  21.308  3.449  -11.453 0.0000000000
69835  22.879  2.788  -11.878 0.0000000000
70734  22.905  3.765  -11.662 0.0000000000
72570  24.664  4.961  -12.926 0.0000000000
71669  24.313  4.306  -12.534 0.0000000000
72588  24.391  5.131  -14.126 0.0000000000
72606  23.730  5.178  -15.324 0.0000000000
73509  23.931  6.046  -15.148 0.0000000000
126506  24.318  7.470  -11.690 0.0000000000
73471  24.425  6.794  -11.960 0.0000000000
74339  24.668  7.551  -12.280 0.0000000000
121116  24.223  7.685  -15.343 0.0000000000
121439  23.477  7.466  -16.475 0.0000000000
78928  21.989  13.556  -10.468 0.0000000000
78927  22.995  13.510  -10.514 0.0000000000
124474  22.454  12.889  -10.448 0.0000000000
116301  23.798  17.808  -15.028 0.0000000000
82574  23.698  18.633  -15.408 0.0000000000
114784  24.376  16.866  -13.921 0.0000000000
80356  24.506  15.299  -13.142 0.0000000000
79637  24.827  13.898  -12.138 0.0000000000
78935  24.888  13.461  -11.625 0.0000000000
116221  24.755  13.873  -12.767 0.0000000000
108452  25.093  13.171  -12.401 0.0000000000
78968  22.421  13.352  -15.820 0.0000000000
107421  23.201  13.075  -15.270 0.0000000000
106232  23.370  12.141  -15.408 0.0000000000
63116  15.639  -5.407  -11.965 0.0000000000
65823  17.432  -2.831  -13.346 0.0000000000
65835  16.742  -2.881  -13.526 0.0000000000
63131  18.793  -5.463  -13.658 0.0000000000
125449  17.812  -5.687  -13.724 0.0000000000
63132  18.248  -5.921  -13.832 0.0000000000
62233  17.920  -6.300  -13.313 0.0000000000
112508  23.355  0.760  -14.156 0.0000000000
67371  22.621  -0.193  -13.475 0.0000000000
68156  23.127  -0.017  -14.375 0.0000000000
75947  23.522  9.402  -10.551 0.0000000000
76697  23.230  10.131  -10.220 0.0000000000
76710  24.763  10.372  -10.676 0.0000000000
77468  25.196  11.264  -10.911 0.0000000000
68126  18.564  0.386  -12.414 0.0000000000
67363  19.225  -0.525  -11.941 0.0000000000
67362  20.180  -0.526  -11.565 0.0000000000
112094  21.405  -0.892  -12.216 0.0000000000
61291  15.904  -7.650  -10.012 0.0000000000
61275  16.022  -7.735  -9.357 0.0000000000
62183  16.575  -7.257  -8.888 0.0000000000
71705  23.421  3.912  -15.603 0.0000000000
70787  23.540  3.068  -15.220 0.0000000000
71670  20.191  4.955  -11.996 0.0000000000
71658  21.650  4.769  -11.498 0.0000000000
71657  22.675  4.729  -11.483 0.0000000000
72563  23.556  5.162  -11.620 0.0000000000
73482  24.567  5.908  -12.384 0.0000000000
105782  24.897  9.190  -13.243 0.0000000000
105775  24.718  8.573  -13.647 0.0000000000
121115  24.682  9.057  -14.385 0.0000000000
110612  23.203  15.066  -10.484 0.0000000000
114827  24.019  15.073  -10.667 0.0000000000
81854  23.261  17.046  -15.283 0.0000000000
81093  24.064  16.116  -14.323 0.0000000000
80364  23.662  15.345  -14.738 0.0000000000
79651  23.845  14.397  -14.504 0.0000000000
119620  23.302  14.699  -15.114 0.0000000000
79656  22.618  14.364  -15.508 0.0000000000
64955  18.993  -3.703  -13.146 0.0000000000
64968  18.757  -4.674  -13.468 0.0000000000
64049  19.258  -5.161  -13.670 0.0000000000
63122  19.437  -5.078  -13.672 0.0000000000
61278  13.926  -7.040  -8.825 0.0000000000
61292  15.266  -7.305  -10.171 0.0000000000
62214  15.386  -6.835  -11.029 0.0000000000
62225  16.039  -6.786  -11.501 0.0000000000
74332  21.468  7.163  -11.617 0.0000000000
74331  22.522  7.129  -11.382 0.0000000000
116944  23.915  7.834  -11.377 0.0000000000
74329  24.513  8.112  -11.650 0.0000000000
75959  24.363  9.497  -10.863 0.0000000000
75206  24.716  8.923  -11.536 0.0000000000
121098  25.116  9.349  -12.200 0.0000000000
106097  24.239  10.893  -14.872 0.0000000000
81829  22.686  17.313  -10.511 0.0000000000
119467  23.821  17.768  -11.073 0.0000000000
66626  17.547  -1.909  -13.664 0.0000000000
65822  18.301  -2.848  -12.890 0.0000000000
66624  19.520  -2.100  -12.253 0.0000000000
65821  19.195  -2.808  -12.780 0.0000000000
65834  19.840  -3.555  -13.495 0.0000000000
126050  20.647  -4.143  -14.125 0.0000000000
64966  21.371  -4.216  -14.349 0.0000000000
68990  22.856  1.282  -11.999 0.0000000000
68139  22.446  0.336  -12.102 0.0000000000
68989  23.149  1.590  -12.606 0.0000000000
69885  23.531  2.220  -15.015 0.0000000000
69025  23.847  1.452  -15.753 0.0000000000
68170  23.859  0.675  -15.447 0.0000000000
68974  19.747  1.326  -11.570 0.0000000000
68973  20.896  1.482  -11.534 0.0000000000
69838  19.746  2.819  -11.559 0.0000000000
122323  21.660  2.053  -11.542 0.0000000000
111398  22.468  1.994  -11.716 0.0000000000
107574  23.838  2.945  -13.239 0.0000000000
70768  24.311  3.674  -13.257 0.0000000000
70786  24.093  3.656  -14.346 0.0000000000
71704  23.998  4.431  -14.808 0.0000000000
71715  23.128  4.775  -16.009 0.0000000000
74348  24.600  7.769  -13.567 0.0000000000
73494  24.362  6.868  -14.254 0.0000000000
78204  22.556  12.084  -10.339 0.0000000000
122379  24.270  17.945  -12.365 0.0000000000
81836  24.205  17.295  -11.671 0.0000000000
81082  24.285  16.455  -11.173 0.0000000000
80347  24.451  15.716  -11.419 0.0000000000
110532  24.382  15.046  -11.032 0.0000000000
81092  24.387  16.040  -13.575 0.0000000000
123425  24.490  15.032  -11.685 0.0000000000
79622  24.230  14.311  -10.897 0.0000000000
128968  24.501  13.652  -11.133 0.0000000000
78202  24.218  12.384  -10.593 0.0000000000
77450  24.793  12.039  -10.841 0.0000000000
121223  25.309  12.320  -12.119 0.0000000000
105779  24.923  12.327  -13.062 0.0000000000
78959  24.166  13.530  -14.112 0.0000000000
105776  24.363  12.603  -13.958 0.0000000000
105971  24.524  11.680  -13.959 0.0000000000
121340  23.944  11.856  -14.730 0.0000000000
63115  16.108  -6.134  -12.032 0.0000000000
62235  16.711  -6.592  -12.033 0.0000000000
64971  16.283  -3.574  -12.981 0.0000000000
64969  17.606  -4.065  -13.025 0.0000000000
111708  17.460  -4.911  -13.281 0.0000000000
64043  17.215  -5.345  -13.202 0.0000000000
62234  17.376  -6.525  -12.747 0.0000000000
117583  22.070  -0.520  -12.671 0.0000000000
67372  21.740  -1.326  -13.466 0.0000000000
67386  22.803  -0.862  -14.687 0.0000000000
66638  22.424  -1.772  -14.751 0.0000000000
66639  21.665  -2.378  -14.247 0.0000000000
65832  21.849  -3.459  -14.775 0.0000000000
64051  16.861  -4.378  -12.913 0.0000000000
70735  22.173  3.362  -11.554 0.0000000000
72566  21.024  5.227  -11.625 0.0000000000
72571  24.220  5.103  -12.058 0.0000000000
78926  24.005  13.386  -10.727 0.0000000000
78934  25.186  12.820  -11.698 0.0000000000
78960  23.649  13.570  -14.748 0.0000000000
80350  24.536  15.513  -12.285 0.0000000000
105783  25.149  12.167  -11.371 0.0000000000
106029  25.313  10.956  -11.780 0.0000000000
114146  23.586  11.750  -10.306 0.0000000000
119736  24.614  14.617  -12.441 0.0000000000
119820  16.924  -2.268  -13.899 0.0000000000
121310  25.331  11.663  -11.704 0.0000000000
124400  22.361  8.366  -10.867 0.0000000000
126156  24.552  4.303  -13.017 0.0000000000
126169  23.713  2.125  -15.733 0.0000000000
127087  24.708  10.986  -10.472 0.0000000000
128124  16.164  -5.522  -12.277 0.0000000000
