#!ascii label  , from subject sub-v2s4x29626_ses-1 vox2ras=TkReg
247
61302  29.932  -6.431  -6.090 0.0000000000
54705  26.610  -13.195  3.203 0.0000000000
65474  29.290  -2.478  -4.981 0.0000000000
72120  28.419  5.112  -4.017 0.0000000000
52366  24.941  -14.746  4.238 0.0000000000
66475  30.688  -1.425  -5.034 0.0000000000
68444  29.566  0.475  -2.916 0.0000000000
60181  29.128  -7.796  -2.266 0.0000000000
57946  28.425  -9.252  0.389 0.0000000000
60179  31.268  -8.138  -2.312 0.0000000000
62325  30.298  -5.524  -9.155 0.0000000000
60221  32.993  -7.295  -6.116 0.0000000000
62301  27.309  -5.207  -7.562 0.0000000000
65504  28.345  -2.171  -8.962 0.0000000000
112478  26.782  3.239  -3.328 0.0000000000
70285  29.264  2.844  -3.770 0.0000000000
54716  27.991  -11.529  2.437 0.0000000000
67428  29.303  -0.403  -2.493 0.0000000000
69387  28.015  1.121  -2.858 0.0000000000
60209  29.564  -8.050  -4.347 0.0000000000
59080  29.833  -8.527  -3.089 0.0000000000
60207  31.151  -8.272  -4.856 0.0000000000
52383  25.416  -14.208  3.718 0.0000000000
64388  26.920  -3.821  -6.982 0.0000000000
64399  26.039  -4.484  -8.932 0.0000000000
126382  28.060  -2.484  -7.627 0.0000000000
67439  31.482  -0.683  -3.578 0.0000000000
67470  31.138  -0.629  -5.923 0.0000000000
122731  27.245  4.787  -2.835 0.0000000000
71200  25.269  3.316  -3.363 0.0000000000
71198  27.449  3.809  -3.261 0.0000000000
72148  27.993  3.636  -8.340 0.0000000000
71229  29.011  3.328  -7.149 0.0000000000
71214  29.805  3.550  -4.664 0.0000000000
70303  30.406  3.337  -4.945 0.0000000000
70297  30.634  2.628  -4.261 0.0000000000
57945  29.688  -9.230  0.566 0.0000000000
56822  28.433  -10.596  1.275 0.0000000000
120081  23.677  -15.345  4.532 0.0000000000
66467  29.939  -1.672  -5.244 0.0000000000
67427  30.209  -1.150  -2.701 0.0000000000
67441  30.185  -0.294  -2.968 0.0000000000
68443  30.861  -0.133  -3.362 0.0000000000
127469  27.289  -9.577  0.383 0.0000000000
59041  28.560  -8.347  0.274 0.0000000000
60135  29.876  -7.518  0.068 0.0000000000
59038  31.260  -7.688  0.126 0.0000000000
62316  30.066  -5.977  -7.542 0.0000000000
61313  31.494  -6.671  -6.505 0.0000000000
61319  31.757  -6.211  -7.334 0.0000000000
61303  29.692  -6.525  -5.202 0.0000000000
62287  28.717  -5.240  -5.664 0.0000000000
109893  29.143  -5.748  -7.212 0.0000000000
131071  27.512  -6.073  -10.145 0.0000000000
63353  28.233  -4.645  -11.086 0.0000000000
64413  29.663  -3.015  -9.672 0.0000000000
66485  29.815  -1.481  -6.217 0.0000000000
115102  29.784  -1.994  -7.873 0.0000000000
116607  26.755  2.531  -3.283 0.0000000000
72119  29.197  4.510  -4.494 0.0000000000
125628  29.216  3.668  -3.957 0.0000000000
70286  28.396  2.579  -3.420 0.0000000000
69403  28.247  1.818  -3.228 0.0000000000
69402  29.117  1.973  -3.483 0.0000000000
69401  30.526  1.862  -3.712 0.0000000000
55777  25.797  -12.101  2.275 0.0000000000
56824  26.903  -10.734  0.750 0.0000000000
60206  32.110  -8.121  -4.888 0.0000000000
60158  32.113  -7.302  -1.433 0.0000000000
60218  29.950  -7.326  -4.906 0.0000000000
60208  30.251  -8.050  -4.728 0.0000000000
60217  30.477  -7.242  -5.429 0.0000000000
51132  22.965  -16.146  5.237 0.0000000000
111417  23.804  -15.844  4.974 0.0000000000
53602  25.972  -13.737  3.373 0.0000000000
65475  28.518  -2.933  -5.537 0.0000000000
65486  27.521  -3.134  -6.863 0.0000000000
65485  28.264  -2.645  -6.471 0.0000000000
67453  31.771  -0.830  -4.234 0.0000000000
129527  27.795  5.309  -3.481 0.0000000000
72099  26.816  4.172  -3.040 0.0000000000
72098  27.716  4.585  -3.273 0.0000000000
71221  29.784  3.557  -5.983 0.0000000000
71220  30.339  3.418  -5.811 0.0000000000
57921  29.842  -9.834  0.872 0.0000000000
56821  29.211  -10.286  0.993 0.0000000000
52400  24.414  -13.898  2.713 0.0000000000
66449  30.598  -1.766  -3.332 0.0000000000
118208  30.269  0.453  -3.225 0.0000000000
117503  28.252  5.956  -4.238 0.0000000000
59042  27.854  -8.037  0.157 0.0000000000
60161  29.628  -7.412  -0.906 0.0000000000
59079  30.571  -8.491  -3.091 0.0000000000
60160  29.974  -8.146  -1.389 0.0000000000
60159  30.889  -7.878  -1.401 0.0000000000
59039  30.492  -7.829  0.198 0.0000000000
51162  24.069  -14.783  4.087 0.0000000000
51150  24.486  -15.444  4.689 0.0000000000
109550  29.930  -5.732  -8.754 0.0000000000
62315  30.895  -5.855  -8.175 0.0000000000
61296  29.437  -7.357  -4.388 0.0000000000
63324  27.362  -4.504  -6.740 0.0000000000
62300  28.217  -5.301  -6.641 0.0000000000
129618  28.236  -5.501  -7.784 0.0000000000
62317  27.623  -5.746  -8.619 0.0000000000
62328  26.838  -6.162  -9.341 0.0000000000
64414  27.500  -3.166  -9.604 0.0000000000
64426  26.897  -4.035  -10.631 0.0000000000
64425  27.944  -3.741  -10.602 0.0000000000
64424  29.053  -4.051  -10.441 0.0000000000
65512  28.630  -2.783  -9.825 0.0000000000
66466  30.726  -1.796  -4.284 0.0000000000
67471  30.577  -1.129  -5.766 0.0000000000
66493  30.451  -1.699  -7.019 0.0000000000
65493  30.750  -2.370  -7.873 0.0000000000
71201  24.062  3.087  -3.529 0.0000000000
70288  25.957  3.018  -3.476 0.0000000000
70289  24.968  2.794  -3.447 0.0000000000
72132  28.844  3.671  -7.037 0.0000000000
72144  27.793  4.043  -8.240 0.0000000000
72118  29.498  4.008  -5.390 0.0000000000
131025  29.643  3.214  -4.094 0.0000000000
70284  30.957  1.957  -3.868 0.0000000000
54733  24.498  -12.053  1.957 0.0000000000
57947  27.824  -9.811  0.460 0.0000000000
116273  27.122  -10.200  0.520 0.0000000000
56807  27.934  -10.948  1.902 0.0000000000
56823  27.517  -10.865  1.191 0.0000000000
55775  27.291  -11.247  2.018 0.0000000000
55776  26.557  -11.626  2.136 0.0000000000
60222  32.048  -7.282  -5.980 0.0000000000
116091  31.650  -7.804  -5.385 0.0000000000
60215  32.509  -7.672  -5.487 0.0000000000
68432  28.676  0.462  -2.621 0.0000000000
68445  28.945  1.216  -3.027 0.0000000000
60180  29.112  -8.183  -3.126 0.0000000000
59065  29.505  -8.295  -2.513 0.0000000000
59089  29.646  -8.497  -4.099 0.0000000000
59088  30.513  -8.579  -4.257 0.0000000000
59085  30.812  -8.646  -3.720 0.0000000000
52384  24.497  -14.377  3.199 0.0000000000
52365  25.851  -14.806  4.445 0.0000000000
62330  29.691  -5.365  -9.719 0.0000000000
62324  31.384  -5.362  -8.834 0.0000000000
63325  26.649  -4.650  -7.642 0.0000000000
63335  25.964  -4.986  -8.320 0.0000000000
64398  26.415  -3.954  -7.900 0.0000000000
65505  27.261  -2.933  -8.346 0.0000000000
66448  31.107  -1.251  -3.885 0.0000000000
67454  31.171  -1.080  -4.818 0.0000000000
67464  31.742  -0.601  -5.545 0.0000000000
71199  26.295  3.609  -3.290 0.0000000000
129368  29.282  3.710  -6.452 0.0000000000
70298  30.011  2.876  -4.266 0.0000000000
69413  29.968  2.230  -3.794 0.0000000000
70302  30.789  3.169  -4.969 0.0000000000
56857  28.951  -9.438  0.495 0.0000000000
56858  28.411  -9.884  0.541 0.0000000000
56839  28.590  -10.248  0.770 0.0000000000
51163  23.149  -14.842  4.105 0.0000000000
53603  25.164  -13.876  2.932 0.0000000000
53616  25.722  -13.087  2.708 0.0000000000
65466  30.185  -2.393  -4.338 0.0000000000
65465  30.491  -2.319  -3.676 0.0000000000
67440  30.755  -0.933  -3.308 0.0000000000
73020  29.068  5.463  -4.671 0.0000000000
111508  27.831  -9.041  0.288 0.0000000000
112239  29.238  -7.698  0.169 0.0000000000
59040  29.132  -8.620  0.352 0.0000000000
116860  29.949  -8.301  0.348 0.0000000000
130914  30.295  -8.865  0.564 0.0000000000
57944  30.861  -8.475  0.529 0.0000000000
61314  30.658  -6.559  -6.344 0.0000000000
61320  30.953  -6.237  -7.167 0.0000000000
61312  32.444  -6.686  -6.630 0.0000000000
62314  32.058  -5.702  -8.099 0.0000000000
61318  32.798  -6.153  -7.416 0.0000000000
60213  34.099  -7.208  -6.035 0.0000000000
60197  29.131  -8.125  -3.787 0.0000000000
62299  29.190  -5.865  -6.092 0.0000000000
117829  28.955  -5.639  -8.663 0.0000000000
62327  28.167  -5.913  -9.847 0.0000000000
62329  26.276  -5.605  -9.571 0.0000000000
62335  27.257  -5.522  -10.929 0.0000000000
62331  28.899  -5.618  -10.311 0.0000000000
63350  29.712  -5.017  -10.109 0.0000000000
113548  30.023  -3.965  -10.022 0.0000000000
65484  29.123  -2.191  -5.918 0.0000000000
111694  29.117  -1.995  -7.061 0.0000000000
130307  28.957  -2.033  -8.261 0.0000000000
66484  30.443  -1.211  -6.322 0.0000000000
65494  29.876  -1.558  -6.898 0.0000000000
65503  29.219  -2.051  -9.064 0.0000000000
65502  30.224  -2.613  -8.859 0.0000000000
69405  26.372  1.757  -2.970 0.0000000000
73033  29.353  5.198  -5.015 0.0000000000
72097  28.486  4.273  -3.661 0.0000000000
71197  28.440  3.414  -3.505 0.0000000000
70287  27.585  3.020  -3.318 0.0000000000
118020  27.646  2.348  -3.281 0.0000000000
69404  27.337  1.778  -3.080 0.0000000000
110838  29.896  1.309  -3.392 0.0000000000
118402  30.805  0.961  -3.483 0.0000000000
54719  25.025  -12.507  2.296 0.0000000000
56825  26.099  -11.138  0.762 0.0000000000
56840  27.837  -10.410  0.686 0.0000000000
55787  26.700  -11.183  1.270 0.0000000000
55788  25.922  -11.492  1.471 0.0000000000
54718  26.554  -12.454  2.673 0.0000000000
60223  31.187  -7.209  -5.778 0.0000000000
59084  31.606  -8.365  -4.083 0.0000000000
60196  31.526  -8.322  -3.184 0.0000000000
110014  32.700  -7.807  -4.154 0.0000000000
60195  32.478  -7.998  -3.306 0.0000000000
60178  32.335  -7.747  -2.465 0.0000000000
60133  31.681  -7.395  -0.623 0.0000000000
56838  29.103  -9.857  0.680 0.0000000000
57920  30.613  -9.339  0.816 0.0000000000
57923  26.548  -9.674  0.359 0.0000000000
59064  30.181  -8.496  -2.315 0.0000000000
59086  30.009  -8.722  -3.734 0.0000000000
59087  29.449  -8.418  -3.475 0.0000000000
60134  30.645  -7.557  -0.384 0.0000000000
60205  33.026  -7.741  -4.968 0.0000000000
60214  33.297  -7.506  -5.571 0.0000000000
60216  30.912  -7.813  -5.266 0.0000000000
62318  26.457  -5.536  -8.304 0.0000000000
62319  26.048  -5.600  -8.787 0.0000000000
62326  29.339  -5.608  -9.568 0.0000000000
62332  27.999  -5.915  -10.750 0.0000000000
62333  27.051  -5.954  -10.298 0.0000000000
62334  26.532  -5.268  -10.554 0.0000000000
63336  25.800  -5.190  -8.958 0.0000000000
63348  26.006  -4.937  -9.800 0.0000000000
63349  30.631  -4.311  -9.836 0.0000000000
63351  28.683  -5.368  -10.881 0.0000000000
63352  26.915  -4.805  -11.143 0.0000000000
63354  27.796  -5.219  -11.206 0.0000000000
64387  27.741  -3.602  -6.171 0.0000000000
64415  26.713  -3.624  -8.825 0.0000000000
64427  26.316  -4.367  -9.963 0.0000000000
64428  27.493  -4.472  -11.092 0.0000000000
65495  27.110  -3.226  -7.451 0.0000000000
72143  28.298  3.378  -7.770 0.0000000000
122978  26.642  -3.869  -9.609 0.0000000000
125883  26.464  -4.641  -10.579 0.0000000000
126510  29.437  -7.918  0.217 0.0000000000
