#!ascii label  , from subject sub-v2s4x29581_ses-1 vox2ras=TkReg
928
122222  -44.392  34.852  40.797 0.0000000000
98166  -37.098  50.240  30.172 0.0000000000
94480  -37.899  42.522  34.978 0.0000000000
94494  -44.126  41.745  34.095 0.0000000000
98685  -41.955  50.303  28.832 0.0000000000
96719  -39.224  46.695  32.193 0.0000000000
94535  -44.229  42.516  28.540 0.0000000000
92839  -41.078  39.277  32.602 0.0000000000
88995  -36.730  32.207  41.541 0.0000000000
91100  -39.347  36.683  42.383 0.0000000000
98205  -31.923  48.868  25.214 0.0000000000
98711  -37.129  51.206  24.078 0.0000000000
99224  -42.579  52.214  22.741 0.0000000000
93362  -41.183  40.646  40.769 0.0000000000
97622  -36.601  49.486  35.404 0.0000000000
95643  -41.884  45.473  37.098 0.0000000000
92785  -44.685  39.208  38.041 0.0000000000
91665  -41.248  37.692  36.762 0.0000000000
90123  -37.227  34.963  35.055 0.0000000000
121109  -45.526  34.036  38.214 0.0000000000
97682  -43.467  48.346  27.627 0.0000000000
96735  -42.944  46.800  29.151 0.0000000000
95710  -44.406  44.052  26.647 0.0000000000
93475  -43.604  40.646  27.578 0.0000000000
90086  -38.327  34.044  41.511 0.0000000000
91097  -36.567  36.541  42.538 0.0000000000
99188  -29.288  51.142  26.703 0.0000000000
99659  -39.780  52.992  23.972 0.0000000000
92772  -39.004  38.874  40.080 0.0000000000
129836  -39.751  41.170  37.473 0.0000000000
97652  -33.879  49.108  30.042 0.0000000000
98658  -36.242  51.355  33.060 0.0000000000
95677  -42.153  44.269  33.088 0.0000000000
96691  -41.881  46.846  35.213 0.0000000000
95094  -43.443  43.941  35.891 0.0000000000
118413  -43.379  42.544  38.073 0.0000000000
93398  -44.653  40.356  36.383 0.0000000000
92232  -44.468  38.153  36.795 0.0000000000
92815  -43.897  39.204  35.252 0.0000000000
91684  -38.304  37.823  34.803 0.0000000000
99169  -39.965  51.455  29.823 0.0000000000
99137  -39.108  52.150  32.288 0.0000000000
125005  -40.130  48.171  30.649 0.0000000000
95685  -41.250  44.002  30.322 0.0000000000
94513  -44.189  41.793  31.047 0.0000000000
92841  -43.869  39.776  32.521 0.0000000000
111576  -44.214  39.424  30.280 0.0000000000
92878  -40.627  39.592  30.629 0.0000000000
89016  -38.841  32.471  40.467 0.0000000000
89543  -40.361  33.698  41.196 0.0000000000
118756  -42.382  35.381  41.724 0.0000000000
97684  -27.681  48.855  27.700 0.0000000000
108827  -30.946  47.455  27.801 0.0000000000
97215  -34.520  47.890  27.354 0.0000000000
98190  -37.974  49.300  27.700 0.0000000000
115890  -39.838  51.382  26.230 0.0000000000
99194  -42.162  51.390  26.316 0.0000000000
98218  -42.633  49.662  25.000 0.0000000000
98228  -42.216  49.729  22.510 0.0000000000
92192  -37.321  38.567  41.914 0.0000000000
92730  -39.935  39.320  43.022 0.0000000000
92193  -42.985  38.210  41.908 0.0000000000
96220  -37.190  46.254  33.717 0.0000000000
127485  -38.886  50.287  34.989 0.0000000000
97141  -39.661  47.909  35.821 0.0000000000
95093  -39.769  43.868  35.501 0.0000000000
94462  -41.694  42.888  38.683 0.0000000000
93365  -42.959  40.852  40.189 0.0000000000
91646  -44.823  37.183  39.626 0.0000000000
112773  -44.893  35.792  37.853 0.0000000000
90626  -42.469  35.401  37.544 0.0000000000
90126  -40.712  34.208  35.656 0.0000000000
92813  -41.239  38.884  34.980 0.0000000000
90622  -39.104  36.104  36.097 0.0000000000
89590  -38.822  33.248  34.220 0.0000000000
89555  -44.043  33.876  40.340 0.0000000000
127766  -44.890  33.357  39.319 0.0000000000
90103  -45.370  34.336  39.634 0.0000000000
96748  -43.581  46.863  26.441 0.0000000000
127391  -44.030  46.858  26.964 0.0000000000
96255  -44.088  45.319  26.543 0.0000000000
95161  -43.855  43.500  26.419 0.0000000000
93954  -38.891  41.552  36.154 0.0000000000
97665  -34.835  49.266  30.005 0.0000000000
95114  -43.226  43.163  33.596 0.0000000000
95101  -42.920  44.139  34.444 0.0000000000
94493  -43.978  42.562  34.796 0.0000000000
94475  -44.263  41.891  36.161 0.0000000000
125152  -44.471  40.914  35.035 0.0000000000
121910  -44.507  39.960  35.802 0.0000000000
93407  -44.295  40.508  34.599 0.0000000000
99170  -40.567  51.121  29.438 0.0000000000
98669  -40.532  51.223  31.087 0.0000000000
98176  -41.829  49.696  30.132 0.0000000000
95691  -42.921  44.180  28.813 0.0000000000
96237  -41.400  45.247  29.500 0.0000000000
119599  -42.555  43.639  29.379 0.0000000000
95127  -42.559  42.913  30.434 0.0000000000
94518  -43.949  42.025  30.336 0.0000000000
93991  -45.036  40.542  30.332 0.0000000000
94003  -44.954  40.964  29.018 0.0000000000
92903  -42.048  40.032  28.716 0.0000000000
90595  -38.647  34.859  41.623 0.0000000000
89542  -39.445  33.441  41.298 0.0000000000
90596  -40.477  35.112  41.633 0.0000000000
90597  -41.514  35.267  41.671 0.0000000000
90579  -40.987  35.957  42.039 0.0000000000
126905  -30.552  49.881  25.873 0.0000000000
97693  -29.573  48.903  26.488 0.0000000000
97700  -30.994  48.379  26.021 0.0000000000
97213  -32.529  47.544  27.498 0.0000000000
97229  -32.904  47.885  25.789 0.0000000000
98216  -36.215  50.094  24.438 0.0000000000
97706  -36.297  49.066  25.810 0.0000000000
125205  -37.991  49.853  25.954 0.0000000000
98695  -39.135  50.445  26.844 0.0000000000
99198  -38.625  51.326  25.053 0.0000000000
100094  -41.392  53.403  23.231 0.0000000000
99653  -40.866  52.838  25.122 0.0000000000
99655  -42.160  52.723  24.348 0.0000000000
118701  -42.761  50.082  25.730 0.0000000000
98712  -42.638  51.150  24.010 0.0000000000
98217  -42.276  49.504  24.049 0.0000000000
98720  -42.691  51.392  23.046 0.0000000000
92217  -35.356  38.432  38.318 0.0000000000
91644  -34.241  38.050  40.053 0.0000000000
92208  -35.642  38.018  40.434 0.0000000000
92191  -36.421  38.314  41.756 0.0000000000
92200  -37.253  38.397  41.261 0.0000000000
93361  -40.429  40.115  40.203 0.0000000000
92752  -39.746  39.530  41.758 0.0000000000
93344  -41.181  40.339  42.341 0.0000000000
92183  -41.758  39.085  43.237 0.0000000000
93356  -42.211  40.401  42.027 0.0000000000
97137  -35.349  48.590  34.911 0.0000000000
96706  -35.848  46.967  33.810 0.0000000000
97154  -37.078  47.926  34.640 0.0000000000
120629  -38.603  48.654  32.021 0.0000000000
116011  -38.549  51.257  33.637 0.0000000000
97632  -39.380  49.195  33.733 0.0000000000
96672  -41.981  46.535  36.359 0.0000000000
97128  -40.931  48.077  36.006 0.0000000000
96196  -40.893  46.532  36.301 0.0000000000
96195  -40.256  45.578  35.792 0.0000000000
122763  -41.235  45.142  36.671 0.0000000000
95086  -40.936  43.605  37.082 0.0000000000
95076  -42.253  44.232  37.969 0.0000000000
93390  -43.962  40.901  37.855 0.0000000000
93933  -43.005  41.587  39.672 0.0000000000
92774  -43.449  39.920  39.692 0.0000000000
126722  -43.632  38.893  40.188 0.0000000000
92211  -44.605  38.120  39.276 0.0000000000
91647  -45.327  36.480  38.976 0.0000000000
91668  -45.171  37.381  37.644 0.0000000000
92231  -43.364  38.099  36.816 0.0000000000
122253  -43.841  36.770  37.698 0.0000000000
90617  -41.982  36.178  37.555 0.0000000000
90116  -41.180  34.635  36.425 0.0000000000
90616  -41.003  36.173  37.157 0.0000000000
92831  -41.970  39.210  32.726 0.0000000000
125622  -43.221  39.285  33.657 0.0000000000
92822  -40.743  39.017  34.238 0.0000000000
91677  -38.067  37.043  35.175 0.0000000000
91678  -38.826  37.377  35.422 0.0000000000
128398  -38.552  35.812  35.728 0.0000000000
112138  -38.958  34.464  35.439 0.0000000000
90124  -38.126  34.680  35.281 0.0000000000
89056  -37.936  32.728  33.356 0.0000000000
123021  -42.409  32.633  39.332 0.0000000000
90119  -44.845  33.631  36.894 0.0000000000
98184  -42.624  49.618  28.549 0.0000000000
97669  -42.900  48.284  29.269 0.0000000000
97198  -43.316  47.445  28.888 0.0000000000
119269  -43.790  45.949  28.174 0.0000000000
95134  -44.688  43.311  27.271 0.0000000000
112094  -44.734  41.769  27.339 0.0000000000
94554  -44.310  41.977  26.772 0.0000000000
117052  -37.439  32.880  41.510 0.0000000000
123520  -37.112  34.808  41.540 0.0000000000
91099  -38.339  36.648  42.451 0.0000000000
99197  -31.329  50.881  25.641 0.0000000000
99206  -38.228  52.164  23.775 0.0000000000
99693  -41.436  52.875  21.911 0.0000000000
99237  -42.487  51.859  21.325 0.0000000000
92771  -38.131  38.630  39.576 0.0000000000
92783  -39.568  39.921  38.651 0.0000000000
93382  -40.808  41.292  39.036 0.0000000000
98641  -35.939  50.439  34.652 0.0000000000
96225  -40.483  45.349  32.428 0.0000000000
121220  -41.075  46.880  33.877 0.0000000000
96222  -42.104  45.191  33.920 0.0000000000
96197  -42.545  45.768  35.587 0.0000000000
95645  -42.965  44.604  36.791 0.0000000000
127853  -42.672  44.004  38.075 0.0000000000
95087  -43.482  43.616  36.675 0.0000000000
93956  -43.970  42.021  37.023 0.0000000000
93391  -44.652  40.157  37.143 0.0000000000
115724  -45.011  38.650  37.369 0.0000000000
92803  -44.747  39.435  36.491 0.0000000000
92245  -43.804  38.544  36.299 0.0000000000
113834  -42.671  38.450  36.478 0.0000000000
92828  -39.234  39.025  33.869 0.0000000000
95111  -36.563  43.731  33.592 0.0000000000
98680  -37.943  50.538  29.891 0.0000000000
99160  -38.222  51.957  31.219 0.0000000000
99151  -39.563  52.030  31.551 0.0000000000
98157  -39.516  50.401  31.978 0.0000000000
96729  -38.881  47.315  31.076 0.0000000000
97195  -41.112  47.164  29.857 0.0000000000
96732  -40.305  46.466  29.982 0.0000000000
96229  -40.064  45.279  31.412 0.0000000000
95680  -41.139  43.988  31.233 0.0000000000
94509  -43.232  42.604  32.177 0.0000000000
125474  -44.020  41.698  32.442 0.0000000000
93420  -44.246  40.622  32.848 0.0000000000
93423  -44.379  40.486  31.973 0.0000000000
92857  -44.197  39.750  31.601 0.0000000000
127761  -43.105  39.395  31.405 0.0000000000
92905  -43.948  39.856  28.653 0.0000000000
92894  -42.428  39.670  29.542 0.0000000000
114667  -38.728  33.191  41.341 0.0000000000
89552  -39.871  33.166  41.015 0.0000000000
89012  -41.205  33.054  40.277 0.0000000000
111004  -41.759  33.537  40.571 0.0000000000
90097  -42.923  34.256  40.975 0.0000000000
90091  -43.133  35.003  41.425 0.0000000000
97201  -29.066  47.772  28.695 0.0000000000
97686  -29.114  48.430  27.044 0.0000000000
97202  -30.381  47.550  28.466 0.0000000000
126221  -32.531  47.747  28.453 0.0000000000
97677  -34.768  48.342  28.848 0.0000000000
97667  -36.070  48.962  29.126 0.0000000000
97711  -33.054  48.781  24.734 0.0000000000
110200  -34.995  48.550  25.693 0.0000000000
97688  -36.590  48.568  27.516 0.0000000000
98182  -37.802  49.343  28.670 0.0000000000
113007  -38.982  50.422  28.814 0.0000000000
98690  -39.599  50.633  28.357 0.0000000000
99175  -40.683  51.024  28.329 0.0000000000
99199  -40.276  52.179  25.619 0.0000000000
99192  -40.736  51.662  26.798 0.0000000000
99185  -41.819  51.080  27.117 0.0000000000
112436  -42.743  49.864  27.011 0.0000000000
97698  -43.125  48.685  26.106 0.0000000000
97707  -42.193  48.296  25.225 0.0000000000
131884  -41.729  48.828  23.891 0.0000000000
114431  -42.932  50.829  21.441 0.0000000000
91611  -36.808  37.741  42.650 0.0000000000
91598  -38.313  37.979  42.994 0.0000000000
92761  -38.033  38.752  41.540 0.0000000000
92729  -39.049  38.884  42.780 0.0000000000
91614  -39.755  37.445  42.770 0.0000000000
123898  -41.756  37.357  42.672 0.0000000000
91104  -42.768  36.803  42.169 0.0000000000
91113  -43.919  35.949  41.407 0.0000000000
126139  -38.201  43.958  34.251 0.0000000000
99135  -37.651  51.866  32.827 0.0000000000
98651  -37.387  51.352  34.332 0.0000000000
98123  -37.937  50.254  35.642 0.0000000000
97156  -40.739  48.336  34.650 0.0000000000
97127  -39.818  48.720  35.868 0.0000000000
97139  -38.055  48.118  35.141 0.0000000000
96688  -38.520  46.552  34.669 0.0000000000
95660  -38.918  44.809  34.636 0.0000000000
95092  -39.172  43.169  35.290 0.0000000000
94472  -40.136  42.873  36.414 0.0000000000
93948  -40.916  42.385  38.075 0.0000000000
109392  -41.621  41.825  39.652 0.0000000000
94464  -42.724  42.988  38.953 0.0000000000
93932  -42.587  41.976  39.871 0.0000000000
93364  -42.253  40.945  41.222 0.0000000000
92755  -42.855  39.209  41.369 0.0000000000
126649  -43.891  37.313  41.097 0.0000000000
91123  -44.460  35.932  40.856 0.0000000000
90608  -45.575  34.882  39.162 0.0000000000
127907  -45.239  35.220  37.903 0.0000000000
90619  -44.479  35.256  37.740 0.0000000000
91667  -44.669  37.475  37.355 0.0000000000
91145  -44.094  35.989  38.005 0.0000000000
90117  -43.145  34.269  36.864 0.0000000000
90128  -42.439  33.917  36.215 0.0000000000
89578  -41.218  33.769  35.002 0.0000000000
110256  -43.668  39.446  34.358 0.0000000000
92814  -42.304  38.904  35.003 0.0000000000
92244  -40.978  38.233  36.191 0.0000000000
92812  -40.336  38.796  34.827 0.0000000000
128931  -40.281  38.146  35.826 0.0000000000
118753  -39.978  36.890  36.383 0.0000000000
90623  -39.702  35.589  36.321 0.0000000000
118798  -39.823  34.353  35.539 0.0000000000
90099  -44.316  34.419  40.598 0.0000000000
89560  -44.282  33.363  39.646 0.0000000000
89556  -44.851  33.900  39.960 0.0000000000
89561  -45.313  33.738  39.224 0.0000000000
90100  -44.868  34.564  40.312 0.0000000000
124961  -43.064  46.682  26.204 0.0000000000
110310  -43.625  46.033  26.420 0.0000000000
93962  -38.240  41.914  35.530 0.0000000000
94481  -38.607  42.619  35.255 0.0000000000
98165  -36.191  50.020  30.391 0.0000000000
98673  -35.777  50.491  31.097 0.0000000000
98674  -36.701  50.891  30.963 0.0000000000
94504  -43.768  42.471  33.861 0.0000000000
122809  -44.293  41.616  34.873 0.0000000000
93973  -44.349  41.093  34.312 0.0000000000
114897  -41.240  50.789  29.058 0.0000000000
98678  -41.383  50.320  30.258 0.0000000000
98684  -41.662  50.311  29.652 0.0000000000
95132  -43.455  43.300  28.809 0.0000000000
125784  -43.532  42.637  29.246 0.0000000000
95130  -42.811  43.043  29.614 0.0000000000
94521  -44.170  41.919  29.338 0.0000000000
94522  -44.707  41.786  28.410 0.0000000000
88996  -37.348  32.271  41.360 0.0000000000
90577  -38.977  35.825  41.969 0.0000000000
123393  -39.506  34.928  41.654 0.0000000000
90578  -39.957  35.883  41.985 0.0000000000
122232  -31.094  49.699  25.558 0.0000000000
98203  -30.580  49.152  25.895 0.0000000000
97701  -31.735  48.334  25.670 0.0000000000
97228  -32.298  47.849  26.010 0.0000000000
97702  -32.509  48.393  25.320 0.0000000000
98710  -36.518  50.872  23.869 0.0000000000
98709  -35.731  50.450  23.719 0.0000000000
98705  -36.980  50.516  24.577 0.0000000000
98207  -36.686  49.759  25.220 0.0000000000
98208  -37.508  50.154  25.310 0.0000000000
98702  -38.295  50.533  25.519 0.0000000000
98706  -37.776  51.044  24.670 0.0000000000
99670  -41.935  53.250  23.054 0.0000000000
99661  -41.788  53.239  23.724 0.0000000000
99671  -42.275  52.824  23.342 0.0000000000
99208  -42.524  51.809  24.616 0.0000000000
99214  -42.602  52.083  23.682 0.0000000000
92218  -36.317  38.423  38.671 0.0000000000
108734  -35.622  38.093  39.365 0.0000000000
92209  -36.452  38.077  39.769 0.0000000000
92199  -36.428  38.141  40.903 0.0000000000
93353  -40.335  39.916  41.205 0.0000000000
93354  -41.171  40.500  41.647 0.0000000000
93345  -41.820  40.312  42.554 0.0000000000
93355  -41.833  40.692  41.935 0.0000000000
98127  -35.371  49.750  35.019 0.0000000000
97153  -36.077  47.800  34.444 0.0000000000
97138  -36.351  48.720  35.018 0.0000000000
97165  -38.594  48.053  32.143 0.0000000000
97639  -38.800  48.910  32.649 0.0000000000
97166  -39.026  48.214  32.872 0.0000000000
96189  -41.963  46.120  36.758 0.0000000000
96671  -41.626  46.661  36.424 0.0000000000
96188  -41.522  45.998  36.593 0.0000000000
124473  -40.862  45.610  36.332 0.0000000000
95074  -41.631  44.590  37.337 0.0000000000
95637  -42.167  44.912  37.455 0.0000000000
93384  -44.348  40.045  37.953 0.0000000000
93383  -43.577  40.839  38.734 0.0000000000
92784  -43.906  39.942  38.786 0.0000000000
92775  -44.322  39.081  39.006 0.0000000000
91657  -45.172  37.355  38.504 0.0000000000
92220  -45.074  38.252  38.042 0.0000000000
127747  -42.371  37.806  37.085 0.0000000000
124893  -42.676  36.959  37.612 0.0000000000
91143  -41.599  37.024  37.268 0.0000000000
92830  -41.174  39.165  33.406 0.0000000000
90635  -37.315  35.832  35.100 0.0000000000
91153  -37.967  36.223  35.366 0.0000000000
90629  -37.972  35.424  35.390 0.0000000000
90134  -37.590  34.194  34.872 0.0000000000
123413  -36.874  34.326  34.725 0.0000000000
89020  -43.008  32.817  39.491 0.0000000000
90120  -45.209  33.208  36.857 0.0000000000
90112  -45.295  33.707  37.506 0.0000000000
98185  -43.052  49.148  27.883 0.0000000000
97670  -43.385  48.052  28.492 0.0000000000
97207  -43.800  47.342  27.864 0.0000000000
96246  -44.359  45.479  26.935 0.0000000000
96742  -44.109  46.308  27.516 0.0000000000
96243  -44.432  44.751  27.387 0.0000000000
95693  -44.510  43.939  27.514 0.0000000000
95700  -44.651  44.062  26.962 0.0000000000
117391  -44.725  42.612  26.978 0.0000000000
95149  -44.542  43.452  26.791 0.0000000000
94553  -42.791  42.508  26.954 0.0000000000
90084  -36.348  34.804  41.485 0.0000000000
90576  -38.068  35.812  41.961 0.0000000000
91098  -37.410  36.609  42.495 0.0000000000
99190  -31.458  51.325  26.220 0.0000000000
99223  -40.508  52.869  22.213 0.0000000000
99236  -41.965  52.290  21.275 0.0000000000
98738  -40.670  51.488  20.900 0.0000000000
93389  -39.198  41.202  36.754 0.0000000000
93380  -39.319  40.330  37.830 0.0000000000
93381  -40.082  40.740  38.363 0.0000000000
93373  -40.320  40.396  39.250 0.0000000000
113192  -32.934  49.096  30.405 0.0000000000
98649  -35.625  50.782  33.646 0.0000000000
96226  -41.416  45.079  33.087 0.0000000000
95663  -43.300  44.087  35.171 0.0000000000
96208  -42.516  45.299  34.702 0.0000000000
95662  -42.908  44.922  35.315 0.0000000000
95652  -42.731  45.305  36.198 0.0000000000
95653  -43.121  44.630  35.872 0.0000000000
93957  -44.450  41.195  36.291 0.0000000000
93950  -44.314  41.023  37.049 0.0000000000
92816  -44.195  39.830  35.034 0.0000000000
92802  -44.330  39.321  35.841 0.0000000000
92254  -44.076  38.911  35.856 0.0000000000
92253  -43.128  38.878  35.718 0.0000000000
99168  -39.285  51.531  30.148 0.0000000000
99161  -39.075  52.039  30.988 0.0000000000
99162  -39.811  51.830  30.694 0.0000000000
97654  -40.587  49.130  30.867 0.0000000000
98158  -40.437  50.394  31.249 0.0000000000
98167  -39.700  49.479  31.409 0.0000000000
97645  -38.887  48.922  31.642 0.0000000000
97183  -39.369  47.671  30.731 0.0000000000
97197  -42.713  47.513  29.386 0.0000000000
97196  -42.026  48.023  29.815 0.0000000000
111711  -42.116  46.980  29.533 0.0000000000
95689  -41.814  44.261  29.542 0.0000000000
96236  -40.512  45.614  29.909 0.0000000000
95688  -40.829  44.776  30.030 0.0000000000
96232  -40.163  45.402  30.572 0.0000000000
95684  -40.589  44.609  30.791 0.0000000000
95679  -40.655  44.631  31.719 0.0000000000
94517  -43.409  42.412  31.056 0.0000000000
95122  -42.553  42.946  31.500 0.0000000000
110892  -43.838  42.041  31.911 0.0000000000
94510  -43.631  42.346  32.905 0.0000000000
93981  -44.298  41.103  32.448 0.0000000000
94514  -44.313  41.416  31.690 0.0000000000
92882  -45.101  39.764  30.357 0.0000000000
92858  -44.691  39.982  31.264 0.0000000000
92881  -44.617  39.580  30.778 0.0000000000
92880  -43.929  39.421  31.124 0.0000000000
93476  -44.228  40.750  27.610 0.0000000000
93468  -44.453  40.279  28.286 0.0000000000
126194  -43.921  40.325  27.985 0.0000000000
128081  -41.450  39.737  29.400 0.0000000000
89541  -38.230  33.313  41.440 0.0000000000
89011  -40.334  33.013  40.598 0.0000000000
89553  -40.782  33.387  40.800 0.0000000000
89544  -41.357  33.923  41.038 0.0000000000
90090  -42.106  34.606  41.318 0.0000000000
98187  -26.668  49.914  27.764 0.0000000000
98179  -26.162  49.650  28.450 0.0000000000
97673  -27.403  48.505  28.430 0.0000000000
97661  -27.930  48.076  28.912 0.0000000000
97674  -28.238  48.181  28.249 0.0000000000
99180  -28.941  51.845  27.018 0.0000000000
98699  -28.731  50.325  26.672 0.0000000000
97687  -29.867  48.157  26.905 0.0000000000
97211  -30.150  47.674  27.569 0.0000000000
97210  -29.603  47.675  28.172 0.0000000000
109275  -31.113  47.583  28.599 0.0000000000
97203  -31.750  47.529  28.133 0.0000000000
97214  -33.814  47.737  27.516 0.0000000000
110331  -33.268  47.659  27.990 0.0000000000
97204  -34.103  47.964  28.268 0.0000000000
97205  -35.079  48.050  28.040 0.0000000000
97704  -34.137  48.191  25.688 0.0000000000
97713  -34.523  48.738  25.114 0.0000000000
97689  -37.330  48.936  27.102 0.0000000000
97697  -36.552  48.745  26.634 0.0000000000
97680  -37.223  48.853  28.074 0.0000000000
98183  -38.528  49.796  28.305 0.0000000000
131192  -39.467  50.880  26.546 0.0000000000
98689  -39.141  50.285  27.822 0.0000000000
98696  -39.681  50.813  27.222 0.0000000000
99182  -40.123  50.895  27.860 0.0000000000
108886  -40.214  51.291  26.963 0.0000000000
99207  -39.015  52.396  24.314 0.0000000000
99652  -39.991  52.645  24.760 0.0000000000
99200  -41.830  52.094  25.824 0.0000000000
99648  -41.053  52.274  25.985 0.0000000000
99193  -41.397  51.670  26.571 0.0000000000
99184  -41.072  51.307  27.430 0.0000000000
98697  -42.293  50.428  27.456 0.0000000000
119129  -42.532  50.492  26.581 0.0000000000
98209  -42.770  49.317  25.700 0.0000000000
97233  -42.799  48.060  25.765 0.0000000000
97708  -42.623  48.803  25.434 0.0000000000
97716  -42.294  48.990  24.860 0.0000000000
98224  -42.264  49.969  23.129 0.0000000000
97720  -41.715  49.171  23.187 0.0000000000
98739  -42.886  51.278  21.127 0.0000000000
92190  -35.610  38.250  41.992 0.0000000000
108806  -36.919  38.255  42.274 0.0000000000
92180  -36.151  38.000  42.296 0.0000000000
91612  -37.667  37.393  42.801 0.0000000000
92181  -37.509  38.136  42.729 0.0000000000
92201  -38.117  38.578  40.668 0.0000000000
92762  -38.884  38.976  41.061 0.0000000000
92741  -39.548  39.400  42.359 0.0000000000
92171  -39.539  38.635  43.171 0.0000000000
91600  -40.084  38.136  43.142 0.0000000000
120239  -40.875  37.554  42.809 0.0000000000
91601  -40.858  38.295  43.160 0.0000000000
92184  -42.220  38.600  42.872 0.0000000000
91616  -42.322  37.603  42.549 0.0000000000
91617  -42.934  37.400  42.132 0.0000000000
91112  -43.365  36.472  41.780 0.0000000000
123049  -36.459  46.396  33.541 0.0000000000
95672  -37.369  44.373  33.715 0.0000000000
99150  -38.743  52.224  31.818 0.0000000000
99149  -37.757  52.056  32.034 0.0000000000
99136  -38.375  52.029  32.685 0.0000000000
98138  -38.749  50.703  34.250 0.0000000000
98652  -38.152  51.306  34.285 0.0000000000
98644  -38.380  50.688  35.087 0.0000000000
98643  -37.668  50.963  35.163 0.0000000000
98130  -38.639  50.033  35.460 0.0000000000
96710  -41.623  46.591  34.323 0.0000000000
96690  -41.366  47.577  34.756 0.0000000000
123305  -40.359  48.241  35.977 0.0000000000
97614  -40.445  48.574  35.755 0.0000000000
97126  -38.968  48.499  35.711 0.0000000000
97140  -38.719  47.438  35.189 0.0000000000
96689  -39.353  46.703  35.388 0.0000000000
95661  -39.673  44.719  35.284 0.0000000000
96206  -39.498  45.637  35.213 0.0000000000
95100  -39.086  43.909  34.857 0.0000000000
123855  -39.741  43.183  35.802 0.0000000000
94468  -41.333  43.155  37.885 0.0000000000
94473  -40.561  42.622  37.264 0.0000000000
93940  -41.301  42.084  38.826 0.0000000000
93941  -42.025  42.574  39.394 0.0000000000
95065  -42.975  43.428  38.377 0.0000000000
94465  -43.028  42.824  38.863 0.0000000000
94456  -42.832  42.415  39.344 0.0000000000
93923  -42.584  41.367  40.398 0.0000000000
93922  -42.277  41.505  40.477 0.0000000000
113512  -42.624  40.785  40.807 0.0000000000
92764  -42.558  40.295  41.408 0.0000000000
92765  -42.951  40.037  40.623 0.0000000000
92203  -44.147  37.765  40.353 0.0000000000
92202  -43.472  38.112  41.132 0.0000000000
91637  -44.398  36.856  40.615 0.0000000000
91132  -44.957  36.289  40.006 0.0000000000
91124  -45.000  35.556  40.249 0.0000000000
91133  -45.371  35.627  39.486 0.0000000000
91139  -45.312  36.607  38.097 0.0000000000
116174  -45.436  35.650  38.518 0.0000000000
90111  -44.869  34.459  37.419 0.0000000000
92247  -44.960  38.660  36.815 0.0000000000
92233  -45.088  38.024  37.144 0.0000000000
91144  -43.012  36.131  37.991 0.0000000000
90618  -43.451  35.389  37.771 0.0000000000
129539  -42.990  34.846  37.365 0.0000000000
112172  -42.182  34.628  36.875 0.0000000000
90137  -40.314  33.807  34.949 0.0000000000
92834  -44.105  40.127  33.143 0.0000000000
92825  -44.124  40.013  34.053 0.0000000000
92833  -43.728  39.692  33.429 0.0000000000
92823  -41.749  38.965  34.228 0.0000000000
92824  -42.786  39.051  34.257 0.0000000000
123298  -41.790  38.687  35.843 0.0000000000
92252  -40.734  38.567  35.508 0.0000000000
92257  -38.695  38.493  34.380 0.0000000000
92821  -39.535  38.642  34.609 0.0000000000
91155  -39.327  36.918  36.012 0.0000000000
91679  -39.632  37.700  35.726 0.0000000000
125715  -39.795  37.281  36.120 0.0000000000
91673  -40.337  37.578  36.290 0.0000000000
112371  -40.224  36.206  36.646 0.0000000000
131449  -39.641  36.319  36.335 0.0000000000
90136  -39.372  33.809  34.946 0.0000000000
89559  -43.395  33.355  40.008 0.0000000000
89565  -45.162  33.065  38.657 0.0000000000
97217  -43.806  47.593  26.880 0.0000000000
115259  -44.042  46.121  26.692 0.0000000000
95709  -44.079  44.364  26.434 0.0000000000
94565  -44.265  43.664  26.507 0.0000000000
98164  -35.306  49.822  30.574 0.0000000000
110391  -36.124  51.353  32.205 0.0000000000
95113  -42.698  43.846  33.613 0.0000000000
123188  -43.494  43.313  34.497 0.0000000000
95102  -43.668  43.421  35.176 0.0000000000
94483  -43.884  43.107  35.725 0.0000000000
94484  -44.196  42.205  35.564 0.0000000000
93963  -44.434  41.371  35.569 0.0000000000
126648  -44.546  40.655  35.702 0.0000000000
122519  -44.402  40.385  35.263 0.0000000000
99163  -40.472  51.357  30.436 0.0000000000
98677  -40.933  50.749  30.664 0.0000000000
98168  -41.195  49.905  30.625 0.0000000000
97655  -41.626  49.004  30.357 0.0000000000
96238  -42.514  45.097  29.024 0.0000000000
96734  -42.258  46.048  29.269 0.0000000000
95126  -42.023  43.469  29.972 0.0000000000
95121  -41.792  43.380  30.823 0.0000000000
94520  -43.324  42.475  29.960 0.0000000000
93983  -44.637  41.180  30.941 0.0000000000
93990  -44.562  41.396  30.179 0.0000000000
93436  -45.108  40.119  29.610 0.0000000000
92897  -45.020  39.681  29.520 0.0000000000
93467  -43.103  40.256  28.132 0.0000000000
89009  -38.539  32.525  41.024 0.0000000000
90087  -38.988  33.887  41.507 0.0000000000
90088  -39.945  34.170  41.474 0.0000000000
90089  -40.952  34.456  41.339 0.0000000000
90580  -41.959  36.017  42.036 0.0000000000
98693  -26.990  50.642  27.542 0.0000000000
98701  -30.311  50.433  26.133 0.0000000000
98700  -29.601  50.415  26.400 0.0000000000
98197  -29.973  49.636  26.169 0.0000000000
97694  -30.292  48.539  26.361 0.0000000000
97220  -30.752  47.833  26.851 0.0000000000
97212  -31.626  47.550  27.225 0.0000000000
130212  -32.198  47.638  26.717 0.0000000000
97221  -32.933  47.635  26.522 0.0000000000
97222  -33.856  47.788  26.658 0.0000000000
98215  -35.399  49.690  24.339 0.0000000000
97705  -35.620  48.881  25.578 0.0000000000
98206  -35.907  49.394  25.058 0.0000000000
98198  -37.229  49.379  26.082 0.0000000000
98199  -38.026  49.484  26.713 0.0000000000
98191  -38.619  49.850  27.286 0.0000000000
98200  -38.575  50.135  26.353 0.0000000000
99191  -39.091  50.897  25.934 0.0000000000
99669  -40.601  53.329  23.472 0.0000000000
99660  -40.644  53.181  24.300 0.0000000000
119367  -41.424  53.156  24.470 0.0000000000
99654  -41.619  52.683  25.190 0.0000000000
127894  -42.199  52.306  25.154 0.0000000000
131644  -42.626  50.874  25.854 0.0000000000
99201  -42.444  51.600  25.497 0.0000000000
98707  -42.699  50.770  24.995 0.0000000000
120636  -42.606  50.312  24.314 0.0000000000
98225  -42.518  50.530  23.505 0.0000000000
98229  -42.648  50.664  22.476 0.0000000000
92229  -35.349  38.905  37.454 0.0000000000
92228  -34.623  38.560  37.652 0.0000000000
92216  -34.538  38.244  38.377 0.0000000000
91656  -34.826  38.081  39.155 0.0000000000
91635  -35.581  38.193  41.400 0.0000000000
92763  -39.678  39.433  40.600 0.0000000000
92753  -40.404  39.980  42.019 0.0000000000
92742  -40.515  39.895  42.691 0.0000000000
92731  -40.983  39.507  43.213 0.0000000000
116897  -41.271  40.097  42.854 0.0000000000
119843  -42.175  39.353  42.946 0.0000000000
92754  -42.521  39.068  42.365 0.0000000000
97152  -35.102  47.682  34.415 0.0000000000
96707  -36.767  47.067  33.952 0.0000000000
98147  -39.223  50.926  32.665 0.0000000000
98659  -38.867  51.610  32.886 0.0000000000
98146  -38.926  50.791  33.293 0.0000000000
97631  -39.033  49.931  33.415 0.0000000000
98139  -39.182  49.955  34.476 0.0000000000
96680  -42.169  46.466  35.813 0.0000000000
97129  -41.388  47.586  35.674 0.0000000000
96679  -41.758  46.973  36.009 0.0000000000
96678  -41.257  47.353  36.208 0.0000000000
96677  -40.441  47.433  36.066 0.0000000000
114882  -40.073  46.382  35.800 0.0000000000
95651  -40.459  44.688  35.989 0.0000000000
95085  -40.343  43.733  36.181 0.0000000000
113858  -40.910  44.354  36.643 0.0000000000
125372  -41.679  43.894  37.807 0.0000000000
95075  -42.037  43.596  38.450 0.0000000000
93942  -43.311  41.885  38.677 0.0000000000
93375  -43.323  40.682  39.461 0.0000000000
91666  -43.579  37.546  37.247 0.0000000000
90625  -41.488  35.370  37.152 0.0000000000
90624  -40.577  35.436  36.713 0.0000000000
92840  -43.107  39.379  32.833 0.0000000000
92832  -42.348  39.112  33.506 0.0000000000
92251  -39.126  38.101  35.053 0.0000000000
91154  -38.625  36.588  35.648 0.0000000000
130315  -39.065  35.507  35.979 0.0000000000
90630  -38.660  35.121  35.674 0.0000000000
90135  -38.445  33.947  34.943 0.0000000000
117125  -38.159  33.013  33.917 0.0000000000
89589  -37.918  33.520  34.457 0.0000000000
89607  -37.475  33.046  34.095 0.0000000000
89027  -42.004  32.238  38.847 0.0000000000
98177  -42.258  49.686  29.442 0.0000000000
121887  -42.699  49.078  29.198 0.0000000000
96739  -43.612  46.657  28.494 0.0000000000
96738  -43.170  45.975  28.780 0.0000000000
96241  -43.663  45.093  28.318 0.0000000000
95692  -44.050  44.132  28.157 0.0000000000
95133  -44.463  43.302  27.984 0.0000000000
94023  -44.835  41.549  27.989 0.0000000000
94536  -44.732  42.387  27.679 0.0000000000
94035  -44.439  41.300  27.252 0.0000000000
94034  -43.748  41.215  27.083 0.0000000000
94563  -43.684  42.652  26.594 0.0000000000
120375  -43.525  41.939  26.792 0.0000000000
124731  -37.699  33.832  41.499 0.0000000000
90594  -37.866  34.850  41.535 0.0000000000
99189  -30.117  51.097  26.522 0.0000000000
99196  -30.806  50.995  26.174 0.0000000000
98703  -30.916  50.371  25.789 0.0000000000
98704  -31.431  50.308  25.236 0.0000000000
99205  -37.604  51.698  23.912 0.0000000000
99668  -39.772  52.975  23.312 0.0000000000
111175  -40.471  53.204  22.826 0.0000000000
99682  -41.616  53.212  22.511 0.0000000000
99683  -42.209  52.835  22.550 0.0000000000
119398  -42.451  52.272  22.031 0.0000000000
99694  -42.070  52.654  21.862 0.0000000000
99249  -42.431  51.593  20.704 0.0000000000
92782  -38.756  39.632  38.120 0.0000000000
92773  -39.698  39.606  39.613 0.0000000000
93374  -41.091  40.938  39.874 0.0000000000
98137  -34.996  50.118  34.277 0.0000000000
98128  -36.385  50.059  35.426 0.0000000000
96224  -39.687  45.880  32.027 0.0000000000
96720  -40.201  46.476  32.947 0.0000000000
96221  -41.145  46.041  33.416 0.0000000000
124683  -41.717  45.796  33.893 0.0000000000
96207  -42.045  46.007  34.579 0.0000000000
95673  -42.495  44.573  33.971 0.0000000000
96692  -42.278  46.143  35.168 0.0000000000
96190  -42.295  46.038  36.377 0.0000000000
95644  -42.347  45.409  37.024 0.0000000000
95638  -42.548  44.584  37.565 0.0000000000
95077  -43.058  44.036  37.649 0.0000000000
94469  -43.463  43.107  37.424 0.0000000000
94474  -43.956  42.688  36.426 0.0000000000
93949  -43.763  41.666  37.731 0.0000000000
92793  -44.864  39.324  37.265 0.0000000000
92246  -44.483  38.802  36.353 0.0000000000
127546  -41.769  38.250  36.548 0.0000000000
92829  -40.142  39.162  33.627 0.0000000000
124877  -39.505  39.275  33.057 0.0000000000
124853  -37.521  37.462  34.567 0.0000000000
91158  -37.386  36.644  34.916 0.0000000000
98675  -37.629  51.118  30.624 0.0000000000
98660  -39.507  51.598  32.246 0.0000000000
99152  -40.201  51.716  31.121 0.0000000000
98668  -40.057  51.353  31.601 0.0000000000
97174  -38.578  48.019  31.573 0.0000000000
96718  -38.735  47.262  31.740 0.0000000000
97668  -42.324  48.966  29.822 0.0000000000
97185  -41.057  48.170  30.374 0.0000000000
96733  -41.179  46.193  29.550 0.0000000000
97184  -40.167  47.364  30.257 0.0000000000
96730  -39.512  46.787  30.512 0.0000000000
96727  -39.333  46.238  31.198 0.0000000000
95676  -41.325  44.311  32.244 0.0000000000
95116  -41.904  43.594  31.923 0.0000000000
95117  -42.736  43.288  32.691 0.0000000000
128755  -43.253  42.848  32.884 0.0000000000
94505  -43.999  41.708  33.235 0.0000000000
93977  -44.246  41.160  33.479 0.0000000000
92842  -44.211  40.128  32.187 0.0000000000
93984  -44.665  40.641  31.335 0.0000000000
92856  -43.540  39.543  31.929 0.0000000000
109050  -42.588  39.331  32.036 0.0000000000
109051  -41.541  39.321  31.988 0.0000000000
93469  -44.723  40.955  27.975 0.0000000000
93454  -44.642  39.848  28.924 0.0000000000
92896  -44.487  39.567  29.475 0.0000000000
92904  -43.033  39.828  28.845 0.0000000000
92895  -43.555  39.587  29.528 0.0000000000
111662  -43.028  39.474  30.523 0.0000000000
88997  -38.127  32.715  41.300 0.0000000000
88998  -38.990  32.937  41.143 0.0000000000
89010  -39.492  32.788  40.679 0.0000000000
89018  -40.483  32.681  39.978 0.0000000000
89019  -41.587  32.687  39.574 0.0000000000
89013  -42.318  33.102  39.983 0.0000000000
89554  -42.710  33.673  40.534 0.0000000000
89545  -42.199  33.999  40.886 0.0000000000
111221  -43.401  33.905  40.590 0.0000000000
90098  -43.668  34.405  40.875 0.0000000000
90092  -43.917  34.907  41.132 0.0000000000
98188  -27.406  49.734  27.368 0.0000000000
98196  -29.281  49.675  26.453 0.0000000000
97692  -28.696  49.248  26.789 0.0000000000
97685  -28.403  48.629  27.397 0.0000000000
97675  -28.939  48.046  27.795 0.0000000000
109049  -29.860  47.680  29.116 0.0000000000
97191  -30.774  47.844  29.441 0.0000000000
97192  -31.772  47.954  29.127 0.0000000000
97193  -32.578  48.193  29.163 0.0000000000
97664  -33.121  48.628  29.571 0.0000000000
97194  -33.256  48.061  28.772 0.0000000000
97676  -33.938  48.461  29.178 0.0000000000
128515  -34.535  48.771  29.496 0.0000000000
97666  -35.260  48.805  29.347 0.0000000000
98173  -36.586  49.505  29.676 0.0000000000
98212  -32.417  49.082  24.779 0.0000000000
97703  -33.324  48.252  25.365 0.0000000000
97223  -34.786  48.105  26.463 0.0000000000
97696  -35.697  48.475  26.331 0.0000000000
97216  -35.373  48.089  27.182 0.0000000000
97679  -36.393  48.639  28.366 0.0000000000
98181  -36.958  49.052  28.946 0.0000000000
98174  -37.479  49.706  29.459 0.0000000000
98175  -38.304  50.008  29.199 0.0000000000
98682  -39.443  50.981  29.320 0.0000000000
99174  -40.051  50.936  28.894 0.0000000000
128028  -38.831  51.869  24.716 0.0000000000
118091  -39.392  51.834  25.219 0.0000000000
128211  -40.443  51.771  26.301 0.0000000000
99183  -40.515  51.218  27.460 0.0000000000
98691  -41.563  50.770  28.059 0.0000000000
126854  -42.264  50.258  28.126 0.0000000000
98192  -42.726  49.771  27.670 0.0000000000
98193  -43.161  49.109  27.024 0.0000000000
98201  -42.891  49.556  26.330 0.0000000000
97690  -43.478  48.296  26.724 0.0000000000
97226  -43.348  47.759  26.249 0.0000000000
97225  -42.996  47.355  26.004 0.0000000000
97715  -41.943  48.672  24.493 0.0000000000
98728  -42.721  51.550  21.963 0.0000000000
121878  -36.017  37.307  42.726 0.0000000000
125876  -36.851  37.148  42.764 0.0000000000
91613  -38.722  37.410  42.793 0.0000000000
92210  -37.283  38.272  40.249 0.0000000000
92751  -38.865  39.108  41.803 0.0000000000
92750  -37.921  38.810  41.884 0.0000000000
92182  -38.259  38.477  42.703 0.0000000000
91599  -39.170  38.013  43.115 0.0000000000
91101  -40.405  36.717  42.392 0.0000000000
91102  -41.426  36.719  42.412 0.0000000000
91615  -41.640  38.189  43.041 0.0000000000
91103  -42.241  36.727  42.347 0.0000000000
90598  -42.844  35.977  41.928 0.0000000000
90599  -43.584  35.588  41.501 0.0000000000
90600  -44.171  35.355  41.123 0.0000000000
121835  -36.455  44.858  33.230 0.0000000000
95112  -37.347  43.584  33.974 0.0000000000
94491  -37.649  43.081  34.442 0.0000000000
98667  -37.422  51.586  31.320 0.0000000000
99122  -37.101  51.580  33.398 0.0000000000
116215  -38.340  51.637  33.393 0.0000000000
99123  -37.876  51.724  33.524 0.0000000000
98650  -36.497  51.133  34.060 0.0000000000
98642  -36.835  50.804  35.015 0.0000000000
122473  -37.190  50.412  35.516 0.0000000000
98129  -37.224  49.859  35.725 0.0000000000
97155  -40.028  48.353  33.780 0.0000000000
97633  -40.185  48.905  34.524 0.0000000000
97624  -39.861  49.465  34.897 0.0000000000
97142  -40.956  48.234  35.437 0.0000000000
97613  -39.891  49.185  35.592 0.0000000000
98131  -39.285  49.758  35.300 0.0000000000
97612  -38.966  49.356  35.707 0.0000000000
97125  -38.321  48.969  35.642 0.0000000000
97623  -37.389  48.955  35.323 0.0000000000
128576  -37.787  47.033  34.371 0.0000000000
96204  -38.031  45.973  34.004 0.0000000000
96205  -38.748  45.745  34.606 0.0000000000
120529  -38.200  45.001  33.956 0.0000000000
94492  -38.449  43.175  34.806 0.0000000000
94482  -39.272  42.409  35.799 0.0000000000
93955  -39.751  41.937  36.727 0.0000000000
129462  -40.326  41.896  37.507 0.0000000000
126243  -40.530  41.576  38.191 0.0000000000
93921  -41.825  41.494  40.440 0.0000000000
95064  -42.531  43.529  38.466 0.0000000000
94463  -42.346  43.071  38.963 0.0000000000
94455  -42.525  42.499  39.380 0.0000000000
93931  -42.245  42.081  39.941 0.0000000000
93363  -41.864  41.066  41.209 0.0000000000
124772  -42.497  39.866  42.034 0.0000000000
91636  -43.436  37.312  41.633 0.0000000000
91627  -43.936  36.602  41.339 0.0000000000
90605  -44.709  35.149  40.617 0.0000000000
90606  -45.265  34.959  39.974 0.0000000000
90612  -45.507  34.740  38.418 0.0000000000
126323  -45.352  34.453  37.895 0.0000000000
91146  -44.873  36.612  37.749 0.0000000000
90110  -43.850  34.710  37.372 0.0000000000
89571  -43.410  33.698  36.254 0.0000000000
89580  -42.843  33.588  35.588 0.0000000000
125064  -41.834  34.255  36.312 0.0000000000
90127  -41.653  33.961  35.769 0.0000000000
93416  -44.257  40.613  33.761 0.0000000000
110440  -43.212  39.050  34.909 0.0000000000
92243  -39.916  38.369  35.271 0.0000000000
91151  -40.663  36.961  36.834 0.0000000000
90115  -40.180  34.832  36.171 0.0000000000
90125  -39.379  34.955  35.906 0.0000000000
91147  -45.133  35.973  38.024 0.0000000000
92172  -40.408  38.836  43.252 0.0000000000
92173  -41.171  38.797  43.284 0.0000000000
92185  -42.590  38.171  42.406 0.0000000000
92740  -37.649  38.600  42.367 0.0000000000
92743  -41.785  39.810  43.034 0.0000000000
92744  -42.231  39.896  42.601 0.0000000000
94564  -44.304  42.953  26.582 0.0000000000
96242  -44.167  45.552  27.624 0.0000000000
96247  -44.370  44.669  26.731 0.0000000000
96708  -39.586  47.422  32.994 0.0000000000
96709  -40.611  47.560  33.844 0.0000000000
97182  -38.852  48.071  31.154 0.0000000000
97206  -35.871  48.285  27.813 0.0000000000
97230  -33.441  47.859  25.968 0.0000000000
97611  -38.047  49.576  35.683 0.0000000000
97621  -35.773  49.374  35.187 0.0000000000
97625  -40.422  48.844  35.224 0.0000000000
97653  -39.460  48.562  31.049 0.0000000000
97678  -35.588  48.455  28.606 0.0000000000
97681  -43.104  48.791  28.543 0.0000000000
97695  -31.586  47.865  26.381 0.0000000000
97714  -35.163  49.045  24.995 0.0000000000
98156  -38.961  49.737  32.482 0.0000000000
98172  -35.703  49.362  29.858 0.0000000000
98180  -26.912  49.162  27.975 0.0000000000
98189  -28.046  49.254  27.222 0.0000000000
98204  -31.320  48.986  25.514 0.0000000000
98676  -38.484  51.398  30.394 0.0000000000
98681  -38.722  50.864  29.618 0.0000000000
98683  -41.089  50.858  29.959 0.0000000000
99681  -41.045  53.199  22.448 0.0000000000
100110  -41.040  53.387  22.854 0.0000000000
109656  -36.056  48.349  27.084 0.0000000000
110409  -39.516  39.365  41.323 0.0000000000
111189  -33.284  47.601  27.246 0.0000000000
116896  -38.307  51.825  24.366 0.0000000000
120037  -44.834  40.232  28.901 0.0000000000
123260  -39.895  46.048  30.392 0.0000000000
124040  -38.481  38.941  42.357 0.0000000000
124707  -44.835  39.475  30.086 0.0000000000
125833  -38.936  38.353  43.103 0.0000000000
125937  -41.199  53.380  23.860 0.0000000000
128387  -38.867  47.486  32.342 0.0000000000
128567  -29.508  47.947  27.453 0.0000000000
128742  -38.377  49.798  35.619 0.0000000000
129912  -40.899  44.772  32.373 0.0000000000
130282  -30.086  49.037  26.196 0.0000000000
130795  -45.020  40.124  30.830 0.0000000000
