#!ascii label  , from subject sub-v2s4x29590_ses-1 vox2ras=TkReg
876
12098  48.396  -52.222  3.220 0.3000000119
121862  43.098  -44.629  9.378 0.6000000238
21345  42.747  -40.202  7.605 0.6999999881
22157  42.075  -40.092  7.863 0.6999999881
12099  47.656  -52.211  3.143 0.4000000060
14337  45.749  -49.497  7.284 0.4000000060
12827  48.572  -51.643  3.577 0.5000000000
12826  49.517  -51.747  3.424 0.5000000000
17259  43.295  -45.419  9.482 0.6999999881
18840  42.831  -43.407  9.033 0.6999999881
18037  43.297  -43.970  9.065 0.5000000000
20483  43.336  -41.416  7.885 0.6000000238
20471  42.650  -40.801  8.004 0.6000000238
131687  43.196  -39.952  7.140 0.6999999881
23002  42.598  -38.369  6.679 0.6999999881
13623  47.537  -51.246  3.428 0.5000000000
14344  46.315  -49.867  6.581 0.4000000060
15058  44.724  -48.573  8.486 0.4000000060
15766  44.692  -47.362  9.307 0.5000000000
135658  48.921  -51.017  4.843 0.6000000238
15783  44.247  -47.936  8.975 0.6000000238
16498  44.401  -46.572  9.443 0.6000000238
13608  49.625  -50.795  4.769 0.6000000238
17258  44.149  -45.713  9.428 0.6000000238
19660  43.362  -42.244  8.289 0.6000000238
20498  43.851  -41.251  7.134 0.6000000238
126531  43.874  -39.646  4.464 0.6999999881
22182  43.544  -39.846  6.450 0.6999999881
22194  43.581  -39.338  5.559 0.6999999881
23001  43.061  -38.616  6.088 0.6999999881
23016  42.736  -37.960  5.946 0.6999999881
23025  43.472  -38.754  4.369 0.6999999881
23015  43.132  -38.371  5.357 0.6999999881
23839  43.009  -37.814  4.763 0.6999999881
23032  43.008  -38.108  2.694 0.6999999881
13610  47.460  -50.791  4.218 0.5000000000
13601  46.816  -50.202  5.868 0.5000000000
14353  46.231  -49.800  5.237 0.5000000000
15057  45.552  -48.688  8.617 0.4000000060
13609  48.226  -50.852  5.121 0.5000000000
15765  45.387  -47.492  9.243 0.5000000000
17257  44.966  -45.992  9.328 0.6000000238
14343  49.634  -50.198  6.477 0.6000000238
13598  49.088  -50.596  5.763 0.5000000000
13590  48.823  -50.161  7.023 0.5000000000
18051  44.000  -43.880  8.595 0.6999999881
19659  43.930  -42.735  8.085 0.6000000238
21358  44.217  -41.114  6.322 0.6000000238
19673  44.074  -42.158  7.443 0.6000000238
21371  44.107  -40.193  4.959 0.6000000238
120763  44.017  -40.364  5.849 0.6000000238
22203  43.826  -39.599  3.517 0.6000000238
122302  43.421  -38.802  3.158 0.6999999881
23849  42.769  -36.972  4.263 0.6999999881
23041  43.228  -38.946  2.126 0.6000000238
23848  43.144  -37.913  3.737 0.6999999881
23853  42.828  -37.236  3.167 0.6999999881
14323  45.992  -49.263  8.130 0.4000000060
13600  47.435  -50.514  5.360 0.5000000000
13592  47.006  -50.192  7.018 0.4000000060
15045  46.004  -48.023  9.071 0.5000000000
16497  45.211  -46.793  9.356 0.6000000238
133152  47.441  -50.349  6.363 0.4000000060
17272  44.735  -45.205  9.045 0.6000000238
13599  48.159  -50.502  6.172 0.4000000060
14335  47.371  -49.714  7.899 0.4000000060
14334  48.199  -49.763  7.675 0.4000000060
119661  47.949  -48.488  8.565 0.4000000060
18050  44.661  -44.405  8.588 0.6999999881
18867  44.494  -42.989  7.573 0.6000000238
19686  44.636  -42.312  6.646 0.6000000238
21381  44.468  -40.891  4.694 0.6000000238
21370  44.462  -41.072  5.477 0.6000000238
21382  44.266  -40.456  3.863 0.6000000238
24771  42.614  -36.297  3.532 0.6999999881
24793  42.473  -37.018  1.567 0.6999999881
23042  42.787  -38.331  1.773 0.6000000238
130250  42.573  -37.814  1.466 0.6000000238
14322  46.695  -49.363  8.266 0.4000000060
114594  46.901  -48.235  8.793 0.4000000060
136582  45.386  -45.513  8.961 0.6999999881
133063  47.427  -48.362  8.667 0.4000000060
18049  45.299  -44.160  8.039 0.8000000119
15054  48.764  -48.724  8.404 0.5000000000
18851  44.660  -43.658  8.108 0.6999999881
117025  44.978  -42.553  6.019 0.6000000238
118044  44.656  -41.418  3.792 0.5000000000
20507  44.708  -41.843  5.875 0.6000000238
25705  42.452  -35.402  3.359 0.6999999881
22226  43.408  -39.782  0.674 0.6000000238
22209  43.650  -39.674  2.472 0.6000000238
24783  42.580  -36.698  2.558 0.8000000119
128463  42.523  -35.941  2.807 0.8000000119
22227  42.962  -39.067  0.406 0.6000000238
23049  43.018  -39.076  1.218 0.6000000238
15782  46.731  -47.410  8.970 0.5000000000
16496  45.958  -47.116  9.228 0.6000000238
16515  47.322  -46.645  8.677 0.5000000000
16536  48.710  -46.374  8.180 0.6999999881
16514  48.227  -46.997  8.549 0.4000000060
18866  45.145  -43.558  7.374 0.6999999881
18879  44.960  -42.969  6.692 0.6999999881
19690  45.162  -42.501  5.070 0.6000000238
21390  44.514  -41.231  2.844 0.6000000238
25720  42.490  -35.204  2.459 0.6000000238
21399  43.964  -40.509  1.776 0.6000000238
24804  42.456  -36.887  0.603 0.6999999881
120591  42.437  -36.319  1.210 0.6999999881
23054  43.107  -38.985  -0.282 0.6999999881
23055  42.667  -38.276  0.062 0.6999999881
23885  42.525  -37.475  0.073 0.6999999881
17269  47.425  -45.744  8.258 0.5000000000
116570  46.663  -45.921  8.670 0.6000000238
17271  46.007  -45.358  8.591 0.6000000238
118993  48.073  -45.097  7.169 0.6999999881
126952  47.996  -46.253  8.329 0.6000000238
18048  45.992  -44.662  8.016 0.6999999881
17285  48.855  -45.267  7.132 0.6999999881
115638  49.081  -45.869  7.693 0.6999999881
18878  45.619  -43.629  6.432 0.6999999881
18890  45.314  -43.099  5.730 0.6999999881
116074  45.035  -42.149  3.742 0.5000000000
27511  42.068  -33.648  2.841 0.5000000000
120732  44.591  -41.317  1.207 0.6000000238
20531  44.928  -41.993  2.844 0.6000000238
26644  42.461  -34.945  0.665 0.6000000238
114409  42.520  -33.929  0.941 0.5000000000
21406  43.916  -40.344  0.218 0.6000000238
21402  43.897  -40.545  0.908 0.6000000238
114891  42.599  -36.395  -1.123 0.6000000238
119398  42.477  -35.291  -0.350 0.5000000000
26660  42.471  -34.703  -1.120 0.5000000000
21410  43.934  -40.046  -0.254 0.6999999881
22233  43.669  -39.445  -0.500 0.6999999881
23064  43.566  -38.294  -1.203 0.6999999881
23888  42.716  -37.640  -0.600 0.6999999881
24823  43.465  -36.263  -2.385 0.5000000000
23063  44.384  -38.730  -1.498 0.6999999881
23897  44.484  -37.354  -2.277 0.6000000238
18064  46.652  -44.573  7.290 0.6000000238
17286  47.451  -45.124  7.603 0.6999999881
18062  48.315  -44.788  6.484 0.6999999881
18082  46.192  -44.143  6.639 0.6999999881
19701  45.597  -43.202  4.704 0.6999999881
18889  45.823  -43.580  5.380 0.6999999881
19716  45.338  -42.621  2.839 0.6000000238
27531  42.338  -33.501  2.006 0.4000000060
19724  45.299  -42.485  2.111 0.5000000000
117725  42.522  -34.167  -1.977 0.4000000060
22232  44.324  -39.872  -0.652 0.6000000238
21409  44.655  -40.601  -0.208 0.6000000238
24824  42.953  -35.915  -2.245 0.5000000000
131890  42.545  -35.650  -1.300 0.5000000000
120492  44.100  -36.626  -2.440 0.5000000000
25776  44.178  -35.858  -2.843 0.4000000060
23070  45.842  -38.962  -2.370 0.6000000238
23896  45.459  -37.745  -2.701 0.6999999881
24830  45.644  -36.828  -3.181 0.5000000000
18080  47.710  -44.474  5.920 0.6000000238
18081  46.883  -44.328  6.336 0.6999999881
18095  46.271  -43.989  5.857 0.6999999881
113816  48.574  -44.605  5.530 0.6999999881
18093  47.918  -44.450  4.882 0.6999999881
121721  46.016  -43.653  4.504 0.6000000238
20541  45.285  -42.050  1.182 0.6000000238
19728  45.672  -42.715  1.408 0.5000000000
20538  44.931  -41.890  1.863 0.6000000238
21412  45.166  -40.318  -0.795 0.6000000238
21405  44.591  -41.017  0.472 0.6000000238
25777  43.345  -35.422  -2.723 0.4000000060
25778  42.846  -35.043  -2.497 0.5000000000
136526  42.659  -34.584  -2.342 0.4000000060
23062  45.297  -39.276  -1.738 0.6000000238
25789  43.816  -34.895  -3.166 0.4000000060
23895  46.405  -38.574  -2.954 0.6000000238
23905  46.147  -37.618  -3.209 0.5000000000
122463  47.202  -44.309  4.367 0.6999999881
18888  46.439  -43.934  4.920 0.6000000238
18110  48.137  -45.039  2.454 0.6999999881
18899  46.558  -44.044  3.880 0.6000000238
18109  48.786  -44.817  2.860 0.6999999881
18913  46.225  -43.747  2.420 0.5000000000
20547  45.356  -41.279  0.174 0.6000000238
19731  45.839  -42.418  0.982 0.6000000238
21411  45.936  -40.624  -0.931 0.5000000000
22242  46.276  -39.937  -1.853 0.6000000238
23077  47.360  -39.324  -3.186 0.6000000238
23904  46.897  -38.058  -3.433 0.5000000000
18921  47.712  -44.742  1.119 0.6999999881
18120  47.427  -44.732  1.632 0.6999999881
18929  46.305  -43.455  1.439 0.6000000238
19730  46.296  -42.618  0.963 0.5000000000
21407  46.049  -40.861  -0.492 0.6000000238
20546  45.903  -41.362  0.048 0.6000000238
22241  47.330  -40.383  -1.982 0.6000000238
23068  48.009  -40.354  -2.657 0.6000000238
23903  47.883  -38.681  -3.664 0.5000000000
14332  50.741  -49.206  7.041 0.5000000000
15052  50.369  -48.004  8.077 0.5000000000
15798  51.577  -47.571  7.367 0.5000000000
15799  50.810  -47.444  7.823 0.5000000000
16535  49.533  -46.522  7.995 0.6999999881
17283  50.605  -45.748  7.325 0.6999999881
16534  50.477  -46.577  7.731 0.5000000000
123553  51.250  -46.923  7.583 0.5000000000
135291  49.367  -45.573  7.355 0.6999999881
17297  49.768  -45.287  6.955 0.6999999881
12085  48.211  -52.736  3.434 0.3000000119
22183  43.066  -39.169  6.732 0.6999999881
18854  42.560  -42.621  8.765 0.6000000238
134702  42.838  -37.826  5.384 0.6999999881
24758  42.417  -36.260  4.847 0.6999999881
127426  48.549  -47.878  8.591 0.6000000238
21391  44.112  -40.417  2.744 0.6000000238
25736  42.459  -35.527  1.415 0.6000000238
24812  42.517  -36.800  -0.394 0.6999999881
25766  42.505  -36.038  -0.575 0.6000000238
23065  43.061  -37.747  -1.086 0.6999999881
113284  42.461  -34.326  -0.114 0.5000000000
24822  44.836  -36.710  -2.752 0.5000000000
19715  45.765  -43.211  2.717 0.5000000000
18102  47.346  -44.589  3.225 0.6999999881
19723  45.712  -43.042  1.969 0.5000000000
23069  46.881  -39.707  -2.523 0.6000000238
18922  46.796  -44.117  1.601 0.6000000238
18928  47.020  -43.946  1.256 0.5000000000
18077  50.900  -44.501  6.014 0.6000000238
19699  52.308  -42.215  4.393 0.6000000238
20506  51.337  -41.262  4.962 0.4000000060
18887  51.431  -43.607  4.788 0.5000000000
17296  50.699  -45.084  6.696 0.6000000238
15768  42.958  -46.965  9.288 0.5000000000
16499  43.542  -46.343  9.481 0.5000000000
16501  41.760  -45.814  9.285 0.5000000000
18886  52.379  -43.313  4.881 0.5000000000
21367  50.634  -40.846  5.361 0.4000000060
16500  42.628  -46.092  9.451 0.5000000000
18039  41.893  -44.465  9.326 0.5000000000
19700  51.474  -42.421  4.005 0.6000000238
18038  42.515  -44.074  9.297 0.5000000000
18090  50.992  -44.114  5.296 0.5000000000
18078  49.996  -44.735  6.118 0.6000000238
22166  48.349  -39.670  6.971 0.4000000060
21343  48.985  -40.331  7.284 0.4000000060
21378  50.488  -41.150  4.523 0.4000000060
18066  39.962  -44.222  7.798 0.5000000000
118284  51.798  -42.885  4.247 0.5000000000
18052  41.169  -44.409  9.014 0.5000000000
18868  40.048  -43.342  7.877 0.5000000000
18100  50.563  -43.963  4.553 0.6000000238
124483  49.786  -44.357  4.369 0.6000000238
18079  49.149  -44.830  6.277 0.6000000238
115008  42.595  -41.622  8.379 0.5000000000
20473  40.864  -41.648  8.266 0.5000000000
19674  40.269  -42.361  7.956 0.4000000060
18910  50.428  -43.375  3.161 0.5000000000
132661  51.097  -42.932  3.644 0.5000000000
18898  50.184  -43.934  3.604 0.6000000238
18911  49.815  -44.063  2.566 0.6000000238
119771  49.425  -44.586  5.311 0.6000000238
18117  49.259  -44.635  2.274 0.6000000238
18092  48.879  -44.635  4.257 0.6000000238
21368  49.837  -40.525  5.311 0.4000000060
21357  48.866  -39.952  6.503 0.4000000060
21346  41.373  -40.420  8.048 0.5000000000
21332  40.654  -40.822  7.899 0.5000000000
120746  39.923  -41.071  7.121 0.4000000060
20472  41.959  -40.957  8.277 0.6000000238
20485  39.805  -41.924  7.003 0.4000000060
20528  50.283  -42.301  3.150 0.6000000238
19714  49.881  -42.874  2.409 0.6000000238
19721  49.407  -43.569  1.676 0.6000000238
18919  49.311  -44.391  1.617 0.6000000238
22167  47.682  -39.294  7.482 0.4000000060
22171  40.762  -39.930  7.690 0.5000000000
115189  40.085  -40.238  7.268 0.4000000060
21372  39.090  -40.855  5.641 0.4000000060
21379  49.697  -40.856  4.205 0.6000000238
21388  49.473  -41.345  3.276 0.6000000238
20518  50.993  -41.901  3.911 0.6000000238
19713  50.555  -42.755  3.235 0.5000000000
20536  49.441  -42.848  2.011 0.6000000238
20530  49.198  -41.950  2.438 0.5000000000
18925  48.888  -44.272  1.146 0.6000000238
22154  48.208  -39.998  7.844 0.4000000060
122535  49.007  -40.024  5.733 0.4000000060
22987  41.281  -38.333  7.373 0.6000000238
22172  40.097  -39.321  7.236 0.5000000000
21360  39.091  -39.924  5.981 0.5000000000
21373  38.403  -40.361  5.487 0.5000000000
21369  49.019  -40.249  4.807 0.4000000060
22192  48.375  -39.678  5.261 0.4000000060
22201  48.314  -39.903  4.390 0.5000000000
21389  48.725  -40.978  2.947 0.5000000000
22216  47.977  -40.510  2.620 0.5000000000
20537  48.923  -42.631  1.844 0.6000000238
20539  48.203  -42.744  1.351 0.6000000238
18920  48.530  -44.926  1.136 0.6000000238
23000  46.735  -37.923  6.702 0.4000000060
22181  47.794  -39.082  6.562 0.4000000060
22984  47.225  -38.564  7.075 0.4000000060
22985  46.594  -38.119  7.550 0.4000000060
24729  42.065  -36.767  6.193 0.6000000238
22999  47.235  -38.399  6.075 0.4000000060
22180  48.382  -39.557  6.119 0.4000000060
131915  40.391  -37.283  6.848 0.6000000238
23003  39.079  -38.608  6.223 0.5000000000
22195  38.425  -39.457  5.690 0.4000000060
23013  47.276  -38.629  5.115 0.4000000060
22207  48.181  -40.187  3.511 0.5000000000
21396  48.324  -41.658  2.101 0.5000000000
21397  47.610  -40.831  1.781 0.6000000238
19725  48.319  -43.920  1.066 0.6000000238
19726  47.493  -43.375  1.108 0.6000000238
24747  42.028  -36.154  5.653 0.6000000238
24715  40.953  -37.052  6.899 0.6000000238
23828  39.751  -37.192  6.550 0.5000000000
23019  37.098  -38.983  5.395 0.5000000000
23014  46.784  -37.981  5.356 0.4000000060
22202  47.763  -39.288  4.790 0.4000000060
22208  47.704  -39.509  3.965 0.5000000000
130062  47.594  -39.690  3.132 0.5000000000
21400  47.677  -41.794  1.468 0.5000000000
117247  46.234  -37.415  7.199 0.4000000060
25663  41.298  -35.902  6.000 0.6000000238
24732  39.509  -36.389  6.091 0.5000000000
24749  38.566  -36.575  5.582 0.5000000000
132197  47.266  -39.121  3.569 0.5000000000
22217  47.450  -39.829  2.227 0.4000000060
22224  47.103  -40.129  1.346 0.4000000060
20540  47.283  -42.357  1.114 0.4000000060
20542  46.685  -41.974  0.834 0.6000000238
133783  46.577  -43.124  1.077 0.4000000060
135251  45.826  -36.649  6.839 0.4000000060
23826  46.334  -37.291  6.373 0.4000000060
25678  42.110  -35.624  4.984 0.6000000238
114775  46.388  -37.326  5.585 0.4000000060
26574  42.215  -34.791  3.811 0.5000000000
25680  40.788  -35.373  5.638 0.5000000000
24748  38.883  -35.824  5.419 0.5000000000
24750  37.640  -36.801  4.958 0.4000000060
26564  40.215  -34.917  5.205 0.4000000060
133400  46.574  -37.803  3.153 0.5000000000
23040  46.792  -38.332  2.602 0.5000000000
116756  46.732  -38.165  1.757 0.6000000238
22225  46.864  -39.531  0.840 0.4000000060
22228  46.690  -40.547  0.560 0.4000000060
135293  46.355  -40.855  -0.019 0.4000000060
26592  42.112  -34.167  3.327 0.5000000000
26563  41.072  -34.808  5.101 0.6000000238
26593  41.689  -34.258  3.948 0.4000000060
114899  46.723  -39.903  -0.417 0.5000000000
21404  46.102  -41.173  -0.025 0.5000000000
23875  46.734  -38.063  0.996 0.5000000000
23048  46.823  -38.704  1.153 0.5000000000
23053  46.824  -38.998  0.345 0.5000000000
22229  46.609  -40.129  0.040 0.5000000000
24727  45.999  -36.678  5.917 0.4000000060
22243  49.120  -40.767  -2.702 0.5000000000
22231  46.318  -40.605  -0.658 0.4000000060
23884  46.830  -37.958  0.296 0.5000000000
27512  41.472  -33.567  3.394 0.4000000060
116405  49.322  -40.800  -2.529 0.4000000060
22234  48.818  -40.714  -2.366 0.4000000060
129593  46.725  -40.220  -1.361 0.5000000000
22235  47.773  -40.399  -2.009 0.5000000000
23061  47.427  -39.651  -1.376 0.5000000000
23056  46.885  -40.194  -1.168 0.5000000000
23057  47.044  -38.973  -0.491 0.5000000000
23887  47.396  -38.362  -0.945 0.5000000000
23890  47.821  -39.067  -1.560 0.4000000060
114042  41.701  -41.869  8.546 0.5000000000
120498  41.842  -39.094  7.535 0.6000000238
18841  42.268  -43.345  9.087 0.6000000238
23814  42.211  -37.505  6.562 0.6000000238
15784  43.372  -47.707  8.849 0.5000000000
26613  42.380  -34.269  2.613 0.5000000000
124364  47.124  -43.561  1.002 0.6000000238
19729  46.712  -42.804  0.997 0.4000000060
120842  40.493  -43.908  8.484 0.5000000000
19651  41.588  -42.917  8.883 0.5000000000
19661  40.997  -42.351  8.521 0.5000000000
21359  39.528  -40.553  6.449 0.4000000060
20519  50.188  -41.635  3.587 0.6000000238
117591  39.629  -39.848  6.710 0.4000000060
22193  47.798  -39.103  5.656 0.4000000060
23815  41.482  -37.587  7.067 0.6000000238
23816  40.777  -37.717  7.151 0.6000000238
22989  39.714  -38.544  6.826 0.5000000000
20522  38.302  -41.993  4.549 0.5000000000
23017  37.827  -38.850  5.575 0.5000000000
24731  40.357  -36.697  6.574 0.5000000000
23830  38.649  -37.978  5.931 0.5000000000
24733  38.966  -37.199  6.067 0.5000000000
23039  47.026  -39.049  1.813 0.5000000000
127166  37.954  -38.089  5.535 0.5000000000
23031  46.864  -38.447  3.564 0.5000000000
25689  41.824  -34.905  4.618 0.6000000238
21403  46.456  -41.347  0.450 0.3000000119
23060  48.367  -40.228  -1.932 0.4000000060
5323  47.235  -64.949  8.594 0.3000000119
125845  47.346  -63.526  8.823 0.3000000119
5806  47.576  -64.169  8.903 0.3000000119
6296  48.235  -61.964  9.119 0.3000000119
6804  48.947  -61.505  9.323 0.3000000119
6821  47.366  -60.848  8.855 0.3000000119
6820  48.250  -60.706  8.875 0.3000000119
134916  50.845  -60.716  10.868 0.3000000119
7281  49.594  -61.171  9.536 0.3000000119
7294  49.651  -60.296  9.043 0.3000000119
122543  49.262  -59.502  8.339 0.3000000119
7280  50.355  -60.672  9.768 0.3000000119
7279  51.477  -59.538  9.729 0.3000000119
123276  50.702  -59.765  9.093 0.4000000060
7293  50.009  -59.715  8.658 0.4000000060
8286  49.945  -58.949  7.391 0.4000000060
8294  50.180  -58.634  7.143 0.3000000119
8775  52.664  -57.660  9.090 0.3000000119
8283  51.987  -58.295  8.744 0.4000000060
8284  51.214  -58.630  8.089 0.4000000060
8285  50.538  -58.830  7.652 0.4000000060
8762  53.311  -57.507  10.262 0.3000000119
9903  54.460  -55.790  10.162 0.4000000060
9329  53.862  -56.662  10.209 0.4000000060
8793  50.582  -58.164  7.083 0.4000000060
115961  50.261  -57.715  6.989 0.3000000119
9341  53.406  -56.524  8.911 0.4000000060
8776  51.980  -57.713  8.074 0.4000000060
128380  53.979  -56.096  9.289 0.4000000060
118132  51.491  -56.669  7.646 0.5000000000
9355  51.784  -57.224  7.740 0.4000000060
9902  54.920  -54.998  9.756 0.4000000060
9356  51.032  -57.486  7.319 0.4000000060
12084  49.211  -52.805  3.696 0.3000000119
12096  50.402  -52.104  3.174 0.4000000060
10579  49.464  -54.859  7.287 0.3000000119
15059  43.865  -48.394  8.144 0.4000000060
15060  42.971  -48.003  8.040 0.4000000060
132724  49.467  -48.977  8.119 0.4000000060
15053  50.193  -48.727  7.847 0.4000000060
14333  49.767  -49.577  7.360 0.4000000060
9916  53.511  -55.869  8.616 0.4000000060
9342  52.633  -57.000  8.369 0.3000000119
9354  52.254  -56.464  8.034 0.5000000000
14342  50.384  -49.893  6.349 0.4000000060
13597  50.004  -50.381  5.563 0.4000000060
9915  54.217  -55.429  9.075 0.4000000060
131408  49.712  -52.001  3.082 0.4000000060
13631  50.939  -51.210  3.210 0.5000000000
9929  51.100  -55.877  7.598 0.5000000000
12083  50.799  -52.449  3.465 0.4000000060
117566  50.031  -52.547  3.443 0.4000000060
10578  50.494  -54.852  7.509 0.3000000119
12076  50.116  -52.854  3.890 0.4000000060
16517  42.024  -46.748  9.073 0.4000000060
15780  49.528  -48.131  8.357 0.4000000060
10563  54.344  -54.479  8.881 0.4000000060
10564  53.514  -55.084  8.522 0.4000000060
113678  51.147  -49.542  6.017 0.4000000060
13607  50.429  -50.574  4.509 0.5000000000
11271  53.451  -54.215  8.467 0.4000000060
9927  52.793  -55.724  8.280 0.4000000060
13606  51.194  -50.283  4.133 0.5000000000
11270  53.914  -53.573  8.576 0.4000000060
136239  53.350  -53.645  8.408 0.4000000060
10576  52.561  -54.744  8.187 0.4000000060
11288  52.744  -53.701  8.208 0.5000000000
117178  51.798  -53.771  7.806 0.5000000000
14351  51.511  -49.708  4.885 0.4000000060
115904  51.914  -49.820  3.686 0.5000000000
12800  54.145  -52.213  8.501 0.4000000060
11289  50.818  -53.833  7.438 0.5000000000
12839  50.956  -51.647  3.107 0.4000000060
12067  50.937  -52.709  5.675 0.4000000060
11310  50.157  -52.981  5.080 0.4000000060
15078  51.494  -48.803  6.532 0.4000000060
15797  52.262  -47.535  6.670 0.3000000119
11287  53.082  -53.080  8.213 0.4000000060
12059  52.113  -52.780  7.479 0.4000000060
14350  52.189  -49.175  4.479 0.4000000060
20521  38.875  -42.124  4.652 0.4000000060
13588  54.177  -50.604  7.811 0.4000000060
12801  53.213  -51.916  7.778 0.4000000060
12066  51.558  -52.466  6.299 0.5000000000
14359  52.482  -49.878  3.103 0.4000000060
13589  53.476  -51.116  7.335 0.4000000060
12095  51.405  -51.859  3.188 0.4000000060
12082  51.587  -52.209  3.725 0.4000000060
12825  52.198  -51.657  3.433 0.4000000060
121441  51.970  -46.844  7.213 0.4000000060
15077  52.325  -48.343  5.641 0.3000000119
12058  52.711  -52.249  7.534 0.4000000060
12809  52.681  -51.500  6.251 0.4000000060
12808  53.204  -50.767  5.231 0.4000000060
12065  52.100  -52.093  6.274 0.4000000060
12073  52.274  -51.810  5.132 0.5000000000
13596  53.684  -50.242  5.993 0.4000000060
14341  54.167  -49.736  4.997 0.4000000060
12824  52.817  -51.220  3.731 0.4000000060
13630  52.391  -50.622  3.094 0.4000000060
17282  51.457  -45.552  7.015 0.4000000060
12817  52.755  -51.327  4.560 0.4000000060
7785  44.955  -59.492  6.681 0.3000000119
7251  51.156  -60.241  11.503 0.3000000119
8274  52.227  -59.032  10.605 0.3000000119
8743  53.587  -57.202  11.039 0.4000000060
10562  55.077  -54.094  9.558 0.4000000060
131823  54.649  -53.695  8.978 0.4000000060
12793  55.120  -52.467  9.053 0.4000000060
12792  54.711  -51.615  8.644 0.4000000060
15808  52.815  -47.441  5.833 0.3000000119
13595  54.152  -49.806  6.758 0.4000000060
16551  52.788  -46.661  6.415 0.4000000060
15807  53.394  -46.849  5.200 0.4000000060
15088  52.876  -48.546  3.886 0.4000000060
14349  54.623  -49.254  4.318 0.4000000060
13605  53.801  -50.220  4.379 0.4000000060
13618  53.846  -50.195  3.601 0.4000000060
12837  53.339  -50.660  3.455 0.4000000060
14366  53.131  -49.221  2.947 0.3000000119
14358  52.666  -49.242  3.324 0.4000000060
13621  50.156  -51.207  3.779 0.4000000060
16532  52.155  -46.064  6.967 0.4000000060
118290  46.741  -63.277  8.811 0.3000000119
6281  47.945  -63.138  9.046 0.3000000119
131795  47.207  -62.217  8.964 0.3000000119
6833  43.580  -60.472  7.067 0.3000000119
7784  45.994  -59.110  6.824 0.3000000119
7264  51.148  -60.214  10.334 0.3000000119
134137  49.774  -59.191  7.916 0.4000000060
113673  51.672  -58.900  9.120 0.3000000119
135039  52.191  -58.658  9.608 0.3000000119
7767  50.957  -59.152  8.507 0.4000000060
8293  50.862  -58.416  7.424 0.4000000060
8744  53.171  -57.780  11.212 0.3000000119
9887  54.924  -55.206  10.670 0.4000000060
9928  51.967  -55.767  7.944 0.4000000060
10577  51.494  -54.848  7.781 0.5000000000
11303  50.323  -53.176  6.554 0.3000000119
12046  54.522  -53.039  8.793 0.4000000060
12074  51.659  -52.264  4.965 0.4000000060
132216  53.118  -50.511  3.088 0.4000000060
18088  53.751  -44.216  5.177 0.4000000060
18089  53.060  -43.748  5.295 0.4000000060
18894  54.413  -42.417  4.745 0.4000000060
20516  52.689  -41.793  4.717 0.3000000119
18896  52.729  -42.594  4.562 0.5000000000
18075  52.777  -44.727  6.073 0.4000000060
18076  51.939  -44.124  5.674 0.4000000060
18047  55.600  -44.618  8.730 0.3000000119
19657  51.857  -42.445  8.135 0.3000000119
134548  51.828  -41.687  7.112 0.3000000119
20482  50.223  -41.296  7.641 0.3000000119
21355  50.403  -40.653  6.200 0.3000000119
18849  54.437  -43.608  8.157 0.3000000119
18850  53.420  -43.278  8.449 0.3000000119
126195  51.379  -42.744  8.903 0.3000000119
18034  55.559  -44.746  9.787 0.3000000119
18035  54.798  -44.447  9.911 0.3000000119
123085  48.668  -40.606  8.144 0.3000000119
18838  53.017  -43.633  9.444 0.3000000119
19658  50.347  -42.297  8.965 0.3000000119
136425  49.998  -41.634  8.311 0.3000000119
19643  50.972  -43.157  10.337 0.3000000119
18839  51.823  -43.360  9.738 0.3000000119
20461  49.410  -42.126  9.887 0.3000000119
20454  49.019  -42.051  10.900 0.3000000119
18829  53.812  -44.207  10.101 0.3000000119
21330  48.730  -41.133  8.791 0.3000000119
21331  48.021  -40.473  8.842 0.3000000119
22973  46.945  -38.858  8.088 0.3000000119
135329  50.395  -42.955  10.737 0.3000000119
20462  48.854  -41.558  9.469 0.3000000119
22145  47.260  -39.939  9.505 0.3000000119
19645  49.761  -42.564  10.761 0.3000000119
21309  47.952  -41.049  10.426 0.3000000119
21321  47.724  -40.641  9.765 0.3000000119
21310  47.447  -40.352  10.437 0.3000000119
23812  46.038  -37.639  8.069 0.3000000119
22156  46.885  -39.323  8.937 0.3000000119
23798  45.901  -37.881  9.106 0.3000000119
23813  45.703  -36.919  7.756 0.3000000119
24728  45.606  -36.025  6.255 0.3000000119
25647  45.034  -35.474  7.404 0.3000000119
25662  45.239  -35.435  6.611 0.3000000119
25677  45.362  -35.347  5.841 0.3000000119
20505  52.232  -41.426  5.113 0.3000000119
18895  53.602  -42.426  4.682 0.4000000060
21342  49.878  -40.729  7.100 0.3000000119
22155  47.493  -39.658  8.422 0.3000000119
18884  54.079  -43.129  4.667 0.5000000000
18837  54.086  -43.872  9.172 0.3000000119
20468  51.404  -41.870  7.621 0.3000000119
20481  51.400  -41.362  6.854 0.3000000119
20496  51.048  -40.974  6.332 0.3000000119
19648  52.343  -43.072  8.729 0.3000000119
134121  49.399  -41.071  8.013 0.3000000119
19649  50.944  -42.856  9.589 0.3000000119
20438  48.420  -41.404  11.067 0.3000000119
21294  47.312  -39.874  11.162 0.3000000119
19631  49.607  -42.286  11.558 0.3000000119
22139  46.940  -39.674  10.438 0.3000000119
15087  53.538  -47.955  3.242 0.3000000119
15095  53.771  -48.188  2.908 0.4000000060
15818  55.759  -47.129  3.453 0.4000000060
16569  55.146  -46.281  3.188 0.4000000060
15814  53.831  -47.119  3.722 0.3000000119
17323  55.708  -45.890  3.249 0.4000000060
16568  56.203  -46.081  3.471 0.3000000119
17313  55.615  -45.385  3.378 0.4000000060
123377  55.998  -44.596  3.588 0.3000000119
16561  54.117  -46.220  4.284 0.3000000119
16560  54.920  -45.722  3.529 0.4000000060
18099  55.846  -43.849  4.088 0.4000000060
17293  53.666  -45.096  5.679 0.3000000119
125897  54.411  -44.587  4.885 0.4000000060
16550  53.550  -45.981  5.599 0.3000000119
17294  52.907  -45.660  6.392 0.3000000119
17302  55.313  -44.684  3.949 0.4000000060
16570  54.531  -46.701  3.232 0.4000000060
9316  53.945  -56.555  11.226 0.3000000119
14364  54.437  -49.015  3.015 0.3000000119
9331  51.668  -56.702  10.900 0.3000000119
122650  53.476  -56.504  11.324 0.3000000119
134119  54.280  -56.228  10.826 0.3000000119
15823  54.301  -47.904  2.883 0.3000000119
14357  54.616  -49.214  3.509 0.3000000119
10539  52.050  -54.833  10.509 0.3000000119
9889  53.825  -55.821  11.352 0.3000000119
9890  52.898  -55.760  11.152 0.3000000119
10536  54.786  -54.833  11.116 0.3000000119
11252  55.528  -53.584  10.189 0.3000000119
15093  55.028  -47.735  3.010 0.3000000119
11254  51.212  -53.843  9.884 0.3000000119
11235  53.395  -54.005  11.041 0.3000000119
11253  52.389  -53.980  10.534 0.3000000119
125922  54.170  -55.036  11.306 0.3000000119
133734  53.800  -54.529  11.283 0.3000000119
10551  55.245  -54.405  10.583 0.3000000119
12008  52.760  -53.264  10.593 0.3000000119
116792  53.819  -53.201  11.033 0.3000000119
126218  54.993  -54.121  11.101 0.3000000119
10537  54.356  -54.201  11.295 0.3000000119
135083  55.705  -53.101  9.980 0.3000000119
13585  55.311  -51.000  8.889 0.3000000119
12025  52.231  -52.537  10.217 0.3000000119
11232  55.766  -52.982  10.527 0.3000000119
12005  55.430  -52.788  10.939 0.3000000119
12791  55.623  -51.760  9.358 0.3000000119
15085  55.409  -47.985  3.565 0.3000000119
12769  54.573  -51.792  10.901 0.3000000119
12007  53.355  -52.089  10.583 0.3000000119
12006  54.708  -52.570  11.078 0.3000000119
11234  54.888  -53.452  11.191 0.3000000119
131546  55.770  -52.525  9.870 0.3000000119
123386  54.693  -50.167  8.240 0.3000000119
14340  54.489  -49.187  5.867 0.3000000119
15075  55.483  -48.059  4.404 0.3000000119
118856  56.336  -46.687  3.880 0.3000000119
14365  53.764  -49.321  2.841 0.3000000119
12768  55.488  -51.881  10.958 0.3000000119
12004  55.836  -52.209  10.616 0.3000000119
14319  55.846  -50.204  9.017 0.3000000119
15068  54.897  -48.473  6.884 0.3000000119
9891  51.780  -55.771  10.622 0.3000000119
123537  52.720  -56.648  11.296 0.3000000119
5807  47.047  -64.330  8.553 0.3000000119
6788  50.412  -61.120  10.870 0.3000000119
7295  49.016  -60.456  8.961 0.3000000119
7768  50.284  -59.198  8.117 0.4000000060
8273  52.709  -58.264  10.200 0.3000000119
8792  51.277  -57.890  7.485 0.4000000060
9330  53.236  -57.102  9.295 0.4000000060
9888  54.421  -55.693  11.088 0.3000000119
10538  53.248  -54.861  11.161 0.3000000119
11233  55.339  -53.548  10.848 0.3000000119
11290  49.832  -53.880  7.119 0.3000000119
11302  51.158  -52.940  7.050 0.5000000000
12045  55.263  -53.236  9.435 0.3000000119
12057  53.607  -52.713  8.341 0.4000000060
12075  50.915  -52.660  4.270 0.4000000060
12081  52.285  -51.847  4.096 0.4000000060
12086  47.265  -52.897  3.234 0.4000000060
12097  49.284  -52.312  3.328 0.4000000060
12781  56.086  -51.625  10.096 0.3000000119
12816  53.362  -50.736  3.977 0.4000000060
12828  48.009  -51.828  3.283 0.4000000060
12838  52.084  -51.344  3.109 0.4000000060
13591  47.819  -50.191  7.090 0.4000000060
13604  54.267  -49.753  3.845 0.4000000060
13617  54.184  -49.642  3.270 0.3000000119
13619  51.617  -50.551  3.255 0.5000000000
13620  50.888  -50.788  3.661 0.5000000000
13622  49.209  -51.343  4.130 0.6000000238
13629  53.663  -50.090  3.111 0.4000000060
13632  50.319  -51.714  3.186 0.4000000060
13633  46.873  -50.944  3.043 0.5000000000
14320  48.877  -49.470  7.929 0.5000000000
14321  48.077  -49.215  8.256 0.4000000060
14324  45.191  -49.148  7.978 0.4000000060
14336  46.517  -49.726  7.639 0.4000000060
14352  50.806  -50.108  5.290 0.5000000000
15046  45.100  -48.057  9.061 0.5000000000
15055  47.256  -48.950  8.525 0.4000000060
15056  46.400  -48.778  8.607 0.4000000060
15069  51.807  -48.155  6.854 0.3000000119
15070  51.065  -48.324  7.483 0.5000000000
15086  55.027  -48.679  3.868 0.3000000119
15094  54.867  -48.566  3.244 0.3000000119
15096  53.281  -48.639  2.988 0.3000000119
15101  54.551  -48.387  2.920 0.3000000119
15102  54.065  -48.574  2.775 0.3000000119
15103  53.572  -48.723  2.848 0.3000000119
15767  43.858  -47.171  9.339 0.6000000238
15781  47.593  -47.718  8.721 0.4000000060
15785  42.491  -47.464  8.642 0.5000000000
15815  53.146  -47.709  4.592 0.4000000060
15819  54.682  -47.165  3.049 0.4000000060
15820  54.124  -47.538  3.001 0.4000000060
16512  49.985  -47.309  8.132 0.5000000000
16513  49.104  -47.192  8.374 0.6000000238
16516  45.841  -46.178  9.118 0.6000000238
16533  51.335  -46.281  7.367 0.5000000000
16574  55.394  -46.714  3.150 0.4000000060
17260  42.385  -45.068  9.459 0.5000000000
17261  41.644  -45.024  9.291 0.5000000000
17268  48.236  -45.654  7.799 0.6999999881
17270  46.731  -45.163  8.128 0.6000000238
17281  52.188  -45.388  6.646 0.4000000060
17284  49.808  -45.904  7.571 0.6999999881
17295  51.673  -44.871  6.474 0.4000000060
17303  54.357  -45.327  4.733 0.4000000060
17312  56.194  -45.153  3.444 0.3000000119
18033  56.067  -45.044  9.761 0.3000000119
18036  43.900  -44.736  9.150 0.6999999881
18063  47.515  -44.699  6.811 0.6999999881
18065  45.780  -44.139  7.294 0.6999999881
18087  54.902  -43.749  4.530 0.4000000060
18091  50.246  -44.378  5.288 0.6000000238
18094  47.053  -44.221  5.399 0.6999999881
18101  48.063  -44.675  3.677 0.6999999881
18108  49.462  -44.424  3.263 0.6000000238
18111  47.529  -44.853  2.236 0.6999999881
18118  48.743  -45.071  1.792 0.6000000238
18119  48.052  -45.158  1.517 0.6000000238
18836  54.976  -44.243  8.934 0.3000000119
18842  41.770  -43.783  9.170 0.6000000238
18852  44.127  -43.262  8.229 0.6000000238
18853  43.455  -43.140  8.633 0.5000000000
18855  41.122  -43.602  8.886 0.5000000000
18856  40.681  -43.065  8.531 0.5000000000
18885  53.178  -43.028  4.731 0.5000000000
18897  50.913  -43.404  3.966 0.5000000000
18900  45.996  -43.552  3.532 0.6000000238
18912  46.770  -44.277  2.615 0.6000000238
18918  49.872  -43.479  2.306 0.6000000238
18923  45.967  -43.506  2.120 0.5000000000
18926  48.268  -44.617  0.983 0.6000000238
18927  47.629  -44.224  1.104 0.6000000238
19630  50.263  -42.818  11.416 0.3000000119
19650  50.270  -42.698  10.033 0.3000000119
19672  52.216  -42.028  7.367 0.3000000119
19698  53.112  -42.044  4.626 0.4000000060
19702  45.419  -42.789  3.860 0.6000000238
19722  48.972  -43.439  1.453 0.6000000238
19727  46.423  -43.171  1.174 0.6000000238
20469  50.641  -41.815  8.053 0.3000000119
20470  49.437  -41.656  8.894 0.3000000119
20480  52.328  -41.535  6.553 0.3000000119
20484  40.295  -41.547  7.708 0.5000000000
20497  44.337  -41.728  6.702 0.6000000238
20499  39.433  -41.495  6.033 0.4000000060
20504  53.012  -41.521  5.192 0.3000000119
20509  38.643  -41.399  5.155 0.4000000060
20515  53.326  -41.769  4.832 0.3000000119
20517  51.914  -41.842  4.475 0.6000000238
20520  44.823  -41.732  4.737 0.6000000238
20529  49.833  -42.189  2.729 0.5000000000
20543  46.220  -41.896  0.640 0.5000000000
20544  45.877  -41.907  0.590 0.6000000238
20545  45.288  -41.696  0.748 0.6000000238
21293  47.869  -40.690  11.152 0.3000000119
21320  48.257  -41.127  9.581 0.3000000119
21341  50.643  -41.040  6.943 0.3000000119
21344  43.266  -40.663  7.481 0.6000000238
21356  49.515  -40.307  6.376 0.4000000060
21380  48.908  -40.558  3.867 0.5000000000
21398  44.394  -41.101  2.043 0.6000000238
21401  47.052  -41.292  1.016 0.4000000060
21408  45.577  -40.888  -0.392 0.6000000238
22146  46.617  -39.227  9.753 0.3000000119
22168  43.715  -40.510  6.774 0.6000000238
22169  42.582  -39.530  7.414 0.6999999881
22170  41.412  -39.726  7.761 0.5000000000
22184  39.391  -39.247  6.502 0.4000000060
22218  43.473  -39.784  1.510 0.6000000238
22230  43.437  -39.662  0.006 0.6000000238
22236  45.675  -40.104  -1.333 0.6000000238
22237  44.774  -39.580  -1.181 0.6000000238
22238  43.988  -39.127  -0.972 0.6999999881
22240  48.581  -40.645  -2.335 0.4000000060
22974  46.426  -38.701  9.010 0.3000000119
22986  42.031  -38.221  7.224 0.6000000238
22988  40.468  -38.454  7.266 0.6000000238
23004  38.467  -38.729  5.813 0.4000000060
23018  37.243  -38.215  5.222 0.5000000000
23030  47.117  -39.082  2.834 0.5000000000
23050  42.649  -38.419  0.945 0.6000000238
23058  43.444  -38.845  -0.746 0.6999999881
23059  43.020  -38.330  -0.684 0.6999999881
23071  44.891  -38.306  -2.072 0.6999999881
23817  40.065  -37.830  6.901 0.6000000238
23827  41.570  -36.934  6.627 0.6000000238
23829  39.354  -37.880  6.454 0.5000000000
23840  42.533  -37.137  5.482 0.6999999881
23841  38.149  -37.261  5.513 0.5000000000
23864  42.650  -37.544  2.210 0.6000000238
23876  42.505  -37.670  0.789 0.6999999881
23891  44.038  -37.827  -1.737 0.6999999881
23892  43.318  -37.431  -1.550 0.6999999881
23898  43.686  -37.019  -2.032 0.5000000000
24714  45.391  -36.208  7.546 0.3000000119
24730  41.058  -36.448  6.509 0.6000000238
24817  43.073  -36.671  -1.900 0.5000000000
24818  42.779  -37.029  -1.275 0.6999999881
24829  46.464  -36.960  -3.529 0.5000000000
25664  40.489  -36.006  6.154 0.5000000000
25679  41.558  -35.428  5.357 0.6000000238
25681  39.850  -35.554  5.655 0.4000000060
25688  42.376  -35.605  4.239 0.6999999881
25754  42.447  -35.980  0.368 0.6999999881
26575  41.147  -34.314  4.505 0.6000000238
26628  42.502  -34.555  1.702 0.6000000238
26669  42.582  -34.992  -1.908 0.5000000000
26678  43.169  -34.547  -3.077 0.5000000000
26685  45.059  -34.546  -3.516 0.4000000060
27532  41.662  -32.970  2.643 0.4000000060
113343  51.839  -53.176  10.125 0.3000000119
113418  51.578  -51.236  3.090 0.4000000060
113938  42.463  -36.122  2.019 0.8000000119
113965  42.378  -34.733  3.142 0.5000000000
114007  52.713  -51.042  3.271 0.4000000060
114024  38.038  -36.182  4.972 0.4000000060
114759  42.454  -38.838  7.206 0.6999999881
116533  48.304  -51.213  4.190 0.6000000238
117711  53.096  -49.922  2.887 0.4000000060
118654  48.918  -51.996  3.228 0.5000000000
119143  46.365  -38.260  8.331 0.3000000119
119322  50.691  -56.860  7.337 0.5000000000
120364  46.404  -40.336  -1.350 0.6000000238
120412  42.722  -36.261  -1.714 0.5000000000
120761  51.449  -58.190  7.845 0.4000000060
122202  40.967  -39.116  7.574 0.6000000238
122898  45.354  -44.862  8.543 0.8000000119
123235  48.594  -41.596  10.249 0.3000000119
123696  51.101  -42.267  8.325 0.3000000119
125405  52.909  -56.304  8.372 0.3000000119
125977  47.802  -37.988  -1.421 0.5000000000
126107  42.737  -34.028  -2.818 0.4000000060
127841  46.517  -46.648  8.979 0.5000000000
128609  41.324  -41.124  8.275 0.6000000238
129360  45.441  -35.965  6.923 0.3000000119
130329  41.626  -36.416  6.231 0.6000000238
132322  42.682  -35.624  -2.003 0.5000000000
133135  38.068  -36.703  5.279 0.4000000060
133354  45.115  -42.293  4.371 0.5000000000
133361  46.908  -39.436  10.921 0.3000000119
133411  42.564  -36.273  4.234 0.6999999881
134848  44.278  -40.613  5.258 0.6000000238
134999  44.572  -42.601  7.088 0.6000000238
135173  46.264  -40.510  -0.940 0.6000000238
135335  53.025  -52.767  10.613 0.3000000119
135888  46.711  -37.775  6.020 0.4000000060
136007  50.851  -41.477  7.429 0.3000000119
136363  38.884  -39.219  6.006 0.5000000000
136505  51.734  -49.124  5.571 0.4000000060
