#!ascii label  , from subject sub-v2s4x29612_ses-1 vox2ras=TkReg
453
52806  -29.310  -13.365  14.137 0.0000000000
107042  -27.002  -8.657  10.317 0.0000000000
69152  -26.635  5.216  5.384 0.0000000000
65666  -28.525  0.692  5.719 0.0000000000
61474  -31.922  -3.952  6.670 0.0000000000
107535  -31.817  -8.241  13.176 0.0000000000
70815  -26.380  6.905  3.760 0.0000000000
113478  -30.693  -1.600  5.166 0.0000000000
61465  -27.836  -3.578  8.439 0.0000000000
107525  -28.487  -11.286  10.533 0.0000000000
122300  -30.794  -10.019  10.272 0.0000000000
106918  -30.458  -10.623  12.857 0.0000000000
50338  -23.796  -17.283  14.763 0.0000000000
52843  -25.994  -13.011  11.548 0.0000000000
74779  -26.022  13.070  0.523 0.0000000000
73161  -27.408  10.945  0.549 0.0000000000
71582  -28.981  8.772  1.377 0.0000000000
70843  -30.009  6.690  1.932 0.0000000000
69172  -31.167  4.028  2.537 0.0000000000
67432  -27.579  3.326  5.916 0.0000000000
66538  -32.364  1.495  2.556 0.0000000000
65676  -32.663  0.103  3.765 0.0000000000
64794  -31.616  -0.272  7.161 0.0000000000
63175  -31.266  -2.094  9.981 0.0000000000
58990  -28.942  -6.687  9.132 0.0000000000
58994  -32.420  -6.810  9.072 0.0000000000
122626  -27.566  -2.805  8.232 0.0000000000
60597  -25.568  -4.149  8.732 0.0000000000
122248  -29.322  -12.320  11.546 0.0000000000
107479  -30.216  -11.468  11.984 0.0000000000
108600  -29.766  -11.763  13.052 0.0000000000
122116  -22.713  -20.390  17.370 0.0000000000
110363  -23.554  -19.924  16.682 0.0000000000
47763  -24.128  -19.527  16.434 0.0000000000
54536  -25.149  -12.176  10.651 0.0000000000
116249  -24.152  -12.913  11.728 0.0000000000
72374  -28.369  9.551  0.825 0.0000000000
70050  -26.582  6.408  4.322 0.0000000000
70817  -28.112  7.191  4.179 0.0000000000
70052  -28.692  6.235  4.217 0.0000000000
70061  -30.710  5.194  2.711 0.0000000000
69165  -29.057  5.311  4.548 0.0000000000
66523  -28.704  1.865  5.186 0.0000000000
67441  -30.363  2.362  4.071 0.0000000000
66524  -29.799  1.180  4.372 0.0000000000
65680  -32.480  0.657  3.444 0.0000000000
65675  -30.422  0.309  4.398 0.0000000000
62374  -31.669  -2.799  5.771 0.0000000000
63231  -32.333  -1.659  4.570 0.0000000000
62369  -32.334  -3.011  6.238 0.0000000000
63205  -31.618  -1.588  8.076 0.0000000000
113993  -32.247  -3.258  7.805 0.0000000000
58122  -25.734  -7.249  9.923 0.0000000000
58988  -26.931  -6.353  9.496 0.0000000000
58124  -27.657  -7.560  9.756 0.0000000000
122220  -31.413  -9.580  11.192 0.0000000000
57254  -31.697  -8.249  9.720 0.0000000000
58104  -32.237  -7.731  10.837 0.0000000000
59774  -32.199  -5.355  10.626 0.0000000000
58950  -32.301  -6.403  12.812 0.0000000000
49558  -25.489  -17.552  15.322 0.0000000000
51119  -24.105  -15.731  13.925 0.0000000000
50348  -26.156  -16.515  14.370 0.0000000000
51123  -27.251  -15.584  13.915 0.0000000000
64052  -27.735  -0.575  6.874 0.0000000000
64054  -29.740  -0.790  5.504 0.0000000000
63215  -28.452  -2.040  6.855 0.0000000000
62367  -28.601  -2.715  7.022 0.0000000000
114153  -29.852  -3.820  7.224 0.0000000000
118124  -27.935  -9.954  10.558 0.0000000000
107408  -28.966  -9.527  10.348 0.0000000000
107036  -30.175  -10.746  10.548 0.0000000000
107373  -30.765  -10.294  11.929 0.0000000000
107459  -31.292  -9.155  13.551 0.0000000000
48695  -24.506  -18.367  15.229 0.0000000000
121067  -25.977  -9.798  10.507 0.0000000000
120580  -26.941  -10.846  10.440 0.0000000000
107026  -28.044  -12.215  10.929 0.0000000000
128856  -27.924  -13.062  11.960 0.0000000000
124041  -24.849  14.446  -1.183 0.0000000000
73948  -25.805  12.090  2.481 0.0000000000
74780  -26.572  12.435  0.949 0.0000000000
72380  -26.388  9.440  -1.732 0.0000000000
125059  -27.332  8.289  -1.268 0.0000000000
71597  -28.764  7.304  -0.430 0.0000000000
71569  -28.590  8.572  3.035 0.0000000000
71576  -29.456  7.992  1.493 0.0000000000
70082  -29.585  5.609  -0.365 0.0000000000
70075  -30.791  4.625  0.612 0.0000000000
69184  -31.580  3.366  0.893 0.0000000000
68274  -31.811  2.748  1.815 0.0000000000
68250  -27.395  4.418  5.876 0.0000000000
68260  -29.288  4.422  4.751 0.0000000000
68262  -31.100  3.017  3.067 0.0000000000
68268  -32.342  2.106  2.030 0.0000000000
129381  -32.998  1.774  2.908 0.0000000000
111868  -31.671  2.358  6.152 0.0000000000
64060  -31.959  -1.179  4.033 0.0000000000
65668  -32.502  -0.018  4.656 0.0000000000
59799  -26.970  -4.836  9.186 0.0000000000
129332  -28.621  -4.901  8.426 0.0000000000
59802  -30.439  -5.618  8.205 0.0000000000
121641  -30.272  -8.544  9.778 0.0000000000
58992  -31.038  -7.137  8.810 0.0000000000
60603  -32.283  -5.178  7.783 0.0000000000
60585  -32.348  -4.608  8.913 0.0000000000
113464  -31.460  -3.646  10.745 0.0000000000
51962  -25.843  -14.129  12.716 0.0000000000
123450  -27.759  -14.488  13.085 0.0000000000
124382  -28.832  -14.283  13.849 0.0000000000
106985  -29.455  -12.379  12.426 0.0000000000
106996  -29.400  -12.513  13.615 0.0000000000
129120  -29.712  -11.977  14.185 0.0000000000
46766  -23.232  -20.547  18.034 0.0000000000
46786  -23.342  -20.290  17.356 0.0000000000
46767  -23.955  -20.500  18.036 0.0000000000
69164  -27.026  5.871  5.004 0.0000000000
70051  -27.608  6.489  4.577 0.0000000000
113103  -28.086  5.788  4.965 0.0000000000
70053  -29.669  5.538  3.978 0.0000000000
69153  -27.685  5.199  5.434 0.0000000000
65665  -27.685  0.949  6.385 0.0000000000
66514  -28.170  1.491  5.769 0.0000000000
65674  -28.985  0.970  4.900 0.0000000000
66525  -31.531  0.587  3.796 0.0000000000
65667  -29.317  0.396  5.097 0.0000000000
61481  -31.756  -3.507  6.262 0.0000000000
62375  -32.114  -3.059  6.091 0.0000000000
61475  -32.171  -3.648  6.546 0.0000000000
117629  -32.267  -3.376  6.922 0.0000000000
107482  -26.307  -7.993  10.057 0.0000000000
58123  -26.674  -7.222  9.755 0.0000000000
107552  -27.062  -8.022  10.021 0.0000000000
107271  -31.633  -8.992  12.194 0.0000000000
58112  -31.859  -8.568  10.726 0.0000000000
58103  -32.138  -8.065  11.635 0.0000000000
58964  -32.348  -6.637  12.223 0.0000000000
107449  -32.269  -7.407  12.394 0.0000000000
107340  -32.231  -6.317  13.350 0.0000000000
107277  -32.114  -7.298  13.243 0.0000000000
49566  -25.622  -17.077  14.830 0.0000000000
64045  -27.462  -1.216  7.321 0.0000000000
64046  -28.177  -1.315  6.832 0.0000000000
63214  -27.692  -1.905  7.410 0.0000000000
61464  -27.101  -3.163  8.544 0.0000000000
62366  -27.884  -2.540  7.668 0.0000000000
61471  -28.339  -3.249  7.715 0.0000000000
116359  -29.238  -3.349  7.017 0.0000000000
61466  -28.493  -3.869  7.983 0.0000000000
107403  -27.934  -10.461  10.523 0.0000000000
107521  -29.006  -10.595  10.492 0.0000000000
107041  -28.806  -10.956  10.499 0.0000000000
122269  -30.471  -11.043  11.769 0.0000000000
107270  -30.565  -10.977  11.172 0.0000000000
122231  -30.634  -10.489  12.272 0.0000000000
107333  -31.062  -9.688  12.462 0.0000000000
106955  -30.910  -9.871  13.036 0.0000000000
122182  -31.159  -9.419  14.249 0.0000000000
107438  -30.538  -10.426  13.920 0.0000000000
46764  -21.350  -20.549  17.640 0.0000000000
109235  -24.160  -19.085  15.674 0.0000000000
48688  -25.005  -18.432  15.980 0.0000000000
107048  -26.393  -10.329  10.498 0.0000000000
53704  -25.714  -12.539  10.924 0.0000000000
107451  -26.911  -12.156  10.809 0.0000000000
115304  -26.572  -12.632  11.175 0.0000000000
53700  -28.309  -12.636  11.541 0.0000000000
52841  -27.312  -13.404  12.051 0.0000000000
74769  -25.708  13.540  0.975 0.0000000000
75539  -25.533  14.034  0.272 0.0000000000
75553  -25.268  13.520  -1.652 0.0000000000
74792  -25.801  13.089  -0.594 0.0000000000
118427  -27.214  11.387  2.179 0.0000000000
73956  -27.105  11.792  1.443 0.0000000000
73962  -26.861  11.736  0.383 0.0000000000
73971  -26.398  11.522  -0.608 0.0000000000
73160  -26.844  11.025  -0.311 0.0000000000
73168  -26.265  10.515  -1.361 0.0000000000
73169  -27.001  10.216  -0.632 0.0000000000
72382  -27.971  8.959  -0.394 0.0000000000
71589  -28.687  8.479  0.134 0.0000000000
71596  -27.986  7.819  -0.913 0.0000000000
70830  -27.652  7.911  3.814 0.0000000000
70832  -29.269  7.165  3.125 0.0000000000
70841  -28.998  7.881  2.922 0.0000000000
127078  -29.636  7.571  1.928 0.0000000000
70856  -29.510  6.761  0.036 0.0000000000
70857  -30.097  5.961  0.447 0.0000000000
70083  -30.334  5.066  -0.096 0.0000000000
70851  -30.363  6.030  1.220 0.0000000000
69171  -30.505  5.002  3.378 0.0000000000
69177  -31.500  3.573  1.692 0.0000000000
66521  -26.979  2.900  6.424 0.0000000000
67433  -28.425  3.507  5.492 0.0000000000
68251  -28.456  4.407  5.376 0.0000000000
68261  -30.246  3.399  4.090 0.0000000000
67442  -31.271  2.127  3.121 0.0000000000
68267  -31.730  2.512  2.259 0.0000000000
67449  -32.507  1.803  2.335 0.0000000000
67450  -32.768  2.002  2.503 0.0000000000
66534  -32.743  1.550  2.648 0.0000000000
66526  -32.700  0.863  3.729 0.0000000000
67443  -32.861  1.655  3.369 0.0000000000
109948  -32.411  1.946  4.771 0.0000000000
66515  -32.326  1.007  5.007 0.0000000000
64059  -30.995  -1.064  4.463 0.0000000000
63230  -31.878  -1.509  4.348 0.0000000000
119445  -32.451  -0.927  5.571 0.0000000000
64817  -32.731  -0.871  4.473 0.0000000000
64807  -32.089  -0.008  5.987 0.0000000000
65653  -31.739  0.893  6.280 0.0000000000
64806  -31.433  0.730  7.373 0.0000000000
63190  -31.496  -1.830  8.933 0.0000000000
63174  -30.841  -1.282  10.544 0.0000000000
59798  -25.990  -4.856  9.112 0.0000000000
58989  -27.858  -6.546  9.372 0.0000000000
59790  -27.444  -5.578  9.259 0.0000000000
59791  -28.511  -5.690  8.817 0.0000000000
59801  -29.340  -5.286  8.263 0.0000000000
59000  -29.560  -6.112  8.569 0.0000000000
107365  -29.871  -9.595  10.187 0.0000000000
122465  -28.980  -8.966  10.185 0.0000000000
107424  -30.561  -9.382  10.029 0.0000000000
58129  -32.231  -7.371  9.373 0.0000000000
123539  -31.476  -7.787  9.339 0.0000000000
59003  -32.269  -6.430  8.516 0.0000000000
59804  -32.148  -5.717  7.998 0.0000000000
59805  -32.365  -5.782  8.185 0.0000000000
60586  -32.458  -5.391  8.270 0.0000000000
60569  -32.443  -5.411  9.315 0.0000000000
60552  -31.898  -4.841  11.749 0.0000000000
122813  -31.705  -4.461  11.047 0.0000000000
61424  -31.445  -3.913  11.922 0.0000000000
51124  -28.129  -15.490  14.470 0.0000000000
51954  -27.150  -14.997  13.357 0.0000000000
51937  -27.935  -14.977  13.659 0.0000000000
121136  -28.591  -14.731  14.113 0.0000000000
51125  -29.046  -15.119  14.796 0.0000000000
62365  -27.237  -2.116  8.131 0.0000000000
124020  -27.067  -3.679  8.772 0.0000000000
107454  -29.426  -12.135  10.976 0.0000000000
107636  -29.523  -11.450  10.598 0.0000000000
106919  -29.808  -12.048  11.654 0.0000000000
107321  -30.166  -11.001  13.393 0.0000000000
107541  -30.404  -10.835  14.244 0.0000000000
106932  -30.062  -11.368  14.145 0.0000000000
53668  -30.361  -11.974  14.879 0.0000000000
46765  -22.355  -20.507  17.907 0.0000000000
48687  -23.338  -19.236  15.425 0.0000000000
47754  -24.388  -19.812  17.198 0.0000000000
107039  -25.175  -11.508  10.566 0.0000000000
54535  -24.433  -11.982  10.755 0.0000000000
53703  -24.723  -12.579  10.987 0.0000000000
53699  -25.057  -13.030  11.449 0.0000000000
75526  -25.330  13.366  1.504 0.0000000000
73153  -27.647  10.945  1.628 0.0000000000
73162  -27.980  10.417  0.998 0.0000000000
73154  -28.142  10.225  1.771 0.0000000000
73147  -28.172  9.831  2.493 0.0000000000
116801  -28.643  9.099  2.413 0.0000000000
70816  -27.305  7.103  4.085 0.0000000000
70059  -28.794  6.926  3.677 0.0000000000
70066  -30.044  6.411  2.649 0.0000000000
70060  -29.718  6.165  3.433 0.0000000000
126279  -30.194  4.467  3.926 0.0000000000
66522  -27.803  2.381  5.802 0.0000000000
108032  -28.358  2.715  5.492 0.0000000000
67434  -29.385  2.433  4.888 0.0000000000
66531  -30.515  1.454  3.971 0.0000000000
66532  -31.765  1.122  3.195 0.0000000000
117401  -32.049  -0.273  3.810 0.0000000000
63223  -30.446  -2.444  5.802 0.0000000000
63224  -31.759  -2.035  5.031 0.0000000000
63225  -32.293  -2.279  5.411 0.0000000000
64047  -32.299  -1.450  6.094 0.0000000000
64035  -31.557  -1.021  7.689 0.0000000000
63217  -31.971  -1.967  6.871 0.0000000000
62360  -32.011  -2.519  7.638 0.0000000000
62344  -31.756  -2.742  8.826 0.0000000000
58987  -26.045  -6.411  9.581 0.0000000000
128935  -27.250  -6.936  9.577 0.0000000000
58125  -28.462  -7.335  9.533 0.0000000000
128107  -31.218  -9.847  10.492 0.0000000000
107028  -31.168  -9.557  10.138 0.0000000000
107029  -31.477  -9.349  10.605 0.0000000000
58113  -32.118  -8.071  9.879 0.0000000000
58975  -32.461  -7.168  9.990 0.0000000000
59775  -32.486  -6.260  9.646 0.0000000000
59760  -32.393  -6.298  10.643 0.0000000000
59759  -32.267  -5.832  11.701 0.0000000000
109860  -32.080  -5.157  12.565 0.0000000000
123424  -31.833  -4.636  13.213 0.0000000000
109497  -32.109  -5.443  13.347 0.0000000000
49564  -24.411  -17.155  14.550 0.0000000000
109504  -24.131  -16.483  14.330 0.0000000000
50346  -24.911  -16.745  14.186 0.0000000000
50347  -25.433  -16.792  14.304 0.0000000000
51121  -25.707  -16.291  13.901 0.0000000000
51135  -26.423  -15.608  13.636 0.0000000000
51122  -26.549  -16.083  14.019 0.0000000000
50349  -27.176  -16.125  14.570 0.0000000000
64814  -27.275  0.199  6.962 0.0000000000
64815  -28.116  0.129  6.317 0.0000000000
64816  -28.985  -0.051  5.645 0.0000000000
64053  -28.626  -0.655  6.246 0.0000000000
63222  -29.263  -1.581  6.094 0.0000000000
126224  -28.102  -2.327  7.257 0.0000000000
63216  -29.214  -2.336  6.469 0.0000000000
62368  -29.587  -2.844  6.563 0.0000000000
61480  -30.561  -3.284  6.443 0.0000000000
61473  -31.052  -3.913  6.823 0.0000000000
107515  -26.941  -9.300  10.490 0.0000000000
107509  -27.929  -9.381  10.442 0.0000000000
107037  -29.030  -10.123  10.457 0.0000000000
107038  -30.049  -10.207  10.353 0.0000000000
107687  -29.907  -11.155  10.558 0.0000000000
107006  -30.819  -10.385  10.767 0.0000000000
107268  -31.219  -9.755  11.686 0.0000000000
122223  -31.445  -9.039  12.876 0.0000000000
107034  -31.645  -8.387  13.891 0.0000000000
106925  -30.775  -10.519  14.746 0.0000000000
46741  -21.026  -20.667  18.535 0.0000000000
50337  -23.002  -17.177  15.156 0.0000000000
48694  -23.746  -18.741  15.055 0.0000000000
49557  -24.237  -17.870  14.838 0.0000000000
48696  -25.134  -18.021  15.426 0.0000000000
49548  -25.655  -17.746  15.949 0.0000000000
107934  -26.049  -9.260  10.450 0.0000000000
107049  -26.892  -9.926  10.532 0.0000000000
122291  -27.187  -10.480  10.485 0.0000000000
107035  -27.595  -11.192  10.496 0.0000000000
127784  -25.928  -11.448  10.522 0.0000000000
111499  -26.742  -11.448  10.528 0.0000000000
107032  -27.979  -11.715  10.659 0.0000000000
125296  -28.775  -12.337  11.115 0.0000000000
53701  -28.832  -12.519  11.632 0.0000000000
52824  -28.698  -13.362  12.850 0.0000000000
76354  -24.940  14.962  0.676 0.0000000000
126211  -24.821  12.253  2.288 0.0000000000
74761  -26.050  12.701  1.997 0.0000000000
74762  -26.533  12.394  1.659 0.0000000000
113506  -26.339  12.365  0.001 0.0000000000
128606  -25.443  12.178  -1.817 0.0000000000
72373  -27.700  9.935  0.068 0.0000000000
72381  -27.220  9.225  -1.060 0.0000000000
71595  -26.361  8.136  -1.989 0.0000000000
71604  -26.848  7.019  -1.794 0.0000000000
127512  -26.948  6.306  -1.864 0.0000000000
70088  -28.273  5.737  -1.442 0.0000000000
71568  -28.000  8.739  3.528 0.0000000000
70831  -28.474  7.814  3.527 0.0000000000
71575  -29.170  8.247  2.295 0.0000000000
71590  -29.311  7.842  0.584 0.0000000000
70862  -28.706  5.980  -0.774 0.0000000000
70089  -28.978  5.210  -0.999 0.0000000000
69201  -30.087  4.862  -0.746 0.0000000000
112599  -30.736  3.995  -0.242 0.0000000000
70067  -30.814  5.169  1.750 0.0000000000
125730  -28.508  5.085  5.121 0.0000000000
68252  -29.376  3.492  4.917 0.0000000000
69166  -31.149  3.677  2.886 0.0000000000
68275  -32.379  2.707  1.844 0.0000000000
66533  -32.699  1.098  2.989 0.0000000000
67435  -32.376  3.132  4.684 0.0000000000
67421  -31.690  3.222  5.964 0.0000000000
64821  -30.136  -0.220  4.982 0.0000000000
64822  -31.440  -0.637  4.107 0.0000000000
109707  -32.722  -0.467  3.841 0.0000000000
64061  -32.455  -1.324  4.192 0.0000000000
123174  -31.125  -0.166  8.560 0.0000000000
60598  -26.547  -4.188  8.917 0.0000000000
114932  -27.480  -4.223  8.859 0.0000000000
59789  -26.464  -5.573  9.351 0.0000000000
59800  -27.923  -4.863  8.907 0.0000000000
60599  -28.267  -4.298  8.425 0.0000000000
60600  -29.158  -4.441  7.818 0.0000000000
125692  -29.986  -4.909  7.931 0.0000000000
60607  -31.530  -4.403  7.197 0.0000000000
107043  -27.979  -8.617  10.209 0.0000000000
57252  -28.652  -8.178  9.907 0.0000000000
58126  -29.463  -7.758  9.584 0.0000000000
107529  -31.137  -8.726  9.817 0.0000000000
58127  -30.582  -7.842  9.413 0.0000000000
58991  -29.979  -6.962  9.007 0.0000000000
59803  -31.467  -5.522  7.953 0.0000000000
60608  -32.124  -4.342  7.230 0.0000000000
60602  -32.404  -4.633  7.819 0.0000000000
61450  -32.191  -3.738  8.559 0.0000000000
109323  -31.527  -3.126  9.793 0.0000000000
60568  -32.031  -4.543  10.079 0.0000000000
61439  -31.897  -3.909  9.650 0.0000000000
52839  -25.421  -13.492  12.123 0.0000000000
52840  -26.410  -13.538  12.111 0.0000000000
51953  -26.206  -14.843  13.242 0.0000000000
51963  -26.978  -14.214  12.689 0.0000000000
52823  -27.953  -13.668  12.587 0.0000000000
51938  -28.446  -14.233  13.356 0.0000000000
52805  -28.994  -13.826  13.563 0.0000000000
47753  -22.610  -20.193  16.596 0.0000000000
48700  -24.982  -17.760  14.927 0.0000000000
49565  -24.910  -17.275  14.522 0.0000000000
51939  -29.193  -14.278  14.396 0.0000000000
52825  -29.125  -13.007  13.097 0.0000000000
52842  -28.445  -12.900  12.158 0.0000000000
52844  -26.896  -12.991  11.576 0.0000000000
52845  -27.664  -12.826  11.561 0.0000000000
53685  -29.008  -12.660  12.260 0.0000000000
53705  -27.386  -12.536  11.179 0.0000000000
53706  -28.085  -12.479  11.218 0.0000000000
57245  -31.585  -8.887  10.071 0.0000000000
57253  -29.603  -8.771  9.979 0.0000000000
58128  -31.991  -7.622  9.327 0.0000000000
58134  -31.868  -7.107  8.824 0.0000000000
58965  -32.387  -6.844  11.200 0.0000000000
58993  -32.219  -7.095  8.960 0.0000000000
59001  -30.474  -6.417  8.540 0.0000000000
59002  -31.492  -6.307  8.346 0.0000000000
59748  -32.267  -5.937  12.697 0.0000000000
59792  -32.506  -6.102  8.669 0.0000000000
59808  -30.960  -4.913  7.795 0.0000000000
59809  -31.958  -5.052  7.522 0.0000000000
60601  -30.386  -4.390  7.454 0.0000000000
61463  -26.254  -3.358  8.611 0.0000000000
61467  -32.322  -3.922  7.281 0.0000000000
61472  -28.923  -3.799  7.474 0.0000000000
64055  -32.638  -1.522  4.815 0.0000000000
64823  -32.351  -0.886  3.950 0.0000000000
67448  -31.880  2.066  2.243 0.0000000000
70842  -29.516  7.397  2.496 0.0000000000
70850  -29.803  7.076  1.123 0.0000000000
70861  -27.768  6.426  -1.430 0.0000000000
72367  -28.516  9.546  1.826 0.0000000000
74770  -26.075  12.917  1.326 0.0000000000
75548  -25.339  14.034  -0.701 0.0000000000
106926  -29.932  -11.854  10.977 0.0000000000
106958  -27.821  -10.847  10.476 0.0000000000
107009  -32.284  -6.803  12.846 0.0000000000
107010  -32.032  -8.189  12.420 0.0000000000
107020  -31.767  -8.857  11.502 0.0000000000
107027  -28.759  -12.051  10.798 0.0000000000
107033  -30.930  -10.175  11.576 0.0000000000
107310  -30.288  -11.454  11.005 0.0000000000
107437  -31.902  -7.483  14.058 0.0000000000
107605  -29.113  -11.774  10.676 0.0000000000
107617  -30.769  -10.039  13.629 0.0000000000
108843  -25.911  -11.925  10.588 0.0000000000
116692  -25.996  12.093  -0.891 0.0000000000
121500  -32.334  -7.349  11.692 0.0000000000
122222  -31.150  -10.055  10.785 0.0000000000
126830  -23.589  -19.495  15.998 0.0000000000
128388  -30.701  -10.233  12.968 0.0000000000
128672  -22.881  -19.330  15.517 0.0000000000
129812  -30.747  -10.644  11.108 0.0000000000
