#!ascii label  , from subject sub-v2s4x29593_ses-1 vox2ras=TkReg
727
18172  18.972  -54.762  -0.474 0.6000000238
16352  17.993  -56.560  7.179 0.6999999881
17248  17.975  -55.676  5.776 0.6999999881
17293  20.435  -55.170  3.607 0.8999999762
109612  20.071  -55.248  2.803 0.8000000119
109611  19.584  -55.406  1.753 0.8000000119
17338  18.260  -54.694  -0.099 0.6000000238
19033  18.927  -53.814  -0.048 0.6999999881
19018  19.585  -53.242  0.683 0.6999999881
17223  17.710  -55.768  6.818 0.6999999881
16336  17.869  -57.031  8.198 0.6999999881
16371  17.859  -55.927  6.395 0.6999999881
17272  17.780  -55.012  4.984 0.6000000238
116857  18.562  -55.343  4.956 0.6999999881
114683  18.756  -55.298  4.113 0.8000000119
17295  18.505  -55.252  3.343 0.8000000119
110058  19.090  -55.309  2.582 0.8000000119
111262  18.576  -55.312  1.464 0.8000000119
17320  18.334  -55.096  0.326 0.6000000238
19943  17.890  -53.632  0.231 0.6000000238
19019  18.732  -53.222  0.642 0.6999999881
19923  20.331  -52.667  1.430 0.6999999881
117019  17.683  -55.251  7.094 0.5000000000
122382  17.781  -56.293  8.767 0.6000000238
18082  17.586  -55.037  6.368 0.4000000060
17249  17.708  -55.388  5.966 0.6000000238
112076  17.631  -54.661  5.518 0.5000000000
18111  17.449  -54.716  3.922 0.6000000238
113130  18.057  -55.150  4.097 0.8000000119
17296  17.739  -54.978  3.169 0.6999999881
18136  16.734  -54.628  1.775 0.6999999881
18147  16.574  -54.539  0.835 0.6999999881
122286  17.214  -53.059  0.516 0.5000000000
19925  18.024  -52.641  0.889 0.6000000238
20784  19.655  -51.839  1.940 0.6000000238
19907  20.222  -52.305  1.932 0.6000000238
19906  20.990  -52.334  2.091 0.5000000000
18930  18.620  -54.194  7.696 0.5000000000
18059  18.063  -55.352  8.798 0.6000000238
16318  17.272  -56.348  9.390 0.6000000238
18065  18.110  -54.983  7.880 0.5000000000
18100  17.320  -54.382  4.642 0.5000000000
18125  16.766  -54.164  3.619 0.6000000238
18994  16.227  -53.521  2.896 0.6000000238
19020  15.570  -53.742  1.024 0.6000000238
19945  15.904  -52.885  0.899 0.5000000000
19926  16.989  -52.348  0.795 0.5000000000
20798  17.499  -51.654  1.200 0.6000000238
21682  19.073  -50.943  1.716 0.6000000238
21672  20.937  -50.955  2.410 0.5000000000
21670  23.417  -50.417  2.453 0.5000000000
21671  21.962  -50.817  2.517 0.5000000000
17200  17.671  -55.595  9.307 0.5000000000
111747  17.260  -55.216  9.788 0.5000000000
18081  17.851  -54.646  6.894 0.5000000000
18959  17.968  -53.548  5.677 0.4000000060
19856  18.316  -52.702  5.323 0.3000000119
19857  17.597  -53.169  4.914 0.4000000060
117095  17.113  -52.832  4.192 0.3000000119
19871  17.781  -52.206  4.507 0.3000000119
18977  17.097  -53.697  4.427 0.5000000000
128170  16.324  -52.856  3.161 0.5000000000
19908  15.847  -52.124  2.077 0.5000000000
118293  15.835  -52.475  1.511 0.5000000000
20799  16.745  -51.684  1.222 0.5000000000
21683  18.012  -50.784  1.381 0.6000000238
112345  18.619  -49.975  1.478 0.6000000238
21673  20.029  -51.055  2.169 0.5000000000
21680  21.300  -50.044  2.242 0.5000000000
119697  22.784  -50.357  2.397 0.5000000000
17191  18.017  -54.880  9.506 0.5000000000
122376  19.055  -53.955  8.593 0.5000000000
18945  19.125  -53.432  7.057 0.5000000000
19833  18.718  -53.109  6.132 0.4000000060
19855  19.157  -52.315  5.728 0.4000000060
20746  18.671  -51.834  4.976 0.3000000119
128265  17.592  -51.655  4.025 0.3000000119
20760  16.595  -51.208  3.049 0.4000000060
20785  16.164  -51.604  1.834 0.5000000000
21685  16.614  -50.891  1.656 0.4000000060
21681  19.644  -50.104  1.759 0.5000000000
109194  21.190  -48.400  1.503 0.5000000000
22528  20.487  -49.314  1.740 0.5000000000
22517  24.045  -49.154  2.278 0.5000000000
22525  23.651  -48.680  1.879 0.4000000060
22526  22.806  -48.892  1.773 0.5000000000
18049  18.462  -54.144  9.730 0.5000000000
18911  19.458  -53.480  9.017 0.5000000000
19822  19.906  -52.921  7.498 0.5000000000
19832  19.573  -52.681  6.564 0.4000000060
20745  19.514  -51.505  5.372 0.4000000060
20757  19.079  -50.994  4.668 0.3000000119
20758  18.144  -51.235  4.217 0.3000000119
21650  16.894  -50.381  3.136 0.4000000060
21658  16.479  -50.419  2.515 0.4000000060
22520  16.402  -49.618  2.215 0.4000000060
20771  16.248  -51.339  2.336 0.4000000060
111673  16.564  -49.735  1.832 0.4000000060
110506  16.935  -49.827  1.498 0.5000000000
22530  18.191  -49.095  1.353 0.5000000000
112520  17.616  -49.859  1.376 0.6000000238
22527  21.731  -49.067  1.758 0.5000000000
19804  20.006  -52.960  8.532 0.4000000060
19821  20.377  -52.272  6.970 0.4000000060
19803  20.506  -52.375  7.975 0.4000000060
20744  20.253  -51.131  5.747 0.4000000060
112568  19.777  -50.724  5.126 0.4000000060
21648  18.624  -50.314  4.106 0.4000000060
22495  18.105  -49.531  3.690 0.4000000060
21649  17.752  -50.372  3.631 0.4000000060
22496  17.201  -49.582  3.279 0.4000000060
23421  16.543  -48.883  2.563 0.4000000060
127690  16.805  -49.085  1.584 0.5000000000
23427  17.844  -48.374  1.365 0.5000000000
111095  18.340  -47.889  1.471 0.6000000238
23425  19.941  -48.423  1.552 0.5000000000
108043  21.650  -47.154  1.444 0.4000000060
24310  21.912  -47.702  1.363 0.4000000060
19782  20.395  -52.276  9.009 0.4000000060
20703  20.901  -51.714  7.484 0.4000000060
20689  20.895  -51.729  8.415 0.4000000060
21616  20.804  -50.468  6.218 0.4000000060
21647  19.375  -50.176  4.589 0.4000000060
23406  17.409  -48.667  3.408 0.4000000060
23414  16.773  -48.276  3.008 0.4000000060
23429  16.769  -47.942  1.979 0.4000000060
122106  17.155  -47.730  1.755 0.5000000000
119920  18.326  -47.452  1.712 0.4000000060
24312  19.327  -47.703  1.637 0.6000000238
21574  21.240  -51.045  8.707 0.4000000060
20688  21.281  -51.244  7.944 0.4000000060
21591  21.222  -50.938  7.185 0.4000000060
127308  20.278  -50.444  5.515 0.4000000060
22485  19.642  -49.409  4.641 0.4000000060
23404  19.251  -48.676  4.264 0.4000000060
24294  18.723  -47.754  3.938 0.5000000000
119757  17.837  -47.986  3.605 0.4000000060
24296  17.106  -47.699  3.262 0.3000000119
24303  16.763  -47.520  2.928 0.3000000119
24307  16.829  -47.550  2.498 0.4000000060
25224  18.158  -46.785  2.258 0.4000000060
25223  19.168  -47.031  2.065 0.4000000060
20666  20.056  -52.013  9.834 0.4000000060
22474  20.928  -49.470  6.160 0.4000000060
120375  20.527  -49.044  5.465 0.4000000060
24293  19.601  -48.018  4.409 0.3000000119
24295  17.674  -47.175  3.535 0.3000000119
25205  17.021  -46.877  3.154 0.3000000119
25214  16.969  -46.895  2.823 0.3000000119
26131  19.527  -45.445  2.489 0.4000000060
21590  21.536  -50.569  7.985 0.3000000119
21615  21.411  -49.932  7.087 0.3000000119
23374  20.926  -48.512  6.041 0.3000000119
24275  20.662  -47.734  5.504 0.3000000119
118709  20.359  -47.178  4.943 0.3000000119
24277  19.596  -47.114  4.403 0.3000000119
25203  18.455  -46.672  3.888 0.4000000060
26117  18.226  -45.835  3.958 0.4000000060
25204  17.562  -46.297  3.427 0.3000000119
26125  17.853  -45.262  3.532 0.3000000119
26133  18.083  -45.135  2.999 0.3000000119
27104  18.686  -44.821  2.845 0.4000000060
27103  19.588  -44.458  2.661 0.4000000060
113323  20.782  -43.911  2.409 0.4000000060
25194  19.133  -46.063  4.362 0.4000000060
26112  17.900  -44.982  4.061 0.4000000060
118822  17.716  -44.852  3.926 0.4000000060
27094  17.770  -43.976  3.558 0.3000000119
27105  18.265  -44.067  3.226 0.4000000060
27924  18.370  -43.466  3.158 0.4000000060
128976  19.492  -42.567  3.078 0.4000000060
27923  19.379  -43.617  2.915 0.4000000060
27922  20.076  -42.965  2.836 0.4000000060
27087  17.420  -44.108  3.996 0.4000000060
127084  17.199  -43.008  3.516 0.5000000000
28759  17.756  -42.888  3.201 0.4000000060
28758  19.095  -42.221  3.193 0.4000000060
118951  21.406  -43.102  2.329 0.3000000119
117844  20.002  -42.284  3.038 0.3000000119
17319  19.081  -55.433  0.766 0.6999999881
17294  19.537  -55.278  3.644 0.8000000119
19034  17.568  -54.249  0.136 0.6000000238
17311  17.505  -54.973  1.228 0.6999999881
17321  17.430  -54.618  0.378 0.6999999881
20782  21.434  -51.688  2.401 0.6000000238
18960  17.445  -53.981  5.228 0.4000000060
18137  16.350  -54.175  2.392 0.6999999881
18159  16.650  -54.186  0.392 0.6999999881
18946  18.248  -53.902  6.554 0.5000000000
19010  15.660  -52.759  1.729 0.5000000000
19872  17.008  -51.962  3.735 0.4000000060
21684  17.123  -50.733  1.356 0.6000000238
22529  19.272  -49.192  1.528 0.5000000000
23426  18.781  -48.389  1.452 0.6000000238
22494  18.943  -49.473  4.144 0.3000000119
25220  17.051  -47.375  2.225 0.4000000060
112991  21.501  -50.202  8.947 0.4000000060
25219  17.338  -46.113  2.966 0.3000000119
27925  17.641  -43.402  3.399 0.3000000119
28757  20.806  -42.487  2.689 0.3000000119
14536  25.246  -58.619  5.654 0.6000000238
13606  25.503  -59.411  5.000 0.6000000238
111841  25.672  -60.973  3.138 0.6000000238
12724  25.671  -60.400  2.356 0.6000000238
12671  24.062  -60.537  6.747 0.5000000000
14523  24.753  -58.922  6.664 0.6000000238
16346  24.264  -56.735  6.589 0.6999999881
128189  24.822  -57.246  5.617 0.6999999881
13586  25.105  -59.577  5.955 0.6000000238
15499  25.307  -57.892  4.304 0.6000000238
14563  25.510  -58.516  3.777 0.6000000238
15523  25.069  -57.797  2.622 0.6000000238
14573  25.389  -58.476  2.929 0.6000000238
13657  25.502  -59.323  2.384 0.6000000238
14604  25.334  -58.995  1.322 0.6000000238
13673  24.691  -58.683  -0.653 0.6999999881
13552  24.172  -59.127  7.306 0.6000000238
15458  23.480  -57.274  7.361 0.6999999881
12648  23.749  -59.909  7.201 0.5000000000
14506  24.047  -57.666  7.412 0.6999999881
14524  24.394  -58.260  7.191 0.6999999881
118868  24.081  -56.220  5.192 0.6999999881
114420  24.971  -57.323  4.977 0.6999999881
15511  24.755  -57.233  3.139 0.5000000000
14587  25.231  -58.386  2.036 0.6000000238
14588  24.922  -58.098  1.085 0.6000000238
117969  25.038  -58.842  0.373 0.6999999881
117463  24.088  -57.825  -0.701 0.6999999881
14625  24.323  -58.392  -1.669 0.6999999881
15605  24.023  -57.353  -2.143 0.6999999881
17357  29.892  -55.515  -2.234 0.4000000060
17366  27.332  -54.969  -2.346 0.5000000000
17367  26.295  -55.350  -2.242 0.6000000238
16474  24.969  -56.426  -2.372 0.6000000238
130807  24.230  -57.146  -2.278 0.6999999881
14537  21.692  -58.754  5.966 0.5000000000
14525  22.476  -58.638  6.905 0.5000000000
15459  22.221  -57.401  7.251 0.6000000238
13554  22.953  -59.062  7.258 0.5000000000
16348  22.266  -55.936  6.991 0.6999999881
113216  23.048  -57.715  7.335 0.5000000000
130707  23.622  -57.911  7.460 0.6000000238
17219  22.388  -55.572  6.230 0.6999999881
16368  23.855  -56.086  6.050 0.6999999881
17243  23.431  -55.822  5.188 0.6999999881
16404  24.338  -56.677  3.686 0.6999999881
15540  24.871  -57.759  1.898 0.6000000238
15541  24.431  -57.357  1.431 0.6000000238
15558  23.627  -57.271  -0.094 0.6999999881
16469  23.534  -56.921  -1.701 0.6999999881
16476  23.880  -56.736  -1.953 0.6999999881
17369  24.577  -55.799  -2.056 0.6000000238
13574  19.917  -58.708  6.749 0.5000000000
14538  21.319  -58.656  5.476 0.4000000060
15460  21.328  -57.708  7.098 0.5000000000
13588  20.581  -58.668  6.033 0.5000000000
14526  21.876  -58.353  6.602 0.5000000000
15461  20.381  -57.355  7.228 0.6000000238
16335  21.327  -56.885  7.311 0.6000000238
17246  20.735  -55.413  5.665 0.6999999881
16349  21.428  -56.157  7.097 0.6000000238
17220  21.544  -55.640  6.483 0.6999999881
17244  22.619  -55.470  5.280 0.6999999881
16389  23.775  -56.118  4.286 0.6999999881
16416  24.193  -56.690  2.777 0.6999999881
15524  24.576  -57.249  2.294 0.6999999881
15542  23.715  -56.896  0.891 0.6999999881
16445  23.078  -56.703  -0.031 0.6999999881
16470  22.384  -56.030  -1.523 0.8000000119
118826  23.190  -56.281  -1.705 0.6999999881
18175  26.920  -53.998  -1.714 0.5000000000
18187  24.910  -55.036  -1.879 0.6000000238
130816  23.531  -55.306  -1.833 0.6000000238
13589  19.503  -59.239  6.271 0.4000000060
14511  19.245  -58.657  7.272 0.6000000238
14510  20.234  -58.160  7.129 0.6000000238
16351  19.520  -56.989  7.092 0.6000000238
17222  19.688  -56.332  6.614 0.6000000238
110612  19.903  -55.859  5.982 0.6000000238
17270  20.314  -55.216  4.508 0.6999999881
17245  21.749  -55.278  5.544 0.6999999881
17292  21.768  -55.294  3.362 0.6999999881
17291  22.588  -55.492  3.583 0.6999999881
17308  21.506  -55.441  2.394 0.8000000119
17307  22.338  -55.558  2.698 0.8000000119
127325  22.582  -56.113  1.250 0.6000000238
16430  22.381  -56.325  0.240 0.6000000238
17360  21.941  -55.386  -1.667 0.8000000119
126838  22.904  -55.493  -1.758 0.6999999881
19048  27.085  -53.640  -1.445 0.5000000000
18176  26.018  -54.159  -1.699 0.6000000238
122300  23.896  -53.965  -1.596 0.6999999881
19063  26.216  -53.700  -1.410 0.6000000238
13556  18.113  -59.465  7.313 0.5000000000
13576  17.828  -59.804  6.769 0.4000000060
13592  16.669  -59.533  5.568 0.4000000060
15463  18.592  -58.219  7.688 0.5000000000
13555  18.966  -59.236  7.068 0.5000000000
15462  19.392  -57.827  7.384 0.6000000238
16369  18.765  -56.526  6.699 0.6000000238
17247  18.776  -55.967  5.909 0.6000000238
118934  19.611  -55.499  5.239 0.6999999881
115092  21.137  -55.064  3.970 0.8000000119
109908  20.943  -55.224  3.053 0.8000000119
17317  21.161  -55.648  1.322 0.6000000238
17335  20.811  -55.806  0.107 0.6000000238
17334  21.539  -56.037  -0.427 0.6999999881
18180  21.672  -54.591  -1.732 0.6999999881
19052  22.889  -53.208  -1.332 0.6999999881
19064  25.343  -53.779  -1.422 0.6000000238
19938  24.532  -52.894  -0.425 0.6000000238
112396  26.377  -53.377  -1.063 0.6000000238
19937  25.222  -52.933  0.337 0.6000000238
15464  17.890  -58.460  8.051 0.5000000000
14513  17.594  -59.095  7.933 0.5000000000
13558  16.615  -59.389  7.449 0.5000000000
13578  16.439  -59.463  6.526 0.5000000000
15481  18.163  -57.577  7.935 0.5000000000
16370  18.145  -56.302  6.488 0.6000000238
17309  20.581  -55.423  2.047 0.6999999881
17318  20.020  -55.601  0.752 0.6000000238
17352  20.092  -55.120  -0.906 0.6000000238
127937  20.330  -54.771  -1.114 0.6000000238
19068  21.607  -53.958  -1.592 0.6999999881
19054  21.245  -53.727  -1.172 0.6000000238
19955  22.615  -52.792  -0.780 0.6000000238
19953  24.045  -52.939  -0.772 0.6999999881
19015  26.966  -53.472  0.294 0.5000000000
19918  25.352  -52.669  1.554 0.4000000060
110401  17.626  -57.762  8.525 0.5000000000
15441  16.506  -58.149  8.730 0.5000000000
14497  16.018  -58.492  8.376 0.5000000000
15465  15.225  -58.205  8.053 0.5000000000
15482  14.460  -57.747  6.191 0.5000000000
15494  14.118  -57.334  5.582 0.5000000000
19056  19.398  -54.345  -0.496 0.6000000238
19031  20.844  -53.404  -0.484 0.6000000238
19941  21.347  -52.814  0.130 0.4000000060
108801  23.229  -52.344  0.564 0.5000000000
19920  23.995  -52.292  0.887 0.4000000060
19919  24.692  -52.503  1.092 0.4000000060
19939  23.822  -52.509  -0.192 0.5000000000
125285  17.060  -57.462  9.103 0.6000000238
15430  16.164  -57.441  9.195 0.5000000000
15431  15.367  -57.209  9.128 0.5000000000
127318  14.587  -57.528  7.926 0.5000000000
16337  14.168  -56.986  7.345 0.5000000000
16372  13.614  -56.496  5.688 0.5000000000
17250  13.107  -55.633  5.324 0.4000000060
17273  12.855  -55.431  4.424 0.5000000000
17298  12.641  -55.148  3.546 0.4000000060
18138  12.349  -54.751  2.667 0.4000000060
17340  11.321  -55.217  0.325 0.4000000060
19942  20.523  -53.065  0.490 0.6000000238
19922  21.383  -52.557  1.328 0.4000000060
19921  23.366  -52.187  1.433 0.4000000060
20795  24.386  -52.123  1.595 0.4000000060
16319  16.382  -56.687  9.506 0.5000000000
16326  14.598  -56.606  9.024 0.4000000060
16327  13.939  -56.059  8.540 0.4000000060
16338  13.769  -56.234  7.675 0.5000000000
18083  13.128  -54.828  7.329 0.4000000060
17225  12.832  -55.017  5.932 0.5000000000
119383  12.522  -54.280  5.657 0.4000000060
116075  12.374  -54.139  4.780 0.5000000000
18101  12.614  -54.895  5.076 0.5000000000
18996  12.268  -53.844  3.764 0.3000000119
18126  12.186  -53.917  2.617 0.3000000119
18149  11.109  -53.788  0.595 0.3000000119
121511  22.235  -51.616  2.392 0.4000000060
17193  15.808  -55.913  9.719 0.5000000000
16321  14.833  -55.897  9.494 0.5000000000
17202  13.743  -55.253  8.784 0.4000000060
18045  17.729  -54.328  10.053 0.4000000060
113626  16.254  -55.151  9.910 0.4000000060
18052  14.767  -54.493  9.645 0.4000000060
18904  14.179  -53.512  9.211 0.4000000060
128150  17.499  -53.746  10.264 0.4000000060
18051  15.589  -54.365  9.936 0.4000000060
18903  14.821  -53.720  9.625 0.4000000060
18894  17.747  -53.089  10.343 0.4000000060
116626  15.058  -53.039  9.575 0.4000000060
19786  14.758  -52.517  9.217 0.4000000060
20692  13.581  -52.094  7.986 0.4000000060
18895  16.906  -53.267  10.225 0.4000000060
18900  18.968  -53.357  9.843 0.3000000119
20669  15.898  -51.654  9.522 0.4000000060
20691  14.484  -51.794  8.628 0.4000000060
123125  14.066  -51.284  7.973 0.4000000060
19771  19.171  -52.413  10.116 0.4000000060
20705  13.617  -51.292  7.482 0.4000000060
21593  14.106  -50.497  7.422 0.4000000060
20653  19.509  -51.525  10.174 0.3000000119
20654  18.572  -51.703  10.319 0.4000000060
20655  17.493  -51.536  10.135 0.4000000060
20668  16.653  -51.089  9.620 0.4000000060
20690  15.239  -51.161  8.910 0.4000000060
20704  14.678  -50.768  8.238 0.4000000060
21576  15.434  -50.236  8.531 0.3000000119
17353  19.375  -55.079  -0.592 0.6000000238
15480  18.554  -57.101  7.322 0.5000000000
19032  19.907  -53.720  -0.251 0.6000000238
20781  22.970  -51.872  2.083 0.4000000060
119238  25.577  -59.987  3.347 0.6000000238
16458  23.288  -57.068  -1.041 0.6999999881
114410  28.429  -54.452  -2.452 0.5000000000
19062  27.931  -53.907  -1.798 0.5000000000
16472  26.836  -55.969  -2.479 0.5000000000
18185  26.653  -54.571  -1.985 0.4000000060
18186  25.737  -54.849  -1.914 0.6000000238
16405  23.706  -56.206  3.299 0.6999999881
18177  24.448  -54.413  -1.691 0.6000000238
16350  20.534  -56.553  7.093 0.6000000238
16429  23.330  -56.345  1.579 0.6999999881
16459  22.393  -56.344  -0.884 0.8000000119
18178  23.478  -54.669  -1.791 0.6999999881
13590  18.564  -59.742  6.141 0.4000000060
17316  22.076  -55.699  1.770 0.6000000238
19067  22.294  -53.837  -1.686 0.6999999881
18179  22.533  -54.622  -1.790 0.6999999881
19029  27.268  -53.453  -0.767 0.5000000000
122032  27.973  -53.679  -1.526 0.5000000000
19051  23.818  -53.364  -1.227 0.6999999881
19050  24.717  -53.303  -1.055 0.6000000238
17336  19.982  -55.431  -0.367 0.6999999881
17351  20.731  -55.615  -0.930 0.6999999881
18170  20.931  -54.532  -1.459 0.6999999881
114489  23.097  -52.426  -0.323 0.6000000238
19936  25.790  -53.239  -0.516 0.6000000238
19017  25.948  -53.056  1.249 0.6000000238
14495  17.214  -58.426  8.516 0.5000000000
13559  16.018  -58.882  7.842 0.5000000000
14514  15.362  -58.609  7.174 0.4000000060
18171  19.746  -54.744  -0.769 0.6000000238
19956  21.739  -53.016  -0.645 0.6000000238
17322  12.086  -55.361  1.079 0.3000000119
115215  22.542  -52.344  1.475 0.5000000000
20779  24.351  -51.725  2.270 0.4000000060
17224  13.324  -55.680  6.222 0.5000000000
122087  12.376  -54.476  3.388 0.4000000060
17323  11.644  -54.666  0.914 0.4000000060
19772  18.029  -52.359  10.374 0.4000000060
19784  16.324  -52.520  9.944 0.4000000060
5414  31.128  -70.509  2.250 0.3000000119
6723  31.766  -69.226  1.064 0.3000000119
12774  29.390  -60.856  -1.860 0.4000000060
109791  29.661  -61.103  0.680 0.4000000060
11884  29.543  -61.536  -0.069 0.4000000060
11883  29.995  -61.808  0.655 0.4000000060
13705  28.317  -59.676  -2.262 0.4000000060
128215  29.328  -60.709  -3.506 0.4000000060
11944  28.841  -60.539  -3.502 0.4000000060
12827  27.821  -60.171  -3.519 0.5000000000
12788  27.717  -61.077  -2.907 0.5000000000
11911  27.068  -61.418  -1.556 0.5000000000
112804  29.198  -59.657  0.886 0.4000000060
123993  28.883  -60.153  0.135 0.5000000000
12787  29.182  -60.513  -2.623 0.5000000000
11897  26.908  -61.759  -0.558 0.5000000000
12736  29.771  -59.967  1.319 0.5000000000
12757  29.392  -60.432  0.782 0.5000000000
12735  30.509  -59.828  1.400 0.5000000000
125955  30.440  -61.249  1.090 0.4000000060
129063  31.087  -61.317  1.107 0.4000000060
11066  30.340  -62.562  0.740 0.4000000060
11065  31.099  -62.705  0.879 0.4000000060
10267  31.673  -64.237  0.445 0.3000000119
9453  31.477  -65.386  0.247 0.4000000060
15556  28.143  -57.459  -0.124 0.4000000060
14640  27.560  -58.636  -2.013 0.4000000060
14659  26.883  -58.413  -2.728 0.4000000060
119791  28.807  -57.821  0.724 0.4000000060
14603  28.170  -58.362  0.044 0.4000000060
14623  27.618  -57.962  -0.983 0.4000000060
13723  27.659  -59.511  -2.994 0.4000000060
14672  26.881  -59.154  -3.238 0.5000000000
12828  26.798  -59.948  -3.442 0.5000000000
14586  29.488  -58.257  1.278 0.4000000060
12758  28.517  -59.389  0.072 0.4000000060
12775  28.711  -60.097  -1.146 0.4000000060
13739  26.448  -59.468  -3.357 0.5000000000
12813  26.209  -60.106  -3.246 0.5000000000
116879  26.155  -60.567  -1.531 0.5000000000
12777  25.706  -60.279  -0.648 0.6000000238
124769  26.114  -60.847  0.035 0.6000000238
14641  24.291  -58.011  -2.279 0.6000000238
13692  24.888  -59.261  -1.537 0.6000000238
12759  25.753  -60.288  0.479 0.5000000000
11881  31.895  -61.412  0.725 0.4000000060
107960  25.576  -59.905  1.445 0.5000000000
11077  31.801  -63.253  0.532 0.4000000060
120012  32.733  -62.921  -0.143 0.4000000060
10266  32.623  -63.971  -0.270 0.4000000060
128961  27.311  -56.917  -2.249 0.4000000060
15602  26.769  -56.828  -2.472 0.5000000000
14660  26.128  -58.623  -3.155 0.5000000000
15603  25.614  -57.797  -2.818 0.5000000000
12790  25.712  -60.113  -2.574 0.5000000000
15604  24.872  -57.776  -2.742 0.5000000000
13706  25.133  -59.483  -2.466 0.6000000238
119765  24.604  -57.155  -2.498 0.6000000238
14662  24.686  -58.321  -2.653 0.6000000238
5398  30.598  -70.720  2.653 0.3000000119
6722  32.358  -69.050  1.600 0.3000000119
8708  33.665  -66.002  -1.962 0.3000000119
16443  29.371  -56.435  -0.119 0.4000000060
16444  28.582  -56.702  -0.746 0.4000000060
16467  28.968  -56.198  -2.004 0.4000000060
14624  27.494  -57.409  -1.777 0.4000000060
15588  27.519  -56.264  -2.415 0.4000000060
117819  26.079  -56.936  -2.614 0.5000000000
16473  25.800  -56.232  -2.440 0.5000000000
13672  25.230  -59.548  -0.364 0.6000000238
16468  28.315  -56.026  -2.355 0.4000000060
12776  26.381  -61.074  -0.612 0.5000000000
9468  33.709  -65.278  -2.279 0.3000000119
15571  27.859  -57.272  -1.003 0.4000000060
13740  25.692  -59.251  -3.202 0.5000000000
13725  25.066  -59.054  -2.898 0.6000000238
26137  17.764  -46.181  2.726 0.3000000119
6084  31.689  -69.853  1.742 0.3000000119
9434  30.727  -64.356  0.685 0.3000000119
11076  31.865  -62.350  0.617 0.4000000060
11798  23.771  -61.199  6.431 0.5000000000
11882  30.911  -61.943  1.026 0.4000000060
12694  24.747  -60.359  6.069 0.6000000238
12756  30.082  -60.597  1.287 0.4000000060
12786  29.724  -60.890  -2.882 0.5000000000
12789  26.648  -60.635  -2.571 0.5000000000
12810  28.793  -60.386  -3.234 0.4000000060
12812  27.229  -60.394  -3.319 0.5000000000
12829  26.070  -59.732  -3.352 0.5000000000
13553  23.562  -59.183  7.380 0.6000000238
13557  17.329  -59.491  7.482 0.5000000000
13572  24.461  -59.785  6.822 0.6000000238
13575  18.569  -59.581  6.766 0.4000000060
13577  17.250  -59.804  6.271 0.4000000060
13608  21.364  -58.826  4.585 0.4000000060
13691  27.924  -58.970  -0.922 0.4000000060
13707  24.682  -58.756  -2.365 0.6000000238
13724  25.561  -59.659  -3.076 0.5000000000
13737  28.148  -60.083  -3.464 0.4000000060
13738  27.310  -59.756  -3.406 0.5000000000
14496  16.752  -59.005  8.195 0.5000000000
14507  23.317  -58.452  7.406 0.6000000238
14508  22.704  -58.214  7.214 0.5000000000
14509  22.157  -57.997  7.013 0.5000000000
14512  18.399  -58.999  7.573 0.5000000000
14527  21.127  -58.384  6.433 0.5000000000
14528  15.618  -58.922  6.403 0.4000000060
14550  25.502  -58.617  4.637 0.6000000238
14605  24.609  -58.201  0.137 0.6999999881
14661  25.269  -58.519  -2.956 0.5000000000
15442  15.661  -57.882  8.745 0.5000000000
15443  14.885  -57.440  8.583 0.5000000000
15457  23.926  -56.945  7.198 0.6999999881
15466  14.631  -57.854  7.092 0.5000000000
15478  24.809  -58.031  6.434 0.6999999881
15479  24.409  -57.433  6.980 0.6999999881
15493  25.010  -57.742  5.646 0.6999999881
15500  24.944  -57.222  4.021 0.6000000238
15510  25.239  -57.822  3.456 0.5000000000
15539  29.722  -57.382  1.149 0.4000000060
15555  28.926  -56.980  0.380 0.4000000060
15557  24.254  -57.599  0.484 0.6000000238
15589  26.963  -57.498  -2.394 0.4000000060
15590  23.915  -57.588  -1.702 0.6999999881
16320  15.423  -56.575  9.440 0.4000000060
16325  17.542  -57.048  8.938 0.6000000238
16333  23.078  -56.537  7.170 0.6999999881
16334  22.166  -56.588  7.288 0.6999999881
16347  23.093  -55.944  6.595 0.6999999881
16353  14.105  -57.124  6.432 0.5000000000
16354  13.701  -56.361  6.738 0.5000000000
16367  24.533  -56.719  5.643 0.6999999881
16388  24.493  -56.681  4.638 0.6999999881
16417  23.558  -56.239  2.435 0.6999999881
16428  24.028  -56.736  1.889 0.6999999881
16471  28.084  -55.403  -2.471 0.5000000000
16475  24.324  -56.594  -2.169 0.6999999881
17192  16.697  -55.885  9.713 0.5000000000
17194  14.277  -55.066  9.383 0.4000000060
17201  14.194  -55.810  9.112 0.5000000000
17208  17.903  -56.342  7.653 0.6999999881
17218  23.110  -55.709  5.897 0.6999999881
17221  20.675  -55.916  6.619 0.6000000238
17269  22.970  -55.586  4.395 0.6999999881
17271  19.357  -55.335  4.490 0.8000000119
17290  23.246  -55.792  3.691 0.6999999881
17306  23.077  -55.805  2.960 0.8000000119
17310  18.121  -55.167  2.353 0.6999999881
17312  12.194  -55.095  1.866 0.3000000119
17315  22.865  -55.869  2.110 0.6000000238
17337  19.174  -55.332  -0.046 0.6000000238
17350  21.589  -55.870  -1.254 0.6999999881
17354  18.771  -55.005  -0.313 0.6000000238
17359  24.098  -55.175  -1.874 0.6000000238
17361  21.131  -55.265  -1.529 0.6999999881
17362  20.565  -55.107  -1.311 0.6000000238
17368  25.380  -55.610  -2.157 0.6000000238
17370  23.768  -55.927  -1.891 0.6999999881
18050  16.769  -54.259  10.201 0.4000000060
18058  18.578  -54.538  8.839 0.5000000000
18066  17.872  -55.731  7.837 0.5000000000
18084  12.745  -54.358  6.585 0.4000000060
18112  12.480  -54.675  4.193 0.5000000000
18124  17.034  -54.617  2.883 0.6999999881
18139  11.945  -54.206  1.646 0.3000000119
18148  16.016  -54.189  1.327 0.6000000238
18160  15.929  -54.039  0.711 0.6999999881
18184  27.631  -54.273  -2.054 0.5000000000
18893  18.464  -52.891  10.278 0.4000000060
18901  18.177  -53.623  10.197 0.4000000060
18902  15.818  -53.382  9.982 0.4000000060
18912  18.990  -53.945  9.264 0.5000000000
18913  13.651  -53.734  8.762 0.4000000060
18929  19.400  -53.508  8.063 0.5000000000
18947  17.700  -54.306  6.031 0.4000000060
18978  16.681  -53.315  3.688 0.5000000000
18979  12.326  -53.449  4.505 0.3000000119
18995  15.920  -52.777  2.429 0.5000000000
19009  15.766  -53.497  1.800 0.5000000000
19021  15.568  -53.158  1.176 0.6000000238
19035  16.140  -53.595  0.565 0.5000000000
19036  15.668  -53.526  0.806 0.5000000000
19049  25.587  -53.386  -1.114 0.6000000238
19053  22.073  -53.358  -1.292 0.6999999881
19055  20.359  -54.239  -0.876 0.6000000238
19057  18.488  -54.333  -0.168 0.6999999881
19065  24.559  -53.779  -1.421 0.6000000238
19066  23.144  -53.849  -1.678 0.6999999881
19773  17.215  -52.458  10.205 0.4000000060
19783  19.752  -52.795  9.480 0.4000000060
19785  15.470  -52.495  9.607 0.4000000060
19805  14.056  -52.820  8.781 0.4000000060
19889  16.261  -52.085  2.924 0.4000000060
19905  21.921  -52.206  2.127 0.4000000060
19924  19.334  -52.564  1.346 0.6999999881
19927  16.266  -52.038  1.353 0.5000000000
19940  22.293  -52.480  0.176 0.5000000000
19944  16.520  -52.970  0.591 0.5000000000
19952  25.135  -53.159  -0.642 0.6000000238
19954  23.394  -52.792  -0.815 0.6999999881
20656  16.710  -51.855  9.898 0.4000000060
20665  20.669  -51.518  9.303 0.4000000060
20670  15.127  -51.905  9.231 0.4000000060
20721  20.661  -51.449  6.567 0.4000000060
20722  19.983  -51.929  6.117 0.4000000060
20759  17.330  -51.141  3.624 0.3000000119
20783  20.562  -51.812  2.272 0.5000000000
20796  23.910  -51.919  1.763 0.4000000060
20797  18.595  -51.787  1.459 0.6000000238
21594  13.418  -50.880  6.883 0.4000000060
21637  20.467  -49.810  5.556 0.4000000060
21638  19.982  -50.005  5.047 0.4000000060
21674  16.355  -50.552  2.030 0.4000000060
22473  21.252  -49.065  6.713 0.3000000119
22506  16.631  -49.606  2.774 0.4000000060
22518  23.357  -49.590  2.270 0.5000000000
22519  22.313  -49.812  2.248 0.5000000000
22531  16.535  -48.776  1.917 0.4000000060
23393  20.506  -48.370  5.294 0.3000000119
23394  20.043  -48.689  4.791 0.3000000119
23405  18.407  -48.685  3.817 0.4000000060
23424  22.318  -48.257  1.444 0.5000000000
23428  17.046  -48.352  1.543 0.5000000000
24276  20.210  -47.846  4.800 0.3000000119
24311  20.719  -47.749  1.522 0.5000000000
24313  17.680  -47.820  1.518 0.5000000000
24314  17.566  -47.339  1.923 0.4000000060
25213  17.319  -46.174  3.163 0.3000000119
25218  18.913  -46.250  2.374 0.4000000060
25225  17.360  -46.832  2.504 0.3000000119
26118  17.706  -45.504  3.491 0.4000000060
26132  18.424  -45.669  2.665 0.3000000119
27079  17.411  -44.191  4.061 0.4000000060
27913  17.183  -43.345  3.774 0.5000000000
108733  21.710  -49.761  8.113 0.3000000119
109623  19.390  -59.327  5.308 0.4000000060
110287  17.315  -49.045  1.379 0.5000000000
110440  27.954  -56.717  -1.846 0.4000000060
110864  16.435  -52.385  0.942 0.5000000000
110947  13.417  -55.594  7.084 0.5000000000
111283  21.762  -55.961  0.733 0.6000000238
112001  14.272  -56.843  8.236 0.5000000000
112138  14.550  -53.117  9.294 0.4000000060
112466  16.924  -53.663  0.347 0.6999999881
113257  26.551  -61.567  0.099 0.6000000238
113964  15.230  -55.158  9.744 0.5000000000
114353  24.705  -57.274  6.200 0.6999999881
114959  28.942  -58.780  0.892 0.4000000060
115505  29.227  -60.789  -0.304 0.5000000000
116726  25.276  -57.069  -2.634 0.5000000000
116832  17.428  -54.877  2.294 0.6999999881
117193  25.389  -59.916  -1.675 0.6000000238
117385  18.837  -42.844  3.106 0.4000000060
117497  18.271  -46.239  2.525 0.3000000119
117975  22.791  -57.070  7.348 0.5000000000
118904  22.889  -51.060  2.459 0.5000000000
118930  21.204  -55.137  4.839 0.6999999881
119604  16.640  -48.132  2.478 0.4000000060
120597  24.427  -52.635  0.290 0.6000000238
120699  26.343  -57.703  -2.705 0.5000000000
121456  25.232  -54.360  -1.683 0.6000000238
121871  23.915  -58.448  7.491 0.6000000238
123667  24.396  -57.647  -2.473 0.6000000238
125240  12.409  -53.517  5.296 0.5000000000
125401  17.088  -59.767  6.982 0.5000000000
125437  16.001  -59.110  7.124 0.5000000000
125927  18.818  -44.098  3.025 0.4000000060
126444  22.935  -56.486  -1.419 0.6999999881
126666  23.699  -56.405  6.777 0.6999999881
126875  22.019  -55.206  4.425 0.8000000119
127806  16.662  -52.599  3.594 0.5000000000
127939  20.460  -50.279  2.105 0.5000000000
128428  25.398  -59.525  0.653 0.5000000000
128554  26.469  -53.344  -0.410 0.5000000000
128879  13.066  -55.104  6.637 0.4000000060
129069  24.928  -54.045  -1.557 0.6000000238
129243  18.575  -52.354  10.309 0.4000000060
129453  20.158  -49.397  5.070 0.4000000060
129755  23.043  -56.466  0.814 0.6000000238
129960  27.319  -57.918  -2.019 0.4000000060
129994  25.281  -58.022  5.039 0.6000000238
130472  15.832  -57.004  9.377 0.5000000000
130517  25.242  -59.773  -1.079 0.6000000238
130824  16.807  -48.976  3.037 0.4000000060
