#Insight Transform File V1.0
#Transform 0
Transform: AffineTransform_float_3_3
Parameters: 0.999999 -0.0001444 0.000837677 0.000141189 0.999994 0.00344496 -0.000838177 -0.00344483 0.999993 -0.0271422 0.043792 0.0145533
FixedParameters: 0 0 0

#Transform 1
Transform: AffineTransform_float_3_3
Parameters: 1 -0.000144701 0.000540544 0.000142493 0.999994 0.00349122 -0.000541061 -0.00349113 0.999994 -0.0253996 0.014014 0.0594978
FixedParameters: 0 0 0

#Transform 2
Transform: AffineTransform_float_3_3
Parameters: 0.999999 -0.000154433 0.000879046 0.00015161 0.999993 0.00368203 -0.00087961 -0.00368191 0.999993 -0.0309844 0.0507208 0.0850046
FixedParameters: 0 0 0

#Transform 3
Transform: AffineTransform_float_3_3
Parameters: 1 -0.00021416 0.000226639 0.000213139 0.999994 0.00329698 -0.000226646 -0.00329695 0.999994 -0.00399354 0.0264601 0.0553004
FixedParameters: 0 0 0

#Transform 4
Transform: AffineTransform_float_3_3
Parameters: 1 -0.000260245 0.000661725 0.000258253 0.999994 0.00343766 -0.000663024 -0.00343742 0.999994 -0.00890665 -0.0236999 0.0305906
FixedParameters: 0 0 0

#Transform 5
Transform: AffineTransform_float_3_3
Parameters: 1 -0.000127082 0.000643615 0.000125622 0.999996 0.00305011 -0.000643983 -0.00305005 0.999995 -0.00633897 0.00834558 0.0270303
FixedParameters: 0 0 0

#Transform 6
Transform: AffineTransform_float_3_3
Parameters: 1 -0.000306054 0.000631251 0.000304841 0.999996 0.00280301 -0.000632691 -0.00280372 0.999996 0.00910148 0.0193428 0.00655956
FixedParameters: 0 0 0

#Transform 7
Transform: AffineTransform_float_3_3
Parameters: 1 -0.00037005 0.000370708 0.000369252 0.999995 0.00305331 -0.000371566 -0.00305315 0.999995 0.0219062 0.0162656 -0.0147293
FixedParameters: 0 0 0

#Transform 8
Transform: AffineTransform_float_3_3
Parameters: 1 -0.000376544 0.000354654 0.000375903 0.999996 0.00296964 -0.00035557 -0.00296948 0.999995 0.0207117 0.0259505 0.0243906
FixedParameters: 0 0 0

#Transform 9
Transform: AffineTransform_float_3_3
Parameters: 1 -0.000372249 0.000553692 0.000370663 0.999997 0.0026708 -0.000554358 -0.0026705 0.999997 0.0152935 0.0128657 -0.0102431
FixedParameters: 0 0 0

#Transform 10
Transform: AffineTransform_float_3_3
Parameters: 1 -0.000121489 0.000566421 0.000119553 0.999995 0.00292279 -0.000566803 -0.00292271 0.999995 0.0134778 0.0257824 0.0201813
FixedParameters: 0 0 0

#Transform 11
Transform: AffineTransform_float_3_3
Parameters: 1 -0.000119478 0.000256492 0.000118366 0.999996 0.00291065 -0.000256859 -0.0029106 0.999995 0.0189755 0.0394195 0.0263319
FixedParameters: 0 0 0

#Transform 12
Transform: AffineTransform_float_3_3
Parameters: 1 -0.000282955 0.000233418 0.000282259 0.999998 0.00189211 -0.000233329 -0.00189203 0.999998 0.00841882 0.0271539 -0.0148142
FixedParameters: 0 0 0

#Transform 13
Transform: AffineTransform_float_3_3
Parameters: 1 -0.000489182 -3.45497e-06 0.000489382 0.999998 0.00201418 2.64195e-06 -0.00201424 0.999998 0.0216823 0.0299142 -0.0223869
FixedParameters: 0 0 0

#Transform 14
Transform: AffineTransform_float_3_3
Parameters: 1 -0.000322406 0.000185416 0.000321875 0.999998 0.00168538 -0.000186421 -0.00168526 0.999998 0.0163954 0.0115728 -0.0410613
FixedParameters: 0 0 0

#Transform 15
Transform: AffineTransform_float_3_3
Parameters: 1 -4.51797e-05 0.000157838 4.4928e-05 1 0.00109979 -0.000157856 -0.00109978 1 0.0069911 0.0185914 -0.025935
FixedParameters: 0 0 0

#Transform 16
Transform: AffineTransform_float_3_3
Parameters: 1 -4.65706e-05 0.000159462 4.63045e-05 1 0.00113372 -0.000159486 -0.00113371 1 0.00567333 0.00185934 -0.0185479
FixedParameters: 0 0 0

#Transform 17
Transform: AffineTransform_float_3_3
Parameters: 1 -5.99282e-05 7.33329e-05 5.98082e-05 0.999999 0.00146795 -7.34275e-05 -0.00146795 0.999999 -0.000907996 -0.0100742 -0.0348008
FixedParameters: 0 0 0

#Transform 18
Transform: AffineTransform_float_3_3
Parameters: 1 -9.42494e-05 0.000153144 9.40376e-05 1 0.00100283 -0.000153252 -0.00100281 1 0.00198796 0.000969178 -0.0186037
FixedParameters: 0 0 0

#Transform 19
Transform: AffineTransform_float_3_3
Parameters: 1 -9.2119e-05 0.000164679 9.18047e-05 0.999999 0.00124384 -0.000164826 -0.00124382 0.999999 -0.000785145 0.0119925 -0.0242953
FixedParameters: 0 0 0

#Transform 20
Transform: AffineTransform_float_3_3
Parameters: 1 -1.38348e-05 0.000118747 1.37673e-05 1 0.000284319 -0.000118755 -0.000284316 1 0.00182518 0.00816071 0.0522356
FixedParameters: 0 0 0

#Transform 21
Transform: AffineTransform_float_3_3
Parameters: 1 -0.00010497 -4.72135e-05 0.000105165 1 0.00108411 4.80625e-05 -0.00108418 1 0.00421469 0.02635 -0.00746696
FixedParameters: 0 0 0

#Transform 22
Transform: AffineTransform_float_3_3
Parameters: 1 -5.90827e-05 0.000144735 5.88431e-05 0.999999 0.000827314 -0.000144832 -0.000827297 0.999999 0.000816754 0.0298773 -0.00358443
FixedParameters: 0 0 0

#Transform 23
Transform: AffineTransform_float_3_3
Parameters: 1 7.09194e-06 -8.12858e-05 -7.07562e-06 1 0.000100376 8.12872e-05 -0.000100375 1 0.00763381 0.0135622 -0.0324518
FixedParameters: 0 0 0

#Transform 24
Transform: AffineTransform_float_3_3
Parameters: 1 9.08588e-05 -0.000115648 -9.09817e-05 1 -0.000531808 0.000115552 0.000531829 1 0.000903265 0.0218337 -0.0498283
FixedParameters: 0 0 0

#Transform 25
Transform: AffineTransform_float_3_3
Parameters: 1 4.8278e-05 -0.000265711 -4.85374e-05 1 -0.000488269 0.000265664 0.000488294 1 0.00384748 0.0210942 -0.0482022
FixedParameters: 0 0 0

#Transform 26
Transform: AffineTransform_float_3_3
Parameters: 1 2.8027e-05 -0.000149916 -2.79878e-05 1 0.000130575 0.000149923 -0.000130567 1 0.00709791 0.0452719 0.0407128
FixedParameters: 0 0 0

#Transform 27
Transform: AffineTransform_float_3_3
Parameters: 1 3.04372e-05 -0.000260205 -3.02298e-05 1 0.00039848 0.000260229 -0.000398464 1 -0.0104143 0.0272761 -0.0294384
FixedParameters: 0 0 0

#Transform 28
Transform: AffineTransform_float_3_3
Parameters: 1 2.82711e-05 -0.000108803 -2.82605e-05 1 4.84552e-05 0.000108806 -4.8449e-05 1 -0.00942477 0.0105148 -0.0403596
FixedParameters: 0 0 0

#Transform 29
Transform: AffineTransform_float_3_3
Parameters: 1 -8.69677e-05 -0.000198439 8.69411e-05 1 -6.71938e-05 0.00019845 6.71593e-05 1 -0.00484648 0.0122528 -0.065635
FixedParameters: 0 0 0

#Transform 30
Transform: AffineTransform_float_3_3
Parameters: 1 4.20183e-05 -0.000283519 -4.23755e-05 1 -0.00062995 0.000283466 0.000629974 1 -0.0173901 -0.0154072 -0.070075
FixedParameters: 0 0 0

#Transform 31
Transform: AffineTransform_float_3_3
Parameters: 1 -0.00020211 -0.000415818 0.000201291 1 -0.00109856 0.000416342 0.00109838 1 -0.0123349 -0.00460957 -0.0607566
FixedParameters: 0 0 0

#Transform 32
Transform: AffineTransform_float_3_3
Parameters: 1 8.08201e-05 -0.000569953 -8.12825e-05 0.999999 -0.0013621 0.000569811 0.00136215 0.999999 -0.00148285 -0.0125773 -0.0368291
FixedParameters: 0 0 0

#Transform 33
Transform: AffineTransform_float_3_3
Parameters: 1 7.07814e-05 -0.000575939 -7.09718e-05 1 -0.00111174 0.000575861 0.00111177 0.999999 -0.01325 -0.0161244 -0.0743956
FixedParameters: 0 0 0

#Transform 34
Transform: AffineTransform_float_3_3
Parameters: 1 -0.000177305 -0.000622083 0.00017624 0.999999 -0.00181212 0.000621889 0.0018119 0.999998 -0.0177803 -0.0225481 -0.0193856
FixedParameters: 0 0 0

#Transform 35
Transform: AffineTransform_float_3_3
Parameters: 1 -5.22643e-05 -0.000542159 5.14859e-05 0.999999 -0.00181079 0.000542508 0.00181069 0.999998 -0.0157408 -0.0133288 -0.00107226
FixedParameters: 0 0 0

#Transform 36
Transform: AffineTransform_float_3_3
Parameters: 1 -0.000152239 -0.0005695 0.00015112 1 -0.00106611 0.000569904 0.00106593 1 -0.014699 -0.0179765 -0.00810182
FixedParameters: 0 0 0

#Transform 37
Transform: AffineTransform_float_3_3
Parameters: 1 -0.000181382 -0.000527456 0.000180197 0.999999 -0.0012136 0.000527976 0.00121341 0.999999 -0.0116353 -0.0257205 -0.0761604
FixedParameters: 0 0 0

#Transform 38
Transform: AffineTransform_float_3_3
Parameters: 1 0.000114852 -0.000480453 -0.000115788 0.999997 -0.00220866 0.000480185 0.00220872 0.999998 -0.00795981 -0.0250469 -0.0253274
FixedParameters: 0 0 0

#Transform 39
Transform: AffineTransform_float_3_3
Parameters: 1 0.000112961 -0.000687482 -0.000114748 0.999997 -0.0021627 0.000687231 0.0021628 0.999998 -0.00530244 -0.0251188 -0.0632724
FixedParameters: 0 0 0

#Transform 40
Transform: AffineTransform_float_3_3
Parameters: 1 0.000118002 -0.00047816 -0.000118906 0.999998 -0.00228579 0.00047786 0.00228585 0.999998 -0.00805936 -0.0228517 -0.0642266
FixedParameters: 0 0 0

#Transform 41
Transform: AffineTransform_float_3_3
Parameters: 1 -0.000137475 -0.000192827 0.000136909 0.999998 -0.00171075 0.000193459 0.00171069 0.999999 -0.0197464 -0.0248393 -0.0768424
FixedParameters: 0 0 0

#Transform 42
Transform: AffineTransform_float_3_3
Parameters: 1 -0.000311375 -0.000454911 0.000310885 0.999998 -0.00183866 0.000456216 0.00183833 0.999998 -0.0159128 -0.00363501 -0.0413847
FixedParameters: 0 0 0

#Transform 43
Transform: AffineTransform_float_3_3
Parameters: 1 -0.000217223 -0.000127182 0.000216937 0.999998 -0.00189049 0.00012717 0.00189048 0.999998 -0.028768 -0.0257712 -0.0782464
FixedParameters: 0 0 0

#Transform 44
Transform: AffineTransform_float_3_3
Parameters: 1 -0.000251658 -0.000247464 0.000251059 0.999999 -0.00141122 0.000247259 0.00141114 0.999999 -0.0119424 -0.0343723 -0.0745141
FixedParameters: 0 0 0

#Transform 45
Transform: AffineTransform_float_3_3
Parameters: 1 7.67816e-05 -0.000171982 -7.71222e-05 0.999999 -0.00126814 0.000171868 0.00126816 0.999999 -0.0292982 -0.0360331 -0.085894
FixedParameters: 0 0 0

#Transform 46
Transform: AffineTransform_float_3_3
Parameters: 1 -0.000116923 -0.000645287 0.000115313 0.999997 -0.00217022 0.000645037 0.00217007 0.999998 -0.0120443 -0.0672677 -0.0942448
FixedParameters: 0 0 0

#Transform 47
Transform: AffineTransform_float_3_3
Parameters: 1 -0.000251563 -0.000178544 0.000251153 0.999999 -0.00141451 0.000179336 0.00141441 0.999999 -0.0142342 -0.0580824 -0.0876601
FixedParameters: 0 0 0

#Transform 48
Transform: AffineTransform_float_3_3
Parameters: 1 -0.000291424 -0.000430858 0.000290794 0.999997 -0.00211052 0.000431252 0.00211026 0.999997 -0.0209384 -0.0406727 -0.0479747
FixedParameters: 0 0 0

#Transform 49
Transform: AffineTransform_float_3_3
Parameters: 0.999999 -0.000303075 -0.000662291 0.000301853 0.999999 -0.00182041 0.000662558 0.00182001 0.999998 -0.0285123 -0.0586654 -0.0449626
FixedParameters: 0 0 0

#Transform 50
Transform: AffineTransform_float_3_3
Parameters: 0.999999 -0.000248221 -0.000743562 0.000245986 0.999995 -0.00318896 0.000744593 0.00318954 0.999994 -0.0347345 -0.0790606 -0.0546567
FixedParameters: 0 0 0

#Transform 51
Transform: AffineTransform_float_3_3
Parameters: 1 -5.16681e-05 -0.000595133 4.98992e-05 0.999997 -0.00264686 0.00059473 0.0026468 0.999997 -0.0231594 -0.0635976 -0.0751779
FixedParameters: 0 0 0

#Transform 52
Transform: AffineTransform_float_3_3
Parameters: 1 -0.000288283 -0.000560725 0.000287016 0.999997 -0.00218935 0.000561231 0.00218903 0.999998 -0.0214544 -0.0604187 -0.0710793
FixedParameters: 0 0 0

#Transform 53
Transform: AffineTransform_float_3_3
Parameters: 1 -0.000291291 -0.000692375 0.00029054 0.999997 -0.0021151 0.000693764 0.00211461 0.999997 -0.0258901 -0.0584674 -0.0701741
FixedParameters: 0 0 0

#Transform 54
Transform: AffineTransform_float_3_3
Parameters: 1 -0.000130784 -0.000224235 0.000130007 0.999997 -0.00236827 0.000225096 0.0023682 0.999997 -0.0325927 -0.0588922 -0.0454127
FixedParameters: 0 0 0

#Transform 55
Transform: AffineTransform_float_3_3
Parameters: 0.999999 5.45581e-05 -0.000784272 -5.57967e-05 0.999997 -0.00217954 0.000784272 0.00217953 0.999998 -0.0432415 -0.0730875 -0.045436
FixedParameters: 0 0 0

#Transform 56
Transform: AffineTransform_float_3_3
Parameters: 0.999999 -8.70147e-06 -0.00102657 6.77125e-06 0.999997 -0.0026014 0.00102598 0.0026023 0.999996 -0.0302478 -0.0597759 -0.0239889
FixedParameters: 0 0 0

#Transform 57
Transform: AffineTransform_float_3_3
Parameters: 1 -8.27434e-06 -0.000749988 5.28628e-06 0.999995 -0.00290916 0.00075035 0.00290909 0.999995 -0.0292058 -0.0453949 -0.0151775
FixedParameters: 0 0 0

#Transform 58
Transform: AffineTransform_float_3_3
Parameters: 0.999999 -0.000281836 -0.000776687 0.000280462 0.999997 -0.00235115 0.000777253 0.00235067 0.999997 -0.022769 -0.0751687 -0.0697231
FixedParameters: 0 0 0

#Transform 59
Transform: AffineTransform_float_3_3
Parameters: 0.999999 -5.483e-05 -0.000763068 5.30152e-05 0.999996 -0.00274618 0.00076269 0.00274605 0.999996 -0.0267877 -0.0712875 -0.0473423
FixedParameters: 0 0 0

#Transform 60
Transform: AffineTransform_float_3_3
Parameters: 1 -0.000288778 -0.000623225 0.000287253 0.999997 -0.00217737 0.000623725 0.00217701 0.999998 -0.0293396 -0.106549 -0.0681573
FixedParameters: 0 0 0

#Transform 61
Transform: AffineTransform_float_3_3
Parameters: 0.999999 -0.000265789 -0.000809845 0.000263704 0.999996 -0.00275268 0.000810628 0.0027522 0.999996 -0.00852433 -0.0811619 -0.0464434
FixedParameters: 0 0 0

#Transform 62
Transform: AffineTransform_float_3_3
Parameters: 0.999999 -0.000218558 -0.000800518 0.000217724 0.999998 -0.00188149 0.000801498 0.00188105 0.999998 -0.00943465 -0.0842369 -0.0633604
FixedParameters: 0 0 0

#Transform 63
Transform: AffineTransform_float_3_3
Parameters: 1 -0.000282825 -0.00109912 0.000280879 0.999997 -0.00233082 0.0010996 0.00233012 0.999996 -0.0193402 -0.0841617 -0.0390269
FixedParameters: 0 0 0

#Transform 64
Transform: AffineTransform_float_3_3
Parameters: 0.999999 5.43231e-05 -0.000981507 -5.7106e-05 0.999996 -0.00257685 0.000981541 0.00257686 0.999996 -0.0198885 -0.0772095 -0.088288
FixedParameters: 0 0 0

#Transform 65
Transform: AffineTransform_float_3_3
Parameters: 0.999999 0.000754601 -0.00109237 -0.000757666 0.999996 -0.00292408 0.00109021 0.0029245 0.999995 -0.0780763 -0.0766747 -0.0606826
FixedParameters: 0 0 0

#Transform 66
Transform: AffineTransform_float_3_3
Parameters: 1 0.000746073 -0.000979869 -0.000748705 0.999997 -0.00250505 0.000977359 0.00250637 0.999997 -0.0482775 -0.0785382 -0.110518
FixedParameters: 0 0 0

#Transform 67
Transform: AffineTransform_float_3_3
Parameters: 0.999999 0.000378739 -0.000966722 -0.000380815 0.999998 -0.00225245 0.000965251 0.00225309 0.999997 -0.0569326 -0.0823174 -0.0894683
FixedParameters: 0 0 0

#Transform 68
Transform: AffineTransform_float_3_3
Parameters: 0.999999 0.000532813 -0.000967058 -0.000534935 0.999998 -0.00225203 0.000965841 0.00225192 0.999997 -0.0405121 -0.0831033 -0.109507
FixedParameters: 0 0 0

#Transform 69
Transform: AffineTransform_float_3_3
Parameters: 0.999999 0.000364146 -0.000878112 -0.000365882 0.999998 -0.00226336 0.000876652 0.00226291 0.999997 -0.0435406 -0.0827939 -0.142196
FixedParameters: 0 0 0

#Transform 70
Transform: AffineTransform_float_3_3
Parameters: 0.999999 0.000733889 -0.000772662 -0.000736044 0.999998 -0.00219799 0.00077062 0.00219803 0.999998 -0.051029 -0.09111 -0.130189
FixedParameters: 0 0 0

#Transform 71
Transform: AffineTransform_float_3_3
Parameters: 0.999999 0.000437308 -0.000991801 -0.00044043 0.999996 -0.00276881 0.000990687 0.00276954 0.999995 -0.0390901 -0.0920833 -0.14684
FixedParameters: 0 0 0

#Transform 72
Transform: AffineTransform_float_3_3
Parameters: 0.999999 0.000530234 -0.000991875 -0.000533348 0.999996 -0.00276494 0.00099025 0.00276585 0.999995 -0.0455407 -0.120993 -0.153098
FixedParameters: 0 0 0

#Transform 73
Transform: AffineTransform_float_3_3
Parameters: 0.999999 0.000397841 -0.000698101 -0.000400484 0.999996 -0.00295098 0.000696149 0.00295148 0.999996 -0.0572784 -0.104123 -0.130617
FixedParameters: 0 0 0

#Transform 74
Transform: AffineTransform_float_3_3
Parameters: 0.999999 0.000771471 -0.000515703 -0.000773267 0.999995 -0.00312981 0.000513216 0.00312945 0.999995 -0.0689573 -0.106194 -0.0800252
FixedParameters: 0 0 0

#Transform 75
Transform: AffineTransform_float_3_3
Parameters: 0.999999 0.000764925 -0.000948748 -0.000768109 0.999995 -0.00297671 0.000946577 0.00297797 0.999995 -0.0518137 -0.137568 -0.148019
FixedParameters: 0 0 0

#Transform 76
Transform: AffineTransform_float_3_3
Parameters: 0.999999 0.000754961 -0.00118824 -0.000758232 0.999996 -0.00273402 0.00118636 0.00273458 0.999996 -0.046805 -0.120462 -0.151485
FixedParameters: 0 0 0

#Transform 77
Transform: AffineTransform_float_3_3
Parameters: 1 0.000764827 -0.000966766 -0.000768206 0.999995 -0.00297583 0.00096352 0.00297717 0.999995 -0.048403 -0.109175 -0.156007
FixedParameters: 0 0 0

#Transform 78
Transform: AffineTransform_float_3_3
Parameters: 1 0.000698267 -0.000989958 -0.000701006 0.999995 -0.00306568 0.000986935 0.00306588 0.999995 -0.0474315 -0.118957 -0.170932
FixedParameters: 0 0 0

#Transform 79
Transform: AffineTransform_float_3_3
Parameters: 1 0.00076468 -0.00101571 -0.000767357 0.999995 -0.00297349 0.00101347 0.00297481 0.999995 -0.0398893 -0.132645 -0.146408
FixedParameters: 0 0 0

#Transform 80
Transform: AffineTransform_float_3_3
Parameters: 0.999999 0.000751733 -0.000943698 -0.000754401 0.999996 -0.00264685 0.000941976 0.00264708 0.999996 -0.0419449 -0.113007 -0.168091
FixedParameters: 0 0 0

#Transform 81
Transform: AffineTransform_float_3_3
Parameters: 1 0.00057426 -0.0010213 -0.000577471 0.999996 -0.00266649 0.00101942 0.00266653 0.999996 -0.0411444 -0.142504 -0.165557
FixedParameters: 0 0 0

#Transform 82
Transform: AffineTransform_float_3_3
Parameters: 0.999999 0.0003862 -0.000957401 -0.000389506 0.999996 -0.00299304 0.00095643 0.00299264 0.999995 -0.045529 -0.133122 -0.184217
FixedParameters: 0 0 0

#Transform 83
Transform: AffineTransform_float_3_3
Parameters: 0.999999 0.000415099 -0.00109614 -0.000418587 0.999995 -0.00316952 0.00109497 0.00317024 0.999995 -0.0458459 -0.124935 -0.189997
FixedParameters: 0 0 0

#Transform 84
Transform: AffineTransform_float_3_3
Parameters: 1 0.000599208 -0.00115273 -0.000603567 0.999994 -0.0033735 0.00115101 0.00337365 0.999993 -0.0700638 -0.122343 -0.183876
FixedParameters: 0 0 0
