#!ascii label  , from subject sub-v2s4x29628_ses-1 vox2ras=TkReg
935
99732  30.729  -26.925  47.126 0.0000000000
50336  36.982  -9.670  28.655 0.0000000000
43835  28.821  -17.571  37.627 0.0000000000
36147  9.884  -27.081  49.860 0.0000000000
36119  26.303  -27.415  52.062 0.0000000000
47033  29.866  -13.335  35.825 0.0000000000
104250  18.718  -23.159  46.124 0.0000000000
98705  13.701  -28.285  47.392 0.0000000000
87653  20.938  -25.907  47.503 0.0000000000
49563  41.189  -10.237  28.674 0.0000000000
97158  31.139  -21.957  46.125 0.0000000000
89279  28.859  -20.619  42.954 0.0000000000
37638  31.276  -24.915  42.358 0.0000000000
52663  39.412  -6.240  27.245 0.0000000000
51914  42.498  -7.173  25.549 0.0000000000
51148  33.541  -8.740  31.724 0.0000000000
47095  37.058  -13.117  32.098 0.0000000000
47088  32.244  -13.278  32.749 0.0000000000
45491  33.073  -15.411  36.848 0.0000000000
85595  28.756  -29.642  48.071 0.0000000000
32947  7.577  -31.598  52.278 0.0000000000
33816  5.258  -31.051  55.319 0.0000000000
32849  4.137  -31.100  59.869 0.0000000000
97007  30.432  -28.601  51.367 0.0000000000
85703  24.660  -29.313  49.065 0.0000000000
45405  26.455  -15.835  42.777 0.0000000000
44578  30.334  -17.077  43.136 0.0000000000
87174  45.771  -4.879  24.722 0.0000000000
89669  38.742  -9.692  28.217 0.0000000000
48797  38.924  -11.790  30.152 0.0000000000
38375  31.396  -24.600  46.489 0.0000000000
39185  30.389  -23.755  43.560 0.0000000000
99625  27.756  -26.942  43.709 0.0000000000
51891  36.528  -7.460  29.726 0.0000000000
52641  38.880  -6.605  29.917 0.0000000000
51180  37.750  -8.157  27.779 0.0000000000
51198  39.989  -8.469  27.292 0.0000000000
30188  2.941  -34.986  57.479 0.0000000000
48777  31.990  -11.154  32.235 0.0000000000
48757  31.252  -11.550  34.136 0.0000000000
89933  28.661  -15.338  36.043 0.0000000000
45504  29.814  -15.026  34.948 0.0000000000
44650  31.248  -16.453  37.468 0.0000000000
44632  31.628  -16.901  39.224 0.0000000000
103472  11.539  -28.025  47.736 0.0000000000
86724  13.040  -29.313  49.862 0.0000000000
34708  10.246  -30.145  49.280 0.0000000000
33864  9.685  -31.027  51.459 0.0000000000
34698  7.870  -29.806  50.379 0.0000000000
35400  6.915  -29.230  54.501 0.0000000000
33789  4.778  -31.041  56.975 0.0000000000
94929  27.614  -27.996  51.366 0.0000000000
35424  27.852  -28.349  49.838 0.0000000000
36144  25.854  -27.489  50.248 0.0000000000
37588  19.133  -25.685  48.534 0.0000000000
84560  20.378  -27.510  49.340 0.0000000000
40755  31.192  -21.333  43.582 0.0000000000
43036  29.197  -19.407  43.099 0.0000000000
47915  31.115  -12.133  35.482 0.0000000000
47895  28.738  -13.192  37.824 0.0000000000
47024  26.708  -13.962  37.849 0.0000000000
38356  17.555  -25.272  47.773 0.0000000000
36167  16.194  -27.117  48.594 0.0000000000
37616  15.720  -25.342  45.633 0.0000000000
37609  13.491  -25.122  47.176 0.0000000000
84635  12.084  -25.387  49.978 0.0000000000
99818  23.645  -26.412  49.541 0.0000000000
84574  22.251  -24.729  49.508 0.0000000000
89767  19.694  -24.001  48.090 0.0000000000
42289  30.347  -19.335  46.659 0.0000000000
43016  28.537  -18.659  45.120 0.0000000000
40739  29.306  -21.194  43.809 0.0000000000
39922  30.418  -22.368  43.598 0.0000000000
102972  43.226  -4.628  25.979 0.0000000000
93448  40.819  -6.580  26.008 0.0000000000
50367  42.416  -9.063  26.739 0.0000000000
50310  34.841  -8.933  29.813 0.0000000000
48798  36.906  -11.924  30.148 0.0000000000
47985  34.827  -11.912  30.745 0.0000000000
47086  34.843  -13.717  32.187 0.0000000000
46297  34.630  -14.588  34.418 0.0000000000
47059  30.130  -13.579  34.155 0.0000000000
46282  32.501  -15.275  34.955 0.0000000000
84535  30.105  -28.777  48.454 0.0000000000
100472  30.195  -28.605  46.433 0.0000000000
51145  36.322  -8.000  31.640 0.0000000000
36124  8.724  -27.693  52.383 0.0000000000
34686  6.754  -29.715  52.087 0.0000000000
33846  6.159  -31.290  52.862 0.0000000000
31996  5.640  -32.872  54.242 0.0000000000
31985  4.125  -32.979  55.425 0.0000000000
31957  3.763  -33.105  56.991 0.0000000000
31025  3.496  -33.426  59.118 0.0000000000
31921  1.482  -32.944  62.191 0.0000000000
36155  31.436  -27.779  49.175 0.0000000000
34693  28.760  -28.801  49.138 0.0000000000
85882  27.102  -30.443  47.509 0.0000000000
84553  22.974  -27.943  48.761 0.0000000000
88800  26.227  -17.003  40.082 0.0000000000
43760  27.821  -18.705  43.412 0.0000000000
43782  27.568  -17.897  41.917 0.0000000000
44622  29.787  -17.020  40.540 0.0000000000
84539  30.843  -28.583  45.276 0.0000000000
52685  46.538  -5.896  23.487 0.0000000000
53418  44.233  -5.621  25.025 0.0000000000
51916  45.742  -7.392  23.810 0.0000000000
49567  37.941  -10.093  28.679 0.0000000000
48808  38.921  -11.309  29.432 0.0000000000
49557  38.113  -10.945  29.211 0.0000000000
37604  30.681  -26.275  46.764 0.0000000000
84546  29.883  -26.005  44.578 0.0000000000
84540  29.942  -27.337  46.360 0.0000000000
51168  36.065  -8.161  29.004 0.0000000000
51894  36.728  -7.725  28.646 0.0000000000
50337  36.672  -8.664  28.443 0.0000000000
99017  38.326  -8.825  27.771 0.0000000000
30177  2.827  -34.778  58.190 0.0000000000
49516  31.591  -10.662  33.682 0.0000000000
48756  31.728  -11.030  34.701 0.0000000000
45496  28.334  -15.967  36.464 0.0000000000
44662  29.181  -16.116  36.387 0.0000000000
44651  29.794  -16.675  37.072 0.0000000000
44641  31.420  -16.784  38.334 0.0000000000
44642  29.980  -17.393  38.335 0.0000000000
36158  10.209  -27.921  48.819 0.0000000000
86296  10.698  -29.114  48.491 0.0000000000
35442  9.908  -29.178  48.986 0.0000000000
34709  9.377  -29.806  49.470 0.0000000000
35425  8.826  -28.297  50.193 0.0000000000
35414  26.935  -27.668  51.576 0.0000000000
36131  26.404  -27.551  50.740 0.0000000000
36132  25.817  -27.249  51.453 0.0000000000
37579  18.386  -25.833  50.162 0.0000000000
45381  28.263  -16.250  46.071 0.0000000000
41543  31.608  -20.419  43.866 0.0000000000
47007  27.997  -13.321  38.156 0.0000000000
47885  27.671  -12.902  38.922 0.0000000000
38368  17.875  -24.616  46.799 0.0000000000
37605  17.019  -25.423  46.710 0.0000000000
100229  16.778  -24.372  44.620 0.0000000000
39156  14.210  -23.567  46.663 0.0000000000
38345  13.682  -23.890  48.657 0.0000000000
86020  13.287  -24.637  48.858 0.0000000000
84571  22.834  -25.129  50.389 0.0000000000
92819  19.064  -22.760  48.465 0.0000000000
39145  20.033  -23.513  48.684 0.0000000000
39153  18.957  -23.491  47.744 0.0000000000
38355  18.381  -24.726  47.877 0.0000000000
42299  30.020  -19.924  45.667 0.0000000000
95955  30.420  -21.908  45.029 0.0000000000
38401  30.516  -24.620  42.429 0.0000000000
39191  30.613  -23.242  43.504 0.0000000000
39190  30.892  -23.869  42.860 0.0000000000
39913  31.757  -22.741  43.714 0.0000000000
38393  32.065  -24.236  43.190 0.0000000000
52648  39.335  -6.190  29.273 0.0000000000
53415  40.737  -5.431  26.660 0.0000000000
52669  39.768  -6.283  26.675 0.0000000000
50351  40.295  -9.227  27.700 0.0000000000
51197  40.877  -8.829  27.237 0.0000000000
103768  41.067  -9.430  27.637 0.0000000000
50297  33.823  -8.897  31.049 0.0000000000
49545  34.289  -10.228  30.305 0.0000000000
49546  33.817  -10.673  30.840 0.0000000000
47960  32.126  -12.281  32.364 0.0000000000
47099  33.666  -12.760  31.730 0.0000000000
46323  33.159  -13.877  32.800 0.0000000000
93404  34.753  -14.312  33.650 0.0000000000
46312  33.869  -14.332  33.501 0.0000000000
47906  30.523  -12.773  35.615 0.0000000000
47916  30.574  -12.449  34.871 0.0000000000
47044  30.029  -13.342  34.856 0.0000000000
45493  31.517  -15.767  36.153 0.0000000000
91436  31.525  -15.388  34.637 0.0000000000
46266  32.992  -15.109  36.009 0.0000000000
46265  33.934  -15.000  35.884 0.0000000000
86747  29.745  -28.968  48.425 0.0000000000
86035  29.883  -29.170  48.260 0.0000000000
51121  34.068  -8.780  32.954 0.0000000000
92720  34.592  -8.198  31.494 0.0000000000
51158  34.486  -8.498  30.666 0.0000000000
36168  15.226  -27.761  48.330 0.0000000000
84609  14.266  -28.403  48.530 0.0000000000
33845  8.672  -31.515  52.726 0.0000000000
33844  9.597  -30.949  53.200 0.0000000000
32929  8.148  -31.765  53.123 0.0000000000
32930  7.294  -31.990  52.907 0.0000000000
36114  8.647  -27.760  53.389 0.0000000000
35415  7.990  -28.324  52.629 0.0000000000
35398  8.038  -28.265  53.667 0.0000000000
34667  5.799  -30.296  55.208 0.0000000000
34672  6.424  -29.890  54.020 0.0000000000
33831  5.510  -31.261  54.208 0.0000000000
95538  5.869  -31.805  53.378 0.0000000000
31997  5.011  -32.582  54.410 0.0000000000
31086  5.125  -33.254  54.546 0.0000000000
31984  4.526  -32.499  55.002 0.0000000000
33778  4.787  -30.525  58.552 0.0000000000
32874  4.367  -31.813  56.866 0.0000000000
32867  4.157  -32.116  58.484 0.0000000000
31947  3.752  -33.052  58.095 0.0000000000
32859  4.034  -32.004  59.478 0.0000000000
36130  31.621  -27.946  51.095 0.0000000000
36899  32.063  -27.180  49.927 0.0000000000
97672  30.937  -28.577  50.082 0.0000000000
86943  29.874  -28.593  49.051 0.0000000000
35423  30.026  -28.544  50.000 0.0000000000
84532  26.424  -28.870  47.938 0.0000000000
87099  27.409  -29.056  48.314 0.0000000000
84562  22.869  -25.852  47.712 0.0000000000
84547  23.412  -26.962  48.948 0.0000000000
84561  21.935  -27.457  47.992 0.0000000000
86230  21.889  -28.349  49.062 0.0000000000
47970  36.817  -12.782  31.378 0.0000000000
47969  38.291  -12.305  31.299 0.0000000000
47957  38.479  -12.571  32.310 0.0000000000
46189  25.799  -14.516  41.956 0.0000000000
45450  25.340  -15.067  40.594 0.0000000000
44612  25.860  -16.223  41.541 0.0000000000
42311  28.426  -20.063  43.395 0.0000000000
43017  27.916  -18.844  44.205 0.0000000000
43027  28.123  -19.424  43.472 0.0000000000
105052  30.438  -17.367  43.419 0.0000000000
43770  28.074  -18.466  42.818 0.0000000000
44579  29.267  -17.496  42.539 0.0000000000
43792  28.106  -17.550  41.073 0.0000000000
44595  29.712  -16.955  42.030 0.0000000000
44607  31.299  -16.583  41.964 0.0000000000
84551  30.164  -29.080  45.711 0.0000000000
53424  46.150  -5.410  24.118 0.0000000000
52673  43.039  -6.416  25.333 0.0000000000
53419  43.555  -5.558  25.332 0.0000000000
52672  43.932  -6.632  25.039 0.0000000000
51222  45.529  -8.140  24.595 0.0000000000
51221  46.179  -8.474  24.158 0.0000000000
40718  18.376  -21.682  47.564 0.0000000000
39898  17.266  -22.567  45.284 0.0000000000
49564  40.271  -10.306  28.625 0.0000000000
49555  41.578  -10.580  29.372 0.0000000000
48807  39.760  -10.891  29.145 0.0000000000
39895  31.345  -22.838  46.441 0.0000000000
39896  30.736  -22.628  45.273 0.0000000000
96381  30.743  -23.815  45.063 0.0000000000
38385  29.859  -25.013  43.752 0.0000000000
91571  29.451  -26.245  41.646 0.0000000000
51889  38.456  -7.231  30.547 0.0000000000
51890  37.451  -7.124  30.220 0.0000000000
52650  37.820  -6.920  28.349 0.0000000000
52657  38.291  -6.632  28.041 0.0000000000
51910  39.298  -6.825  26.837 0.0000000000
51199  38.525  -8.177  27.444 0.0000000000
50352  39.261  -8.940  27.653 0.0000000000
29447  3.738  -35.259  56.741 0.0000000000
50288  32.930  -9.303  32.666 0.0000000000
50299  32.611  -9.806  31.866 0.0000000000
50290  31.890  -10.085  32.957 0.0000000000
49525  31.603  -10.777  32.842 0.0000000000
47961  31.463  -12.235  33.037 0.0000000000
46267  28.696  -14.449  35.736 0.0000000000
99062  29.181  -14.505  35.069 0.0000000000
45495  29.306  -15.300  35.642 0.0000000000
45483  30.995  -16.156  36.622 0.0000000000
45482  31.814  -15.916  37.028 0.0000000000
44649  32.037  -16.256  37.853 0.0000000000
104976  32.995  -16.529  39.615 0.0000000000
33890  28.160  -30.373  48.100 0.0000000000
84625  12.922  -28.212  47.208 0.0000000000
89088  13.064  -28.682  48.045 0.0000000000
84624  11.936  -28.888  47.732 0.0000000000
84601  11.466  -30.078  49.766 0.0000000000
34696  11.506  -30.240  50.961 0.0000000000
33882  9.215  -30.908  50.449 0.0000000000
102406  7.692  -30.605  50.926 0.0000000000
36107  7.971  -27.954  54.676 0.0000000000
34666  6.190  -29.526  55.831 0.0000000000
87416  5.518  -30.369  56.053 0.0000000000
33802  5.062  -31.007  56.215 0.0000000000
34646  5.531  -29.695  57.493 0.0000000000
34632  5.286  -29.696  58.406 0.0000000000
34624  4.728  -29.758  59.746 0.0000000000
35412  28.699  -28.373  51.792 0.0000000000
86109  28.418  -28.491  50.132 0.0000000000
96365  28.161  -28.242  51.263 0.0000000000
86597  26.172  -28.106  49.352 0.0000000000
85869  25.189  -28.178  49.137 0.0000000000
84573  19.917  -25.794  47.952 0.0000000000
86855  20.973  -27.170  47.503 0.0000000000
37578  19.528  -26.546  49.116 0.0000000000
47074  36.867  -13.769  33.335 0.0000000000
45395  27.356  -16.013  44.213 0.0000000000
41544  30.324  -20.639  43.158 0.0000000000
42320  29.215  -20.420  42.790 0.0000000000
42319  30.028  -19.779  43.142 0.0000000000
43025  30.576  -18.398  43.836 0.0000000000
54108  45.398  -4.142  25.322 0.0000000000
100204  1.773  -35.149  60.996 0.0000000000
47905  31.445  -12.513  36.418 0.0000000000
47032  30.645  -12.924  36.516 0.0000000000
47034  29.132  -13.649  36.306 0.0000000000
47035  28.294  -13.922  36.446 0.0000000000
46250  27.292  -14.703  36.822 0.0000000000
100797  27.158  -16.234  37.077 0.0000000000
37590  18.038  -25.909  49.615 0.0000000000
36912  16.845  -26.523  49.355 0.0000000000
36924  16.838  -26.365  48.471 0.0000000000
36930  16.243  -26.697  47.657 0.0000000000
85937  14.585  -26.614  46.807 0.0000000000
39178  15.706  -23.726  45.027 0.0000000000
37608  14.235  -25.568  46.601 0.0000000000
98336  13.668  -26.223  46.998 0.0000000000
84640  12.306  -26.457  47.700 0.0000000000
84616  11.730  -25.612  49.137 0.0000000000
84636  11.126  -25.796  49.898 0.0000000000
36885  25.396  -26.997  50.833 0.0000000000
84563  24.143  -26.172  50.440 0.0000000000
84567  22.792  -25.425  49.003 0.0000000000
84572  22.180  -25.175  47.875 0.0000000000
39135  21.018  -23.751  49.501 0.0000000000
85946  20.777  -24.188  48.486 0.0000000000
86093  20.913  -24.887  47.859 0.0000000000
37597  18.985  -24.887  48.381 0.0000000000
37589  18.580  -25.816  49.117 0.0000000000
43741  29.498  -17.910  46.750 0.0000000000
43742  28.994  -17.866  45.951 0.0000000000
42290  29.500  -19.257  45.846 0.0000000000
42300  29.009  -19.909  44.647 0.0000000000
41537  28.841  -20.730  43.516 0.0000000000
39907  30.309  -22.502  44.218 0.0000000000
39914  30.312  -22.333  43.657 0.0000000000
97085  29.918  -21.662  43.312 0.0000000000
92673  31.347  -22.141  43.607 0.0000000000
40746  32.124  -21.825  44.130 0.0000000000
53405  42.132  -4.708  27.283 0.0000000000
52666  41.982  -5.382  25.878 0.0000000000
51908  41.604  -6.844  25.764 0.0000000000
51909  40.109  -6.935  26.382 0.0000000000
94684  41.080  -7.480  26.176 0.0000000000
50324  35.491  -9.532  29.404 0.0000000000
48810  37.294  -11.325  29.549 0.0000000000
49560  35.543  -10.510  29.693 0.0000000000
48800  35.417  -11.361  30.220 0.0000000000
47971  35.978  -12.772  31.239 0.0000000000
48789  33.264  -11.119  31.324 0.0000000000
47973  34.285  -12.348  31.289 0.0000000000
47085  35.725  -13.717  32.320 0.0000000000
47075  36.035  -13.907  33.121 0.0000000000
46296  35.445  -14.462  34.272 0.0000000000
48742  31.087  -11.745  34.814 0.0000000000
47945  31.023  -12.359  33.734 0.0000000000
47076  31.524  -13.428  33.220 0.0000000000
46283  30.463  -14.911  34.381 0.0000000000
46300  31.182  -14.892  33.830 0.0000000000
46299  31.996  -14.712  33.619 0.0000000000
46298  33.758  -14.704  34.258 0.0000000000
36166  30.754  -27.992  47.876 0.0000000000
95250  29.937  -28.300  46.377 0.0000000000
84536  30.422  -28.733  48.152 0.0000000000
84533  30.547  -29.039  47.785 0.0000000000
51156  35.982  -7.812  30.524 0.0000000000
51169  35.535  -8.603  29.446 0.0000000000
36891  10.593  -26.316  51.244 0.0000000000
36876  10.633  -26.329  52.183 0.0000000000
36136  9.372  -27.334  50.697 0.0000000000
36137  8.628  -27.801  51.214 0.0000000000
35427  7.511  -29.075  51.016 0.0000000000
33866  6.915  -30.725  51.648 0.0000000000
34680  6.667  -29.623  53.254 0.0000000000
34681  6.424  -30.542  52.478 0.0000000000
32948  6.670  -31.425  52.365 0.0000000000
32931  6.501  -31.927  53.031 0.0000000000
31982  6.741  -32.679  54.568 0.0000000000
30210  4.431  -34.431  56.166 0.0000000000
31967  4.231  -32.277  55.942 0.0000000000
31968  3.854  -33.064  56.077 0.0000000000
31053  3.719  -33.900  56.483 0.0000000000
31044  3.444  -33.824  57.367 0.0000000000
31036  3.280  -33.945  58.196 0.0000000000
31026  3.123  -34.046  59.739 0.0000000000
31929  3.378  -32.402  60.580 0.0000000000
31930  2.890  -33.141  61.030 0.0000000000
30144  2.251  -34.490  60.892 0.0000000000
36929  31.315  -26.264  47.478 0.0000000000
36910  31.980  -26.914  49.093 0.0000000000
36165  31.358  -27.467  48.442 0.0000000000
35441  30.498  -28.418  49.009 0.0000000000
84534  28.191  -29.203  48.499 0.0000000000
36900  24.875  -26.860  50.210 0.0000000000
88958  24.786  -27.598  49.466 0.0000000000
98273  24.425  -28.547  48.988 0.0000000000
98266  21.402  -28.097  48.256 0.0000000000
99502  22.693  -28.531  48.870 0.0000000000
86036  24.001  -29.208  48.753 0.0000000000
90247  37.619  -11.981  30.037 0.0000000000
46996  26.165  -13.559  39.207 0.0000000000
45473  25.509  -15.031  38.549 0.0000000000
43824  26.728  -17.270  38.558 0.0000000000
44557  28.268  -17.103  45.108 0.0000000000
44567  27.838  -17.289  44.404 0.0000000000
43762  27.142  -17.834  43.240 0.0000000000
43037  28.358  -19.008  43.059 0.0000000000
91752  27.417  -18.389  42.997 0.0000000000
43784  26.507  -17.438  42.162 0.0000000000
43793  27.149  -17.699  41.309 0.0000000000
43803  27.551  -17.419  40.370 0.0000000000
43812  28.886  -17.367  39.200 0.0000000000
44634  30.205  -17.107  39.866 0.0000000000
86947  28.106  -29.486  44.758 0.0000000000
84559  28.856  -28.780  43.055 0.0000000000
36949  30.702  -26.588  42.794 0.0000000000
36937  32.749  -26.959  45.724 0.0000000000
37622  32.138  -25.238  43.834 0.0000000000
53435  47.187  -5.489  23.203 0.0000000000
53411  44.100  -4.567  25.597 0.0000000000
53417  44.898  -5.043  24.920 0.0000000000
92653  44.527  -7.181  24.819 0.0000000000
52671  44.758  -6.306  24.619 0.0000000000
53425  45.454  -5.777  24.352 0.0000000000
52676  45.870  -6.317  23.762 0.0000000000
51922  46.924  -7.490  22.802 0.0000000000
49558  37.360  -10.502  29.045 0.0000000000
84543  29.976  -26.379  46.008 0.0000000000
50323  36.146  -9.156  28.956 0.0000000000
90713  37.577  -9.065  28.110 0.0000000000
30168  2.694  -34.850  59.381 0.0000000000
44652  28.829  -17.058  36.952 0.0000000000
44643  29.532  -17.344  37.635 0.0000000000
84632  10.432  -26.553  49.316 0.0000000000
35443  9.475  -28.142  49.548 0.0000000000
45366  28.948  -16.243  46.996 0.0000000000
38367  18.536  -23.751  46.080 0.0000000000
38378  17.816  -24.395  45.451 0.0000000000
38377  18.199  -23.743  45.187 0.0000000000
39874  18.928  -22.882  47.809 0.0000000000
39146  19.331  -23.357  48.316 0.0000000000
39154  18.792  -23.161  46.917 0.0000000000
38366  18.673  -23.977  47.266 0.0000000000
40728  30.779  -21.242  45.849 0.0000000000
96186  30.641  -24.972  42.043 0.0000000000
38400  31.161  -24.411  42.476 0.0000000000
39189  31.506  -23.639  43.121 0.0000000000
52656  39.029  -6.159  28.173 0.0000000000
53390  39.866  -5.850  28.676 0.0000000000
53400  39.799  -5.733  27.740 0.0000000000
53408  39.988  -5.725  26.924 0.0000000000
50334  40.720  -9.828  28.105 0.0000000000
50333  41.709  -9.790  27.955 0.0000000000
94932  4.468  -34.845  56.569 0.0000000000
50312  33.746  -9.756  30.860 0.0000000000
50298  33.299  -9.388  31.497 0.0000000000
47959  32.948  -13.080  32.168 0.0000000000
47045  29.269  -13.923  35.234 0.0000000000
45492  32.371  -15.519  36.529 0.0000000000
45502  32.052  -15.493  35.622 0.0000000000
86499  29.688  -29.711  48.420 0.0000000000
98507  29.387  -30.245  48.576 0.0000000000
51133  33.451  -8.859  32.443 0.0000000000
51132  34.148  -8.342  32.176 0.0000000000
51147  33.984  -8.363  31.370 0.0000000000
86239  14.488  -28.049  47.579 0.0000000000
33865  8.047  -31.376  51.643 0.0000000000
34673  5.995  -30.453  54.153 0.0000000000
32897  4.952  -31.828  54.643 0.0000000000
32858  4.375  -31.253  58.945 0.0000000000
35422  31.042  -28.536  51.253 0.0000000000
35432  31.610  -28.058  50.032 0.0000000000
88692  29.501  -28.560  50.529 0.0000000000
86994  25.424  -29.294  48.945 0.0000000000
84541  24.394  -30.073  48.490 0.0000000000
101834  22.188  -26.245  47.346 0.0000000000
84554  22.682  -26.496  48.108 0.0000000000
47958  37.641  -12.683  31.707 0.0000000000
101905  37.734  -13.010  32.358 0.0000000000
46183  26.671  -14.925  43.328 0.0000000000
46188  26.270  -14.795  42.601 0.0000000000
45421  26.030  -15.495  42.081 0.0000000000
44597  26.166  -16.320  42.160 0.0000000000
42321  28.512  -19.986  42.977 0.0000000000
95888  29.371  -17.803  43.039 0.0000000000
44594  30.358  -16.846  42.510 0.0000000000
54107  46.146  -4.096  25.149 0.0000000000
54112  46.530  -4.659  24.556 0.0000000000
51913  43.383  -7.435  25.356 0.0000000000
41513  18.141  -21.243  48.036 0.0000000000
40719  17.945  -21.320  47.263 0.0000000000
41514  17.638  -21.054  48.254 0.0000000000
104616  18.896  -22.317  48.767 0.0000000000
49565  39.476  -10.291  28.568 0.0000000000
91378  39.682  -11.469  29.929 0.0000000000
39164  31.331  -23.821  45.956 0.0000000000
38376  30.711  -24.667  45.191 0.0000000000
37632  28.567  -26.013  42.826 0.0000000000
84556  27.177  -27.360  42.804 0.0000000000
51898  37.410  -7.515  28.219 0.0000000000
100031  37.398  -7.040  29.107 0.0000000000
51200  38.092  -7.312  27.682 0.0000000000
50335  39.796  -9.726  28.160 0.0000000000
29448  3.260  -35.164  57.047 0.0000000000
50278  32.506  -9.574  33.154 0.0000000000
50289  32.424  -9.709  32.439 0.0000000000
48768  31.382  -11.501  33.360 0.0000000000
102593  30.555  -16.488  37.096 0.0000000000
44661  30.049  -16.085  36.389 0.0000000000
44640  32.247  -16.601  38.650 0.0000000000
44631  32.397  -16.682  39.443 0.0000000000
44619  32.579  -16.615  40.208 0.0000000000
88624  33.445  -9.178  33.386 0.0000000000
84630  12.197  -28.189  47.325 0.0000000000
34718  10.676  -29.728  48.914 0.0000000000
96157  11.314  -29.652  48.882 0.0000000000
34697  10.716  -30.465  50.317 0.0000000000
33899  8.797  -30.270  49.917 0.0000000000
33883  8.378  -30.637  50.416 0.0000000000
35385  6.473  -28.805  56.576 0.0000000000
103702  5.806  -29.924  55.936 0.0000000000
34657  5.832  -29.655  56.605 0.0000000000
34633  4.961  -29.979  59.079 0.0000000000
35413  28.142  -28.152  52.683 0.0000000000
87169  29.394  -28.507  52.078 0.0000000000
105180  25.675  -27.968  49.424 0.0000000000
85738  19.959  -27.025  47.891 0.0000000000
97309  27.123  -15.010  44.082 0.0000000000
42309  32.137  -19.528  44.447 0.0000000000
42310  31.094  -19.582  43.738 0.0000000000
43024  31.786  -18.560  44.410 0.0000000000
29395  0.920  -35.240  61.189 0.0000000000
47021  29.366  -13.220  37.328 0.0000000000
95829  28.753  -13.527  37.034 0.0000000000
47023  27.398  -13.831  37.521 0.0000000000
46251  26.860  -14.397  37.315 0.0000000000
45484  27.515  -15.589  36.730 0.0000000000
45485  26.656  -15.313  37.167 0.0000000000
88387  18.092  -25.532  48.601 0.0000000000
36923  17.502  -26.122  49.069 0.0000000000
37598  17.361  -25.813  48.369 0.0000000000
37615  16.579  -25.296  45.653 0.0000000000
37606  16.075  -25.932  46.692 0.0000000000
36931  15.499  -26.754  47.100 0.0000000000
37607  15.129  -25.899  46.458 0.0000000000
39900  16.009  -22.478  46.263 0.0000000000
39899  16.230  -22.843  45.336 0.0000000000
39166  15.218  -23.092  46.105 0.0000000000
38357  13.637  -24.082  47.353 0.0000000000
38369  14.058  -24.583  46.382 0.0000000000
98406  13.024  -26.835  47.053 0.0000000000
86413  12.919  -25.745  47.611 0.0000000000
84644  12.595  -25.112  49.201 0.0000000000
86751  12.281  -25.622  48.378 0.0000000000
84626  11.047  -26.100  48.973 0.0000000000
36886  24.806  -26.394  51.220 0.0000000000
84566  24.175  -25.793  51.558 0.0000000000
38353  20.290  -23.990  48.369 0.0000000000
38344  20.571  -23.724  48.865 0.0000000000
37596  19.986  -24.746  48.139 0.0000000000
43005  29.849  -18.607  46.664 0.0000000000
43006  29.207  -18.584  45.937 0.0000000000
41536  29.539  -20.626  44.718 0.0000000000
39175  30.502  -23.284  44.425 0.0000000000
91432  30.171  -21.350  43.209 0.0000000000
40756  30.620  -21.935  43.484 0.0000000000
39184  32.190  -23.364  43.928 0.0000000000
51888  39.498  -7.149  30.510 0.0000000000
54092  42.920  -4.548  27.824 0.0000000000
53414  41.587  -5.145  26.490 0.0000000000
52667  41.240  -5.824  25.947 0.0000000000
52674  42.159  -6.140  25.598 0.0000000000
51213  39.625  -7.633  26.905 0.0000000000
50350  41.697  -9.228  27.245 0.0000000000
51212  40.537  -7.991  26.757 0.0000000000
50368  41.581  -8.462  26.624 0.0000000000
51907  42.004  -7.819  25.983 0.0000000000
50325  34.789  -9.820  29.799 0.0000000000
48801  34.505  -11.101  30.436 0.0000000000
47984  35.682  -12.151  30.733 0.0000000000
49534  32.541  -10.654  31.763 0.0000000000
47975  32.648  -11.598  31.762 0.0000000000
47087  33.891  -13.483  32.172 0.0000000000
47098  34.542  -13.111  31.661 0.0000000000
47097  35.418  -13.289  31.681 0.0000000000
46321  35.202  -14.021  32.933 0.0000000000
46311  35.553  -14.207  33.581 0.0000000000
93261  31.574  -11.567  35.289 0.0000000000
47927  30.466  -12.871  34.267 0.0000000000
47077  30.763  -13.367  33.659 0.0000000000
46284  29.726  -14.144  34.533 0.0000000000
102295  31.988  -15.157  34.167 0.0000000000
88929  32.777  -14.971  34.223 0.0000000000
98412  29.988  -29.432  48.387 0.0000000000
51881  36.880  -7.594  30.813 0.0000000000
51157  35.215  -8.231  30.106 0.0000000000
36902  16.726  -26.438  50.338 0.0000000000
36157  16.319  -26.969  49.608 0.0000000000
88664  10.120  -30.773  52.487 0.0000000000
36890  11.037  -25.940  50.798 0.0000000000
36123  9.431  -27.199  52.712 0.0000000000
36877  9.993  -26.809  52.519 0.0000000000
36892  10.027  -26.802  51.581 0.0000000000
90490  9.379  -27.261  51.881 0.0000000000
35416  7.309  -28.995  51.825 0.0000000000
34699  7.173  -29.800  51.202 0.0000000000
90973  7.438  -28.430  55.061 0.0000000000
35399  7.414  -28.764  54.004 0.0000000000
87430  6.162  -30.491  53.280 0.0000000000
32912  6.293  -32.422  53.864 0.0000000000
31995  6.190  -33.095  54.569 0.0000000000
31067  4.563  -33.406  54.949 0.0000000000
31066  5.210  -33.859  54.982 0.0000000000
97540  4.575  -33.989  55.479 0.0000000000
32886  4.620  -31.538  56.327 0.0000000000
31946  4.124  -32.320  57.492 0.0000000000
91579  4.040  -32.509  56.644 0.0000000000
31037  3.167  -34.231  58.943 0.0000000000
32850  3.749  -31.684  60.326 0.0000000000
32841  3.212  -31.439  61.207 0.0000000000
31919  2.802  -32.294  61.477 0.0000000000
100329  2.285  -32.875  61.719 0.0000000000
31017  2.773  -33.848  60.575 0.0000000000
31003  2.051  -33.672  61.438 0.0000000000
36156  30.701  -28.290  48.513 0.0000000000
35433  29.291  -28.984  48.746 0.0000000000
99513  27.743  -29.722  47.903 0.0000000000
101901  24.184  -26.964  49.579 0.0000000000
87006  23.099  -27.512  48.789 0.0000000000
84542  23.983  -27.758  48.988 0.0000000000
86272  23.506  -28.478  48.842 0.0000000000
98267  20.654  -27.852  48.103 0.0000000000
102201  21.131  -27.776  47.797 0.0000000000
98093  22.798  -28.958  49.473 0.0000000000
34717  23.293  -28.991  48.798 0.0000000000
48811  36.308  -11.253  29.833 0.0000000000
47857  26.732  -12.694  40.220 0.0000000000
46984  26.086  -12.930  40.882 0.0000000000
96259  25.360  -15.619  40.161 0.0000000000
46219  25.331  -14.623  39.392 0.0000000000
104525  25.657  -16.312  39.335 0.0000000000
44645  26.206  -16.712  38.245 0.0000000000
97499  25.959  -16.967  39.177 0.0000000000
43751  28.399  -17.923  45.124 0.0000000000
43752  27.856  -18.084  44.260 0.0000000000
43761  27.499  -18.047  43.618 0.0000000000
44568  27.524  -17.046  43.995 0.0000000000
89855  27.869  -18.112  42.430 0.0000000000
99888  27.176  -18.101  42.617 0.0000000000
43783  26.858  -17.844  42.091 0.0000000000
43794  26.503  -17.461  41.550 0.0000000000
44610  29.062  -17.164  40.836 0.0000000000
43802  28.517  -17.250  40.147 0.0000000000
43813  27.939  -17.354  39.397 0.0000000000
43801  29.400  -17.175  39.949 0.0000000000
93564  31.172  -16.719  40.877 0.0000000000
85803  29.367  -29.077  45.577 0.0000000000
89225  29.555  -29.604  44.838 0.0000000000
84544  29.844  -29.440  43.940 0.0000000000
84545  30.046  -28.084  42.851 0.0000000000
36196  31.336  -27.163  44.069 0.0000000000
36942  32.636  -26.125  44.945 0.0000000000
38384  32.698  -24.539  44.670 0.0000000000
53423  46.862  -5.078  23.895 0.0000000000
52684  46.967  -6.433  22.903 0.0000000000
53404  42.932  -4.246  26.887 0.0000000000
51917  45.114  -7.269  24.479 0.0000000000
96691  45.363  -6.627  24.167 0.0000000000
49566  38.833  -10.630  28.794 0.0000000000
48809  38.194  -11.675  29.731 0.0000000000
37614  30.714  -25.490  46.124 0.0000000000
84549  29.213  -27.301  45.035 0.0000000000
99085  37.119  -8.183  28.114 0.0000000000
49515  32.130  -9.982  33.636 0.0000000000
49506  32.309  -10.275  34.365 0.0000000000
94323  30.507  -17.019  37.831 0.0000000000
87145  30.714  -17.262  38.931 0.0000000000
101499  11.006  -27.148  48.368 0.0000000000
84623  11.019  -28.492  48.005 0.0000000000
35434  9.201  -28.979  49.536 0.0000000000
35435  8.637  -29.329  49.903 0.0000000000
35379  6.049  -28.973  57.360 0.0000000000
101008  18.917  -26.031  49.771 0.0000000000
95595  32.150  -21.005  44.174 0.0000000000
47884  28.584  -12.711  38.797 0.0000000000
47008  27.174  -13.514  38.330 0.0000000000
100059  17.285  -25.027  45.778 0.0000000000
37624  16.323  -24.851  44.956 0.0000000000
39155  14.663  -22.739  47.333 0.0000000000
39148  13.898  -23.127  47.773 0.0000000000
98636  13.303  -24.618  48.011 0.0000000000
86307  12.889  -25.089  48.316 0.0000000000
39864  19.510  -22.809  49.149 0.0000000000
39136  20.331  -23.316  49.399 0.0000000000
38354  19.073  -24.086  47.936 0.0000000000
41529  30.388  -20.589  45.690 0.0000000000
40738  30.026  -21.242  44.830 0.0000000000
96080  30.475  -24.091  43.056 0.0000000000
39921  31.022  -22.888  43.419 0.0000000000
52647  40.191  -6.113  29.437 0.0000000000
53406  41.220  -5.055  27.315 0.0000000000
53407  40.477  -5.362  27.461 0.0000000000
52668  40.324  -6.005  26.286 0.0000000000
50349  42.463  -9.475  27.382 0.0000000000
50311  34.275  -9.325  30.342 0.0000000000
101090  32.918  -12.379  31.814 0.0000000000
46322  34.282  -14.006  32.849 0.0000000000
100899  34.264  -14.487  33.963 0.0000000000
45503  30.938  -15.585  35.168 0.0000000000
46281  33.398  -15.024  35.083 0.0000000000
51120  34.859  -8.611  33.024 0.0000000000
51131  35.313  -8.225  32.203 0.0000000000
51146  35.286  -8.029  31.106 0.0000000000
36179  15.714  -27.292  47.732 0.0000000000
99598  15.688  -27.493  49.423 0.0000000000
86844  15.001  -28.016  49.306 0.0000000000
96326  9.229  -31.296  52.113 0.0000000000
33829  8.923  -31.311  53.844 0.0000000000
32910  7.947  -32.021  53.869 0.0000000000
32911  7.238  -32.399  54.239 0.0000000000
36113  9.175  -27.349  53.214 0.0000000000
35408  7.327  -28.949  52.885 0.0000000000
90044  6.417  -29.723  54.918 0.0000000000
33830  5.862  -31.106  53.455 0.0000000000
32913  5.476  -32.154  54.008 0.0000000000
31085  5.659  -33.407  54.644 0.0000000000
104673  4.769  -32.957  54.631 0.0000000000
32866  4.513  -31.340  57.849 0.0000000000
91300  3.848  -32.664  58.977 0.0000000000
31938  3.636  -32.670  59.731 0.0000000000
86800  27.016  -27.999  49.594 0.0000000000
33891  25.750  -30.506  48.074 0.0000000000
84555  23.195  -26.179  48.683 0.0000000000
87621  22.490  -27.418  48.456 0.0000000000
98092  21.098  -27.997  50.048 0.0000000000
85561  21.124  -28.224  49.030 0.0000000000
47983  36.505  -12.341  30.735 0.0000000000
47982  37.430  -12.367  30.768 0.0000000000
46978  26.102  -13.255  42.572 0.0000000000
46979  25.673  -13.521  41.953 0.0000000000
46197  25.493  -14.189  41.151 0.0000000000
44624  25.527  -15.979  40.787 0.0000000000
44623  25.973  -16.904  40.948 0.0000000000
42301  28.227  -19.414  44.250 0.0000000000
43026  29.766  -18.033  43.445 0.0000000000
43781  28.762  -17.390  41.792 0.0000000000
44609  29.719  -16.966  41.299 0.0000000000
44621  30.412  -16.864  40.691 0.0000000000
44608  30.450  -16.749  41.602 0.0000000000
98384  30.806  -28.427  47.105 0.0000000000
86049  29.966  -29.039  46.057 0.0000000000
85862  30.720  -28.673  46.437 0.0000000000
35462  31.312  -28.545  46.289 0.0000000000
53420  42.713  -5.419  25.617 0.0000000000
39165  18.581  -22.665  46.280 0.0000000000
39897  18.139  -22.499  45.717 0.0000000000
40730  17.696  -21.952  46.271 0.0000000000
40720  17.198  -21.674  46.991 0.0000000000
39875  18.766  -22.199  48.034 0.0000000000
49556  40.726  -10.673  29.240 0.0000000000
49543  40.457  -11.144  29.831 0.0000000000
102090  30.979  -23.277  45.444 0.0000000000
90546  30.262  -24.103  44.051 0.0000000000
38394  29.868  -24.660  42.954 0.0000000000
37640  29.735  -25.600  42.092 0.0000000000
37639  30.243  -25.693  41.993 0.0000000000
51893  38.038  -6.713  29.814 0.0000000000
52649  38.342  -6.499  28.971 0.0000000000
52664  38.743  -6.733  27.448 0.0000000000
51905  38.837  -7.470  27.152 0.0000000000
91401  39.217  -8.164  27.239 0.0000000000
51134  32.958  -9.243  32.050 0.0000000000
49524  32.074  -10.300  32.313 0.0000000000
48778  31.625  -11.566  32.726 0.0000000000
47089  31.702  -12.819  32.943 0.0000000000
45494  30.399  -15.744  35.766 0.0000000000
45481  32.629  -15.795  37.356 0.0000000000
45471  32.867  -16.179  38.171 0.0000000000
44639  32.994  -16.500  38.936 0.0000000000
98488  28.825  -30.528  48.498 0.0000000000
84631  13.226  -27.765  46.971 0.0000000000
84617  12.619  -29.152  48.810 0.0000000000
84610  11.593  -29.300  48.377 0.0000000000
98409  12.153  -29.580  49.326 0.0000000000
33898  9.709  -30.572  49.835 0.0000000000
101357  8.676  -31.170  51.043 0.0000000000
35391  6.854  -28.852  55.614 0.0000000000
33801  5.267  -30.342  56.854 0.0000000000
33777  5.016  -30.424  57.681 0.0000000000
33770  4.509  -30.472  59.396 0.0000000000
35411  28.944  -28.490  50.754 0.0000000000
47084  36.554  -13.557  32.562 0.0000000000
47083  37.355  -13.424  32.762 0.0000000000
45404  26.896  -15.862  43.532 0.0000000000
41551  29.435  -21.065  42.919 0.0000000000
43759  30.894  -17.318  43.905 0.0000000000
51218  42.880  -8.114  25.764 0.0000000000
30158  2.276  -35.156  60.402 0.0000000000
47914  31.950  -11.830  36.013 0.0000000000
47020  29.958  -13.108  36.828 0.0000000000
46268  27.983  -14.804  36.303 0.0000000000
47022  28.146  -13.619  37.281 0.0000000000
46249  27.673  -14.109  36.798 0.0000000000
44653  27.867  -16.657  36.923 0.0000000000
43837  27.313  -17.024  37.459 0.0000000000
37599  16.814  -25.870  47.673 0.0000000000
36180  14.991  -27.479  47.305 0.0000000000
85817  13.988  -27.502  46.887 0.0000000000
39177  16.756  -23.531  44.636 0.0000000000
38386  16.178  -24.253  44.653 0.0000000000
38379  15.569  -24.598  45.142 0.0000000000
39167  14.817  -24.134  45.697 0.0000000000
37617  14.821  -25.064  45.816 0.0000000000
101015  12.533  -27.436  47.251 0.0000000000
86447  11.804  -27.204  47.729 0.0000000000
86583  11.628  -26.262  48.356 0.0000000000
86369  10.430  -26.297  50.313 0.0000000000
84564  23.560  -25.460  51.014 0.0000000000
92297  23.355  -25.776  49.892 0.0000000000
84576  21.697  -24.162  50.082 0.0000000000
98572  21.515  -24.380  48.835 0.0000000000
44547  29.246  -17.145  46.830 0.0000000000
92679  28.796  -19.184  45.183 0.0000000000
40747  29.845  -21.727  43.810 0.0000000000
96945  30.438  -23.008  43.781 0.0000000000
40748  29.257  -21.144  43.164 0.0000000000
53413  42.410  -4.826  26.293 0.0000000000
49559  36.441  -10.323  29.248 0.0000000000
49544  34.860  -10.619  29.993 0.0000000000
48799  36.187  -11.797  30.354 0.0000000000
47096  36.261  -13.261  31.841 0.0000000000
49533  33.202  -10.217  31.351 0.0000000000
48788  34.025  -11.550  30.991 0.0000000000
47974  33.458  -11.986  31.443 0.0000000000
47972  35.126  -12.632  31.195 0.0000000000
46310  36.320  -14.224  33.967 0.0000000000
48743  30.881  -12.184  34.409 0.0000000000
103710  31.271  -12.857  33.320 0.0000000000
46301  30.446  -14.194  33.878 0.0000000000
46315  31.249  -14.172  33.470 0.0000000000
46314  32.149  -14.017  33.200 0.0000000000
46313  32.928  -14.472  33.541 0.0000000000
46280  34.288  -14.878  35.099 0.0000000000
46279  35.236  -14.721  35.184 0.0000000000
84548  30.602  -27.701  47.104 0.0000000000
86125  30.678  -28.397  47.324 0.0000000000
86717  30.013  -29.086  48.275 0.0000000000
89684  35.812  -7.979  29.722 0.0000000000
36145  16.005  -27.100  50.299 0.0000000000
84639  11.742  -25.591  50.795 0.0000000000
36135  10.047  -26.739  50.763 0.0000000000
35426  8.117  -28.665  50.619 0.0000000000
89746  7.954  -28.348  51.597 0.0000000000
95496  7.033  -32.299  53.445 0.0000000000
32898  4.709  -31.663  55.551 0.0000000000
31068  4.116  -33.600  55.657 0.0000000000
30211  4.085  -34.242  56.094 0.0000000000
29455  3.983  -34.762  56.349 0.0000000000
30200  3.686  -34.681  56.597 0.0000000000
30187  3.343  -34.536  57.061 0.0000000000
30176  3.160  -34.443  57.627 0.0000000000
100452  3.746  -32.216  60.048 0.0000000000
31016  3.259  -33.269  60.113 0.0000000000
95505  2.708  -34.494  60.224 0.0000000000
37603  31.370  -25.430  47.048 0.0000000000
36922  31.148  -27.145  47.715 0.0000000000
36921  31.786  -26.414  48.319 0.0000000000
84538  25.385  -27.454  49.899 0.0000000000
86309  22.324  -27.839  48.565 0.0000000000
86131  22.165  -28.116  48.552 0.0000000000
87395  22.826  -28.367  48.747 0.0000000000
34707  24.219  -29.753  49.205 0.0000000000
47981  38.219  -12.109  30.398 0.0000000000
47874  27.258  -12.666  39.590 0.0000000000
46995  26.881  -13.240  39.012 0.0000000000
47009  26.319  -13.743  38.411 0.0000000000
46997  25.608  -13.904  39.649 0.0000000000
46235  25.666  -14.125  38.738 0.0000000000
46234  26.012  -14.484  37.787 0.0000000000
95949  25.964  -15.655  37.851 0.0000000000
44644  26.807  -17.138  37.913 0.0000000000
43823  27.403  -17.426  38.010 0.0000000000
44556  28.765  -17.072  46.000 0.0000000000
45382  27.886  -16.288  44.941 0.0000000000
44580  27.076  -16.839  43.489 0.0000000000
44581  26.724  -16.597  43.042 0.0000000000
43771  26.786  -17.496  42.741 0.0000000000
44596  26.439  -16.852  42.472 0.0000000000
44611  26.169  -16.974  41.833 0.0000000000
43804  26.648  -17.379  40.667 0.0000000000
43814  26.886  -17.307  39.564 0.0000000000
43822  28.271  -17.544  38.316 0.0000000000
43821  29.248  -17.580  38.306 0.0000000000
43811  29.786  -17.390  39.073 0.0000000000
44633  31.014  -16.937  39.940 0.0000000000
44620  31.815  -16.766  40.111 0.0000000000
84550  28.852  -28.515  45.348 0.0000000000
86677  27.466  -28.237  44.186 0.0000000000
98383  29.139  -29.674  45.175 0.0000000000
84557  28.615  -29.988  44.241 0.0000000000
84565  27.611  -28.801  43.517 0.0000000000
84552  29.061  -27.888  42.285 0.0000000000
36954  29.286  -26.974  41.737 0.0000000000
37631  31.291  -25.606  42.683 0.0000000000
36186  32.135  -27.955  45.994 0.0000000000
36189  31.928  -27.641  45.046 0.0000000000
90936  32.265  -26.876  44.784 0.0000000000
36948  31.725  -26.189  43.997 0.0000000000
54103  44.495  -3.847  26.530 0.0000000000
53410  44.780  -4.117  25.605 0.0000000000
51912  44.829  -7.947  25.076 0.0000000000
51226  46.456  -7.993  23.373 0.0000000000
51923  46.346  -6.912  23.228 0.0000000000
36178  22.135  -27.534  48.388 0.0000000000
36190  30.838  -28.009  44.364 0.0000000000
37623  17.096  -24.803  45.009 0.0000000000
39176  17.870  -23.198  44.918 0.0000000000
39887  18.659  -22.335  47.155 0.0000000000
39888  16.421  -22.099  46.901 0.0000000000
40708  18.505  -21.576  48.547 0.0000000000
40729  18.306  -21.967  46.641 0.0000000000
40731  16.812  -22.201  46.109 0.0000000000
41505  18.056  -20.982  48.788 0.0000000000
43836  28.097  -17.388  37.475 0.0000000000
44635  25.676  -16.391  39.999 0.0000000000
44654  26.634  -16.400  37.551 0.0000000000
45436  25.618  -15.258  41.368 0.0000000000
45464  25.387  -15.593  39.433 0.0000000000
45472  25.687  -16.093  38.720 0.0000000000
46206  25.328  -14.382  40.194 0.0000000000
46988  26.179  -13.333  40.027 0.0000000000
46989  25.665  -13.648  40.548 0.0000000000
47875  26.660  -13.082  39.607 0.0000000000
84558  28.041  -27.812  42.155 0.0000000000
86629  28.437  -26.615  41.770 0.0000000000
88836  25.171  -15.027  39.956 0.0000000000
95858  17.525  -24.088  44.702 0.0000000000
96447  27.422  -17.408  38.718 0.0000000000
100727  13.149  -25.127  47.786 0.0000000000
101547  18.509  -23.146  45.586 0.0000000000
104051  27.288  -14.219  37.070 0.0000000000
104288  26.027  -13.987  42.445 0.0000000000
