#!ascii label  , from subject sub-v2s4x29628_ses-1 vox2ras=TkReg
643
11848  33.452  -59.723  -18.929 0.3000000119
20224  27.977  -48.194  -17.488 0.6000000238
21795  25.348  -45.868  -16.028 0.6999999881
21796  24.357  -46.315  -15.646 0.6999999881
15865  31.200  -54.178  -18.814 0.4000000060
12577  33.563  -58.748  -18.782 0.5000000000
12571  32.823  -58.402  -17.936 0.5000000000
19453  28.429  -48.925  -17.597 0.6999999881
20220  27.288  -47.621  -17.185 0.6999999881
21809  26.076  -46.342  -16.477 0.6000000238
23389  24.125  -45.243  -15.005 0.6999999881
12580  33.552  -58.348  -19.619 0.5000000000
90618  31.724  -53.560  -18.710 0.4000000060
11847  33.579  -58.979  -19.287 0.6000000238
17300  30.475  -51.951  -18.430 0.4000000060
89076  30.519  -50.647  -18.283 0.5000000000
100279  33.831  -57.102  -18.943 0.6000000238
18022  29.218  -51.284  -17.819 0.6000000238
18701  29.760  -50.206  -17.949 0.6000000238
13419  33.400  -56.754  -18.332 0.6000000238
19452  29.761  -48.501  -18.197 0.6000000238
21808  27.332  -45.544  -17.298 0.6000000238
93366  25.822  -44.201  -15.330 0.6999999881
22607  25.862  -44.778  -15.914 0.6999999881
23388  24.957  -44.881  -15.018 0.6999999881
23379  24.050  -44.638  -14.641 0.6999999881
23378  25.083  -44.180  -14.470 0.6999999881
92077  23.936  -43.829  -14.345 0.6999999881
24084  24.871  -42.897  -13.876 0.6999999881
13453  33.378  -57.998  -20.001 0.5000000000
14295  32.569  -56.342  -19.515 0.5000000000
15101  32.386  -55.257  -19.178 0.5000000000
89090  30.490  -52.689  -18.516 0.4000000060
14293  33.769  -56.765  -19.252 0.5000000000
18020  31.052  -51.155  -18.459 0.5000000000
92361  30.311  -49.133  -18.190 0.6000000238
14283  33.393  -55.746  -17.892 0.6000000238
15089  33.694  -55.293  -18.542 0.5000000000
16560  32.889  -53.757  -17.944 0.5000000000
20223  29.226  -47.724  -18.169 0.6999999881
20980  28.119  -46.134  -17.726 0.6000000238
20986  28.691  -46.951  -17.993 0.6999999881
22618  27.722  -44.391  -17.384 0.6000000238
23387  26.920  -43.612  -16.108 0.6000000238
22619  26.487  -45.227  -16.651 0.6000000238
23377  26.285  -43.589  -15.044 0.6000000238
24083  26.007  -42.773  -13.851 0.6000000238
24096  24.656  -43.527  -14.138 0.6999999881
24823  23.920  -42.985  -14.232 0.6999999881
24095  25.610  -43.406  -14.245 0.6999999881
16568  31.425  -52.789  -18.552 0.4000000060
14294  33.486  -56.482  -19.359 0.5000000000
15864  32.138  -54.300  -18.943 0.4000000060
17299  31.418  -51.836  -18.449 0.5000000000
18700  30.831  -49.708  -18.231 0.6000000238
102033  33.224  -54.715  -18.867 0.4000000060
15095  33.714  -55.242  -18.864 0.4000000060
16566  32.605  -53.836  -18.443 0.4000000060
16561  32.482  -53.261  -18.069 0.4000000060
17295  32.197  -52.459  -18.025 0.4000000060
20985  29.906  -46.635  -18.333 0.6999999881
97658  29.232  -45.959  -18.280 0.6000000238
21807  28.463  -44.785  -17.928 0.6000000238
23394  27.865  -43.491  -17.081 0.6000000238
24816  24.070  -42.169  -13.995 0.6999999881
24815  25.236  -42.039  -13.523 0.6000000238
16567  32.089  -52.988  -18.298 0.4000000060
18703  31.861  -50.944  -18.320 0.4000000060
19451  30.725  -48.211  -18.362 0.6999999881
18019  32.038  -51.539  -18.195 0.4000000060
20222  30.406  -47.488  -18.404 0.8000000119
17291  31.879  -52.615  -17.265 0.5000000000
21812  29.008  -45.343  -18.220 0.6000000238
23386  27.882  -43.029  -16.384 0.5000000000
22617  28.502  -43.887  -17.540 0.6000000238
24824  23.144  -42.240  -14.473 0.6999999881
24814  26.564  -42.005  -13.599 0.6000000238
24094  26.714  -43.018  -14.649 0.6000000238
25517  23.461  -41.454  -14.205 0.8000000119
18699  31.440  -50.418  -18.214 0.5000000000
18693  31.869  -50.672  -18.161 0.5000000000
18683  31.266  -50.226  -17.114 0.6999999881
18016  31.857  -50.842  -17.733 0.4000000060
21811  29.525  -45.822  -18.147 0.6999999881
22621  28.944  -44.769  -17.743 0.6999999881
23393  28.420  -43.364  -17.045 0.6000000238
22616  28.768  -43.839  -17.339 0.6000000238
26260  23.079  -40.827  -14.404 0.6000000238
25516  24.230  -41.401  -13.658 0.6999999881
26251  23.577  -40.714  -13.912 0.6999999881
26249  25.485  -40.726  -12.833 0.6999999881
90202  25.050  -41.272  -13.226 0.6999999881
18695  31.071  -49.212  -17.585 0.5000000000
87734  31.029  -49.541  -18.059 0.6000000238
100058  30.729  -48.872  -18.238 0.6000000238
19436  30.287  -48.768  -16.553 0.6999999881
20219  30.893  -47.403  -18.215 0.6999999881
18684  30.411  -49.810  -16.282 0.6999999881
18005  30.940  -51.295  -16.396 0.6999999881
21805  30.243  -46.534  -18.067 0.6999999881
21806  29.725  -45.644  -17.664 0.6999999881
101918  28.093  -43.073  -16.208 0.5000000000
25526  22.463  -41.037  -14.506 0.5000000000
24093  27.261  -42.930  -14.838 0.6000000238
99634  27.639  -43.012  -15.716 0.6000000238
100713  23.199  -40.175  -14.250 0.6000000238
26252  23.064  -39.431  -14.327 0.5000000000
24082  26.934  -42.578  -14.056 0.6000000238
104066  23.249  -37.725  -13.787 0.5000000000
25515  26.110  -41.299  -13.228 0.6999999881
26250  24.371  -40.615  -13.195 0.6999999881
26244  24.163  -39.870  -12.850 0.5000000000
26242  26.019  -40.112  -12.455 0.6999999881
27004  24.597  -39.491  -12.102 0.6000000238
20979  30.860  -47.020  -18.196 0.6000000238
19448  31.004  -47.909  -17.776 0.6000000238
20209  29.348  -48.466  -15.640 0.6999999881
21793  29.120  -44.745  -17.114 0.6999999881
22605  28.551  -43.764  -16.725 0.6000000238
27011  22.888  -38.633  -14.369 0.4000000060
92506  27.555  -43.213  -15.101 0.5000000000
27010  23.221  -38.569  -14.152 0.4000000060
25514  26.974  -41.466  -13.471 0.6000000238
24813  27.117  -41.959  -13.677 0.6000000238
27005  23.604  -39.010  -12.924 0.5000000000
102118  23.514  -39.777  -13.742 0.5000000000
98482  23.859  -37.902  -11.489 0.4000000060
25509  26.378  -40.588  -12.874 0.6000000238
27003  25.660  -39.539  -12.025 0.6999999881
26243  25.005  -40.124  -12.490 0.6000000238
99832  25.247  -38.489  -11.259 0.5000000000
20208  30.445  -47.539  -17.014 0.6999999881
20967  30.136  -46.475  -17.342 0.6999999881
20200  28.373  -48.282  -14.808 0.6999999881
20958  28.190  -47.205  -14.995 0.6999999881
88856  29.537  -45.770  -17.114 0.6000000238
22606  28.191  -45.100  -15.629 0.6000000238
91652  27.274  -43.245  -13.976 0.6000000238
93235  27.116  -42.559  -13.848 0.6000000238
84514  23.442  -38.276  -12.292 0.4000000060
84513  23.163  -37.550  -12.371 0.5000000000
26241  26.871  -40.121  -12.634 0.6000000238
26992  25.957  -39.262  -11.563 0.6000000238
26993  25.276  -39.036  -11.563 0.5000000000
88653  29.280  -47.421  -16.003 0.6999999881
20968  29.183  -46.559  -16.300 0.6000000238
20947  27.392  -47.267  -13.642 0.6999999881
21785  27.708  -46.317  -14.579 0.6000000238
21794  28.610  -45.985  -15.993 0.6000000238
88019  27.569  -48.175  -13.848 0.6999999881
103201  27.352  -42.148  -13.298 0.6000000238
24806  27.301  -41.568  -13.213 0.5000000000
25508  27.083  -40.775  -13.161 0.6000000238
26231  26.455  -39.652  -12.092 0.6000000238
86059  25.660  -38.724  -11.162 0.5000000000
21776  27.297  -46.354  -13.340 0.6999999881
23376  27.429  -44.408  -13.842 0.6000000238
24799  27.717  -42.162  -12.461 0.6000000238
24076  27.472  -42.936  -12.920 0.6000000238
26229  27.445  -40.653  -11.972 0.6000000238
26230  27.074  -39.975  -12.008 0.6000000238
15847  31.690  -54.313  -15.854 0.5000000000
17281  31.237  -52.876  -16.214 0.5000000000
16554  30.692  -53.230  -15.206 0.5000000000
16553  31.244  -53.620  -15.737 0.5000000000
18006  30.344  -50.765  -15.800 0.6999999881
18001  29.333  -51.276  -14.775 0.6999999881
18000  30.114  -51.752  -15.187 0.5000000000
17271  30.097  -52.697  -14.625 0.5000000000
18676  29.514  -50.476  -15.234 0.6999999881
19437  29.215  -49.635  -15.203 0.6999999881
11044  32.743  -60.334  -18.305 0.3000000119
22608  24.713  -45.536  -15.442 0.6999999881
20981  26.788  -46.812  -16.939 0.6000000238
24097  23.101  -43.265  -14.538 0.6999999881
18015  32.083  -51.603  -17.895 0.6000000238
24105  27.279  -43.093  -15.529 0.6000000238
27857  23.092  -37.826  -14.323 0.5000000000
26994  24.297  -38.701  -11.635 0.5000000000
102809  27.800  -44.178  -15.277 0.5000000000
26240  27.249  -40.412  -12.589 0.6000000238
26991  26.477  -39.605  -11.435 0.6000000238
22595  27.513  -45.424  -14.232 0.6000000238
25507  27.583  -41.234  -12.440 0.6000000238
17994  28.272  -51.182  -13.198 0.6000000238
19395  29.938  -49.526  -11.409 0.6000000238
20181  30.648  -48.198  -12.101 0.4000000060
18642  28.211  -50.539  -11.873 0.5000000000
18667  27.935  -50.455  -13.316 0.6000000238
18023  28.270  -50.949  -17.338 0.5000000000
18702  28.990  -49.658  -17.683 0.5000000000
18696  27.602  -50.100  -16.982 0.5000000000
18641  28.808  -50.408  -11.393 0.5000000000
21764  31.327  -46.896  -12.730 0.4000000060
92113  26.658  -49.671  -16.448 0.5000000000
90410  29.014  -49.477  -11.214 0.6000000238
19449  27.494  -49.133  -17.061 0.5000000000
18002  28.585  -50.703  -14.292 0.6000000238
21775  31.956  -46.539  -13.233 0.4000000060
21774  32.604  -46.082  -13.797 0.4000000060
20917  30.066  -47.795  -11.701 0.4000000060
19450  25.708  -49.528  -15.981 0.5000000000
20221  26.394  -48.654  -16.461 0.5000000000
20210  25.419  -48.475  -16.036 0.5000000000
18655  27.769  -50.154  -12.497 0.6000000238
19424  27.610  -49.683  -13.211 0.6000000238
19423  28.151  -49.834  -14.115 0.6000000238
97375  26.290  -47.820  -16.526 0.5000000000
20983  24.679  -47.745  -15.892 0.5000000000
93975  24.344  -48.669  -15.652 0.4000000060
94537  27.731  -49.170  -11.791 0.5000000000
19396  28.262  -49.729  -11.541 0.5000000000
19410  27.514  -49.421  -12.406 0.6000000238
20193  27.341  -48.888  -13.055 0.6000000238
88530  27.262  -48.055  -12.855 0.6000000238
20201  27.856  -49.028  -13.924 0.6000000238
20933  30.645  -47.316  -12.183 0.4000000060
89212  31.471  -46.173  -12.763 0.4000000060
20969  23.996  -47.122  -15.757 0.5000000000
100176  23.439  -48.833  -15.409 0.4000000060
21810  24.998  -46.835  -16.019 0.6000000238
20211  23.681  -47.976  -15.612 0.4000000060
20165  28.880  -48.567  -11.268 0.6000000238
20167  27.672  -48.360  -11.722 0.6000000238
20920  27.591  -47.474  -11.755 0.6000000238
88668  27.358  -47.961  -12.153 0.6000000238
22585  32.468  -45.276  -13.511 0.4000000060
20970  23.027  -47.299  -15.518 0.4000000060
20971  22.073  -47.389  -15.553 0.4000000060
21750  29.823  -46.978  -11.612 0.6000000238
100836  28.888  -47.171  -11.344 0.6000000238
20918  29.308  -47.840  -11.394 0.6000000238
20919  28.302  -47.876  -11.363 0.5000000000
21752  28.044  -46.774  -11.434 0.6000000238
20934  27.277  -47.147  -12.483 0.6000000238
23368  32.969  -44.671  -13.789 0.4000000060
21797  23.395  -46.509  -15.478 0.6000000238
21798  22.469  -46.599  -15.498 0.5000000000
21799  21.561  -46.676  -15.677 0.5000000000
20972  21.154  -47.434  -15.928 0.5000000000
21765  30.705  -46.299  -12.159 0.4000000060
91591  29.920  -45.992  -11.528 0.5000000000
21751  29.042  -46.390  -11.411 0.5000000000
96116  28.316  -45.827  -11.427 0.5000000000
21753  27.510  -46.696  -11.861 0.6000000238
97083  27.675  -45.974  -11.701 0.6000000238
24074  32.295  -43.838  -12.456 0.4000000060
22576  31.992  -45.167  -12.931 0.4000000060
23364  32.357  -44.612  -13.093 0.4000000060
24081  32.886  -43.967  -13.288 0.4000000060
97079  23.170  -44.171  -14.703 0.6000000238
23365  31.769  -44.671  -12.460 0.4000000060
22597  22.292  -45.161  -15.147 0.6000000238
23351  31.083  -44.750  -11.884 0.4000000060
21766  27.319  -46.051  -12.327 0.6000000238
22578  27.385  -45.056  -12.567 0.6000000238
99698  22.546  -44.522  -14.915 0.6000000238
22611  21.937  -45.899  -15.435 0.5000000000
21786  20.192  -46.151  -15.456 0.5000000000
24075  31.580  -44.085  -11.762 0.4000000060
22564  30.529  -45.375  -11.779 0.4000000060
102043  29.877  -45.268  -11.446 0.5000000000
23353  29.309  -44.796  -11.350 0.5000000000
22566  27.891  -45.076  -11.567 0.5000000000
99455  32.958  -43.295  -12.833 0.4000000060
23380  21.810  -44.511  -14.931 0.5000000000
23381  20.957  -44.491  -14.913 0.5000000000
22565  28.572  -45.121  -11.401 0.4000000060
100444  27.500  -45.383  -11.919 0.4000000060
23355  27.578  -44.623  -11.969 0.6000000238
23369  27.483  -43.990  -12.862 0.4000000060
24805  32.663  -42.881  -12.157 0.4000000060
24061  32.000  -43.281  -11.545 0.4000000060
25525  22.901  -41.455  -14.515 0.5000000000
99319  22.259  -43.760  -14.746 0.5000000000
97717  21.436  -43.939  -14.745 0.5000000000
23382  20.130  -44.385  -14.691 0.4000000060
24099  21.451  -43.198  -14.678 0.4000000060
24064  29.512  -43.913  -11.140 0.5000000000
104088  28.923  -43.667  -11.132 0.6000000238
101236  27.971  -44.096  -11.648 0.4000000060
105096  27.681  -43.797  -12.120 0.4000000060
24065  28.553  -43.296  -11.303 0.5000000000
24825  22.341  -41.827  -14.650 0.5000000000
24798  28.232  -42.398  -11.522 0.5000000000
24770  29.172  -41.932  -9.943 0.5000000000
26218  26.921  -40.093  -10.961 0.5000000000
24785  28.803  -42.335  -10.735 0.5000000000
27016  22.429  -39.594  -14.346 0.4000000060
26217  27.377  -40.599  -11.236 0.4000000060
101529  27.297  -40.572  -10.435 0.4000000060
25497  27.778  -41.172  -11.524 0.5000000000
24786  28.237  -41.701  -11.102 0.5000000000
94836  27.951  -41.747  -11.828 0.5000000000
25480  28.491  -41.615  -10.280 0.5000000000
25470  28.089  -41.280  -9.746 0.5000000000
25481  27.849  -41.086  -10.557 0.4000000060
20982  25.695  -47.377  -16.273 0.5000000000
22609  23.771  -45.792  -15.245 0.6000000238
97175  27.315  -45.531  -13.188 0.6000000238
20212  22.639  -48.223  -15.402 0.4000000060
22577  31.333  -45.438  -12.497 0.4000000060
22596  23.234  -45.045  -15.013 0.6000000238
22610  22.842  -45.837  -15.295 0.6000000238
92104  20.813  -48.042  -15.881 0.5000000000
21800  20.684  -46.776  -15.955 0.5000000000
22612  21.037  -45.991  -15.490 0.5000000000
22598  21.402  -45.207  -15.192 0.5000000000
23354  28.584  -44.289  -11.376 0.5000000000
22599  20.403  -45.245  -15.128 0.5000000000
23352  30.255  -44.591  -11.385 0.5000000000
24098  22.305  -42.734  -14.691 0.6000000238
9377  34.085  -61.359  -8.482 0.3000000119
93383  33.176  -59.977  -8.995 0.3000000119
10942  34.480  -59.817  -9.528 0.3000000119
91043  33.592  -60.255  -10.891 0.3000000119
102099  34.009  -59.700  -10.430 0.3000000119
10973  34.774  -59.982  -11.415 0.3000000119
10180  33.939  -61.305  -11.580 0.3000000119
10995  37.541  -60.074  -13.919 0.3000000119
10989  35.607  -60.397  -12.253 0.3000000119
9426  35.565  -61.917  -12.797 0.3000000119
10196  36.414  -60.901  -12.926 0.3000000119
10211  37.016  -61.048  -14.407 0.3000000119
10213  35.972  -61.932  -13.458 0.4000000060
9444  34.560  -63.186  -13.365 0.4000000060
8594  34.083  -63.584  -12.963 0.3000000119
11038  36.643  -60.305  -16.477 0.3000000119
11024  36.436  -60.973  -15.953 0.4000000060
10245  35.525  -61.907  -15.427 0.4000000060
9443  35.314  -62.617  -13.575 0.4000000060
11037  37.341  -60.092  -16.449 0.3000000119
96589  34.542  -62.688  -14.212 0.4000000060
12569  36.716  -57.908  -17.356 0.4000000060
11834  36.840  -59.571  -16.918 0.4000000060
8615  33.960  -63.272  -13.639 0.4000000060
89642  33.694  -62.770  -14.119 0.3000000119
11835  36.124  -59.651  -16.490 0.4000000060
11025  35.904  -60.469  -16.117 0.3000000119
92357  35.645  -61.235  -15.832 0.4000000060
12562  36.324  -58.625  -16.829 0.4000000060
11007  34.436  -60.936  -15.077 0.5000000000
11026  34.913  -61.541  -15.550 0.4000000060
13420  32.724  -57.431  -17.704 0.5000000000
13406  36.418  -57.518  -16.694 0.4000000060
95215  34.100  -62.351  -14.720 0.4000000060
11842  32.027  -59.846  -17.342 0.3000000119
91500  31.480  -58.772  -16.235 0.4000000060
11009  31.921  -60.885  -14.010 0.3000000119
17296  28.780  -52.306  -17.814 0.4000000060
16563  28.458  -53.391  -17.844 0.4000000060
102963  32.692  -53.894  -17.453 0.4000000060
91287  31.811  -53.477  -16.545 0.4000000060
15854  32.972  -54.387  -17.441 0.4000000060
12552  35.772  -58.976  -16.031 0.4000000060
11825  35.168  -60.712  -15.766 0.5000000000
15082  32.922  -55.163  -17.168 0.4000000060
14284  32.742  -56.583  -17.537 0.4000000060
12551  36.050  -57.961  -15.826 0.4000000060
12572  32.024  -58.970  -17.224 0.4000000060
10226  34.163  -61.798  -15.047 0.4000000060
12563  31.924  -58.060  -17.030 0.5000000000
10227  33.323  -62.008  -14.223 0.5000000000
12553  31.304  -58.713  -15.138 0.4000000060
89951  31.396  -60.225  -16.413 0.4000000060
10214  32.698  -61.236  -13.962 0.3000000119
11826  31.226  -59.614  -15.494 0.4000000060
18017  27.280  -52.086  -17.061 0.4000000060
17292  31.501  -51.896  -16.891 0.4000000060
11824  35.518  -59.866  -15.897 0.4000000060
15846  32.307  -54.823  -16.395 0.4000000060
14274  32.445  -56.005  -16.975 0.5000000000
11809  35.364  -59.211  -15.252 0.4000000060
11810  34.840  -59.904  -14.950 0.4000000060
14262  31.897  -56.213  -15.971 0.5000000000
99577  35.650  -58.337  -14.872 0.4000000060
12536  34.990  -58.871  -14.412 0.4000000060
11811  33.846  -60.218  -14.275 0.5000000000
15074  32.254  -55.486  -16.402 0.4000000060
13392  31.582  -57.120  -15.379 0.5000000000
12519  35.204  -58.045  -13.999 0.4000000060
10997  32.723  -60.371  -13.797 0.5000000000
13407  31.519  -57.919  -15.875 0.4000000060
10998  32.002  -60.063  -13.785 0.4000000060
11010  31.542  -60.112  -14.171 0.4000000060
102566  31.170  -60.114  -14.717 0.4000000060
103677  31.773  -54.929  -15.672 0.4000000060
16544  30.896  -54.124  -14.960 0.3000000119
11794  34.175  -59.287  -13.966 0.4000000060
15075  31.766  -55.532  -15.518 0.4000000060
88857  21.597  -48.104  -15.496 0.4000000060
91066  34.722  -57.688  -13.446 0.4000000060
12520  34.453  -58.406  -13.650 0.4000000060
11795  33.210  -59.547  -13.589 0.5000000000
11796  32.381  -59.597  -13.515 0.5000000000
15065  31.288  -55.943  -14.328 0.5000000000
86988  33.953  -57.825  -13.051 0.4000000060
11797  31.749  -59.501  -13.748 0.4000000060
87897  31.400  -57.973  -14.751 0.4000000060
11812  31.320  -59.385  -14.374 0.4000000060
89388  31.487  -58.115  -13.804 0.4000000060
99576  31.256  -55.034  -14.862 0.3000000119
12521  33.438  -58.663  -13.260 0.4000000060
13356  33.030  -57.939  -12.745 0.4000000060
101703  32.709  -59.070  -13.263 0.4000000060
12522  32.088  -58.951  -13.372 0.5000000000
13342  33.497  -57.207  -12.582 0.4000000060
14219  32.934  -56.602  -12.239 0.4000000060
13357  31.881  -58.197  -13.153 0.4000000060
13375  31.406  -57.319  -14.242 0.4000000060
17272  29.380  -52.146  -13.975 0.4000000060
101321  32.341  -57.891  -12.784 0.4000000060
9446  30.089  -62.676  -13.376 0.3000000119
11823  37.899  -59.918  -15.945 0.3000000119
12561  37.195  -58.765  -17.342 0.4000000060
12535  36.086  -57.475  -14.772 0.4000000060
13355  35.396  -57.200  -13.634 0.4000000060
16545  30.233  -53.671  -13.990 0.3000000119
14218  33.904  -56.414  -12.453 0.4000000060
17263  29.701  -52.968  -13.597 0.4000000060
15835  30.628  -54.662  -13.851 0.4000000060
87725  30.894  -55.523  -13.593 0.4000000060
13343  32.602  -57.307  -12.509 0.4000000060
13344  31.956  -57.386  -12.735 0.4000000060
13358  31.540  -57.447  -13.277 0.4000000060
97357  31.114  -56.206  -13.311 0.3000000119
15041  32.414  -55.940  -11.958 0.4000000060
13391  31.997  -57.024  -16.688 0.4000000060
17993  28.732  -51.889  -12.968 0.4000000060
10943  32.606  -59.752  -9.365 0.3000000119
10199  29.333  -61.532  -12.224 0.3000000119
9431  30.167  -62.137  -12.584 0.3000000119
11006  37.559  -60.349  -14.750 0.3000000119
9427  34.703  -62.943  -12.648 0.4000000060
10225  36.804  -61.147  -15.230 0.3000000119
11023  37.295  -60.510  -15.800 0.3000000119
9455  36.275  -61.837  -14.805 0.4000000060
9456  35.426  -62.357  -14.642 0.4000000060
12560  38.161  -58.856  -16.919 0.3000000119
14273  36.735  -57.108  -17.355 0.4000000060
11008  33.508  -61.079  -14.314 0.5000000000
13374  35.690  -57.654  -14.244 0.4000000060
12523  31.577  -58.833  -13.714 0.4000000060
95807  29.655  -51.264  -11.381 0.4000000060
17977  28.874  -51.263  -11.600 0.4000000060
18639  30.629  -49.997  -11.557 0.4000000060
19409  30.657  -49.088  -11.849 0.3000000119
18640  29.634  -50.379  -11.355 0.5000000000
17984  28.926  -52.053  -12.043 0.4000000060
17985  28.409  -51.339  -12.266 0.4000000060
18674  35.739  -50.624  -15.525 0.3000000119
18666  34.909  -50.921  -14.797 0.3000000119
20956  33.928  -47.470  -14.985 0.3000000119
90664  32.484  -47.968  -13.571 0.3000000119
20945  32.483  -47.009  -13.711 0.3000000119
18675  34.537  -49.999  -14.737 0.3000000119
19429  34.307  -48.984  -14.876 0.3000000119
18682  36.593  -50.386  -16.013 0.3000000119
19435  35.573  -49.799  -15.598 0.3000000119
21784  33.041  -46.685  -14.140 0.3000000119
22594  33.103  -45.327  -14.255 0.3000000119
20207  35.386  -48.998  -15.722 0.3000000119
21792  34.040  -46.714  -15.293 0.3000000119
90530  33.486  -46.868  -14.619 0.3000000119
21804  36.024  -47.664  -16.953 0.3000000119
22603  34.539  -45.410  -16.164 0.3000000119
91747  36.488  -46.668  -17.509 0.3000000119
22615  35.452  -45.716  -17.149 0.3000000119
20977  36.781  -48.297  -16.761 0.3000000119
22604  33.721  -45.264  -15.193 0.3000000119
23375  33.565  -44.483  -14.800 0.3000000119
23367  33.335  -44.014  -14.001 0.3000000119
94435  34.085  -45.962  -15.459 0.3000000119
24092  33.809  -43.503  -14.649 0.3000000119
22614  36.294  -45.231  -18.035 0.3000000119
23384  35.062  -44.603  -17.191 0.3000000119
23385  34.296  -44.561  -15.915 0.3000000119
24103  34.689  -42.939  -16.696 0.3000000119
24080  33.473  -43.204  -13.612 0.3000000119
24797  32.445  -42.409  -11.339 0.3000000119
24796  33.086  -42.049  -11.937 0.3000000119
25496  32.901  -41.691  -11.251 0.3000000119
20946  31.873  -47.361  -13.200 0.3000000119
93600  30.517  -50.941  -11.425 0.5000000000
20957  33.207  -47.496  -14.215 0.3000000119
20180  31.788  -48.052  -13.110 0.3000000119
20966  34.824  -47.520  -15.904 0.3000000119
20965  35.791  -48.444  -16.355 0.3000000119
21783  33.374  -46.085  -14.652 0.3000000119
21791  34.962  -46.534  -16.383 0.3000000119
23392  35.724  -44.055  -18.061 0.3000000119
24108  35.119  -43.393  -17.554 0.3000000119
22620  36.993  -44.975  -18.245 0.3000000119
24104  34.272  -43.738  -15.665 0.3000000119
15816  30.680  -55.068  -12.765 0.3000000119
15053  31.076  -55.839  -12.600 0.4000000060
15776  31.605  -54.611  -11.374 0.4000000060
101548  31.407  -55.129  -11.632 0.4000000060
15817  30.216  -54.320  -12.868 0.3000000119
16501  31.071  -53.828  -11.282 0.4000000060
17245  31.630  -52.991  -11.423 0.3000000119
15798  30.477  -54.618  -12.038 0.4000000060
17246  30.748  -52.907  -11.310 0.4000000060
102493  31.237  -52.283  -11.414 0.3000000119
16503  29.837  -53.438  -11.844 0.3000000119
16502  30.413  -54.036  -11.638 0.4000000060
17254  29.440  -52.739  -11.897 0.3000000119
17247  29.965  -52.808  -11.442 0.4000000060
16533  29.738  -53.519  -12.709 0.3000000119
104580  29.515  -53.127  -12.221 0.3000000119
94719  29.259  -52.684  -12.696 0.3000000119
17975  30.404  -51.978  -11.328 0.4000000060
15777  30.949  -54.630  -11.551 0.4000000060
13405  38.516  -58.051  -17.230 0.3000000119
15042  31.615  -55.828  -12.052 0.3000000119
14270  40.332  -56.561  -15.664 0.3000000119
13403  39.677  -57.421  -15.883 0.3000000119
93970  39.120  -57.256  -17.111 0.3000000119
13418  37.113  -57.402  -17.684 0.3000000119
15025  30.984  -55.250  -11.955 0.3000000119
14220  32.108  -56.636  -12.342 0.3000000119
15078  40.551  -54.928  -16.720 0.3000000119
14280  39.049  -56.299  -17.726 0.3000000119
15079  39.654  -55.576  -17.307 0.3000000119
14282  37.609  -56.763  -17.909 0.3000000119
14261  36.792  -56.646  -16.629 0.3000000119
15829  41.751  -53.746  -15.009 0.3000000119
15851  40.517  -54.014  -17.068 0.3000000119
15850  41.228  -53.881  -16.331 0.3000000119
14281  38.382  -56.076  -17.988 0.3000000119
15086  39.067  -55.331  -17.747 0.3000000119
15844  39.776  -53.052  -16.761 0.3000000119
15853  38.942  -53.907  -17.291 0.3000000119
15081  37.734  -55.550  -17.260 0.3000000119
15087  38.471  -55.101  -17.601 0.3000000119
91523  36.574  -56.932  -15.480 0.3000000119
13373  35.942  -57.143  -14.139 0.3000000119
100156  34.714  -56.138  -12.700 0.3000000119
15843  40.723  -52.830  -15.755 0.3000000119
14260  37.147  -56.021  -15.719 0.3000000119
14245  36.369  -56.709  -14.478 0.3000000119
15024  31.983  -55.293  -11.556 0.3000000119
15845  38.806  -53.713  -16.425 0.3000000119
89850  39.281  -53.757  -14.947 0.3000000119
15062  38.158  -54.286  -15.844 0.3000000119
15073  37.703  -55.282  -16.144 0.3000000119
15064  36.495  -55.886  -14.207 0.3000000119
14217  35.448  -56.211  -13.174 0.3000000119
15040  33.350  -55.821  -12.114 0.3000000119
15023  32.821  -55.235  -11.761 0.3000000119
16500  32.068  -53.837  -11.375 0.3000000119
14221  31.479  -56.643  -12.731 0.3000000119
102696  36.955  -55.168  -14.674 0.3000000119
14231  35.992  -56.529  -13.805 0.3000000119
15039  34.310  -55.570  -12.450 0.3000000119
13416  38.425  -57.049  -17.905 0.3000000119
95161  40.249  -55.908  -16.496 0.3000000119
14271  39.729  -56.548  -16.803 0.3000000119
9442  35.926  -62.156  -14.084 0.4000000060
9471  34.746  -62.193  -15.143 0.4000000060
10154  33.936  -60.185  -8.854 0.3000000119
10197  34.793  -61.565  -12.195 0.3000000119
10212  36.553  -61.526  -13.875 0.3000000119
10244  36.174  -61.531  -15.540 0.4000000060
10996  37.131  -60.457  -13.478 0.3000000119
11833  37.739  -59.528  -16.673 0.3000000119
11836  31.507  -59.464  -16.559 0.4000000060
11841  32.865  -59.363  -18.130 0.5000000000
11860  33.179  -58.609  -20.046 0.5000000000
12537  31.353  -58.634  -14.286 0.4000000060
12567  37.782  -58.351  -17.525 0.3000000119
12568  37.227  -58.049  -17.653 0.3000000119
12570  33.490  -57.753  -18.596 0.6000000238
12576  33.810  -57.981  -19.221 0.6000000238
13341  34.558  -56.988  -12.922 0.4000000060
13390  40.086  -57.221  -15.058 0.3000000119
13417  37.731  -57.672  -17.883 0.3000000119
13442  33.662  -57.494  -19.521 0.5000000000
14232  31.300  -56.724  -13.724 0.3000000119
14244  36.900  -56.024  -14.868 0.3000000119
14263  31.557  -56.454  -14.846 0.5000000000
14272  37.194  -56.398  -17.440 0.3000000119
14290  33.698  -56.042  -18.795 0.5000000000
15080  38.248  -54.569  -16.921 0.3000000119
15085  39.787  -54.598  -17.403 0.3000000119
15088  37.797  -55.949  -17.813 0.3000000119
15090  33.595  -54.889  -17.993 0.4000000060
15094  33.752  -55.373  -18.822 0.5000000000
15099  33.713  -55.847  -19.028 0.4000000060
15100  33.350  -55.563  -19.174 0.4000000060
15830  41.425  -53.433  -14.923 0.3000000119
15831  40.322  -53.646  -14.878 0.3000000119
15852  39.617  -53.523  -17.289 0.3000000119
15855  32.373  -54.046  -16.842 0.4000000060
15858  40.002  -53.685  -17.347 0.3000000119
15859  39.269  -54.296  -17.465 0.3000000119
15860  33.690  -54.947  -18.640 0.4000000060
15861  33.326  -54.364  -18.301 0.5000000000
16520  30.047  -54.046  -12.145 0.3000000119
16542  41.481  -53.108  -15.798 0.3000000119
16552  40.677  -52.844  -16.529 0.3000000119
16556  40.807  -53.229  -16.855 0.3000000119
16557  40.184  -53.062  -17.145 0.3000000119
16558  32.387  -53.362  -17.531 0.5000000000
17282  30.740  -52.292  -15.703 0.5000000000
17298  31.928  -52.244  -18.303 0.4000000060
17976  29.491  -52.053  -11.524 0.4000000060
18021  29.937  -51.632  -18.264 0.5000000000
18643  27.849  -49.809  -11.950 0.5000000000
18654  28.010  -50.796  -12.557 0.6000000238
18694  31.552  -50.223  -17.943 0.5000000000
19430  28.533  -49.088  -14.692 0.6999999881
19447  30.884  -48.351  -18.130 0.6000000238
20164  29.792  -48.644  -11.452 0.4000000060
20166  28.237  -48.887  -11.375 0.5000000000
20182  27.385  -48.667  -12.269 0.6000000238
20199  34.585  -48.243  -15.410 0.3000000119
20213  21.964  -48.890  -15.173 0.4000000060
20214  21.024  -48.694  -15.381 0.5000000000
20978  30.651  -47.026  -18.537 0.6999999881
20984  30.731  -47.001  -18.328 0.6999999881
22586  31.980  -45.769  -13.120 0.4000000060
22613  37.122  -45.992  -18.012 0.3000000119
23395  27.010  -44.246  -16.691 0.6000000238
24066  27.932  -43.148  -11.897 0.5000000000
24833  35.240  -42.104  -17.769 0.3000000119
26261  22.743  -40.252  -14.415 0.5000000000
87128  28.166  -51.931  -17.463 0.5000000000
90966  27.138  -48.668  -16.872 0.6999999881
93436  28.799  -51.477  -13.859 0.4000000060
94286  39.458  -53.302  -15.642 0.3000000119
95172  29.194  -45.577  -11.417 0.5000000000
96023  32.524  -58.494  -12.976 0.4000000060
97179  37.273  -55.990  -16.648 0.3000000119
97226  30.371  -53.426  -11.430 0.4000000060
97231  34.607  -43.860  -16.663 0.3000000119
97678  33.390  -59.722  -9.640 0.3000000119
100364  37.064  -56.908  -17.691 0.4000000060
101677  29.193  -50.850  -11.375 0.5000000000
103277  33.788  -57.343  -19.286 0.6000000238
104167  33.614  -57.004  -19.483 0.5000000000
104425  29.528  -62.253  -12.897 0.3000000119
105277  32.058  -50.970  -18.170 0.5000000000
