#Insight Transform File V1.0
#Transform 0
Transform: AffineTransform_float_3_3
Parameters: 1 -6.97339e-05 0.000695217 6.62271e-05 0.999987 0.00498298 -0.000695693 -0.00498293 0.999988 -0.012668 -0.223253 0.0791876
FixedParameters: 0 0 0

#Transform 1
Transform: AffineTransform_float_3_3
Parameters: 1 -0.00014067 0.000413821 0.000138789 0.999986 0.00516093 -0.000414141 -0.00516077 0.999986 -0.00282502 -0.212098 0.060458
FixedParameters: 0 0 0

#Transform 2
Transform: AffineTransform_float_3_3
Parameters: 1 -7.28957e-05 0.00039626 7.06761e-05 0.99999 0.00449295 -0.000396617 -0.00449286 0.99999 -0.00860975 -0.206703 0.0788464
FixedParameters: 0 0 0

#Transform 3
Transform: AffineTransform_float_3_3
Parameters: 1 0.000134352 0.0006651 -0.000136993 0.99999 0.00458022 -0.000664491 -0.00458027 0.99999 -0.0136932 -0.225242 0.0610183
FixedParameters: 0 0 0

#Transform 4
Transform: AffineTransform_float_3_3
Parameters: 0.999999 0.0001006 0.00095233 -0.000104424 0.99999 0.00430113 -0.000951931 -0.00430131 0.999991 -0.0268326 -0.200302 0.0731023
FixedParameters: 0 0 0

#Transform 5
Transform: AffineTransform_float_3_3
Parameters: 1 -0.000279174 0.000545304 0.000277282 0.999989 0.00477131 -0.000545705 -0.00477194 0.999989 -0.00658687 -0.182952 0.0822262
FixedParameters: 0 0 0

#Transform 6
Transform: AffineTransform_float_3_3
Parameters: 0.999999 0.000133788 0.000970724 -0.000139289 0.999986 0.00517024 -0.000970108 -0.00517048 0.999986 -0.0177432 -0.187922 0.057383
FixedParameters: 0 0 0

#Transform 7
Transform: AffineTransform_float_3_3
Parameters: 0.999999 -7.6645e-05 0.000949233 7.17766e-05 0.999988 0.00490993 -0.00094962 -0.00491064 0.999987 -0.0182607 -0.188829 0.0568741
FixedParameters: 0 0 0

#Transform 8
Transform: AffineTransform_float_3_3
Parameters: 1 -0.000318823 0.000427207 0.000316581 0.999992 0.00405557 -0.000428361 -0.00405629 0.999991 -4.50666e-05 -0.161236 0.0586282
FixedParameters: 0 0 0

#Transform 9
Transform: AffineTransform_float_3_3
Parameters: 0.999999 0.00011889 0.000962459 -0.000123602 0.999989 0.00477972 -0.000961937 -0.00477978 0.999988 -0.0177161 -0.17437 0.057745
FixedParameters: 0 0 0

#Transform 10
Transform: AffineTransform_float_3_3
Parameters: 0.999999 -0.000189855 0.00078074 0.000186544 0.999991 0.00418226 -0.000780804 -0.00418189 0.999991 -0.0122242 -0.19362 0.0728485
FixedParameters: 0 0 0

#Transform 11
Transform: AffineTransform_float_3_3
Parameters: 0.999999 8.65259e-05 0.000944558 -9.06307e-05 0.999992 0.00393254 -0.00094426 -0.00393258 0.999992 -0.0174697 -0.174185 0.0568758
FixedParameters: 0 0 0

#Transform 12
Transform: AffineTransform_float_3_3
Parameters: 1 -0.000288334 0.000365575 0.000286668 0.999993 0.0038965 -0.000366377 -0.00389629 0.999993 0.00186427 -0.170027 0.0394316
FixedParameters: 0 0 0

#Transform 13
Transform: AffineTransform_float_3_3
Parameters: 1 -8.76003e-05 0.00073076 8.45772e-05 0.999994 0.00362968 -0.000731782 -0.00362947 0.999993 -0.0106809 -0.151665 0.0578098
FixedParameters: 0 0 0

#Transform 14
Transform: AffineTransform_float_3_3
Parameters: 1 -0.000261971 0.000499811 0.000259602 0.999993 0.00354031 -0.000501057 -0.00354003 0.999993 -0.00324861 -0.119697 0.078543
FixedParameters: 0 0 0

#Transform 15
Transform: AffineTransform_float_3_3
Parameters: 1 -0.000395137 0.000298418 0.000393336 0.999994 0.00323643 -0.000300366 -0.00323621 0.999994 0.00374022 -0.1111 0.0690587
FixedParameters: 0 0 0

#Transform 16
Transform: AffineTransform_float_3_3
Parameters: 1 0.000158036 0.000108213 -0.000158452 0.999997 0.0027032 -0.00010767 -0.00270322 0.999997 -0.000388255 -0.0933635 0.0433615
FixedParameters: 0 0 0

#Transform 17
Transform: AffineTransform_float_3_3
Parameters: 1 -0.000214376 0.000488217 0.000212628 0.999995 0.00290506 -0.000488701 -0.00290483 0.999995 -0.0131891 -0.0953278 0.0220128
FixedParameters: 0 0 0

#Transform 18
Transform: AffineTransform_float_3_3
Parameters: 1 3.77102e-05 0.00035797 -3.7705e-05 0.999999 0.00144243 -0.000357865 -0.00144242 0.999999 -0.00681517 -0.0415157 0.0416897
FixedParameters: 0 0 0

#Transform 19
Transform: AffineTransform_float_3_3
Parameters: 1 3.05669e-05 0.000458393 -3.0757e-05 1 0.000207356 -0.00045838 -0.000207384 1 -0.0125946 -0.000149548 0.0423767
FixedParameters: 0 0 0

#Transform 20
Transform: AffineTransform_float_3_3
Parameters: 1 0.000152942 6.25548e-05 -0.000152976 1 0.000271962 -6.24716e-05 -0.000271981 1 0.00137279 -0.00146097 0.0272689
FixedParameters: 0 0 0

#Transform 21
Transform: AffineTransform_float_3_3
Parameters: 1 6.26518e-05 0.00047586 -6.35963e-05 1 0.00103652 -0.000475807 -0.00103658 1 -0.0107118 -0.0338731 -0.024637
FixedParameters: 0 0 0

#Transform 22
Transform: AffineTransform_float_3_3
Parameters: 1 -0.000267332 0.000304641 0.000267626 0.999999 0.00122036 -0.000305297 -0.00122015 0.999999 -0.00540734 -0.0248793 -0.0153993
FixedParameters: 0 0 0

#Transform 23
Transform: AffineTransform_float_3_3
Parameters: 1 -0.000351712 0.000452111 0.000350352 0.999999 0.00146982 -0.000452227 -0.00146953 0.999999 -0.0105441 -0.0376762 -0.0121064
FixedParameters: 0 0 0

#Transform 24
Transform: AffineTransform_float_3_3
Parameters: 1 -0.000477219 -8.65822e-05 0.000477431 1 0.000986411 8.55623e-05 -0.000986492 1 3.90481e-05 -0.0229922 -0.0129098
FixedParameters: 0 0 0

#Transform 25
Transform: AffineTransform_float_3_3
Parameters: 1 -0.000358086 -0.0002885 0.000358056 1 -5.20853e-05 0.000288538 5.18787e-05 1 0.0191073 0.0181599 -0.0756645
FixedParameters: 0 0 0

#Transform 26
Transform: AffineTransform_float_3_3
Parameters: 1 -0.000322555 -0.000511337 0.000322901 1 0.000409605 0.000512067 -0.00040996 1 0.0227056 -0.0317994 -0.0748207
FixedParameters: 0 0 0

#Transform 27
Transform: AffineTransform_float_3_3
Parameters: 1 -0.0003241 -0.000512145 0.000324407 1 0.000370643 0.000512898 -0.000370999 1 0.0266659 0.0121778 -0.062223
FixedParameters: 0 0 0

#Transform 28
Transform: AffineTransform_float_3_3
Parameters: 1 -0.000330955 -0.000515725 0.000331159 1 0.000197812 0.000515594 -0.000198153 1 0.0266866 0.0224047 -0.0566764
FixedParameters: 0 0 0

#Transform 29
Transform: AffineTransform_float_3_3
Parameters: 1 -0.000342883 -0.000521952 0.000342776 1 -0.000102899 0.000522022 0.000102542 1 0.02368 0.00383123 -0.0809379
FixedParameters: 0 0 0

#Transform 30
Transform: AffineTransform_float_3_3
Parameters: 1 -0.000360843 -0.000531291 0.000360211 0.999999 -0.000554471 0.000531706 0.000555076 0.999999 0.0241173 0.0400449 -0.0729109
FixedParameters: 0 0 0

#Transform 31
Transform: AffineTransform_float_3_3
Parameters: 1 -0.000405993 -0.000554842 0.000405191 0.999999 -0.00169334 0.000556135 0.00169293 0.999999 0.0237136 0.083567 -0.0401743
FixedParameters: 0 0 0

#Transform 32
Transform: AffineTransform_float_3_3
Parameters: 1 -0.000405794 -0.00055474 0.000404999 0.999999 -0.00168834 0.000556027 0.00168793 0.999999 0.024242 0.0899636 -0.0499025
FixedParameters: 0 0 0

#Transform 33
Transform: AffineTransform_float_3_3
Parameters: 1 -0.000772703 -0.000740765 0.000771416 0.999999 -0.00161735 0.000742265 0.00161627 0.999999 0.0294187 0.07225 -0.0374146
FixedParameters: 0 0 0

#Transform 34
Transform: AffineTransform_float_3_3
Parameters: 0.999999 -0.000616177 -0.000485796 0.000615156 0.999999 -0.00116814 0.000486162 0.00116757 0.999999 0.0193284 0.0651144 -0.0457712
FixedParameters: 0 0 0

#Transform 35
Transform: AffineTransform_float_3_3
Parameters: 0.999999 -0.000769518 -0.000844115 0.000768948 0.999999 -0.000995765 0.000844649 0.000994529 0.999999 0.0324072 0.0520752 -0.0854534
FixedParameters: 0 0 0

#Transform 36
Transform: AffineTransform_float_3_3
Parameters: 0.999999 -0.000387435 -0.000898129 0.000385199 0.999998 -0.00184514 0.000899474 0.00184449 0.999998 0.0348757 0.0618538 -0.0756281
FixedParameters: 0 0 0

#Transform 37
Transform: AffineTransform_float_3_3
Parameters: 0.999999 -0.000702977 -0.000572375 0.000701384 0.999998 -0.00145432 0.000573361 0.00145453 0.999999 0.0241786 0.0390434 -0.0676173
FixedParameters: 0 0 0

#Transform 38
Transform: AffineTransform_float_3_3
Parameters: 1 -0.000737596 -0.000826112 0.000736264 0.999998 -0.00142679 0.000827311 0.00142662 0.999998 0.0410652 0.0413683 -0.0663797
FixedParameters: 0 0 0

#Transform 39
Transform: AffineTransform_float_3_3
Parameters: 0.999999 -0.000587244 -0.000769617 0.000586191 0.999999 -0.00140567 0.000770269 0.00140483 0.999998 0.0330483 0.0556689 -0.0865164
FixedParameters: 0 0 0

#Transform 40
Transform: AffineTransform_float_3_3
Parameters: 1 -0.000748017 -0.000779924 0.000746891 0.999998 -0.00137928 0.000781083 0.00137916 0.999999 0.0440134 0.0631991 -0.0646141
FixedParameters: 0 0 0

#Transform 41
Transform: AffineTransform_float_3_3
Parameters: 0.999999 -0.000397018 -0.00077371 0.000395177 0.999998 -0.00185836 0.000775116 0.00185877 0.999998 0.0329343 0.082697 -0.0678224
FixedParameters: 0 0 0

#Transform 42
Transform: AffineTransform_float_3_3
Parameters: 1 -0.000689297 -0.000954012 0.000687634 0.999998 -0.00143104 0.000955063 0.00142979 0.999998 0.0385822 0.0693276 -0.0641638
FixedParameters: 0 0 0

#Transform 43
Transform: AffineTransform_float_3_3
Parameters: 1 -0.000734191 -0.000931405 0.000731865 0.999998 -0.0018442 0.000933111 0.0018429 0.999998 0.0380277 0.0900523 -0.0633518
FixedParameters: 0 0 0

#Transform 44
Transform: AffineTransform_float_3_3
Parameters: 1 -0.00076124 -0.000987336 0.000759642 0.999998 -0.00189105 0.000988312 0.00189066 0.999997 0.0501304 0.0886681 -0.0808003
FixedParameters: 0 0 0

#Transform 45
Transform: AffineTransform_float_3_3
Parameters: 1 -0.000405833 -0.00103377 0.000402773 0.999996 -0.00252137 0.00103473 0.00252049 0.999997 0.0550582 0.108218 -0.0948006
FixedParameters: 0 0 0

#Transform 46
Transform: AffineTransform_float_3_3
Parameters: 1 -0.000667886 -0.000991838 0.00066545 0.999997 -0.00230894 0.000993916 0.00230772 0.999997 0.0532448 0.0956779 -0.0907415
FixedParameters: 0 0 0

#Transform 47
Transform: AffineTransform_float_3_3
Parameters: 1 -0.000440804 -0.000987589 0.000437621 0.999995 -0.00328165 0.000988335 0.00328194 0.999994 0.0392703 0.107959 -0.0568388
FixedParameters: 0 0 0

#Transform 48
Transform: AffineTransform_float_3_3
Parameters: 0.999999 -0.000586004 -0.00146015 0.000580772 0.999993 -0.00361785 0.00146222 0.00361723 0.999993 0.0650499 0.123365 -0.039979
FixedParameters: 0 0 0

#Transform 49
Transform: AffineTransform_float_3_3
Parameters: 0.999999 -0.000705826 -0.00109559 0.000702762 0.999995 -0.002867 0.00109756 0.00286646 0.999996 0.0520799 0.105866 -0.0787631
FixedParameters: 0 0 0

#Transform 50
Transform: AffineTransform_float_3_3
Parameters: 0.999999 -0.000729971 -0.000638073 0.000728686 0.999996 -0.00280921 0.00064002 0.00280841 0.999996 0.0285628 0.12585 -0.0762051
FixedParameters: 0 0 0

#Transform 51
Transform: AffineTransform_float_3_3
Parameters: 1 -0.000674584 -0.00107935 0.000672267 0.999997 -0.00206575 0.00108015 0.00206526 0.999998 0.0443095 0.10936 -0.0915281
FixedParameters: 0 0 0

#Transform 52
Transform: AffineTransform_float_3_3
Parameters: 0.999999 -0.000456262 -0.00149877 0.000449164 0.999989 -0.00450982 0.00150152 0.00450858 0.999988 0.0547455 0.177901 -0.00018455
FixedParameters: 0 0 0

#Transform 53
Transform: AffineTransform_float_3_3
Parameters: 0.999998 -0.000414496 -0.00168918 0.000404385 0.999982 -0.00585187 0.00169226 0.00585157 0.999982 0.0528078 0.215582 -0.0357036
FixedParameters: 0 0 0

#Transform 54
Transform: AffineTransform_float_3_3
Parameters: 1 -0.00062821 -0.00113977 0.000621026 0.999984 -0.00569978 0.00114305 0.00569962 0.999983 0.0232219 0.219401 -0.000535204
FixedParameters: 0 0 0

#Transform 55
Transform: AffineTransform_float_3_3
Parameters: 1 -0.000513075 -0.00114179 0.00050575 0.99998 -0.00626264 0.00114416 0.00626181 0.999979 0.0350254 0.235589 -0.0692363
FixedParameters: 0 0 0

#Transform 56
Transform: AffineTransform_float_3_3
Parameters: 0.999999 -0.000682931 -0.00112128 0.000677562 0.99999 -0.00443181 0.00112393 0.00443052 0.999989 0.0368838 0.176908 -0.0406994
FixedParameters: 0 0 0

#Transform 57
Transform: AffineTransform_float_3_3
Parameters: 0.999999 -0.000718739 -0.000568846 0.000716341 0.999991 -0.00434257 0.000572459 0.00434189 0.999991 0.0173252 0.197925 -0.01848
FixedParameters: 0 0 0

#Transform 58
Transform: AffineTransform_float_3_3
Parameters: 0.999999 -0.000800986 -0.00111073 0.000796919 0.999994 -0.00334648 0.00111295 0.00334588 0.999994 0.0417093 0.159133 -0.0401772
FixedParameters: 0 0 0

#Transform 59
Transform: AffineTransform_float_3_3
Parameters: 1 -0.000662845 -0.0011007 0.000659788 0.999994 -0.0033369 0.00110305 0.00333663 0.999994 0.0366479 0.115304 -0.0782555
FixedParameters: 0 0 0

#Transform 60
Transform: AffineTransform_float_3_3
Parameters: 0.999999 -0.000759957 -0.00132886 0.000755904 0.999996 -0.0027361 0.00133094 0.00273509 0.999996 0.0451897 0.088087 -0.105842
FixedParameters: 0 0 0

#Transform 61
Transform: AffineTransform_float_3_3
Parameters: 1 -0.000633509 -0.00109886 0.000629437 0.999994 -0.0033521 0.00110096 0.00335187 0.999994 0.036974 0.107097 -0.0898167
FixedParameters: 0 0 0

#Transform 62
Transform: AffineTransform_float_3_3
Parameters: 0.999999 -0.000740645 -0.00145533 0.000735222 0.999992 -0.00409055 0.00145815 0.00408955 0.999991 0.0661967 0.129313 -0.056826
FixedParameters: 0 0 0

#Transform 63
Transform: AffineTransform_float_3_3
Parameters: 0.999999 -0.000496406 -0.00153631 0.000488143 0.999987 -0.0051672 0.00153886 0.00516685 0.999986 0.0471087 0.182436 -0.00502437
FixedParameters: 0 0 0

#Transform 64
Transform: AffineTransform_float_3_3
Parameters: 0.999999 -0.000475889 -0.00134679 0.000466238 0.999979 -0.00654515 0.00134985 0.00654422 0.999977 0.0426707 0.239604 -0.0419489
FixedParameters: 0 0 0

#Transform 65
Transform: AffineTransform_float_3_3
Parameters: 1 -0.000736004 -0.00105565 0.000731101 0.999987 -0.00499365 0.00105945 0.00499336 0.999987 0.0327889 0.160319 -0.0620204
FixedParameters: 0 0 0

#Transform 66
Transform: AffineTransform_float_3_3
Parameters: 0.999999 -0.000716676 -0.0010742 0.000710432 0.999981 -0.00612711 0.00107895 0.00612689 0.99998 0.0318977 0.195498 -0.0256349
FixedParameters: 0 0 0

#Transform 67
Transform: AffineTransform_float_3_3
Parameters: 0.999999 -0.00023685 -0.00140515 0.000225815 0.999971 -0.00751601 0.00140711 0.00751559 0.999971 0.0186782 0.290726 0.0420403
FixedParameters: 0 0 0

#Transform 68
Transform: AffineTransform_float_3_3
Parameters: 0.999998 -0.000321237 -0.00184412 0.000304544 0.999962 -0.00875395 0.00184661 0.00875326 0.99996 0.0406785 0.317116 -0.0532318
FixedParameters: 0 0 0

#Transform 69
Transform: AffineTransform_float_3_3
Parameters: 1 0.000125096 -0.00118002 -0.000134922 0.999964 -0.00853139 0.00117863 0.00853103 0.999963 -0.000142553 0.292786 -0.0205012
FixedParameters: 0 0 0

#Transform 70
Transform: AffineTransform_float_3_3
Parameters: 1 4.21032e-05 -0.00109751 -5.37284e-05 0.999947 -0.0102257 0.00109711 0.010226 0.999947 -0.0124517 0.374009 -0.0042427
FixedParameters: 0 0 0

#Transform 71
Transform: AffineTransform_float_3_3
Parameters: 0.999999 0.000173909 -0.0016292 -0.000190059 0.999948 -0.0101174 0.00162662 0.0101174 0.999947 0.00930875 0.336048 -0.0365461
FixedParameters: 0 0 0

#Transform 72
Transform: AffineTransform_float_3_3
Parameters: 0.999999 -0.000136417 -0.00160861 0.000122737 0.999959 -0.00909608 0.00160973 0.00909609 0.999958 0.00396191 0.332861 0.00295738
FixedParameters: 0 0 0

#Transform 73
Transform: AffineTransform_float_3_3
Parameters: 0.999999 -0.000182366 -0.0019274 0.000165995 0.999964 -0.00849221 0.00192867 0.00849186 0.999962 0.0208108 0.313448 -0.0212254
FixedParameters: 0 0 0

#Transform 74
Transform: AffineTransform_float_3_3
Parameters: 0.999998 -0.000172371 -0.00217835 0.000153209 0.999961 -0.00887873 0.00217946 0.00887846 0.999958 0.0447359 0.338268 -0.0116361
FixedParameters: 0 0 0

#Transform 75
Transform: AffineTransform_float_3_3
Parameters: 0.999998 -4.99741e-05 -0.00216074 3.21077e-05 0.999965 -0.00835711 0.00216096 0.00835731 0.999963 0.0396809 0.312116 -0.0109398
FixedParameters: 0 0 0

#Transform 76
Transform: AffineTransform_float_3_3
Parameters: 0.999997 -0.000164675 -0.00252921 0.00014263 0.999963 -0.00857848 0.00253046 0.00857806 0.99996 0.0536656 0.303917 -0.0237075
FixedParameters: 0 0 0

#Transform 77
Transform: AffineTransform_float_3_3
Parameters: 0.999997 -6.67699e-05 -0.0025226 4.35084e-05 0.999959 -0.00906663 0.00252296 0.00906688 0.999955 0.0575401 0.334688 -0.0264902
FixedParameters: 0 0 0

#Transform 78
Transform: AffineTransform_float_3_3
Parameters: 0.999997 -0.000198433 -0.00255278 0.000175846 0.999961 -0.00881597 0.00255461 0.00881542 0.999958 0.0591649 0.321255 -0.0213685
FixedParameters: 0 0 0

#Transform 79
Transform: AffineTransform_float_3_3
Parameters: 0.999997 9.02507e-05 -0.00257599 -0.000114241 0.999958 -0.00920448 0.00257536 0.0092044 0.999955 0.0563995 0.336267 -0.0392732
FixedParameters: 0 0 0

#Transform 80
Transform: AffineTransform_float_3_3
Parameters: 0.999997 -0.00010621 -0.00261952 7.99507e-05 0.999953 -0.0097319 0.0026203 0.00973188 0.999949 0.056334 0.352984 -0.00612329
FixedParameters: 0 0 0

#Transform 81
Transform: AffineTransform_float_3_3
Parameters: 0.999996 -6.47525e-05 -0.00275519 3.97005e-05 0.999958 -0.00918499 0.00275557 0.00918421 0.999954 0.0622582 0.334916 -0.0395659
FixedParameters: 0 0 0

#Transform 82
Transform: AffineTransform_float_3_3
Parameters: 0.999998 7.24161e-05 -0.00217533 -9.31104e-05 0.999955 -0.00948347 0.00217464 0.00948326 0.999952 0.040628 0.333282 -0.0334434
FixedParameters: 0 0 0

#Transform 83
Transform: AffineTransform_float_3_3
Parameters: 0.999998 0.000373991 -0.00209971 -0.000398248 0.999937 -0.011258 0.00209561 0.0112592 0.999934 0.0372425 0.379374 -0.0249117
FixedParameters: 0 0 0

#Transform 84
Transform: AffineTransform_float_3_3
Parameters: 0.999998 0.000542256 -0.00183475 -0.000563407 0.999933 -0.0114852 0.00182833 0.0114867 0.999932 0.0244146 0.381685 -0.0210577
FixedParameters: 0 0 0
