#Insight Transform File V1.0
#Transform 0
Transform: AffineTransform_float_3_3
Parameters: 1 3.03097e-05 -0.000327033 -3.0213e-05 1 0.000147847 0.000327042 -0.000147827 1 0.0135956 0.0293329 -0.0443677
FixedParameters: 0 0 0

#Transform 1
Transform: AffineTransform_float_3_3
Parameters: 1 0.000115943 -0.000630756 -0.000115424 1 0.000411213 0.000630851 -0.000411068 0.999999 0.0244697 0.0509419 -0.0415222
FixedParameters: 0 0 0

#Transform 2
Transform: AffineTransform_float_3_3
Parameters: 1 2.99178e-05 -0.000285762 -2.9796e-05 1 0.000213058 0.000285775 -0.000213041 1 0.0126501 0.0310013 -0.0553239
FixedParameters: 0 0 0

#Transform 3
Transform: AffineTransform_float_3_3
Parameters: 1 6.74516e-05 -0.000183319 -6.75895e-05 1 -0.000376146 0.000183268 0.000376171 1 0.00890274 0.0564191 -0.0433524
FixedParameters: 0 0 0

#Transform 4
Transform: AffineTransform_float_3_3
Parameters: 1 -0.000276544 -0.000288287 0.000276152 0.999999 -0.000607813 0.000288638 0.000608642 1 0.0125387 0.0887762 -0.0410686
FixedParameters: 0 0 0

#Transform 5
Transform: AffineTransform_float_3_3
Parameters: 1 9.04925e-07 -0.000354107 -1.34204e-06 1 -0.000617208 0.000354106 0.000617209 0.999999 0.0130561 0.0891782 -0.0509082
FixedParameters: 0 0 0

#Transform 6
Transform: AffineTransform_float_3_3
Parameters: 1 -5.61013e-06 -0.000266363 5.28048e-06 1 -0.000618799 0.00026637 0.000618796 1 0.0129352 0.0899425 -0.0609243
FixedParameters: 0 0 0

#Transform 7
Transform: AffineTransform_float_3_3
Parameters: 1 -2.85325e-06 -0.000475322 1.98014e-06 0.999999 -0.000924902 0.000475245 0.000924752 1 0.0192074 0.0987879 -0.0401398
FixedParameters: 0 0 0

#Transform 8
Transform: AffineTransform_float_3_3
Parameters: 1 -0.000180553 -8.16515e-05 0.000180496 1 -0.00105728 8.09612e-05 0.00105727 1 0.00565078 0.103583 -0.0410661
FixedParameters: 0 0 0

#Transform 9
Transform: AffineTransform_float_3_3
Parameters: 1 -4.76462e-05 8.73937e-05 4.78654e-05 1 -0.00101397 -8.7375e-05 0.00101398 1 0.000121083 0.102439 -0.0413795
FixedParameters: 0 0 0

#Transform 10
Transform: AffineTransform_float_3_3
Parameters: 1 -0.000227119 -5.80194e-05 0.000226999 0.999999 -0.00139428 5.85745e-05 0.00139426 0.999999 0.00456162 0.0990714 -0.0418297
FixedParameters: 0 0 0

#Transform 11
Transform: AffineTransform_float_3_3
Parameters: 1 -2.95224e-05 -0.000453182 2.91697e-05 0.999999 -0.00153383 0.000453269 0.00153384 0.999998 0.0179346 0.0947421 -0.0412923
FixedParameters: 0 0 0

#Transform 12
Transform: AffineTransform_float_3_3
Parameters: 1 -5.69126e-05 -0.000400383 5.63044e-05 0.999998 -0.00210745 0.000400541 0.00210744 0.999997 0.0111617 0.141052 -0.0433645
FixedParameters: 0 0 0

#Transform 13
Transform: AffineTransform_float_3_3
Parameters: 0.999999 -2.16598e-05 -0.000755625 1.99072e-05 0.999998 -0.00187415 0.000755622 0.00187416 0.999998 0.0266105 0.118674 -0.0909538
FixedParameters: 0 0 0

#Transform 14
Transform: AffineTransform_float_3_3
Parameters: 0.999999 -0.000342064 -0.000776792 0.000340499 0.999999 -0.00174928 0.00077691 0.00174882 0.999998 0.0413708 0.124517 -0.0749719
FixedParameters: 0 0 0

#Transform 15
Transform: AffineTransform_float_3_3
Parameters: 0.999999 -4.96415e-06 -0.000746811 3.82776e-06 0.999999 -0.00145555 0.000746821 0.00145558 0.999998 0.0359804 0.101517 -0.0539916
FixedParameters: 0 0 0

#Transform 16
Transform: AffineTransform_float_3_3
Parameters: 1 -1.32389e-05 -0.000561629 1.27826e-05 0.999999 -0.00132998 0.000561661 0.00133001 0.999999 0.037655 0.0768078 -0.0755907
FixedParameters: 0 0 0

#Transform 17
Transform: AffineTransform_float_3_3
Parameters: 1 1.26551e-05 -0.000402793 -1.29922e-05 1 -0.000418442 0.000402783 0.000418452 1 0.0134472 0.0105289 -0.0912178
FixedParameters: 0 0 0

#Transform 18
Transform: AffineTransform_float_3_3
Parameters: 1 6.94104e-05 -7.36754e-05 -6.91373e-05 0.999999 0.00156739 7.38144e-05 -0.00156738 0.999999 -2.0807e-06 -0.0275962 -0.0172646
FixedParameters: 0 0 0

#Transform 19
Transform: AffineTransform_float_3_3
Parameters: 1 3.21648e-05 0.000150038 -3.25245e-05 0.999999 0.0013389 -0.000150029 -0.00133891 0.999999 -0.010616 -0.0719646 0.0304959
FixedParameters: 0 0 0

#Transform 20
Transform: AffineTransform_float_3_3
Parameters: 1 -3.02304e-05 5.51085e-05 3.0217e-05 1 0.000122146 -5.51159e-05 -0.000122142 1 -0.00660103 -0.011717 0.0202121
FixedParameters: 0 0 0

#Transform 21
Transform: AffineTransform_float_3_3
Parameters: 1 8.85063e-05 -0.000258909 -8.8442e-05 1 0.000124128 0.000258931 -0.000124082 1 0.00682112 -0.00715473 -0.0458494
FixedParameters: 0 0 0

#Transform 22
Transform: AffineTransform_float_3_3
Parameters: 1 -1.07455e-05 -0.000267473 1.07787e-05 1 6.21017e-05 0.000267471 -6.21074e-05 1 0.00704469 -0.00482729 -0.0458343
FixedParameters: 0 0 0

#Transform 23
Transform: AffineTransform_float_3_3
Parameters: 1 6.20467e-05 -0.000271699 -6.23027e-05 1 -0.000471169 0.00027164 0.000471203 1 0.00809042 0.0144765 -0.0641018
FixedParameters: 0 0 0

#Transform 24
Transform: AffineTransform_float_3_3
Parameters: 1 0.000161945 -0.000267921 -0.000162305 1 -0.00067133 0.000267703 0.000671417 0.999999 0.00804741 0.021009 -0.0638352
FixedParameters: 0 0 0

#Transform 25
Transform: AffineTransform_float_3_3
Parameters: 1 0.000362152 -0.000263117 -0.000362747 0.999999 -0.00121376 0.000262159 0.00121395 0.999999 0.00748646 0.0473841 -0.0421506
FixedParameters: 0 0 0

#Transform 26
Transform: AffineTransform_float_3_3
Parameters: 1 0.000203035 -0.000269423 -0.000202535 0.999999 -0.000920104 0.000269125 0.000920251 0.999999 0.00435076 0.0404146 -0.0370136
FixedParameters: 0 0 0

#Transform 27
Transform: AffineTransform_float_3_3
Parameters: 1 4.6011e-05 -0.000554834 -4.62996e-05 1 -0.00119528 0.00055472 0.00119537 0.999999 0.0215773 0.0374289 -0.0433664
FixedParameters: 0 0 0

#Transform 28
Transform: AffineTransform_float_3_3
Parameters: 1 7.66574e-05 -0.000413253 -7.76065e-05 1 -0.00119948 0.00041299 0.00119955 0.999999 0.0119795 0.028905 -0.0445808
FixedParameters: 0 0 0

#Transform 29
Transform: AffineTransform_float_3_3
Parameters: 0.999999 3.81937e-05 -0.000747882 -3.89373e-05 1 -0.00119092 0.000747787 0.00119101 0.999999 0.0240053 0.0387019 -0.0606666
FixedParameters: 0 0 0

#Transform 30
Transform: AffineTransform_float_3_3
Parameters: 1 0.00023673 -0.000364484 -0.00023717 1 -0.000661168 0.000364156 0.000660353 0.999999 0.0115257 0.0319659 -0.0613188
FixedParameters: 0 0 0

#Transform 31
Transform: AffineTransform_float_3_3
Parameters: 1 0.000224453 -0.000416552 -0.000225187 0.999999 -0.000880815 0.000416156 0.000881003 0.999999 0.012811 0.0272711 -0.0539213
FixedParameters: 0 0 0

#Transform 32
Transform: AffineTransform_float_3_3
Parameters: 1 0.000146727 -0.000358019 -0.000147546 1 -0.00120337 0.000357587 0.00120347 0.999999 0.00797684 0.053955 -0.0606427
FixedParameters: 0 0 0

#Transform 33
Transform: AffineTransform_float_3_3
Parameters: 1 0.000134278 -0.000500203 -0.000135652 0.999999 -0.0014161 0.000499743 0.00141623 0.999999 0.0225641 0.0476006 -0.0819645
FixedParameters: 0 0 0

#Transform 34
Transform: AffineTransform_float_3_3
Parameters: 0.999999 8.42287e-05 -0.000747156 -8.519e-05 0.999999 -0.00133785 0.000746927 0.00133801 0.999999 0.0258182 0.0600468 -0.0938317
FixedParameters: 0 0 0

#Transform 35
Transform: AffineTransform_float_3_3
Parameters: 0.999999 0.000369285 -0.000736115 -0.000371036 0.999998 -0.00187358 0.00073564 0.00187414 0.999998 0.0251416 0.0726052 -0.0802528
FixedParameters: 0 0 0

#Transform 36
Transform: AffineTransform_float_3_3
Parameters: 0.999999 -0.000142941 -0.000773123 0.000141155 0.999999 -0.00185311 0.000773569 0.00185293 0.999998 0.0245176 0.0761886 -0.0464756
FixedParameters: 0 0 0

#Transform 37
Transform: AffineTransform_float_3_3
Parameters: 0.999999 0.000369285 -0.000736115 -0.000371036 0.999998 -0.00187358 0.00073564 0.00187414 0.999998 0.0254567 0.0635184 -0.0930616
FixedParameters: 0 0 0

#Transform 38
Transform: AffineTransform_float_3_3
Parameters: 1 -5.72673e-05 -0.000396028 5.58745e-05 0.999999 -0.00186432 0.000396082 0.00186428 0.999998 0.0240698 0.0443263 -0.0829655
FixedParameters: 0 0 0

#Transform 39
Transform: AffineTransform_float_3_3
Parameters: 1 -6.78966e-05 -0.000195542 6.72883e-05 0.999999 -0.00177 0.000195625 0.00176998 0.999999 0.00977184 0.0739938 -0.0572871
FixedParameters: 0 0 0

#Transform 40
Transform: AffineTransform_float_3_3
Parameters: 1 0.000352845 -0.000477586 -0.000353575 0.999999 -0.0018194 0.000477214 0.00181975 0.999999 0.0244945 0.0657844 -0.0634242
FixedParameters: 0 0 0

#Transform 41
Transform: AffineTransform_float_3_3
Parameters: 0.999999 7.58085e-05 -0.000754812 -7.73666e-05 0.999998 -0.00172383 0.000754464 0.00172384 0.999998 0.0410721 0.0559301 -0.0888249
FixedParameters: 0 0 0

#Transform 42
Transform: AffineTransform_float_3_3
Parameters: 0.999999 -3.50816e-05 -0.000759771 3.3762e-05 0.999999 -0.00155122 0.000759874 0.0015512 0.999998 0.0417928 0.031195 -0.0925133
FixedParameters: 0 0 0

#Transform 43
Transform: AffineTransform_float_3_3
Parameters: 1 3.28222e-05 -0.000421922 -3.305e-05 0.999999 -0.00149987 0.00042182 0.00149993 0.999999 0.0197717 0.0369387 -0.0912655
FixedParameters: 0 0 0

#Transform 44
Transform: AffineTransform_float_3_3
Parameters: 1 -6.11166e-05 -0.000464528 6.10392e-05 1 -0.00120004 0.000464672 0.00120002 0.999999 0.0151371 0.0195234 -0.0923397
FixedParameters: 0 0 0

#Transform 45
Transform: AffineTransform_float_3_3
Parameters: 1 -0.000127994 -0.000474369 0.000126871 0.999999 -0.00130639 0.00047363 0.00130629 0.999999 0.0243346 0.0230777 -0.0918642
FixedParameters: 0 0 0

#Transform 46
Transform: AffineTransform_float_3_3
Parameters: 1 -0.000120427 -0.000472989 0.000118936 0.999998 -0.00170518 0.000472244 0.00170495 0.999999 0.0239847 0.0422349 -0.0740025
FixedParameters: 0 0 0

#Transform 47
Transform: AffineTransform_float_3_3
Parameters: 0.999999 -8.05642e-05 -0.000764749 7.90986e-05 0.999998 -0.00164053 0.000764927 0.0016403 0.999999 0.0417267 0.0404601 -0.0898674
FixedParameters: 0 0 0

#Transform 48
Transform: AffineTransform_float_3_3
Parameters: 0.999999 -0.00015235 -0.000767243 0.000151103 0.999999 -0.0014885 0.000767692 0.0014883 0.999998 0.0440311 0.0266457 -0.0570388
FixedParameters: 0 0 0

#Transform 49
Transform: AffineTransform_float_3_3
Parameters: 1 -0.000138513 -0.000413942 0.000138285 0.999999 -0.00152843 0.000414362 0.00152835 0.999998 0.0192847 0.028213 -0.0573018
FixedParameters: 0 0 0

#Transform 50
Transform: AffineTransform_float_3_3
Parameters: 1 -0.000434707 -0.000279125 0.000433834 0.999998 -0.00163687 0.000280468 0.00163663 0.999998 0.0238958 0.0423945 -0.0563064
FixedParameters: 0 0 0

#Transform 51
Transform: AffineTransform_float_3_3
Parameters: 1 -0.000270402 -0.000238139 0.00027073 0.999998 -0.00164407 0.000238032 0.001644 0.999998 0.0224706 0.0322618 -0.0572409
FixedParameters: 0 0 0

#Transform 52
Transform: AffineTransform_float_3_3
Parameters: 1 -0.0004163 3.88531e-05 0.000416602 0.999998 -0.00187635 -3.84404e-05 0.00187641 0.999998 0.00462188 0.0467691 -0.0119381
FixedParameters: 0 0 0

#Transform 53
Transform: AffineTransform_float_3_3
Parameters: 1 -0.000398031 -0.000215998 0.000398435 0.999999 -0.00173265 0.000216303 0.00173254 0.999999 0.0172843 0.0568519 -0.0294855
FixedParameters: 0 0 0

#Transform 54
Transform: AffineTransform_float_3_3
Parameters: 0.999999 -0.000570904 -0.000593136 0.000569536 0.999998 -0.00215865 0.000594445 0.00215804 0.999998 0.0289276 0.0645412 0.0181848
FixedParameters: 0 0 0

#Transform 55
Transform: AffineTransform_float_3_3
Parameters: 0.999999 -0.000505037 -0.000587423 0.000503711 0.999997 -0.00210826 0.000588474 0.00210773 0.999997 0.0338068 0.0648079 -0.0406102
FixedParameters: 0 0 0

#Transform 56
Transform: AffineTransform_float_3_3
Parameters: 0.999999 -0.00059045 -0.000589921 0.000589322 0.999998 -0.00189571 0.000591098 0.00189606 0.999998 0.0332203 0.0568233 -0.0279411
FixedParameters: 0 0 0

#Transform 57
Transform: AffineTransform_float_3_3
Parameters: 1 -0.000154173 -0.000556277 0.000153256 0.999999 -0.00179413 0.000556748 0.001794 0.999998 0.0346163 0.065744 -0.0705848
FixedParameters: 0 0 0

#Transform 58
Transform: AffineTransform_float_3_3
Parameters: 1 -0.00014816 -0.000467126 0.000147879 0.999999 -0.00149091 0.00046657 0.00149083 0.999999 0.0362313 0.0177256 -0.0897933
FixedParameters: 0 0 0

#Transform 59
Transform: AffineTransform_float_3_3
Parameters: 1 -0.000158793 -0.00023967 0.000158148 0.999999 -0.00134613 0.000240034 0.00134705 0.999999 0.0184579 0.0411989 -0.0803159
FixedParameters: 0 0 0

#Transform 60
Transform: AffineTransform_float_3_3
Parameters: 1 -0.000153412 -0.000314537 0.000152606 0.999999 -0.00134878 0.000314871 0.00134868 0.999999 0.022522 0.0341848 -0.0561705
FixedParameters: 0 0 0

#Transform 61
Transform: AffineTransform_float_3_3
Parameters: 1 -0.000491182 -0.00047453 0.000490874 0.999999 -0.00145045 0.000474973 0.00145104 0.999999 0.0250096 0.029086 -0.0730301
FixedParameters: 0 0 0

#Transform 62
Transform: AffineTransform_float_3_3
Parameters: 1 -0.00047685 -0.000384325 0.000475714 0.999998 -0.00162706 0.000384802 0.00162672 0.999998 0.0330847 0.0345585 -0.0701715
FixedParameters: 0 0 0

#Transform 63
Transform: AffineTransform_float_3_3
Parameters: 1 -0.000183342 -0.000335523 0.000183 0.999997 -0.0021159 0.000336218 0.00211582 0.999997 0.0337353 0.0486468 -0.0475956
FixedParameters: 0 0 0

#Transform 64
Transform: AffineTransform_float_3_3
Parameters: 0.999999 -0.000583733 -0.000586497 0.000582858 0.999999 -0.00172786 0.000587438 0.00172724 0.999999 0.0293349 0.0614648 -0.0246961
FixedParameters: 0 0 0

#Transform 65
Transform: AffineTransform_float_3_3
Parameters: 0.999999 -0.000640303 -0.00059572 0.000639004 0.999997 -0.00201979 0.000597244 0.00202008 0.999998 0.0380773 0.0708397 -0.0626597
FixedParameters: 0 0 0

#Transform 66
Transform: AffineTransform_float_3_3
Parameters: 0.999999 -0.000743478 -0.000480618 0.000742193 0.999996 -0.00269379 0.000482395 0.00269317 0.999996 0.0252667 0.0971344 -0.0134717
FixedParameters: 0 0 0

#Transform 67
Transform: AffineTransform_float_3_3
Parameters: 0.999999 -0.000780937 -0.000626009 0.000778309 0.999994 -0.00317289 0.000628652 0.00317201 0.999994 0.030124 0.113389 -0.0124626
FixedParameters: 0 0 0

#Transform 68
Transform: AffineTransform_float_3_3
Parameters: 1 -0.000661209 -0.00035007 0.000660524 0.999996 -0.00273567 0.000352454 0.00273527 0.999996 0.0218349 0.0999447 -0.0340002
FixedParameters: 0 0 0

#Transform 69
Transform: AffineTransform_float_3_3
Parameters: 0.999999 -0.000753293 -0.000308061 0.000752931 0.999996 -0.00270591 0.000309911 0.00270553 0.999997 0.0262157 0.0969223 -0.059986
FixedParameters: 0 0 0

#Transform 70
Transform: AffineTransform_float_3_3
Parameters: 1 -0.000703763 -9.58621e-05 0.000703491 0.999997 -0.0026451 9.82779e-05 0.002645 0.999997 0.0218747 0.107131 -0.0457747
FixedParameters: 0 0 0

#Transform 71
Transform: AffineTransform_float_3_3
Parameters: 0.999999 -0.000974753 -0.000284656 0.00097378 0.999997 -0.00216721 0.000286737 0.00216685 0.999997 0.0208045 0.0844007 -0.0739989
FixedParameters: 0 0 0

#Transform 72
Transform: AffineTransform_float_3_3
Parameters: 1 -0.000846826 -0.000608508 0.000845663 0.999998 -0.00189144 0.000609734 0.00189149 0.999998 0.0390692 0.049934 -0.108564
FixedParameters: 0 0 0

#Transform 73
Transform: AffineTransform_float_3_3
Parameters: 0.999999 -0.000882182 -0.000296699 0.000881066 0.999997 -0.00220668 0.000299361 0.00220618 0.999998 0.0329662 0.0709198 -0.0985072
FixedParameters: 0 0 0

#Transform 74
Transform: AffineTransform_float_3_3
Parameters: 0.999999 -0.00078076 -0.000290494 0.000780636 0.999997 -0.00238988 0.000292079 0.00238952 0.999997 0.0199036 0.072016 -0.0500527
FixedParameters: 0 0 0

#Transform 75
Transform: AffineTransform_float_3_3
Parameters: 1 -0.000727837 -0.000172832 0.00072723 0.999996 -0.00253349 0.000174296 0.00253329 0.999996 0.016189 0.0822669 -0.0497102
FixedParameters: 0 0 0

#Transform 76
Transform: AffineTransform_float_3_3
Parameters: 0.999999 -0.00090044 0.000186725 0.00090147 0.999992 -0.00386027 -0.000183467 0.00385966 0.999993 0.0117853 0.10448 -0.0107927
FixedParameters: 0 0 0

#Transform 77
Transform: AffineTransform_float_3_3
Parameters: 1 -0.000656329 -0.000327964 0.000654137 0.999992 -0.0041227 0.000330676 0.00412233 0.999992 0.035849 0.132027 -0.0224419
FixedParameters: 0 0 0

#Transform 78
Transform: AffineTransform_float_3_3
Parameters: 1 -0.000782645 -0.000142361 0.000782057 0.999991 -0.00412152 0.000145125 0.00412138 0.999992 0.0262137 0.130143 -0.0300258
FixedParameters: 0 0 0

#Transform 79
Transform: AffineTransform_float_3_3
Parameters: 1 -0.000699114 -0.000226302 0.000698048 0.999995 -0.00312812 0.000228293 0.00312785 0.999995 0.0312556 0.111305 0.0249344
FixedParameters: 0 0 0

#Transform 80
Transform: AffineTransform_float_3_3
Parameters: 1 -0.000662942 -6.52289e-05 0.000662817 0.999995 -0.00306773 6.79114e-05 0.00306767 0.999996 0.026703 0.125709 -0.0152341
FixedParameters: 0 0 0

#Transform 81
Transform: AffineTransform_float_3_3
Parameters: 0.999999 -0.000881046 0.000245296 0.000881684 0.999996 -0.0027041 -0.000242904 0.00270455 0.999997 0.000185427 0.122414 0.0113373
FixedParameters: 0 0 0

#Transform 82
Transform: AffineTransform_float_3_3
Parameters: 1 -0.000931837 0.000551477 0.00093394 0.999994 -0.00340092 -0.00054766 0.00340192 0.999994 -0.0167545 0.146541 0.180929
FixedParameters: 0 0 0

#Transform 83
Transform: AffineTransform_float_3_3
Parameters: 0.999999 -0.000972045 0.000248833 0.000972804 0.99999 -0.00420805 -0.000245478 0.00420857 0.999991 -0.00210555 0.182705 0.068924
FixedParameters: 0 0 0

#Transform 84
Transform: AffineTransform_float_3_3
Parameters: 0.999999 -0.000966575 0.000299023 0.000966951 0.999989 -0.00445854 -0.000295384 0.00445912 0.99999 -0.00460612 0.179208 0.0765543
FixedParameters: 0 0 0
