#!ascii label  , from subject sub-v2s4x29619_ses-1 vox2ras=TkReg
993
54129  -41.541  -8.163  68.383 0.0000000000
52037  -21.510  -9.059  69.423 0.0000000000
53081  -31.505  -8.688  68.316 0.0000000000
113214  -38.084  8.605  43.853 0.0000000000
70960  -43.306  9.425  38.228 0.0000000000
51883  -15.424  -8.654  76.395 0.0000000000
69102  -35.642  7.326  48.166 0.0000000000
56450  -44.160  -4.856  65.579 0.0000000000
52062  -37.081  -9.122  68.614 0.0000000000
53024  -17.455  -8.511  71.738 0.0000000000
123148  -17.604  -12.294  76.654 0.0000000000
55332  -38.829  -6.821  67.000 0.0000000000
128008  -40.295  -4.621  65.889 0.0000000000
53077  -26.569  -8.817  68.164 0.0000000000
110637  -34.645  -7.115  68.304 0.0000000000
61330  -32.692  -0.203  53.093 0.0000000000
63353  -35.547  1.599  48.818 0.0000000000
65300  -39.352  3.178  45.727 0.0000000000
46619  -10.306  -14.550  80.372 0.0000000000
46547  -7.958  -14.985  83.350 0.0000000000
58424  -38.163  -4.312  63.986 0.0000000000
58443  -33.912  -4.158  61.348 0.0000000000
59392  -32.752  -2.185  57.362 0.0000000000
47804  -14.100  -13.858  78.178 0.0000000000
127371  -21.062  -9.587  72.620 0.0000000000
51964  -23.407  -9.614  72.241 0.0000000000
52065  -39.507  -8.870  68.907 0.0000000000
55278  -19.962  -6.153  69.151 0.0000000000
52009  -18.821  -9.297  70.490 0.0000000000
50902  -19.038  -11.268  72.762 0.0000000000
117276  -38.756  -6.322  69.240 0.0000000000
55309  -36.626  -6.742  67.869 0.0000000000
64267  -32.688  1.502  51.826 0.0000000000
61387  -34.609  -0.091  50.467 0.0000000000
65245  -33.727  3.260  49.436 0.0000000000
67234  -35.901  5.149  45.027 0.0000000000
67250  -37.525  5.885  43.712 0.0000000000
112673  -41.820  4.207  44.148 0.0000000000
116347  -39.639  6.270  41.963 0.0000000000
68212  -41.049  6.642  41.230 0.0000000000
124421  -38.804  -3.071  66.477 0.0000000000
58409  -40.129  -4.520  64.925 0.0000000000
59327  -36.967  -3.485  65.378 0.0000000000
58432  -32.681  -3.714  62.523 0.0000000000
60267  -31.726  -1.759  60.990 0.0000000000
59378  -33.034  -3.137  59.339 0.0000000000
122801  -31.712  -0.034  58.922 0.0000000000
62281  -31.140  0.527  56.496 0.0000000000
54123  -29.561  -7.542  68.359 0.0000000000
49832  -12.085  -11.854  77.992 0.0000000000
48923  -13.619  -12.205  76.320 0.0000000000
43609  -7.872  -17.745  85.229 0.0000000000
43603  -6.462  -17.775  86.401 0.0000000000
67183  -34.966  5.478  50.099 0.0000000000
58410  -43.662  -3.503  63.526 0.0000000000
52046  -34.327  -9.732  68.917 0.0000000000
52994  -16.432  -8.354  74.050 0.0000000000
48946  -15.321  -12.217  74.870 0.0000000000
49882  -17.285  -11.809  73.316 0.0000000000
70968  -45.123  8.857  37.201 0.0000000000
54156  -40.074  -7.491  66.870 0.0000000000
55354  -41.788  -6.497  66.456 0.0000000000
56427  -40.548  -5.553  66.376 0.0000000000
55324  -21.806  -7.089  67.047 0.0000000000
113315  -24.284  -9.669  69.044 0.0000000000
54170  -25.112  -7.640  66.327 0.0000000000
55347  -27.984  -6.270  66.589 0.0000000000
55350  -30.882  -6.538  66.928 0.0000000000
56408  -32.220  -5.959  68.524 0.0000000000
53102  -33.203  -8.289  67.358 0.0000000000
54151  -35.311  -7.591  67.731 0.0000000000
53106  -37.416  -8.082  67.181 0.0000000000
120569  -35.270  -0.706  54.928 0.0000000000
66223  -34.617  4.870  47.506 0.0000000000
65269  -37.524  3.173  47.356 0.0000000000
69181  -42.596  7.613  40.267 0.0000000000
46580  -8.672  -14.750  82.196 0.0000000000
44553  -9.832  -17.511  84.657 0.0000000000
57416  -41.873  -5.194  64.658 0.0000000000
124538  -41.315  -4.591  63.197 0.0000000000
57451  -39.425  -4.522  61.957 0.0000000000
58405  -34.656  -3.935  64.562 0.0000000000
57448  -36.517  -4.631  62.334 0.0000000000
121836  -37.749  -3.852  60.840 0.0000000000
117764  -36.222  -2.851  60.120 0.0000000000
60278  -36.037  -2.127  58.784 0.0000000000
60295  -35.424  -1.379  56.659 0.0000000000
120556  -32.828  -0.974  55.575 0.0000000000
63282  -31.317  1.381  54.404 0.0000000000
109189  -26.155  -9.981  71.138 0.0000000000
49811  -11.352  -11.758  79.400 0.0000000000
46638  -12.393  -14.588  79.247 0.0000000000
48914  -16.044  -12.989  77.367 0.0000000000
125173  -5.585  -18.167  86.345 0.0000000000
51987  -21.191  -9.339  71.094 0.0000000000
115816  -22.375  -9.360  72.536 0.0000000000
51988  -22.573  -9.387  70.894 0.0000000000
53110  -40.569  -8.305  68.133 0.0000000000
53073  -19.846  -7.762  68.586 0.0000000000
54102  -19.317  -7.474  69.280 0.0000000000
52035  -19.728  -8.886  69.553 0.0000000000
111021  -20.187  -9.683  70.704 0.0000000000
64260  -33.835  2.915  51.849 0.0000000000
64275  -33.523  2.014  50.646 0.0000000000
114681  -33.838  3.060  50.846 0.0000000000
70008  -37.415  8.458  44.969 0.0000000000
68186  -36.934  6.723  43.917 0.0000000000
125973  -37.875  7.108  43.090 0.0000000000
67260  -38.799  5.870  42.921 0.0000000000
121656  -38.329  7.162  42.647 0.0000000000
69157  -39.124  7.836  41.803 0.0000000000
122317  -38.105  -3.117  66.190 0.0000000000
61225  -31.853  -0.956  61.562 0.0000000000
126122  -31.567  -1.061  59.330 0.0000000000
123046  -32.119  0.925  59.258 0.0000000000
63249  -32.217  1.775  58.476 0.0000000000
113896  -30.730  -8.182  68.641 0.0000000000
53066  -30.435  -8.091  69.560 0.0000000000
53067  -31.133  -8.640  69.514 0.0000000000
50837  -13.922  -10.207  77.145 0.0000000000
49851  -14.088  -10.536  76.191 0.0000000000
131520  -44.036  8.190  38.961 0.0000000000
43608  -7.320  -17.717  85.885 0.0000000000
56429  -44.637  -5.592  67.207 0.0000000000
57428  -44.234  -4.044  64.513 0.0000000000
118945  -35.188  -9.513  68.739 0.0000000000
52047  -36.708  -9.561  69.472 0.0000000000
54068  -17.417  -7.389  71.874 0.0000000000
54060  -17.233  -7.059  72.777 0.0000000000
54052  -17.148  -6.882  73.801 0.0000000000
113150  -16.703  -9.183  72.795 0.0000000000
50890  -16.177  -10.410  73.468 0.0000000000
50914  -16.873  -10.327  72.617 0.0000000000
50892  -20.205  -10.407  74.084 0.0000000000
50876  -19.537  -11.017  74.605 0.0000000000
54176  -39.367  -6.962  66.739 0.0000000000
55352  -40.128  -6.646  66.603 0.0000000000
55333  -39.460  -6.508  66.932 0.0000000000
114583  -23.146  -6.759  68.235 0.0000000000
54142  -23.606  -7.682  66.890 0.0000000000
55304  -24.501  -7.084  67.631 0.0000000000
56420  -27.334  -5.601  67.131 0.0000000000
56422  -28.846  -5.397  67.039 0.0000000000
55348  -29.522  -6.328  66.618 0.0000000000
56423  -30.423  -5.595  66.884 0.0000000000
119138  -34.398  -6.811  70.032 0.0000000000
55308  -33.245  -6.933  68.257 0.0000000000
55329  -32.758  -7.306  67.634 0.0000000000
110764  -33.605  -7.625  67.650 0.0000000000
53103  -33.923  -8.365  67.554 0.0000000000
54126  -34.536  -7.405  67.940 0.0000000000
109473  -38.103  -6.891  67.243 0.0000000000
54153  -37.018  -7.635  67.233 0.0000000000
115161  -37.839  -7.554  67.038 0.0000000000
118712  -38.570  -7.775  66.972 0.0000000000
61332  -34.220  -0.659  53.558 0.0000000000
61333  -35.924  -0.703  53.773 0.0000000000
60322  -34.786  -0.740  52.761 0.0000000000
63341  -35.079  1.008  49.212 0.0000000000
62379  -35.875  0.189  50.202 0.0000000000
68138  -35.166  6.244  49.513 0.0000000000
67195  -34.437  5.541  49.170 0.0000000000
68157  -34.565  6.043  47.799 0.0000000000
66252  -37.156  4.167  45.163 0.0000000000
66242  -35.985  4.157  46.206 0.0000000000
65286  -38.639  3.256  46.250 0.0000000000
65255  -39.080  2.870  48.049 0.0000000000
126379  -42.137  7.280  40.645 0.0000000000
119807  -41.762  7.913  40.179 0.0000000000
69190  -42.368  8.158  39.824 0.0000000000
47769  -9.776  -13.600  80.685 0.0000000000
47756  -9.380  -13.130  81.511 0.0000000000
46598  -10.095  -15.135  81.080 0.0000000000
44563  -10.647  -16.904  83.616 0.0000000000
44541  -10.354  -16.811  86.546 0.0000000000
56439  -41.281  -6.035  66.093 0.0000000000
56440  -42.216  -5.941  65.938 0.0000000000
56447  -41.625  -5.601  65.474 0.0000000000
58425  -39.066  -4.388  64.030 0.0000000000
57424  -40.732  -4.715  63.969 0.0000000000
57438  -39.731  -4.638  62.980 0.0000000000
57453  -41.338  -4.255  62.369 0.0000000000
57437  -38.780  -4.616  62.982 0.0000000000
59323  -33.287  -2.867  64.624 0.0000000000
58442  -32.894  -4.003  61.631 0.0000000000
58433  -34.168  -4.412  62.870 0.0000000000
57457  -35.543  -4.331  61.509 0.0000000000
127710  -36.976  -4.498  61.664 0.0000000000
58445  -36.053  -3.996  60.935 0.0000000000
58459  -37.442  -3.239  60.532 0.0000000000
123210  -35.832  -3.544  60.453 0.0000000000
59386  -32.425  -2.188  58.175 0.0000000000
59379  -34.187  -2.966  58.890 0.0000000000
60288  -33.758  -2.373  57.510 0.0000000000
60289  -35.407  -1.771  57.364 0.0000000000
111145  -33.617  -2.125  56.907 0.0000000000
60300  -33.339  -1.296  55.903 0.0000000000
60299  -32.543  -1.263  56.180 0.0000000000
65151  -31.700  2.989  56.399 0.0000000000
63276  -31.096  1.776  55.413 0.0000000000
65167  -31.704  3.152  55.272 0.0000000000
52040  -25.475  -9.531  68.491 0.0000000000
52016  -25.547  -9.908  70.488 0.0000000000
114405  -26.548  -9.293  69.657 0.0000000000
47803  -13.042  -13.767  77.832 0.0000000000
47802  -12.141  -13.611  78.116 0.0000000000
46639  -13.163  -14.483  79.157 0.0000000000
48927  -16.841  -12.691  76.004 0.0000000000
48926  -16.018  -12.861  76.300 0.0000000000
48915  -16.866  -12.657  77.021 0.0000000000
51922  -21.020  -9.660  74.282 0.0000000000
51946  -22.228  -9.218  73.555 0.0000000000
119560  -23.617  -9.637  73.904 0.0000000000
51949  -24.915  -10.146  72.978 0.0000000000
52063  -37.971  -9.049  68.695 0.0000000000
52048  -37.621  -9.441  69.484 0.0000000000
112011  -19.144  -5.745  70.387 0.0000000000
55256  -18.203  -7.344  70.594 0.0000000000
53035  -18.193  -8.967  71.034 0.0000000000
50931  -18.476  -10.500  71.530 0.0000000000
50932  -19.152  -10.406  71.294 0.0000000000
50917  -20.265  -10.247  72.264 0.0000000000
55311  -38.704  -6.457  67.578 0.0000000000
56409  -39.666  -6.111  67.504 0.0000000000
131266  -35.334  -7.032  69.580 0.0000000000
54127  -35.254  -7.039  67.970 0.0000000000
55310  -37.592  -6.495  68.097 0.0000000000
62363  -32.471  0.718  52.198 0.0000000000
61371  -33.582  -0.375  51.648 0.0000000000
124221  -32.936  0.700  51.444 0.0000000000
63339  -33.750  1.271  49.908 0.0000000000
64300  -34.082  2.595  48.924 0.0000000000
122010  -35.077  6.807  46.694 0.0000000000
68179  -35.773  6.828  45.040 0.0000000000
67243  -36.952  5.552  44.173 0.0000000000
66263  -38.262  4.366  44.322 0.0000000000
65308  -40.444  3.304  44.934 0.0000000000
66273  -39.514  4.596  43.610 0.0000000000
67254  -40.803  5.016  42.923 0.0000000000
67263  -41.206  5.522  42.360 0.0000000000
68202  -40.641  6.059  41.783 0.0000000000
69166  -39.753  7.533  41.186 0.0000000000
45532  -11.745  -15.686  81.451 0.0000000000
125842  -11.274  -15.957  82.080 0.0000000000
45522  -12.105  -15.873  82.449 0.0000000000
123956  -39.918  -3.778  66.476 0.0000000000
58398  -40.172  -4.408  65.821 0.0000000000
128732  -39.804  -4.145  65.750 0.0000000000
58408  -38.424  -3.961  64.878 0.0000000000
111903  -37.541  -3.899  64.754 0.0000000000
114363  -32.787  -2.425  64.020 0.0000000000
60247  -32.051  -1.567  62.732 0.0000000000
59356  -31.897  -2.731  61.378 0.0000000000
58454  -32.417  -3.528  60.966 0.0000000000
59366  -33.025  -3.571  60.146 0.0000000000
59365  -31.972  -2.738  60.116 0.0000000000
60282  -31.778  -1.877  58.626 0.0000000000
60287  -31.945  -1.741  57.771 0.0000000000
61270  -31.886  -0.878  56.503 0.0000000000
62266  -31.424  0.241  57.786 0.0000000000
53079  -28.188  -7.875  68.268 0.0000000000
53047  -27.633  -8.576  69.794 0.0000000000
53065  -29.139  -7.904  70.082 0.0000000000
48912  -13.125  -12.375  76.939 0.0000000000
47818  -13.788  -13.507  77.305 0.0000000000
44551  -7.685  -16.992  84.533 0.0000000000
110980  -7.469  -14.974  84.240 0.0000000000
44545  -7.274  -17.278  85.257 0.0000000000
45496  -6.119  -16.062  85.742 0.0000000000
45491  -5.481  -15.714  86.068 0.0000000000
59352  -42.640  -2.806  62.274 0.0000000000
119782  -32.791  -9.550  68.519 0.0000000000
52044  -32.607  -9.759  69.485 0.0000000000
54040  -16.629  -6.953  75.306 0.0000000000
52976  -16.105  -8.458  74.957 0.0000000000
51902  -15.433  -9.851  75.050 0.0000000000
50889  -15.767  -10.855  73.999 0.0000000000
49873  -16.208  -11.896  73.873 0.0000000000
49865  -17.456  -12.386  74.907 0.0000000000
49888  -18.097  -11.502  72.844 0.0000000000
49875  -18.386  -11.878  74.412 0.0000000000
50858  -18.936  -11.240  76.572 0.0000000000
70083  -43.884  9.366  37.718 0.0000000000
54157  -40.847  -7.693  67.344 0.0000000000
54179  -41.373  -7.090  66.845 0.0000000000
54178  -40.515  -7.129  66.660 0.0000000000
56438  -40.668  -6.159  66.459 0.0000000000
57404  -40.525  -4.952  66.391 0.0000000000
56410  -40.455  -5.382  67.714 0.0000000000
113720  -40.801  -4.763  67.532 0.0000000000
58391  -40.410  -4.350  66.583 0.0000000000
59306  -40.033  -3.409  67.139 0.0000000000
53075  -21.281  -8.303  67.699 0.0000000000
52056  -22.740  -9.069  68.270 0.0000000000
52074  -23.139  -8.797  67.436 0.0000000000
53119  -24.433  -8.466  66.680 0.0000000000
53121  -26.050  -8.362  66.516 0.0000000000
55326  -25.922  -6.055  67.057 0.0000000000
117048  -26.618  -6.620  66.140 0.0000000000
53100  -27.467  -7.994  67.437 0.0000000000
120430  -29.000  -7.014  67.166 0.0000000000
54145  -29.790  -7.178  67.363 0.0000000000
54147  -31.521  -7.958  67.291 0.0000000000
57394  -31.125  -4.791  68.630 0.0000000000
55327  -31.508  -6.597  67.256 0.0000000000
53123  -31.866  -7.804  67.221 0.0000000000
52079  -32.384  -8.790  67.588 0.0000000000
52081  -33.418  -8.924  67.554 0.0000000000
52083  -34.565  -9.252  68.127 0.0000000000
53082  -35.849  -8.335  67.713 0.0000000000
54128  -35.984  -7.062  67.719 0.0000000000
53105  -36.764  -8.152  67.398 0.0000000000
53084  -37.470  -8.562  67.816 0.0000000000
53085  -38.395  -8.601  68.014 0.0000000000
117888  -39.739  -8.474  68.129 0.0000000000
55301  -20.586  -6.914  67.844 0.0000000000
60354  -35.365  -0.640  51.820 0.0000000000
66195  -33.831  4.098  49.538 0.0000000000
66207  -33.790  4.002  48.926 0.0000000000
65254  -34.716  3.409  48.310 0.0000000000
66240  -34.801  5.017  46.823 0.0000000000
65284  -36.019  3.720  47.124 0.0000000000
64312  -36.385  2.884  48.084 0.0000000000
64304  -38.512  2.795  48.704 0.0000000000
69183  -44.219  7.323  40.527 0.0000000000
70059  -42.616  8.538  39.306 0.0000000000
70959  -42.695  9.593  38.781 0.0000000000
47732  -8.668  -13.650  82.804 0.0000000000
46561  -8.484  -15.251  82.716 0.0000000000
45520  -10.419  -16.152  82.249 0.0000000000
44561  -9.199  -16.526  83.151 0.0000000000
44552  -8.761  -17.048  83.934 0.0000000000
43621  -9.019  -17.696  84.773 0.0000000000
55334  -42.252  -6.830  67.133 0.0000000000
55355  -42.705  -6.217  66.621 0.0000000000
56449  -43.423  -5.023  65.267 0.0000000000
57415  -40.739  -4.941  64.832 0.0000000000
57425  -41.635  -4.792  63.877 0.0000000000
57426  -42.651  -4.615  63.828 0.0000000000
57440  -42.131  -4.353  62.937 0.0000000000
115381  -41.733  -3.659  62.006 0.0000000000
58435  -40.950  -3.681  61.592 0.0000000000
59326  -36.025  -3.517  65.343 0.0000000000
58422  -36.282  -4.401  63.967 0.0000000000
111516  -33.356  -3.958  63.346 0.0000000000
58421  -35.310  -4.392  63.883 0.0000000000
57435  -36.858  -4.688  63.153 0.0000000000
57450  -38.384  -4.589  61.917 0.0000000000
57461  -39.070  -4.147  61.309 0.0000000000
128983  -35.242  -3.048  59.591 0.0000000000
60268  -36.195  -2.266  59.383 0.0000000000
61271  -34.969  -1.081  55.874 0.0000000000
61288  -33.557  -0.823  55.144 0.0000000000
61307  -32.584  -0.257  53.906 0.0000000000
61269  -31.588  -0.223  56.066 0.0000000000
62308  -31.532  0.429  54.671 0.0000000000
62326  -31.690  0.670  53.764 0.0000000000
63293  -31.999  1.921  53.154 0.0000000000
64245  -32.888  2.812  52.767 0.0000000000
110051  -24.085  -9.661  70.018 0.0000000000
51966  -25.234  -10.183  72.141 0.0000000000
51992  -27.431  -9.285  71.229 0.0000000000
47784  -10.396  -13.659  79.947 0.0000000000
48902  -11.545  -12.240  78.583 0.0000000000
47785  -11.018  -13.660  79.248 0.0000000000
46620  -11.161  -14.880  80.092 0.0000000000
46600  -12.610  -15.230  81.129 0.0000000000
48937  -14.564  -12.087  75.383 0.0000000000
47836  -14.458  -13.257  76.849 0.0000000000
47805  -15.043  -13.694  78.614 0.0000000000
43589  -6.430  -18.528  87.942 0.0000000000
127531  -5.699  -17.591  86.349 0.0000000000
45490  -5.177  -15.335  86.050 0.0000000000
54130  -42.435  -7.757  68.513 0.0000000000
52011  -20.829  -9.219  70.151 0.0000000000
52012  -21.764  -9.215  70.515 0.0000000000
53063  -20.842  -8.629  68.532 0.0000000000
53062  -20.028  -8.429  68.801 0.0000000000
52036  -20.462  -8.943  69.390 0.0000000000
109387  -34.483  3.251  52.270 0.0000000000
65220  -34.185  3.258  51.443 0.0000000000
70016  -38.123  8.867  44.811 0.0000000000
70015  -37.525  8.279  44.021 0.0000000000
69149  -37.867  7.984  43.149 0.0000000000
69156  -38.492  7.990  42.463 0.0000000000
62246  -32.038  0.368  59.838 0.0000000000
114402  -14.937  -9.192  76.726 0.0000000000
127463  -14.678  -9.884  76.211 0.0000000000
51882  -15.147  -9.485  75.858 0.0000000000
70072  -43.727  8.715  38.353 0.0000000000
70073  -44.537  8.280  38.479 0.0000000000
57419  -44.690  -4.152  65.185 0.0000000000
57418  -43.977  -4.540  64.785 0.0000000000
52061  -36.091  -9.192  68.498 0.0000000000
110259  -35.805  -9.697  69.506 0.0000000000
55218  -17.559  -6.392  72.187 0.0000000000
124043  -17.084  -7.760  72.373 0.0000000000
54059  -16.862  -7.606  73.072 0.0000000000
53023  -16.906  -8.449  72.494 0.0000000000
117997  -17.172  -9.444  72.076 0.0000000000
54120  -23.696  -7.094  67.761 0.0000000000
57391  -28.872  -4.789  67.750 0.0000000000
57402  -29.600  -5.077  67.204 0.0000000000
57403  -30.223  -4.866  67.521 0.0000000000
54106  -34.327  -7.032  69.170 0.0000000000
54105  -33.736  -6.709  69.311 0.0000000000
54125  -33.952  -7.139  68.353 0.0000000000
54154  -38.634  -7.237  66.909 0.0000000000
61331  -33.277  -0.484  53.271 0.0000000000
61354  -33.881  -0.661  52.560 0.0000000000
62387  -35.509  0.528  49.662 0.0000000000
63354  -36.386  1.661  48.858 0.0000000000
68148  -35.439  6.814  48.916 0.0000000000
68147  -34.730  6.163  48.672 0.0000000000
130554  -35.074  6.643  48.215 0.0000000000
65299  -38.602  3.489  45.354 0.0000000000
65298  -37.728  3.608  45.836 0.0000000000
65287  -39.461  3.015  46.646 0.0000000000
124404  -41.217  8.493  39.959 0.0000000000
46618  -9.735  -14.473  80.949 0.0000000000
57411  -40.821  -5.184  65.440 0.0000000000
57446  -34.679  -4.459  61.989 0.0000000000
58444  -35.048  -4.009  60.930 0.0000000000
124445  -33.102  -2.410  57.933 0.0000000000
60293  -33.014  -1.816  56.519 0.0000000000
60292  -32.128  -1.648  56.890 0.0000000000
52041  -26.213  -9.282  68.800 0.0000000000
52042  -26.953  -8.770  69.084 0.0000000000
47787  -13.564  -14.177  78.695 0.0000000000
47770  -13.897  -14.342  79.550 0.0000000000
47788  -14.459  -13.982  79.126 0.0000000000
46548  -8.202  -14.060  83.325 0.0000000000
47718  -7.915  -13.807  84.138 0.0000000000
56428  -43.669  -5.876  66.902 0.0000000000
51945  -21.414  -9.398  73.492 0.0000000000
51923  -21.807  -9.254  74.304 0.0000000000
128664  -21.729  -9.302  72.879 0.0000000000
51947  -23.064  -9.473  73.212 0.0000000000
51948  -23.995  -9.789  73.090 0.0000000000
112712  -24.559  -9.950  73.830 0.0000000000
51965  -24.411  -9.900  72.266 0.0000000000
52064  -38.771  -8.949  68.819 0.0000000000
52049  -38.482  -9.342  69.505 0.0000000000
56379  -20.520  -4.773  70.043 0.0000000000
55258  -19.833  -5.561  69.834 0.0000000000
53060  -18.984  -8.040  69.736 0.0000000000
54088  -18.716  -7.351  69.986 0.0000000000
54087  -18.465  -8.276  70.353 0.0000000000
54077  -17.842  -7.865  71.102 0.0000000000
51985  -18.628  -9.900  71.044 0.0000000000
51986  -19.355  -9.918  70.821 0.0000000000
51962  -20.663  -9.717  71.661 0.0000000000
50933  -19.820  -10.228  71.418 0.0000000000
51944  -20.648  -9.991  73.267 0.0000000000
55290  -38.417  -6.358  68.426 0.0000000000
55291  -39.182  -6.157  68.373 0.0000000000
54108  -35.946  -6.948  69.329 0.0000000000
55267  -38.090  -6.636  69.666 0.0000000000
126836  -38.018  -6.433  68.924 0.0000000000
63327  -33.514  1.455  50.396 0.0000000000
64287  -33.698  2.203  49.858 0.0000000000
64288  -34.004  1.935  49.354 0.0000000000
64299  -33.820  2.691  49.257 0.0000000000
69124  -36.105  7.900  46.557 0.0000000000
69133  -36.133  7.672  45.514 0.0000000000
68185  -36.284  6.339  44.472 0.0000000000
67244  -37.840  5.120  43.933 0.0000000000
66262  -37.444  4.606  44.475 0.0000000000
66264  -39.069  4.097  44.210 0.0000000000
66272  -38.658  4.827  43.738 0.0000000000
67261  -39.425  5.694  42.619 0.0000000000
67253  -39.909  5.072  42.994 0.0000000000
67262  -40.264  5.553  42.388 0.0000000000
58397  -39.301  -3.637  66.131 0.0000000000
59328  -37.828  -3.479  65.490 0.0000000000
60256  -31.810  -1.765  61.936 0.0000000000
123029  -31.721  -2.046  59.394 0.0000000000
61252  -31.512  -1.049  58.350 0.0000000000
61260  -31.588  -0.883  57.437 0.0000000000
117107  -31.494  -0.190  58.219 0.0000000000
54122  -28.915  -7.626  68.675 0.0000000000
53064  -28.482  -7.976  69.358 0.0000000000
54103  -29.365  -7.747  69.262 0.0000000000
53050  -30.452  -8.257  70.502 0.0000000000
49850  -13.731  -11.445  76.150 0.0000000000
49839  -13.310  -11.558  76.809 0.0000000000
47835  -13.685  -12.928  76.707 0.0000000000
43620  -8.373  -17.581  84.693 0.0000000000
44544  -6.603  -17.138  85.725 0.0000000000
44538  -5.785  -16.894  86.095 0.0000000000
123910  -44.023  -3.653  64.146 0.0000000000
59342  -43.666  -2.825  63.334 0.0000000000
58437  -43.247  -3.217  62.768 0.0000000000
127352  -33.653  -9.432  68.169 0.0000000000
52045  -33.453  -9.841  69.155 0.0000000000
54051  -16.723  -7.623  73.897 0.0000000000
131746  -16.817  -7.124  74.505 0.0000000000
125229  -16.484  -7.656  74.723 0.0000000000
113947  -15.846  -9.353  74.774 0.0000000000
51921  -16.090  -9.310  73.952 0.0000000000
50900  -16.630  -11.152  73.134 0.0000000000
49881  -16.129  -11.289  73.665 0.0000000000
48953  -16.793  -12.201  73.886 0.0000000000
48948  -16.960  -12.426  74.438 0.0000000000
49874  -17.638  -12.198  74.213 0.0000000000
50915  -18.381  -11.004  72.159 0.0000000000
109460  -19.448  -10.981  75.660 0.0000000000
49876  -18.887  -11.537  74.099 0.0000000000
49867  -18.911  -11.558  74.952 0.0000000000
50875  -18.786  -11.593  75.719 0.0000000000
112892  -40.693  -4.228  67.550 0.0000000000
58382  -40.386  -3.743  67.518 0.0000000000
58390  -40.247  -3.989  66.641 0.0000000000
53097  -21.694  -8.045  67.102 0.0000000000
53076  -22.198  -8.508  67.539 0.0000000000
53098  -22.624  -8.163  66.925 0.0000000000
54169  -24.266  -7.840  66.636 0.0000000000
52077  -25.525  -8.981  67.025 0.0000000000
127214  -25.738  -7.765  66.135 0.0000000000
116614  -28.063  -5.723  66.845 0.0000000000
56436  -27.301  -6.074  66.527 0.0000000000
55346  -27.344  -6.549  66.336 0.0000000000
131478  -27.122  -6.967  66.182 0.0000000000
54172  -27.781  -6.839  66.529 0.0000000000
54144  -28.226  -7.329  67.184 0.0000000000
54173  -28.685  -6.625  66.714 0.0000000000
54174  -30.268  -6.800  66.865 0.0000000000
123108  -29.458  -6.765  66.861 0.0000000000
54146  -30.763  -7.478  67.285 0.0000000000
54175  -31.150  -7.311  67.148 0.0000000000
55286  -32.940  -6.324  68.897 0.0000000000
56397  -32.559  -5.639  69.412 0.0000000000
56396  -31.868  -5.205  69.008 0.0000000000
56407  -31.583  -5.504  68.078 0.0000000000
56425  -31.858  -6.277  67.754 0.0000000000
54149  -32.886  -7.807  67.343 0.0000000000
54148  -32.266  -7.601  67.296 0.0000000000
53124  -32.527  -8.119  67.274 0.0000000000
53101  -32.172  -8.330  67.354 0.0000000000
52080  -32.758  -8.656  67.438 0.0000000000
53104  -34.763  -8.470  67.691 0.0000000000
129723  -35.292  -8.989  68.050 0.0000000000
55287  -35.929  -6.823  68.253 0.0000000000
53107  -38.100  -8.171  67.283 0.0000000000
54155  -39.332  -7.548  66.857 0.0000000000
53108  -39.014  -8.221  67.412 0.0000000000
53109  -39.928  -7.999  67.347 0.0000000000
55303  -22.077  -6.601  67.790 0.0000000000
55279  -21.459  -6.074  68.590 0.0000000000
55323  -21.109  -7.032  67.334 0.0000000000
54138  -20.783  -7.460  67.554 0.0000000000
61290  -35.483  -0.801  55.423 0.0000000000
60323  -35.633  -0.797  52.921 0.0000000000
110536  -36.794  -0.749  53.856 0.0000000000
126292  -34.280  -0.393  51.170 0.0000000000
61372  -35.017  -0.499  51.203 0.0000000000
66190  -35.310  5.033  51.070 0.0000000000
66196  -34.454  4.559  50.335 0.0000000000
66215  -34.240  4.640  48.327 0.0000000000
66208  -34.002  4.782  48.951 0.0000000000
65253  -34.138  3.794  48.549 0.0000000000
65266  -34.684  4.161  47.939 0.0000000000
67233  -35.321  5.553  45.619 0.0000000000
67227  -34.826  5.560  46.421 0.0000000000
65285  -36.978  3.562  46.643 0.0000000000
65268  -36.697  3.286  47.497 0.0000000000
111319  -35.969  3.331  47.733 0.0000000000
64313  -37.232  2.955  48.026 0.0000000000
64314  -38.135  2.995  47.912 0.0000000000
66266  -41.479  3.578  44.817 0.0000000000
68213  -42.107  6.713  41.268 0.0000000000
69169  -42.834  7.110  40.866 0.0000000000
69170  -43.667  7.064  41.090 0.0000000000
69182  -43.389  7.435  40.348 0.0000000000
69189  -41.876  8.691  39.580 0.0000000000
127874  -42.387  9.035  39.104 0.0000000000
70071  -42.955  8.925  38.740 0.0000000000
47743  -9.024  -13.906  81.917 0.0000000000
47744  -9.256  -12.854  82.460 0.0000000000
46562  -8.322  -14.565  82.817 0.0000000000
45521  -11.444  -16.319  82.752 0.0000000000
44562  -10.792  -16.620  82.965 0.0000000000
44554  -10.494  -17.137  84.299 0.0000000000
44571  -9.929  -16.638  82.880 0.0000000000
108937  -9.773  -17.038  83.688 0.0000000000
44540  -9.648  -17.424  86.402 0.0000000000
56448  -42.591  -5.386  65.301 0.0000000000
56441  -43.306  -5.566  65.971 0.0000000000
57452  -40.383  -4.367  62.059 0.0000000000
59324  -34.070  -3.229  65.028 0.0000000000
59325  -35.013  -3.468  65.272 0.0000000000
58406  -35.661  -3.990  64.683 0.0000000000
59339  -32.691  -3.059  63.298 0.0000000000
130646  -33.053  -3.290  63.984 0.0000000000
58434  -35.002  -4.575  62.980 0.0000000000
57434  -35.938  -4.644  63.109 0.0000000000
57449  -37.374  -4.646  62.261 0.0000000000
57459  -37.660  -4.386  61.375 0.0000000000
57460  -38.390  -4.087  61.038 0.0000000000
58448  -39.023  -3.514  60.933 0.0000000000
58458  -36.597  -3.358  60.469 0.0000000000
59367  -34.338  -3.325  59.588 0.0000000000
60283  -35.057  -2.549  58.427 0.0000000000
59380  -35.337  -2.746  59.170 0.0000000000
61253  -36.239  -1.227  57.540 0.0000000000
61272  -35.865  -0.878  56.103 0.0000000000
60301  -34.116  -1.126  55.660 0.0000000000
61308  -33.396  -0.558  54.213 0.0000000000
111273  -32.638  -0.561  54.904 0.0000000000
61259  -31.317  -0.157  56.931 0.0000000000
128477  -31.112  1.007  55.221 0.0000000000
62309  -31.939  0.125  54.018 0.0000000000
63292  -31.729  1.353  53.428 0.0000000000
64243  -31.679  2.132  53.856 0.0000000000
114972  -32.778  3.038  53.278 0.0000000000
52057  -23.670  -9.385  68.164 0.0000000000
52039  -23.277  -9.448  69.268 0.0000000000
51991  -25.428  -10.082  71.342 0.0000000000
50934  -26.006  -10.313  71.945 0.0000000000
50918  -25.739  -10.444  72.803 0.0000000000
50919  -26.520  -10.298  72.631 0.0000000000
53036  -27.922  -8.694  70.683 0.0000000000
51993  -28.321  -8.778  71.602 0.0000000000
52020  -32.414  -9.878  70.386 0.0000000000
48880  -10.266  -12.715  80.347 0.0000000000
48881  -10.828  -12.238  79.851 0.0000000000
49833  -12.688  -10.905  78.379 0.0000000000
49822  -11.888  -11.300  78.863 0.0000000000
47786  -11.735  -14.016  78.744 0.0000000000
47801  -11.464  -13.187  78.539 0.0000000000
46637  -11.438  -14.475  79.410 0.0000000000
46621  -12.283  -14.956  80.137 0.0000000000
49864  -14.912  -11.449  74.931 0.0000000000
48925  -15.212  -13.056  76.525 0.0000000000
128027  -15.233  -13.344  77.264 0.0000000000
48913  -15.581  -13.389  78.053 0.0000000000
70967  -44.429  9.333  37.262 0.0000000000
43595  -6.027  -18.643  86.931 0.0000000000
43602  -5.653  -17.824  86.320 0.0000000000
44537  -5.325  -16.684  86.023 0.0000000000
51963  -21.597  -9.389  72.041 0.0000000000
125182  -21.970  -9.290  71.403 0.0000000000
110698  -22.616  -9.443  71.731 0.0000000000
51989  -23.319  -9.569  71.267 0.0000000000
53068  -40.279  -8.749  68.913 0.0000000000
55277  -19.893  -6.917  68.634 0.0000000000
125941  -19.309  -6.534  69.664 0.0000000000
53061  -19.454  -8.243  69.260 0.0000000000
52010  -19.513  -9.412  70.179 0.0000000000
130946  -20.104  -9.324  69.958 0.0000000000
64259  -33.079  2.441  52.010 0.0000000000
64268  -33.255  2.143  51.328 0.0000000000
65219  -33.690  2.650  51.090 0.0000000000
65229  -33.645  2.870  50.275 0.0000000000
69134  -36.752  8.101  45.141 0.0000000000
69143  -36.940  7.835  44.269 0.0000000000
69148  -37.393  7.447  43.565 0.0000000000
68192  -37.711  6.525  43.402 0.0000000000
67251  -38.272  5.681  43.383 0.0000000000
68193  -38.327  6.437  42.995 0.0000000000
68201  -38.882  6.362  42.499 0.0000000000
111408  -38.925  7.073  42.092 0.0000000000
70032  -38.843  8.916  42.330 0.0000000000
125839  -37.276  -3.150  66.062 0.0000000000
118430  -31.903  -0.751  60.853 0.0000000000
60277  -31.690  -1.552  60.143 0.0000000000
61237  -31.835  -0.591  60.192 0.0000000000
62253  -31.863  0.849  58.587 0.0000000000
54104  -30.066  -7.793  68.986 0.0000000000
53051  -31.194  -8.886  70.615 0.0000000000
70061  -44.700  7.917  39.264 0.0000000000
113778  -8.108  -17.978  86.066 0.0000000000
43604  -7.416  -17.937  86.713 0.0000000000
110753  -6.840  -17.954  87.108 0.0000000000
52023  -36.334  -9.882  70.445 0.0000000000
55219  -18.151  -5.658  71.599 0.0000000000
55197  -17.381  -6.118  73.168 0.0000000000
53010  -16.632  -8.318  73.266 0.0000000000
51943  -16.464  -8.937  73.455 0.0000000000
51942  -16.420  -9.643  73.197 0.0000000000
50901  -17.234  -11.211  72.753 0.0000000000
50903  -19.881  -10.790  72.931 0.0000000000
50891  -19.420  -11.162  73.612 0.0000000000
50877  -20.253  -10.422  75.158 0.0000000000
54177  -39.858  -7.142  66.634 0.0000000000
56426  -40.178  -6.021  66.774 0.0000000000
54141  -22.897  -7.190  67.252 0.0000000000
53118  -22.646  -7.662  66.848 0.0000000000
54121  -23.864  -7.391  67.191 0.0000000000
55343  -24.619  -7.364  66.709 0.0000000000
56404  -27.416  -5.246  67.937 0.0000000000
56421  -28.110  -5.227  67.501 0.0000000000
116866  -28.809  -5.980  66.604 0.0000000000
56437  -29.596  -5.769  66.651 0.0000000000
55349  -30.165  -6.205  66.600 0.0000000000
55307  -32.507  -6.652  68.077 0.0000000000
54150  -34.398  -7.849  67.709 0.0000000000
55331  -37.258  -7.040  67.461 0.0000000000
55330  -36.597  -7.188  67.524 0.0000000000
61309  -35.031  -0.649  54.305 0.0000000000
123710  -35.133  -0.711  53.436 0.0000000000
62386  -34.765  0.463  49.765 0.0000000000
61398  -35.220  0.101  50.081 0.0000000000
67203  -34.366  5.421  48.461 0.0000000000
67212  -34.443  5.322  47.855 0.0000000000
66251  -36.349  4.446  45.376 0.0000000000
66250  -35.692  4.787  45.626 0.0000000000
65297  -36.853  3.922  45.830 0.0000000000
121749  -37.955  3.244  46.739 0.0000000000
131608  -38.096  3.079  47.291 0.0000000000
65270  -38.730  3.015  47.194 0.0000000000
65271  -39.630  2.986  47.543 0.0000000000
69167  -40.513  7.323  40.842 0.0000000000
69168  -41.395  7.271  40.728 0.0000000000
70058  -41.238  9.108  39.717 0.0000000000
47755  -9.305  -14.049  81.199 0.0000000000
46597  -9.296  -14.902  81.497 0.0000000000
44546  -10.180  -17.306  85.717 0.0000000000
119015  -39.334  -4.137  65.106 0.0000000000
57423  -39.931  -4.529  64.039 0.0000000000
57439  -40.585  -4.613  63.076 0.0000000000
58404  -33.724  -3.693  64.298 0.0000000000
112894  -33.561  -4.259  62.286 0.0000000000
57447  -35.661  -4.575  62.234 0.0000000000
57458  -36.296  -4.407  61.570 0.0000000000
58446  -36.982  -4.040  60.964 0.0000000000
129457  -33.185  -2.828  58.732 0.0000000000
59387  -32.884  -2.557  58.368 0.0000000000
59388  -33.875  -2.660  58.195 0.0000000000
60284  -35.762  -1.912  58.020 0.0000000000
109012  -34.773  -2.298  57.723 0.0000000000
115408  -34.541  -1.990  57.038 0.0000000000
60294  -34.136  -1.642  56.303 0.0000000000
61287  -32.257  -0.701  55.749 0.0000000000
63260  -31.261  1.442  56.882 0.0000000000
119913  -31.026  1.183  56.028 0.0000000000
63269  -31.229  2.058  56.303 0.0000000000
64223  -31.304  2.538  55.666 0.0000000000
64231  -31.386  2.375  54.794 0.0000000000
64232  -31.930  2.934  54.273 0.0000000000
52058  -24.648  -9.550  68.064 0.0000000000
125879  -25.014  -9.749  68.983 0.0000000000
109945  -25.730  -9.680  69.515 0.0000000000
52017  -26.315  -9.663  70.358 0.0000000000
48911  -12.491  -12.553  77.423 0.0000000000
48903  -11.941  -12.796  77.954 0.0000000000
46650  -12.653  -14.189  78.576 0.0000000000
46622  -13.247  -14.699  79.876 0.0000000000
48939  -15.987  -12.686  75.277 0.0000000000
56442  -44.347  -5.280  66.383 0.0000000000
51906  -21.620  -9.479  75.019 0.0000000000
51924  -22.426  -9.266  74.441 0.0000000000
51925  -23.152  -9.452  74.592 0.0000000000
121711  -22.862  -9.356  73.948 0.0000000000
56363  -18.965  -4.934  70.881 0.0000000000
55257  -18.606  -6.611  70.488 0.0000000000
55239  -18.591  -5.947  70.972 0.0000000000
55238  -17.914  -6.718  71.222 0.0000000000
51984  -17.876  -9.689  71.445 0.0000000000
50916  -19.338  -10.773  71.994 0.0000000000
55312  -39.968  -5.772  68.530 0.0000000000
125613  -34.841  -7.010  69.846 0.0000000000
54107  -35.149  -7.022  68.788 0.0000000000
55288  -36.691  -6.658  68.658 0.0000000000
62345  -32.497  0.144  52.621 0.0000000000
61353  -33.081  -0.329  52.472 0.0000000000
124369  -32.856  0.085  51.868 0.0000000000
61370  -33.264  0.156  51.248 0.0000000000
61386  -33.787  -0.006  50.810 0.0000000000
63315  -33.168  1.361  51.009 0.0000000000
62364  -33.473  0.716  50.674 0.0000000000
62378  -34.063  0.519  50.122 0.0000000000
63340  -34.348  1.117  49.496 0.0000000000
63352  -34.679  1.830  48.954 0.0000000000
69110  -35.523  7.420  47.099 0.0000000000
69123  -35.441  7.129  45.983 0.0000000000
67241  -35.727  5.971  44.935 0.0000000000
69142  -36.388  7.309  44.639 0.0000000000
67242  -36.256  5.564  44.592 0.0000000000
66261  -36.628  4.842  44.701 0.0000000000
66253  -37.945  3.929  44.945 0.0000000000
65306  -38.634  3.768  44.696 0.0000000000
129493  -39.860  3.149  45.344 0.0000000000
65307  -39.392  3.425  44.850 0.0000000000
66265  -39.962  3.879  44.159 0.0000000000
114613  -40.932  3.903  44.119 0.0000000000
67252  -39.076  5.249  43.155 0.0000000000
66274  -40.413  4.495  43.531 0.0000000000
66275  -41.303  4.540  43.507 0.0000000000
68203  -41.631  6.092  41.857 0.0000000000
68210  -39.469  7.017  41.594 0.0000000000
68211  -40.103  6.698  41.274 0.0000000000
46599  -10.907  -15.326  80.769 0.0000000000
59317  -38.623  -3.548  65.745 0.0000000000
59338  -32.388  -1.969  63.369 0.0000000000
59348  -32.093  -2.702  62.485 0.0000000000
61219  -31.974  -0.735  62.337 0.0000000000
58441  -32.242  -3.468  61.808 0.0000000000
58455  -33.217  -3.909  60.890 0.0000000000
58456  -34.104  -3.863  60.441 0.0000000000
59377  -32.301  -2.502  58.954 0.0000000000
62265  -31.272  0.832  57.367 0.0000000000
130438  -31.716  1.162  58.043 0.0000000000
63270  -31.684  2.215  57.010 0.0000000000
64208  -32.263  2.776  57.464 0.0000000000
53078  -27.282  -8.378  68.268 0.0000000000
108899  -27.707  -8.322  68.978 0.0000000000
127851  -28.406  -8.267  70.161 0.0000000000
53048  -28.829  -8.306  70.812 0.0000000000
54089  -29.918  -7.877  69.904 0.0000000000
53049  -29.710  -8.042  70.741 0.0000000000
49838  -12.743  -11.650  77.418 0.0000000000
50821  -13.299  -10.733  77.524 0.0000000000
47817  -13.040  -13.166  77.188 0.0000000000
49840  -18.277  -11.714  77.145 0.0000000000
111660  -7.864  -16.038  83.830 0.0000000000
115062  -7.310  -15.947  84.466 0.0000000000
45497  -6.886  -16.326  85.122 0.0000000000
111719  -6.525  -15.244  85.503 0.0000000000
45484  -6.070  -14.795  86.034 0.0000000000
67175  -36.081  5.896  51.188 0.0000000000
114568  -35.980  6.987  49.808 0.0000000000
68149  -36.006  7.369  49.026 0.0000000000
52059  -32.224  -9.097  68.018 0.0000000000
52043  -32.012  -9.250  68.937 0.0000000000
52021  -33.210  -10.098  70.086 0.0000000000
52977  -16.235  -7.525  75.624 0.0000000000
51903  -15.700  -9.008  75.522 0.0000000000
112470  -15.290  -10.738  74.564 0.0000000000
49872  -15.631  -11.587  74.257 0.0000000000
48947  -16.199  -12.357  74.429 0.0000000000
48940  -16.834  -12.605  75.084 0.0000000000
49852  -17.569  -12.379  75.679 0.0000000000
50930  -17.648  -10.392  71.899 0.0000000000
126609  -17.563  -10.992  72.303 0.0000000000
49883  -18.178  -11.846  73.644 0.0000000000
129857  -18.746  -11.540  73.361 0.0000000000
49866  -18.188  -12.043  75.163 0.0000000000
49853  -18.274  -11.943  76.171 0.0000000000
70966  -43.598  9.851  37.758 0.0000000000
54158  -41.880  -7.499  67.632 0.0000000000
55353  -40.948  -6.608  66.460 0.0000000000
118257  -40.974  -5.558  65.825 0.0000000000
58389  -39.444  -3.154  66.832 0.0000000000
52038  -22.372  -9.162  69.063 0.0000000000
52055  -21.818  -8.782  68.397 0.0000000000
122721  -23.472  -8.053  66.733 0.0000000000
53099  -23.550  -8.485  66.940 0.0000000000
52075  -24.020  -9.104  67.260 0.0000000000
123155  -25.285  -9.367  67.684 0.0000000000
111348  -25.908  -9.195  67.889 0.0000000000
52078  -26.296  -8.746  67.294 0.0000000000
55305  -25.382  -6.558  67.777 0.0000000000
55325  -25.279  -6.688  66.807 0.0000000000
55345  -25.876  -6.463  66.271 0.0000000000
56419  -26.577  -5.995  66.664 0.0000000000
54171  -25.815  -7.076  65.960 0.0000000000
120462  -26.473  -7.455  66.136 0.0000000000
53122  -26.782  -8.164  66.851 0.0000000000
126204  -26.871  -8.447  67.597 0.0000000000
114206  -28.948  -7.361  67.867 0.0000000000
54124  -30.323  -7.699  67.988 0.0000000000
53080  -31.131  -8.128  67.665 0.0000000000
113927  -31.849  -8.531  67.600 0.0000000000
57393  -30.382  -4.549  68.296 0.0000000000
56406  -30.887  -5.111  67.670 0.0000000000
56424  -31.239  -5.903  67.248 0.0000000000
55328  -32.068  -6.972  67.508 0.0000000000
55351  -31.574  -7.201  67.220 0.0000000000
52060  -32.856  -9.197  67.758 0.0000000000
52082  -34.080  -8.950  67.735 0.0000000000
54152  -36.265  -7.618  67.452 0.0000000000
53083  -36.641  -8.649  67.966 0.0000000000
53086  -39.090  -8.630  68.238 0.0000000000
56392  -20.796  -5.513  69.371 0.0000000000
109306  -20.544  -6.349  68.477 0.0000000000
54119  -20.295  -7.414  68.067 0.0000000000
53074  -20.459  -8.031  67.945 0.0000000000
129531  -36.374  -0.688  54.263 0.0000000000
60353  -34.573  -0.670  51.896 0.0000000000
60339  -35.291  -0.725  52.329 0.0000000000
61355  -36.040  -0.718  52.282 0.0000000000
61388  -35.468  -0.204  50.668 0.0000000000
66189  -34.683  4.071  51.222 0.0000000000
65230  -33.993  3.615  50.495 0.0000000000
129528  -33.721  3.470  49.879 0.0000000000
123714  -34.233  4.915  49.566 0.0000000000
65252  -33.822  3.276  48.923 0.0000000000
64301  -34.698  2.688  48.611 0.0000000000
123323  -35.283  2.226  48.603 0.0000000000
68169  -34.677  6.213  46.907 0.0000000000
67226  -34.568  5.514  47.188 0.0000000000
66224  -35.238  4.414  47.084 0.0000000000
65267  -35.333  3.703  47.751 0.0000000000
64311  -35.472  2.947  48.233 0.0000000000
64302  -36.001  2.221  48.453 0.0000000000
120341  -37.680  2.568  48.605 0.0000000000
69192  -43.944  7.786  39.698 0.0000000000
69191  -43.049  7.988  39.771 0.0000000000
70060  -43.352  8.336  39.095 0.0000000000
71811  -42.697  10.316  38.742 0.0000000000
45531  -10.681  -15.714  81.488 0.0000000000
45530  -9.859  -15.590  81.654 0.0000000000
45512  -9.247  -15.781  82.374 0.0000000000
45511  -8.526  -15.962  83.163 0.0000000000
43610  -8.624  -17.827  85.398 0.0000000000
43611  -9.395  -17.707  85.529 0.0000000000
43605  -8.876  -17.809  86.224 0.0000000000
57417  -43.077  -4.858  64.620 0.0000000000
57427  -43.615  -4.215  64.019 0.0000000000
57441  -43.043  -3.964  63.186 0.0000000000
130090  -41.940  -4.063  62.398 0.0000000000
58436  -42.461  -3.662  62.433 0.0000000000
58450  -42.106  -3.114  61.915 0.0000000000
58407  -36.631  -3.938  64.715 0.0000000000
58423  -37.235  -4.372  63.999 0.0000000000
58420  -34.342  -4.269  63.708 0.0000000000
57436  -37.812  -4.612  63.060 0.0000000000
115757  -39.917  -3.777  61.259 0.0000000000
59360  -40.561  -2.938  61.220 0.0000000000
58457  -35.260  -3.398  60.048 0.0000000000
59368  -35.874  -2.705  59.690 0.0000000000
61289  -34.646  -0.781  55.148 0.0000000000
122214  -34.162  -0.642  54.488 0.0000000000
62295  -31.305  0.412  55.623 0.0000000000
61286  -31.875  -0.189  55.252 0.0000000000
61306  -32.092  -0.145  54.548 0.0000000000
62327  -32.182  0.170  53.366 0.0000000000
62344  -32.050  0.721  52.971 0.0000000000
63306  -32.156  1.379  52.659 0.0000000000
64258  -32.438  2.118  52.579 0.0000000000
64244  -32.310  2.614  53.383 0.0000000000
65208  -33.708  3.110  52.468 0.0000000000
65209  -34.648  3.248  52.699 0.0000000000
52013  -22.472  -9.289  69.945 0.0000000000
52014  -23.283  -9.509  70.381 0.0000000000
110945  -23.913  -9.666  70.795 0.0000000000
109851  -24.910  -9.847  69.800 0.0000000000
52015  -24.703  -9.893  70.782 0.0000000000
129211  -27.024  -8.941  69.746 0.0000000000
52018  -27.078  -9.177  70.361 0.0000000000
51967  -26.835  -9.856  71.790 0.0000000000
51969  -28.163  -9.132  72.535 0.0000000000
51950  -27.382  -9.835  72.681 0.0000000000
126972  -26.910  -10.294  73.212 0.0000000000
52019  -31.824  -9.401  69.936 0.0000000000
48892  -11.066  -12.681  79.152 0.0000000000
48891  -10.584  -12.989  79.614 0.0000000000
46636  -10.770  -14.299  79.722 0.0000000000
109912  -11.729  -15.299  80.661 0.0000000000
109812  -13.393  -14.862  80.776 0.0000000000
50874  -14.747  -10.471  75.388 0.0000000000
49863  -14.267  -11.371  75.550 0.0000000000
48936  -14.003  -11.997  75.784 0.0000000000
48938  -15.151  -12.638  75.648 0.0000000000
48924  -14.306  -12.645  76.073 0.0000000000
47819  -14.719  -13.593  77.677 0.0000000000
49834  -17.550  -12.082  77.760 0.0000000000
48906  -16.826  -12.605  77.892 0.0000000000
48904  -15.811  -13.288  79.016 0.0000000000
70084  -44.440  8.791  37.781 0.0000000000
43596  -6.732  -18.078  87.908 0.0000000000
108990  -6.298  -18.194  86.969 0.0000000000
43601  -5.348  -17.309  86.018 0.0000000000
44543  -4.969  -16.720  85.675 0.0000000000
44536  -5.107  -15.984  85.950 0.0000000000
47816  -12.456  -13.251  77.586 0.0000000000
50836  -13.618  -10.895  76.726 0.0000000000
51920  -15.718  -10.080  74.254 0.0000000000
51968  -27.623  -9.385  71.968 0.0000000000
51990  -24.100  -9.764  71.494 0.0000000000
52076  -24.822  -9.182  67.127 0.0000000000
52088  -25.024  -8.863  66.741 0.0000000000
53046  -19.108  -8.752  69.879 0.0000000000
53096  -21.066  -7.918  67.383 0.0000000000
53120  -25.303  -8.401  66.471 0.0000000000
54041  -17.111  -6.470  74.840 0.0000000000
54139  -21.364  -7.535  67.108 0.0000000000
54140  -21.982  -7.712  66.884 0.0000000000
54143  -27.329  -7.481  66.640 0.0000000000
55302  -21.164  -6.619  67.672 0.0000000000
55344  -25.338  -6.975  66.232 0.0000000000
66241  -35.218  4.869  46.223 0.0000000000
68158  -35.051  6.772  47.483 0.0000000000
68170  -34.981  6.301  46.106 0.0000000000
68178  -35.383  6.366  45.466 0.0000000000
69094  -36.552  7.644  49.468 0.0000000000
120349  -24.793  -9.974  71.597 0.0000000000
121020  -26.761  -9.633  70.975 0.0000000000
126706  -16.566  -11.710  73.513 0.0000000000
127876  -34.185  3.156  48.654 0.0000000000
128624  -35.541  5.681  50.685 0.0000000000
129812  -22.127  -9.369  71.953 0.0000000000
