#!ascii label  , from subject sub-v2s4x29619_ses-1 vox2ras=TkReg
191
61280  24.838  0.941  -3.281 0.0000000000
54105  23.647  -6.768  1.617 0.0000000000
65067  24.017  5.025  -5.853 0.0000000000
73063  23.846  12.432  -7.938 0.0000000000
51839  21.995  -8.030  1.985 0.0000000000
130023  25.166  6.967  -5.802 0.0000000000
70310  25.062  9.182  -6.929 0.0000000000
59425  23.447  -1.628  -3.375 0.0000000000
57416  24.289  -3.220  -1.421 0.0000000000
59402  25.396  -1.357  -1.570 0.0000000000
63052  26.378  3.158  -2.887 0.0000000000
118674  26.694  1.070  -1.634 0.0000000000
63077  24.149  3.020  -5.035 0.0000000000
65049  25.485  4.925  -4.592 0.0000000000
72189  24.234  10.685  -7.476 0.0000000000
71284  25.975  10.839  -9.104 0.0000000000
56386  25.079  -4.924  1.236 0.0000000000
69239  24.376  8.170  -6.677 0.0000000000
69246  23.997  8.337  -6.734 0.0000000000
60365  24.052  -0.272  -3.470 0.0000000000
59414  24.071  -1.515  -2.749 0.0000000000
111984  25.136  -0.064  -2.575 0.0000000000
53065  22.916  -7.383  1.770 0.0000000000
64071  23.934  3.500  -5.411 0.0000000000
64057  25.033  3.648  -4.443 0.0000000000
65058  24.619  4.773  -5.395 0.0000000000
69229  26.664  8.760  -5.437 0.0000000000
68115  26.536  7.550  -4.716 0.0000000000
73962  23.158  13.029  -7.652 0.0000000000
71277  22.501  10.537  -7.176 0.0000000000
72201  23.980  11.515  -7.732 0.0000000000
73081  25.623  12.364  -11.911 0.0000000000
73073  26.407  11.995  -10.922 0.0000000000
72206  25.426  10.967  -9.329 0.0000000000
127584  26.931  11.638  -9.793 0.0000000000
72188  26.858  11.167  -8.266 0.0000000000
108233  25.421  -3.044  -0.243 0.0000000000
56402  24.477  -4.252  -0.206 0.0000000000
51818  21.666  -9.001  3.078 0.0000000000
66052  24.442  5.858  -5.883 0.0000000000
67079  24.195  6.688  -6.374 0.0000000000
68138  25.291  7.725  -6.081 0.0000000000
70299  26.504  9.392  -5.998 0.0000000000
57428  23.109  -3.380  -2.567 0.0000000000
58451  23.437  -2.366  -2.773 0.0000000000
59403  24.857  -1.911  -1.750 0.0000000000
59393  25.780  -1.705  -0.855 0.0000000000
119629  25.628  2.135  -3.114 0.0000000000
61266  26.179  0.890  -2.186 0.0000000000
62135  26.661  1.804  -2.066 0.0000000000
61290  23.498  0.868  -4.400 0.0000000000
62162  23.433  1.590  -4.640 0.0000000000
116874  24.389  2.157  -4.076 0.0000000000
63063  25.133  3.131  -3.862 0.0000000000
64041  25.615  3.692  -3.746 0.0000000000
65035  26.600  4.955  -3.174 0.0000000000
67063  25.411  6.326  -5.264 0.0000000000
67062  26.540  6.384  -3.908 0.0000000000
112470  23.655  9.231  -6.766 0.0000000000
73068  24.819  11.898  -9.540 0.0000000000
72207  24.922  11.116  -9.271 0.0000000000
71286  24.903  10.434  -8.163 0.0000000000
71275  24.499  9.850  -7.194 0.0000000000
70316  25.601  9.859  -7.330 0.0000000000
110345  26.557  10.579  -7.450 0.0000000000
55269  22.932  -6.079  -0.060 0.0000000000
56403  23.692  -4.594  -0.852 0.0000000000
61248  26.375  0.275  -1.485 0.0000000000
60328  26.878  -0.542  -0.414 0.0000000000
69247  23.427  8.415  -6.687 0.0000000000
61268  24.674  0.239  -3.059 0.0000000000
60354  24.579  -0.675  -2.791 0.0000000000
50806  21.249  -9.554  3.551 0.0000000000
65059  23.602  4.110  -5.800 0.0000000000
117968  24.323  4.196  -5.430 0.0000000000
69228  27.439  8.832  -5.047 0.0000000000
73053  23.082  12.092  -7.480 0.0000000000
73062  24.433  11.744  -8.623 0.0000000000
73072  27.233  11.976  -10.348 0.0000000000
109901  27.617  11.766  -9.492 0.0000000000
58415  25.987  -2.707  0.118 0.0000000000
57394  25.611  -3.498  0.411 0.0000000000
124078  22.043  -7.232  0.626 0.0000000000
127034  24.712  7.832  -6.500 0.0000000000
68137  25.023  8.477  -6.609 0.0000000000
69238  25.769  8.629  -5.992 0.0000000000
70309  25.649  9.258  -6.617 0.0000000000
73977  23.776  13.262  -8.052 0.0000000000
59413  24.785  -1.391  -2.233 0.0000000000
58437  25.221  -2.178  -1.225 0.0000000000
51828  22.175  -8.419  2.688 0.0000000000
51817  22.460  -8.710  3.413 0.0000000000
63039  26.212  2.374  -2.741 0.0000000000
61282  23.531  0.010  -4.164 0.0000000000
63078  23.499  2.811  -5.286 0.0000000000
63065  23.838  2.330  -4.638 0.0000000000
63054  25.012  2.349  -3.630 0.0000000000
63064  24.576  2.914  -4.403 0.0000000000
118994  25.382  4.209  -4.368 0.0000000000
65036  25.871  4.487  -3.840 0.0000000000
65048  26.027  5.180  -3.924 0.0000000000
67071  24.819  6.463  -5.859 0.0000000000
66051  24.963  5.749  -5.470 0.0000000000
68116  26.093  6.734  -4.578 0.0000000000
67050  27.423  6.587  -3.127 0.0000000000
71276  23.560  10.164  -7.015 0.0000000000
112636  22.793  9.547  -6.839 0.0000000000
117460  25.874  12.085  -11.333 0.0000000000
72211  25.396  11.471  -9.911 0.0000000000
71285  25.335  10.566  -8.680 0.0000000000
71274  25.188  10.157  -7.777 0.0000000000
70317  24.878  9.419  -7.191 0.0000000000
71273  25.836  10.496  -8.194 0.0000000000
72198  27.480  11.478  -8.767 0.0000000000
71272  27.493  11.010  -7.408 0.0000000000
71265  27.218  10.540  -6.835 0.0000000000
57417  23.594  -3.857  -1.706 0.0000000000
56393  24.729  -4.604  0.518 0.0000000000
55267  24.431  -5.326  0.801 0.0000000000
61249  25.709  0.097  -2.133 0.0000000000
68140  23.521  7.346  -6.662 0.0000000000
125176  23.914  7.914  -6.714 0.0000000000
69245  24.565  8.781  -6.776 0.0000000000
60355  23.932  -0.999  -3.263 0.0000000000
60353  25.272  -0.678  -2.179 0.0000000000
123343  22.465  -7.710  1.871 0.0000000000
53055  22.823  -7.864  2.398 0.0000000000
53054  23.592  -7.338  2.356 0.0000000000
126647  24.146  -7.252  2.911 0.0000000000
64021  26.929  3.675  -2.357 0.0000000000
63038  26.839  2.799  -2.215 0.0000000000
64072  23.101  3.363  -5.718 0.0000000000
64058  24.544  3.580  -5.020 0.0000000000
65050  24.946  4.325  -4.965 0.0000000000
68130  26.122  8.012  -5.416 0.0000000000
127055  25.700  7.219  -5.308 0.0000000000
69212  27.010  8.297  -4.867 0.0000000000
72190  23.340  11.079  -7.349 0.0000000000
73080  26.478  12.288  -11.686 0.0000000000
72205  26.176  11.382  -10.027 0.0000000000
112364  26.808  11.411  -9.257 0.0000000000
58427  24.893  -2.949  -0.857 0.0000000000
57406  24.331  -3.746  -0.889 0.0000000000
57405  24.963  -3.585  -0.256 0.0000000000
56401  25.000  -4.005  0.294 0.0000000000
50816  20.869  -9.323  2.797 0.0000000000
51829  21.296  -8.751  2.125 0.0000000000
53066  22.107  -7.581  1.329 0.0000000000
54106  22.736  -6.990  1.070 0.0000000000
66058  23.157  5.455  -6.416 0.0000000000
66057  23.878  5.894  -6.239 0.0000000000
67078  24.738  7.207  -6.258 0.0000000000
68139  24.247  7.569  -6.575 0.0000000000
73976  24.347  12.847  -8.766 0.0000000000
58439  23.895  -2.917  -2.028 0.0000000000
58450  24.279  -2.104  -2.178 0.0000000000
58438  24.581  -2.545  -1.570 0.0000000000
58426  25.590  -2.437  -0.559 0.0000000000
58425  26.208  -2.005  -0.245 0.0000000000
62149  25.249  1.533  -3.192 0.0000000000
61267  25.385  0.741  -2.717 0.0000000000
62136  25.899  1.568  -2.674 0.0000000000
63017  27.401  2.493  -1.460 0.0000000000
62116  27.270  1.596  -1.275 0.0000000000
60366  23.407  -0.926  -3.942 0.0000000000
61281  24.172  0.696  -3.727 0.0000000000
62161  23.992  1.539  -4.175 0.0000000000
62150  24.606  1.541  -3.663 0.0000000000
63053  25.711  2.896  -3.326 0.0000000000
128763  26.036  3.413  -3.300 0.0000000000
64040  26.364  3.956  -3.150 0.0000000000
126454  24.634  5.298  -5.531 0.0000000000
66042  25.346  5.549  -5.039 0.0000000000
66041  25.852  5.835  -4.396 0.0000000000
66028  26.580  5.765  -3.540 0.0000000000
70319  22.992  8.768  -6.692 0.0000000000
73985  24.764  12.835  -9.755 0.0000000000
72200  24.674  10.921  -8.453 0.0000000000
72199  25.009  10.659  -8.940 0.0000000000
70318  24.245  8.972  -6.782 0.0000000000
71266  26.472  9.968  -6.733 0.0000000000
54116  23.281  -6.391  0.733 0.0000000000
55287  23.020  -5.209  -1.087 0.0000000000
55278  23.351  -5.388  -0.401 0.0000000000
55268  23.693  -5.691  0.386 0.0000000000
60343  25.827  -0.528  -1.567 0.0000000000
61229  26.867  0.089  -0.776 0.0000000000
60342  26.367  -0.493  -0.969 0.0000000000
59401  25.944  -1.056  -1.087 0.0000000000
59392  26.416  -1.219  -0.502 0.0000000000
65057  25.020  5.085  -5.183 0.0000000000
