#!ascii label  , from subject sub-v2s4x29580_ses-1 vox2ras=TkReg
1183
121873  -52.613  35.496  32.950 0.0000000000
110389  -40.830  53.702  25.082 0.0000000000
126507  -49.645  51.031  32.163 0.0000000000
102040  -48.690  39.120  22.266 0.0000000000
109821  -48.182  52.946  24.510 0.0000000000
105794  -47.775  45.832  24.536 0.0000000000
104587  -48.883  43.638  19.814 0.0000000000
101406  -42.127  37.881  21.559 0.0000000000
101244  -43.009  38.410  36.936 0.0000000000
101304  -47.139  38.203  33.197 0.0000000000
112968  -35.030  59.526  28.079 0.0000000000
113473  -43.745  60.022  28.460 0.0000000000
111968  -46.975  57.151  21.878 0.0000000000
103818  -50.360  42.190  31.689 0.0000000000
108591  -43.690  50.234  29.636 0.0000000000
105213  -50.414  44.014  27.646 0.0000000000
99952  -51.445  35.112  26.113 0.0000000000
101370  -44.700  38.128  26.300 0.0000000000
100650  -38.821  36.721  26.220 0.0000000000
99891  -50.464  35.753  31.319 0.0000000000
136227  -51.307  51.204  21.878 0.0000000000
107484  -50.732  48.406  22.232 0.0000000000
106357  -48.585  46.695  20.888 0.0000000000
103890  -46.009  42.950  22.880 0.0000000000
121354  -45.163  38.482  34.901 0.0000000000
101311  -44.216  39.258  32.399 0.0000000000
112452  -30.753  57.336  27.034 0.0000000000
111934  -45.036  57.826  25.226 0.0000000000
132449  -47.471  43.375  30.736 0.0000000000
135993  -49.420  46.253  30.518 0.0000000000
110902  -37.730  54.590  28.138 0.0000000000
108600  -41.623  50.472  26.972 0.0000000000
103891  -50.760  42.429  23.250 0.0000000000
142751  -47.760  43.843  26.391 0.0000000000
103235  -48.921  41.131  25.337 0.0000000000
102018  -49.368  39.144  27.718 0.0000000000
100689  -48.835  36.832  23.695 0.0000000000
99949  -48.165  35.514  25.039 0.0000000000
99972  -47.181  35.888  22.695 0.0000000000
138154  -40.354  37.176  23.655 0.0000000000
145656  -44.922  53.570  24.524 0.0000000000
108032  -44.483  49.527  25.639 0.0000000000
108048  -48.301  49.252  24.449 0.0000000000
105812  -51.174  45.036  21.814 0.0000000000
102676  -49.299  40.623  20.246 0.0000000000
136158  -45.789  37.615  20.107 0.0000000000
102657  -45.596  40.464  21.298 0.0000000000
140837  -42.637  41.153  22.322 0.0000000000
141384  -46.307  37.897  38.036 0.0000000000
100558  -48.818  37.884  36.951 0.0000000000
100573  -50.554  37.103  33.850 0.0000000000
110892  -30.568  53.995  28.469 0.0000000000
130161  -34.190  56.388  28.106 0.0000000000
135647  -38.079  57.321  28.705 0.0000000000
112470  -42.974  57.893  27.773 0.0000000000
135301  -46.017  57.331  26.346 0.0000000000
111440  -48.198  55.530  24.243 0.0000000000
110406  -50.366  53.316  20.833 0.0000000000
138630  -49.258  56.053  19.336 0.0000000000
135310  -45.828  41.096  31.195 0.0000000000
144800  -49.408  39.597  32.125 0.0000000000
101329  -52.006  38.511  31.883 0.0000000000
109124  -47.503  51.695  30.536 0.0000000000
106856  -44.365  47.364  27.468 0.0000000000
106844  -47.150  47.285  28.933 0.0000000000
107421  -51.033  48.837  29.769 0.0000000000
103841  -50.838  43.840  29.424 0.0000000000
102003  -51.271  39.382  30.307 0.0000000000
99918  -52.144  35.486  29.422 0.0000000000
99915  -49.151  36.153  29.021 0.0000000000
100624  -45.964  37.453  28.793 0.0000000000
100637  -42.392  37.805  28.711 0.0000000000
101394  -43.476  37.614  23.195 0.0000000000
101367  -41.308  38.386  26.368 0.0000000000
100617  -38.913  36.964  28.692 0.0000000000
99139  -51.898  35.382  34.673 0.0000000000
99148  -51.800  34.780  33.567 0.0000000000
124627  -52.049  35.152  32.075 0.0000000000
108675  -50.535  50.582  20.395 0.0000000000
108091  -50.318  49.293  20.487 0.0000000000
107502  -49.128  48.035  20.857 0.0000000000
106346  -47.136  46.565  22.348 0.0000000000
106813  -49.464  48.883  31.580 0.0000000000
110907  -39.289  54.463  26.047 0.0000000000
102650  -49.922  40.704  23.067 0.0000000000
103242  -49.976  41.615  24.622 0.0000000000
127932  -48.936  40.295  23.781 0.0000000000
102029  -48.431  39.576  25.100 0.0000000000
101395  -48.531  37.763  23.124 0.0000000000
99968  -48.443  35.786  23.483 0.0000000000
99978  -47.861  36.268  22.102 0.0000000000
109820  -47.127  52.781  24.581 0.0000000000
145855  -46.102  51.177  24.728 0.0000000000
108624  -48.476  50.751  24.411 0.0000000000
105830  -50.162  46.058  19.874 0.0000000000
106340  -50.760  47.018  22.301 0.0000000000
105283  -50.823  44.408  20.379 0.0000000000
103913  -51.059  42.822  21.257 0.0000000000
103917  -48.983  41.940  19.807 0.0000000000
103274  -47.311  40.709  20.345 0.0000000000
103910  -47.449  41.665  20.662 0.0000000000
103249  -43.864  41.719  23.092 0.0000000000
121562  -46.392  38.206  33.979 0.0000000000
101282  -46.958  38.228  35.991 0.0000000000
101298  -47.736  37.840  35.395 0.0000000000
136495  -49.440  37.422  35.649 0.0000000000
101305  -49.045  37.744  33.145 0.0000000000
112965  -32.772  58.297  27.135 0.0000000000
111909  -31.944  57.109  27.525 0.0000000000
112440  -34.222  57.843  28.081 0.0000000000
111901  -36.671  56.662  28.654 0.0000000000
112956  -36.298  58.764  28.624 0.0000000000
113445  -42.453  61.298  29.878 0.0000000000
112960  -41.592  59.708  29.694 0.0000000000
112460  -43.872  58.926  28.413 0.0000000000
111918  -44.521  57.806  27.313 0.0000000000
112985  -44.960  59.238  27.536 0.0000000000
111954  -45.392  56.686  23.493 0.0000000000
111936  -46.670  57.284  24.851 0.0000000000
111447  -48.106  56.280  23.457 0.0000000000
110928  -49.465  54.703  22.584 0.0000000000
111452  -48.772  55.793  21.876 0.0000000000
110934  -49.717  54.660  20.172 0.0000000000
120892  -48.271  56.954  20.867 0.0000000000
105722  -43.551  45.554  30.489 0.0000000000
141799  -42.109  44.191  30.722 0.0000000000
104511  -44.196  43.494  30.848 0.0000000000
103812  -44.251  41.656  31.269 0.0000000000
103828  -45.755  42.701  30.928 0.0000000000
103831  -49.082  42.806  31.229 0.0000000000
103816  -48.818  42.174  31.668 0.0000000000
122727  -50.181  41.360  32.435 0.0000000000
101968  -50.775  39.705  32.386 0.0000000000
101987  -51.188  40.609  32.085 0.0000000000
109122  -43.567  51.855  30.175 0.0000000000
110354  -45.771  53.124  31.037 0.0000000000
108593  -45.654  50.640  30.238 0.0000000000
135447  -46.289  48.153  25.260 0.0000000000
107440  -44.550  47.887  26.451 0.0000000000
106317  -45.679  46.880  26.075 0.0000000000
104534  -48.241  43.800  26.954 0.0000000000
135518  -46.659  45.547  28.109 0.0000000000
105748  -49.204  45.457  28.332 0.0000000000
106831  -49.843  48.208  29.139 0.0000000000
106288  -51.033  46.499  28.504 0.0000000000
106275  -51.492  46.843  29.227 0.0000000000
105214  -51.073  44.101  27.830 0.0000000000
101360  -49.842  37.815  27.232 0.0000000000
102009  -49.949  39.512  28.847 0.0000000000
101350  -51.193  37.483  28.717 0.0000000000
100628  -51.766  36.830  29.287 0.0000000000
99929  -52.166  35.136  27.728 0.0000000000
146372  -51.253  34.924  29.124 0.0000000000
99222  -51.627  34.553  27.034 0.0000000000
100667  -46.543  37.013  25.735 0.0000000000
100656  -47.272  36.636  27.334 0.0000000000
100654  -45.727  37.565  27.225 0.0000000000
121217  -44.155  37.635  28.654 0.0000000000
100638  -43.744  37.947  27.729 0.0000000000
101416  -43.886  37.687  20.412 0.0000000000
100704  -44.772  36.783  21.402 0.0000000000
101400  -42.258  37.527  22.132 0.0000000000
100673  -39.411  36.705  24.533 0.0000000000
136853  -40.969  38.075  25.434 0.0000000000
100665  -40.108  37.687  26.558 0.0000000000
100652  -40.265  37.769  27.747 0.0000000000
100633  -38.796  36.934  27.563 0.0000000000
99912  -37.604  36.218  28.907 0.0000000000
99134  -50.345  35.791  36.882 0.0000000000
122250  -48.573  36.501  31.651 0.0000000000
109173  -50.332  52.033  23.569 0.0000000000
108626  -50.227  50.462  23.700 0.0000000000
108081  -51.021  49.769  21.402 0.0000000000
106931  -50.102  47.320  20.028 0.0000000000
142401  -48.916  45.466  20.077 0.0000000000
104581  -47.359  43.696  21.451 0.0000000000
133735  -47.433  45.353  21.735 0.0000000000
123773  -44.319  38.659  36.139 0.0000000000
101294  -43.722  38.747  34.691 0.0000000000
122342  -46.092  38.500  33.001 0.0000000000
112991  -33.757  58.795  25.966 0.0000000000
112481  -44.276  58.830  26.101 0.0000000000
111966  -45.184  56.537  21.717 0.0000000000
111982  -46.496  57.108  21.069 0.0000000000
104512  -45.826  44.234  30.640 0.0000000000
105174  -48.647  44.767  30.509 0.0000000000
105175  -49.570  44.627  30.489 0.0000000000
108007  -42.722  49.635  28.780 0.0000000000
105244  -48.651  44.500  24.002 0.0000000000
105232  -47.477  44.465  25.385 0.0000000000
104548  -49.190  42.983  24.810 0.0000000000
103861  -49.204  42.536  25.673 0.0000000000
104544  -49.486  42.771  26.816 0.0000000000
140421  -49.646  42.342  27.858 0.0000000000
102628  -48.701  40.455  26.535 0.0000000000
101372  -49.062  37.824  25.593 0.0000000000
100669  -50.076  36.420  25.399 0.0000000000
99231  -49.895  34.705  25.115 0.0000000000
124864  -49.100  35.161  24.069 0.0000000000
99948  -47.624  35.801  24.263 0.0000000000
122386  -46.104  36.999  24.152 0.0000000000
100696  -41.019  37.525  22.870 0.0000000000
125602  -49.312  52.760  32.226 0.0000000000
110391  -42.442  53.608  24.664 0.0000000000
109156  -43.157  51.260  25.172 0.0000000000
109164  -44.717  51.573  24.802 0.0000000000
108612  -45.963  50.068  25.095 0.0000000000
140420  -47.973  47.810  24.474 0.0000000000
107471  -49.720  48.592  23.653 0.0000000000
106902  -49.511  47.045  23.477 0.0000000000
106338  -49.272  45.953  23.424 0.0000000000
105255  -50.909  43.292  22.667 0.0000000000
103275  -50.441  41.447  21.819 0.0000000000
102047  -48.889  39.063  21.118 0.0000000000
101419  -47.731  37.904  20.442 0.0000000000
135258  -47.440  38.703  20.039 0.0000000000
102055  -45.396  38.558  20.229 0.0000000000
102667  -44.086  39.682  20.958 0.0000000000
103900  -46.277  41.878  22.230 0.0000000000
102655  -43.803  40.494  21.734 0.0000000000
101263  -46.121  38.456  36.585 0.0000000000
101265  -47.690  37.997  37.688 0.0000000000
100542  -49.190  37.104  37.544 0.0000000000
99847  -50.462  36.719  36.965 0.0000000000
99851  -50.915  36.608  35.621 0.0000000000
99856  -51.952  36.329  33.775 0.0000000000
109789  -32.958  53.068  28.682 0.0000000000
110894  -32.195  54.861  28.002 0.0000000000
110895  -34.032  54.570  28.371 0.0000000000
111411  -36.098  55.904  28.585 0.0000000000
133445  -38.287  55.865  27.645 0.0000000000
111915  -39.561  56.209  26.785 0.0000000000
113452  -36.714  60.373  28.761 0.0000000000
136576  -38.881  58.889  29.299 0.0000000000
112458  -41.027  57.930  28.141 0.0000000000
111921  -41.115  56.104  26.143 0.0000000000
111434  -43.491  56.021  25.759 0.0000000000
136683  -44.598  55.395  25.201 0.0000000000
110919  -46.869  55.112  24.958 0.0000000000
112491  -45.894  58.242  26.070 0.0000000000
138565  -47.106  56.542  25.332 0.0000000000
110395  -48.598  53.859  24.389 0.0000000000
134145  -49.888  53.525  23.355 0.0000000000
110407  -50.676  53.030  21.413 0.0000000000
109840  -49.800  53.236  20.341 0.0000000000
110411  -49.009  53.840  20.051 0.0000000000
112513  -48.189  57.377  19.967 0.0000000000
102591  -44.950  40.039  31.391 0.0000000000
101325  -46.155  39.273  31.725 0.0000000000
103829  -46.918  42.729  30.909 0.0000000000
138291  -47.171  40.151  31.354 0.0000000000
101314  -48.184  38.431  32.562 0.0000000000
101315  -49.439  38.386  32.579 0.0000000000
101316  -51.537  38.116  32.459 0.0000000000
100585  -52.523  36.452  32.103 0.0000000000
109126  -49.585  52.090  31.070 0.0000000000
108606  -42.950  49.928  26.148 0.0000000000
108019  -42.989  48.938  27.566 0.0000000000
107424  -44.096  48.028  28.542 0.0000000000
105762  -46.176  45.326  27.257 0.0000000000
106284  -45.241  46.814  28.223 0.0000000000
128091  -45.450  49.126  29.588 0.0000000000
108011  -47.738  49.782  29.816 0.0000000000
108012  -49.243  50.008  29.824 0.0000000000
107995  -50.700  49.877  31.193 0.0000000000
126875  -50.696  47.755  30.594 0.0000000000
105728  -50.983  45.732  29.733 0.0000000000
103833  -50.486  42.785  30.674 0.0000000000
103217  -49.671  41.851  28.739 0.0000000000
146069  -50.603  40.900  30.104 0.0000000000
138824  -51.236  40.816  31.381 0.0000000000
101996  -51.862  39.129  31.465 0.0000000000
100611  -52.403  36.824  30.999 0.0000000000
99178  -52.455  35.532  31.488 0.0000000000
99905  -51.547  35.323  30.627 0.0000000000
99904  -50.376  35.741  30.389 0.0000000000
100627  -48.254  36.938  29.654 0.0000000000
99938  -49.021  35.394  26.731 0.0000000000
100643  -48.180  36.602  28.638 0.0000000000
100625  -46.333  37.407  29.697 0.0000000000
100606  -44.629  37.312  30.118 0.0000000000
120994  -42.991  37.366  30.217 0.0000000000
100705  -45.833  36.224  21.109 0.0000000000
100687  -45.419  37.159  23.442 0.0000000000
129454  -43.950  38.046  24.361 0.0000000000
101393  -41.928  37.733  23.735 0.0000000000
101382  -42.331  38.444  24.851 0.0000000000
101357  -43.185  38.384  26.698 0.0000000000
101347  -42.026  38.103  28.013 0.0000000000
100619  -40.499  37.437  29.365 0.0000000000
99149  -52.293  35.333  33.698 0.0000000000
98411  -51.890  34.863  34.254 0.0000000000
121115  -52.360  35.117  32.800 0.0000000000
99165  -51.584  34.898  32.753 0.0000000000
108090  -49.868  49.611  20.577 0.0000000000
135857  -48.990  48.859  21.097 0.0000000000
137038  -48.496  48.739  31.570 0.0000000000
107402  -49.227  49.562  31.815 0.0000000000
140984  -40.111  54.296  25.503 0.0000000000
109811  -40.213  53.305  25.577 0.0000000000
138475  -40.758  52.942  25.232 0.0000000000
102649  -48.952  39.901  22.950 0.0000000000
102034  -48.635  39.160  23.382 0.0000000000
101402  -48.470  38.140  22.392 0.0000000000
100701  -48.327  36.932  22.428 0.0000000000
100708  -48.120  37.202  21.755 0.0000000000
109167  -47.715  51.997  24.548 0.0000000000
145307  -48.267  51.464  24.464 0.0000000000
105281  -49.649  45.213  19.714 0.0000000000
105282  -50.533  45.249  19.995 0.0000000000
104597  -49.807  43.582  19.558 0.0000000000
103919  -50.144  42.860  19.781 0.0000000000
103912  -48.713  42.733  19.927 0.0000000000
103911  -48.155  42.199  20.298 0.0000000000
126718  -48.093  43.194  20.542 0.0000000000
101245  -43.798  38.169  37.418 0.0000000000
121619  -47.431  37.900  34.260 0.0000000000
100568  -48.743  37.540  34.560 0.0000000000
141018  -48.086  37.854  33.472 0.0000000000
112966  -33.568  58.576  27.358 0.0000000000
112454  -33.197  58.072  27.620 0.0000000000
112954  -34.537  58.710  28.109 0.0000000000
112955  -35.438  58.791  28.405 0.0000000000
113472  -42.734  60.256  28.058 0.0000000000
113912  -42.447  61.154  29.443 0.0000000000
113464  -43.159  60.535  28.876 0.0000000000
112961  -43.464  60.134  29.211 0.0000000000
112971  -44.007  59.726  28.653 0.0000000000
112461  -44.558  59.189  28.055 0.0000000000
112984  -44.338  59.573  27.958 0.0000000000
111955  -46.683  56.950  22.741 0.0000000000
139660  -47.083  57.086  23.398 0.0000000000
122037  -47.366  57.068  22.728 0.0000000000
133384  -48.395  56.155  22.800 0.0000000000
111970  -48.304  56.565  21.925 0.0000000000
111969  -47.744  57.075  21.749 0.0000000000
134294  -44.077  45.863  30.470 0.0000000000
132566  -44.225  45.089  30.521 0.0000000000
105170  -43.758  44.243  30.671 0.0000000000
129814  -44.760  44.254  30.647 0.0000000000
103817  -49.784  42.396  31.841 0.0000000000
103192  -49.650  41.854  32.229 0.0000000000
103193  -50.260  41.843  32.220 0.0000000000
127689  -50.695  41.296  32.189 0.0000000000
103194  -50.703  41.637  31.920 0.0000000000
109136  -43.159  51.052  29.679 0.0000000000
109137  -44.078  51.064  30.064 0.0000000000
108582  -45.025  51.151  30.309 0.0000000000
108592  -44.681  50.387  29.945 0.0000000000
133359  -46.843  46.828  25.124 0.0000000000
106877  -46.274  47.239  25.447 0.0000000000
106319  -47.033  46.025  25.095 0.0000000000
104535  -49.412  43.352  27.142 0.0000000000
105199  -48.457  44.724  28.075 0.0000000000
105200  -50.055  44.724  27.870 0.0000000000
106287  -49.870  46.415  28.496 0.0000000000
105749  -50.699  45.656  28.162 0.0000000000
105201  -51.171  44.963  27.948 0.0000000000
100657  -50.495  36.738  26.489 0.0000000000
101361  -50.902  37.012  27.546 0.0000000000
100658  -51.416  35.956  26.723 0.0000000000
100644  -51.775  36.121  27.889 0.0000000000
99940  -51.908  35.311  26.969 0.0000000000
99223  -51.978  34.707  27.510 0.0000000000
99233  -51.252  34.771  26.114 0.0000000000
100666  -45.652  37.702  26.305 0.0000000000
122519  -46.325  37.248  26.584 0.0000000000
100653  -44.811  37.887  27.228 0.0000000000
101358  -44.072  38.147  26.861 0.0000000000
101414  -42.674  38.064  20.932 0.0000000000
141090  -43.018  37.633  21.296 0.0000000000
100663  -38.934  36.334  24.838 0.0000000000
100664  -39.446  37.057  25.775 0.0000000000
100651  -39.462  37.307  27.062 0.0000000000
99936  -38.112  36.308  26.633 0.0000000000
98402  -50.986  35.612  36.323 0.0000000000
99870  -48.842  35.988  32.336 0.0000000000
132697  -49.463  36.120  31.749 0.0000000000
109174  -50.951  51.917  22.687 0.0000000000
136432  -50.811  51.098  23.152 0.0000000000
108644  -51.164  50.396  22.216 0.0000000000
133435  -49.732  47.863  20.272 0.0000000000
107513  -50.093  47.955  20.143 0.0000000000
106930  -49.804  47.368  20.085 0.0000000000
105829  -49.451  46.069  19.996 0.0000000000
105822  -48.714  46.042  20.463 0.0000000000
105270  -48.221  45.200  20.738 0.0000000000
105821  -48.031  45.998  21.227 0.0000000000
105810  -46.908  45.860  22.427 0.0000000000
139755  -43.083  38.900  34.895 0.0000000000
101303  -45.334  38.475  33.854 0.0000000000
101312  -45.159  38.824  32.730 0.0000000000
112990  -33.053  58.540  25.675 0.0000000000
127561  -44.741  56.352  22.565 0.0000000000
111965  -44.044  56.267  21.501 0.0000000000
106268  -48.519  46.899  30.682 0.0000000000
105726  -49.216  45.382  30.460 0.0000000000
105727  -50.086  45.522  30.350 0.0000000000
110899  -37.089  54.618  28.760 0.0000000000
108601  -42.061  49.982  27.590 0.0000000000
104573  -50.174  43.395  23.260 0.0000000000
104562  -49.226  43.603  24.020 0.0000000000
104563  -49.969  42.672  24.042 0.0000000000
103869  -49.763  42.150  24.901 0.0000000000
138675  -49.588  41.849  25.407 0.0000000000
103862  -49.436  42.233  25.953 0.0000000000
103229  -49.124  41.461  26.349 0.0000000000
102633  -48.569  40.619  25.837 0.0000000000
101386  -48.876  37.809  24.644 0.0000000000
128697  -48.601  38.860  25.310 0.0000000000
100677  -49.360  36.595  24.523 0.0000000000
123612  -49.947  35.561  24.610 0.0000000000
100678  -49.251  35.550  24.079 0.0000000000
99973  -47.802  35.900  22.710 0.0000000000
99967  -47.843  35.797  23.421 0.0000000000
99966  -46.995  36.092  23.670 0.0000000000
100676  -46.726  36.535  24.722 0.0000000000
110392  -43.335  53.612  24.566 0.0000000000
137681  -43.588  52.788  24.590 0.0000000000
109817  -44.558  52.667  24.579 0.0000000000
108047  -47.862  50.039  24.547 0.0000000000
108046  -46.864  50.040  24.739 0.0000000000
107468  -47.316  49.259  24.698 0.0000000000
107456  -46.926  48.560  24.880 0.0000000000
107469  -47.715  48.506  24.589 0.0000000000
136361  -50.701  49.020  22.629 0.0000000000
136433  -50.319  49.461  23.447 0.0000000000
107483  -50.443  48.526  23.056 0.0000000000
106348  -51.063  46.172  21.981 0.0000000000
130056  -50.290  47.219  22.923 0.0000000000
106339  -50.273  46.303  22.754 0.0000000000
105804  -49.821  45.241  22.856 0.0000000000
105254  -50.617  44.348  22.583 0.0000000000
105262  -51.257  43.803  22.100 0.0000000000
103282  -49.950  41.464  20.590 0.0000000000
103276  -50.766  42.119  21.533 0.0000000000
102671  -49.758  40.657  21.133 0.0000000000
102670  -48.953  39.791  20.477 0.0000000000
101420  -48.368  38.782  20.354 0.0000000000
102057  -48.109  39.529  20.018 0.0000000000
102668  -46.437  40.485  20.826 0.0000000000
132095  -45.983  39.571  20.459 0.0000000000
138506  -45.017  39.625  20.772 0.0000000000
102054  -44.406  38.591  20.433 0.0000000000
104580  -46.619  43.768  22.421 0.0000000000
127175  -46.775  42.832  21.994 0.0000000000
103248  -42.958  41.610  23.063 0.0000000000
103262  -44.359  41.160  22.449 0.0000000000
122334  -45.147  38.568  35.860 0.0000000000
101262  -45.062  38.497  36.729 0.0000000000
101283  -47.999  38.124  36.500 0.0000000000
101264  -47.309  38.349  36.976 0.0000000000
140666  -48.152  38.130  37.209 0.0000000000
121708  -48.582  37.566  37.542 0.0000000000
100559  -49.398  37.377  37.203 0.0000000000
99842  -49.855  36.948  37.413 0.0000000000
100565  -49.505  37.508  36.563 0.0000000000
100569  -49.881  37.208  34.812 0.0000000000
100570  -50.635  36.847  34.842 0.0000000000
99854  -51.372  36.428  34.482 0.0000000000
100574  -51.429  36.775  33.550 0.0000000000
110366  -29.716  53.693  28.900 0.0000000000
109770  -30.525  52.530  29.354 0.0000000000
109787  -31.131  52.840  28.929 0.0000000000
109788  -32.007  52.811  28.801 0.0000000000
110368  -31.328  53.482  28.555 0.0000000000
112451  -29.895  57.094  26.980 0.0000000000
111908  -30.567  56.588  27.457 0.0000000000
111897  -33.242  56.394  27.866 0.0000000000
111419  -32.375  56.393  27.742 0.0000000000
111408  -33.664  55.469  28.106 0.0000000000
135439  -33.085  54.657  28.164 0.0000000000
111409  -34.588  55.366  28.335 0.0000000000
111410  -35.491  55.234  28.563 0.0000000000
134181  -35.157  56.108  28.353 0.0000000000
112443  -37.245  57.432  28.758 0.0000000000
111902  -37.458  56.560  28.600 0.0000000000
111903  -38.177  56.542  28.242 0.0000000000
111914  -38.802  55.837  27.009 0.0000000000
111911  -38.999  56.632  27.562 0.0000000000
112958  -38.250  59.436  29.324 0.0000000000
112947  -39.422  59.775  29.684 0.0000000000
112459  -42.530  58.418  28.315 0.0000000000
112445  -40.522  58.525  28.823 0.0000000000
112469  -41.496  57.430  27.498 0.0000000000
111916  -40.659  56.592  26.729 0.0000000000
125435  -41.903  56.961  26.869 0.0000000000
111430  -42.541  55.831  25.717 0.0000000000
111922  -42.257  56.407  26.295 0.0000000000
111924  -44.631  57.050  26.512 0.0000000000
111435  -44.305  56.053  25.714 0.0000000000
111431  -45.365  56.644  26.018 0.0000000000
136804  -46.020  54.865  24.853 0.0000000000
111437  -46.442  55.897  25.387 0.0000000000
137165  -44.324  58.243  25.465 0.0000000000
112490  -45.219  58.683  26.340 0.0000000000
111937  -47.315  56.795  24.777 0.0000000000
112483  -46.762  57.116  25.507 0.0000000000
111439  -47.604  55.968  24.848 0.0000000000
110920  -47.475  55.277  24.862 0.0000000000
110922  -48.569  54.716  24.255 0.0000000000
110396  -49.306  53.629  24.043 0.0000000000
110399  -49.176  54.270  23.869 0.0000000000
110930  -49.912  54.206  21.449 0.0000000000
110403  -50.142  53.778  22.230 0.0000000000
121715  -50.746  52.070  20.297 0.0000000000
109833  -50.354  52.730  20.453 0.0000000000
109841  -50.047  53.335  20.415 0.0000000000
136591  -49.455  55.366  19.828 0.0000000000
110412  -49.602  54.061  20.152 0.0000000000
110939  -49.463  54.811  19.716 0.0000000000
110933  -49.026  54.663  19.513 0.0000000000
111463  -49.247  55.384  19.290 0.0000000000
112512  -47.527  57.509  20.125 0.0000000000
125500  -43.375  41.479  31.377 0.0000000000
103813  -45.232  41.844  31.137 0.0000000000
103189  -44.777  40.859  31.291 0.0000000000
146642  -45.373  40.483  31.299 0.0000000000
101983  -46.075  40.083  31.294 0.0000000000
104513  -46.933  44.202  30.585 0.0000000000
132450  -46.345  43.454  30.752 0.0000000000
102594  -49.352  41.137  32.268 0.0000000000
103191  -47.916  41.586  31.508 0.0000000000
101985  -48.824  39.943  31.814 0.0000000000
101984  -47.806  39.883  31.500 0.0000000000
101328  -48.915  39.076  32.132 0.0000000000
101967  -49.874  39.204  32.316 0.0000000000
101317  -51.669  38.878  32.165 0.0000000000
140706  -51.320  39.065  32.333 0.0000000000
100583  -51.780  37.133  32.742 0.0000000000
120838  -52.035  37.618  32.273 0.0000000000
109761  -46.194  52.521  30.764 0.0000000000
109763  -48.779  52.654  31.198 0.0000000000
125843  -44.174  50.278  25.415 0.0000000000
108610  -43.312  50.446  25.599 0.0000000000
108031  -43.587  49.602  25.979 0.0000000000
107439  -44.016  48.389  26.585 0.0000000000
107430  -44.132  47.802  27.094 0.0000000000
107423  -43.473  48.392  28.138 0.0000000000
106841  -43.935  47.796  27.788 0.0000000000
136749  -47.208  44.292  26.187 0.0000000000
105781  -46.783  45.172  25.798 0.0000000000
105222  -46.660  44.816  26.723 0.0000000000
106285  -46.771  46.523  28.560 0.0000000000
105746  -45.897  46.316  28.221 0.0000000000
106843  -46.108  47.138  28.738 0.0000000000
106828  -45.832  47.893  29.134 0.0000000000
106829  -46.967  47.990  29.235 0.0000000000
107417  -46.545  48.821  29.555 0.0000000000
107418  -48.026  48.970  29.492 0.0000000000
107420  -50.534  49.066  29.619 0.0000000000
107419  -49.448  49.127  29.464 0.0000000000
108013  -50.389  49.908  30.123 0.0000000000
108002  -50.054  50.748  30.657 0.0000000000
108003  -50.849  49.826  30.531 0.0000000000
107404  -50.967  49.388  30.775 0.0000000000
107412  -51.203  48.798  30.309 0.0000000000
105188  -51.484  45.551  28.651 0.0000000000
105735  -51.548  45.993  29.121 0.0000000000
105187  -51.219  44.959  29.245 0.0000000000
105176  -50.708  44.111  30.056 0.0000000000
102621  -49.041  40.378  27.488 0.0000000000
131350  -49.381  40.927  28.294 0.0000000000
102010  -50.768  38.791  29.363 0.0000000000
102002  -50.568  39.991  29.801 0.0000000000
132340  -50.951  41.418  30.840 0.0000000000
102611  -51.119  40.467  30.661 0.0000000000
101995  -51.561  39.894  31.107 0.0000000000
102004  -51.738  38.775  30.721 0.0000000000
135208  -52.221  36.450  30.026 0.0000000000
126715  -52.186  37.403  30.765 0.0000000000
99906  -52.439  35.896  30.634 0.0000000000
100612  -52.584  36.211  31.460 0.0000000000
99190  -52.174  35.487  30.513 0.0000000000
99177  -52.156  35.348  31.010 0.0000000000
99189  -51.901  35.231  29.964 0.0000000000
99200  -51.134  34.745  28.550 0.0000000000
99916  -50.347  35.446  29.337 0.0000000000
99903  -49.246  36.373  30.060 0.0000000000
99950  -49.085  35.019  25.492 0.0000000000
99220  -49.912  34.725  26.029 0.0000000000
99937  -48.096  35.801  26.371 0.0000000000
135479  -46.593  37.208  28.106 0.0000000000
100642  -47.333  36.884  28.309 0.0000000000
100641  -46.703  37.328  28.843 0.0000000000
100626  -47.356  37.227  29.228 0.0000000000
100607  -45.495  37.323  30.127 0.0000000000
138400  -45.333  37.432  29.442 0.0000000000
120871  -43.266  37.704  28.683 0.0000000000
100622  -43.728  37.485  29.560 0.0000000000
100621  -42.742  37.563  29.440 0.0000000000
125029  -42.199  37.423  30.064 0.0000000000
100620  -41.866  37.625  29.404 0.0000000000
101418  -46.816  37.716  20.072 0.0000000000
100718  -47.202  36.923  20.611 0.0000000000
100717  -46.270  36.768  20.437 0.0000000000
100698  -44.044  37.226  22.331 0.0000000000
139673  -44.842  37.038  22.648 0.0000000000
100686  -44.464  37.498  23.482 0.0000000000
100695  -40.493  37.368  23.164 0.0000000000
100685  -41.009  37.467  23.542 0.0000000000
101366  -40.649  38.064  26.177 0.0000000000
101381  -41.430  37.985  24.588 0.0000000000
139036  -41.787  38.479  25.616 0.0000000000
144175  -42.563  38.607  25.819 0.0000000000
101368  -42.167  38.506  26.554 0.0000000000
101356  -42.502  38.282  27.367 0.0000000000
101355  -41.654  38.330  27.242 0.0000000000
100634  -39.516  37.347  28.169 0.0000000000
144012  -40.143  37.526  28.614 0.0000000000
100618  -39.657  37.247  29.098 0.0000000000
138424  -39.859  37.075  29.936 0.0000000000
99136  -51.406  35.484  35.548 0.0000000000
99147  -50.731  34.342  33.696 0.0000000000
134483  -51.196  51.291  20.626 0.0000000000
135196  -50.746  49.937  20.629 0.0000000000
146622  -50.564  50.011  20.517 0.0000000000
107503  -49.888  48.600  20.386 0.0000000000
106347  -47.865  46.658  21.691 0.0000000000
106920  -48.405  47.373  21.341 0.0000000000
143784  -48.774  48.412  31.437 0.0000000000
106269  -49.768  47.302  30.813 0.0000000000
110906  -38.679  54.547  26.664 0.0000000000
109805  -39.842  52.876  26.204 0.0000000000
109148  -41.233  51.135  26.479 0.0000000000
141749  -50.549  41.466  23.380 0.0000000000
103251  -50.628  41.750  23.793 0.0000000000
102642  -50.034  41.080  23.967 0.0000000000
102641  -48.885  40.760  24.578 0.0000000000
126879  -48.443  40.304  25.228 0.0000000000
125891  -48.540  39.835  24.471 0.0000000000
126184  -48.614  38.636  24.258 0.0000000000
123606  -48.473  36.543  22.995 0.0000000000
99974  -48.171  36.140  22.717 0.0000000000
99977  -47.303  35.901  21.944 0.0000000000
134739  -45.472  53.127  24.551 0.0000000000
109818  -45.287  52.269  24.619 0.0000000000
109819  -46.096  52.526  24.594 0.0000000000
126466  -47.446  50.956  24.575 0.0000000000
106359  -50.888  46.750  20.786 0.0000000000
106912  -50.857  47.671  21.861 0.0000000000
143839  -51.139  46.452  21.382 0.0000000000
127192  -51.115  45.177  20.799 0.0000000000
105272  -51.254  44.241  21.392 0.0000000000
104582  -51.342  43.308  21.791 0.0000000000
104588  -51.045  43.578  20.861 0.0000000000
130077  -49.664  42.080  19.881 0.0000000000
103281  -49.141  41.186  19.881 0.0000000000
141959  -47.952  40.182  19.925 0.0000000000
103280  -48.309  41.065  19.927 0.0000000000
103273  -46.696  41.342  21.220 0.0000000000
125636  -45.160  42.650  23.455 0.0000000000
100539  -45.557  37.683  38.187 0.0000000000
101296  -45.881  38.320  34.632 0.0000000000
101281  -45.970  38.387  35.491 0.0000000000
101297  -46.694  38.071  34.964 0.0000000000
100564  -48.724  37.695  36.016 0.0000000000
100572  -49.698  37.420  33.864 0.0000000000
110891  -29.809  54.515  28.412 0.0000000000
112468  -31.994  57.961  26.795 0.0000000000
144705  -31.269  57.029  27.408 0.0000000000
112453  -32.349  57.763  27.324 0.0000000000
111898  -33.624  57.331  27.890 0.0000000000
143700  -34.202  57.146  28.070 0.0000000000
111900  -35.697  56.864  28.436 0.0000000000
112441  -35.129  57.867  28.312 0.0000000000
112442  -36.220  57.760  28.568 0.0000000000
126400  -37.917  58.319  29.014 0.0000000000
113886  -41.489  61.907  30.249 0.0000000000
112948  -40.701  60.169  30.132 0.0000000000
112949  -41.779  60.639  30.249 0.0000000000
126303  -42.834  59.850  29.426 0.0000000000
111917  -43.226  57.363  27.112 0.0000000000
112471  -44.229  58.440  27.801 0.0000000000
112472  -45.015  58.708  27.645 0.0000000000
111919  -45.349  58.158  27.235 0.0000000000
111944  -45.148  57.036  24.286 0.0000000000
111935  -46.004  57.681  25.206 0.0000000000
143529  -45.998  57.149  24.347 0.0000000000
111945  -47.153  57.016  24.110 0.0000000000
111444  -48.401  55.739  23.769 0.0000000000
110927  -48.948  55.255  23.376 0.0000000000
111448  -48.519  55.816  23.317 0.0000000000
111449  -48.891  55.475  22.726 0.0000000000
111453  -49.376  55.025  21.764 0.0000000000
110413  -49.948  53.939  20.504 0.0000000000
130962  -49.412  55.415  20.761 0.0000000000
111986  -49.209  56.007  20.098 0.0000000000
106818  -43.763  47.424  30.526 0.0000000000
106263  -43.371  46.357  30.432 0.0000000000
105721  -42.795  45.586  30.481 0.0000000000
132499  -43.264  44.912  30.572 0.0000000000
139766  -43.738  42.191  31.246 0.0000000000
103827  -44.564  42.617  31.055 0.0000000000
132448  -48.407  43.277  30.815 0.0000000000
103830  -48.104  42.692  31.007 0.0000000000
101986  -49.986  40.350  32.338 0.0000000000
102595  -50.764  40.683  32.332 0.0000000000
141082  -51.317  39.895  32.224 0.0000000000
101988  -51.611  39.663  31.975 0.0000000000
136872  -44.540  51.841  30.412 0.0000000000
109123  -45.518  51.861  30.513 0.0000000000
108583  -46.745  51.020  30.355 0.0000000000
107455  -45.548  48.513  25.539 0.0000000000
107454  -44.697  48.664  25.916 0.0000000000
107441  -45.075  48.017  25.954 0.0000000000
106867  -45.096  47.379  26.311 0.0000000000
106307  -45.190  46.620  26.777 0.0000000000
105223  -47.318  44.245  26.936 0.0000000000
105211  -47.795  44.375  27.585 0.0000000000
105747  -47.863  45.458  28.340 0.0000000000
106286  -47.819  46.887  28.785 0.0000000000
106830  -48.297  47.960  29.128 0.0000000000
106272  -49.105  47.200  28.793 0.0000000000
106273  -50.451  47.332  28.802 0.0000000000
106845  -51.202  47.235  28.921 0.0000000000
106833  -51.218  47.946  29.451 0.0000000000
106289  -51.345  46.493  28.679 0.0000000000
135579  -51.373  45.537  28.371 0.0000000000
104529  -51.145  43.949  28.270 0.0000000000
102622  -49.429  40.144  28.346 0.0000000000
101349  -50.284  38.274  28.288 0.0000000000
101340  -51.440  38.127  29.840 0.0000000000
100645  -52.128  35.752  28.747 0.0000000000
144043  -52.159  35.269  28.481 0.0000000000
99202  -51.910  35.167  29.426 0.0000000000
99212  -52.048  34.919  28.403 0.0000000000
99211  -51.768  34.543  27.962 0.0000000000
99928  -50.067  35.238  28.287 0.0000000000
100668  -47.156  36.536  26.232 0.0000000000
100655  -46.496  37.155  27.269 0.0000000000
100640  -45.840  37.485  27.987 0.0000000000
121355  -45.075  37.552  28.589 0.0000000000
100639  -44.579  37.710  28.025 0.0000000000
101348  -42.841  37.984  28.015 0.0000000000
101417  -44.783  37.599  20.243 0.0000000000
100716  -45.227  36.866  20.493 0.0000000000
100697  -43.803  37.226  21.337 0.0000000000
101401  -43.127  37.360  22.133 0.0000000000
122240  -42.499  37.511  22.921 0.0000000000
100684  -39.965  36.897  24.106 0.0000000000
101380  -40.625  37.455  24.398 0.0000000000
100674  -40.140  37.418  25.281 0.0000000000
101354  -40.813  38.188  27.031 0.0000000000
99925  -38.154  36.580  28.174 0.0000000000
99924  -37.384  35.959  27.505 0.0000000000
99125  -49.576  36.256  37.383 0.0000000000
109169  -49.580  52.178  24.106 0.0000000000
109168  -49.087  51.434  24.251 0.0000000000
136036  -49.991  51.331  23.911 0.0000000000
108643  -50.772  50.215  23.097 0.0000000000
135565  -50.815  49.047  21.794 0.0000000000
108092  -50.546  49.070  20.855 0.0000000000
107505  -50.391  48.188  20.623 0.0000000000
107495  -50.715  48.318  21.360 0.0000000000
106366  -50.349  46.767  20.163 0.0000000000
105271  -48.811  44.689  19.970 0.0000000000
133618  -48.130  44.184  20.611 0.0000000000
105261  -47.622  44.606  21.323 0.0000000000
105260  -47.027  44.550  22.042 0.0000000000
136075  -47.477  46.072  21.919 0.0000000000
140685  -46.799  45.197  22.442 0.0000000000
101261  -43.607  38.583  36.530 0.0000000000
101280  -43.491  38.808  35.615 0.0000000000
121327  -44.359  38.627  35.260 0.0000000000
101300  -43.158  38.949  34.062 0.0000000000
101295  -44.458  38.613  34.345 0.0000000000
112467  -31.098  57.806  26.339 0.0000000000
112977  -32.518  58.299  26.326 0.0000000000
112978  -33.234  58.601  26.691 0.0000000000
112979  -34.013  59.035  26.907 0.0000000000
112996  -44.186  59.404  26.902 0.0000000000
111943  -44.086  56.826  24.052 0.0000000000
111953  -44.395  56.445  23.351 0.0000000000
122551  -45.765  56.616  22.694 0.0000000000
111967  -46.151  56.769  21.863 0.0000000000
122406  -45.672  56.864  20.991 0.0000000000
143935  -47.745  46.134  30.513 0.0000000000
104514  -48.028  44.057  30.634 0.0000000000
104515  -49.091  43.703  30.776 0.0000000000
141253  -49.660  42.985  31.197 0.0000000000
103832  -50.110  42.898  31.227 0.0000000000
108590  -42.832  50.208  29.273 0.0000000000
108008  -43.308  49.459  29.208 0.0000000000
105795  -48.480  45.462  23.985 0.0000000000
105782  -47.295  45.229  25.049 0.0000000000
105243  -47.889  44.833  24.600 0.0000000000
142240  -48.312  43.875  24.850 0.0000000000
104542  -47.865  43.755  25.743 0.0000000000
103879  -50.425  42.046  24.167 0.0000000000
135535  -48.595  43.254  25.447 0.0000000000
104543  -48.600  43.209  26.253 0.0000000000
103854  -50.153  42.946  27.469 0.0000000000
126943  -49.515  42.362  26.935 0.0000000000
142994  -48.993  40.949  27.005 0.0000000000
102017  -48.751  39.543  26.744 0.0000000000
102023  -48.392  39.798  25.840 0.0000000000
140802  -48.700  38.961  26.055 0.0000000000
101359  -49.117  38.470  26.655 0.0000000000
101373  -49.645  37.492  26.300 0.0000000000
100670  -50.979  35.813  25.882 0.0000000000
145604  -51.062  34.939  25.636 0.0000000000
99951  -50.641  35.227  25.283 0.0000000000
99962  -49.796  34.980  24.625 0.0000000000
99961  -49.182  34.918  24.526 0.0000000000
124564  -48.529  35.401  24.034 0.0000000000
128751  -47.251  36.234  25.186 0.0000000000
100675  -45.934  37.430  25.220 0.0000000000
101371  -45.185  37.946  25.605 0.0000000000
101405  -41.394  37.698  22.222 0.0000000000
101399  -40.749  37.745  22.630 0.0000000000
100694  -39.893  37.058  23.425 0.0000000000
99947  -38.467  35.952  25.092 0.0000000000
110915  -41.674  54.093  24.843 0.0000000000
110390  -41.499  53.052  24.854 0.0000000000
134378  -42.878  52.957  24.631 0.0000000000
109163  -43.802  51.877  24.803 0.0000000000
131455  -44.615  50.813  25.077 0.0000000000
109165  -45.662  51.545  24.714 0.0000000000
108033  -45.347  49.364  25.400 0.0000000000
133568  -46.310  49.147  25.081 0.0000000000
106878  -47.080  47.718  24.872 0.0000000000
106328  -47.686  46.899  24.589 0.0000000000
108625  -49.419  50.658  24.135 0.0000000000
134730  -48.847  49.990  24.339 0.0000000000
108049  -49.297  49.285  24.092 0.0000000000
106904  -50.577  47.794  22.628 0.0000000000
106903  -50.039  47.863  23.281 0.0000000000
107470  -48.722  48.423  24.187 0.0000000000
106890  -48.632  47.456  24.080 0.0000000000
106329  -48.553  46.476  24.017 0.0000000000
105803  -49.083  45.100  23.473 0.0000000000
105253  -49.522  44.356  23.317 0.0000000000
103892  -51.033  42.313  22.691 0.0000000000
103903  -51.199  42.565  22.121 0.0000000000
103252  -50.923  41.909  23.104 0.0000000000
102659  -50.088  40.880  22.185 0.0000000000
102658  -49.372  39.970  21.878 0.0000000000
101408  -48.386  38.193  21.351 0.0000000000
102669  -47.153  39.608  20.064 0.0000000000
102056  -46.428  38.611  20.031 0.0000000000
102053  -43.401  38.568  20.678 0.0000000000
138883  -42.677  39.130  21.138 0.0000000000
103902  -47.411  42.635  21.080 0.0000000000
103901  -46.874  42.096  21.457 0.0000000000
103263  -45.420  41.235  22.342 0.0000000000
103250  -44.830  41.820  23.104 0.0000000000
102656  -44.721  40.515  21.611 0.0000000000
128955  -44.307  38.467  36.857 0.0000000000
101247  -45.749  38.273  37.473 0.0000000000
101248  -46.718  38.238  37.548 0.0000000000
100540  -47.091  37.680  38.136 0.0000000000
99840  -48.588  36.929  37.962 0.0000000000
132541  -48.712  36.444  37.695 0.0000000000
99126  -50.221  36.454  37.192 0.0000000000
99852  -51.011  36.262  36.270 0.0000000000
123953  -50.264  37.219  35.946 0.0000000000
141610  -50.602  36.867  36.455 0.0000000000
99137  -51.486  36.010  35.191 0.0000000000
124765  -51.989  35.919  34.205 0.0000000000
99857  -52.376  35.949  33.430 0.0000000000
137004  -30.654  54.831  28.055 0.0000000000
111418  -31.483  56.282  27.680 0.0000000000
111406  -31.426  55.261  27.865 0.0000000000
110893  -31.427  54.351  28.168 0.0000000000
110369  -32.353  53.821  28.328 0.0000000000
110370  -33.433  53.800  28.483 0.0000000000
110371  -34.420  53.708  28.748 0.0000000000
110897  -35.729  54.541  28.776 0.0000000000
110898  -36.341  54.998  28.738 0.0000000000
111420  -37.440  55.201  28.392 0.0000000000
111412  -37.003  55.680  28.731 0.0000000000
111421  -37.927  55.205  27.796 0.0000000000
111423  -38.432  55.218  27.070 0.0000000000
111424  -39.117  55.305  26.396 0.0000000000
111428  -40.557  55.250  25.648 0.0000000000
145813  -35.505  60.030  28.167 0.0000000000
112957  -37.066  59.288  28.916 0.0000000000
112444  -39.067  58.107  28.835 0.0000000000
112959  -40.000  59.154  29.458 0.0000000000
112457  -39.703  57.548  28.117 0.0000000000
111912  -40.176  57.046  27.394 0.0000000000
110910  -41.073  54.653  25.217 0.0000000000
110911  -41.982  55.002  25.167 0.0000000000
132671  -43.115  54.263  24.694 0.0000000000
110917  -43.911  54.411  24.679 0.0000000000
111923  -43.450  56.738  26.485 0.0000000000
110918  -44.950  54.485  24.703 0.0000000000
110394  -45.552  53.964  24.584 0.0000000000
134293  -46.520  53.828  24.634 0.0000000000
133684  -47.662  53.769  24.617 0.0000000000
112997  -45.000  59.201  26.889 0.0000000000
138893  -45.662  58.361  26.781 0.0000000000
112482  -46.056  57.897  26.412 0.0000000000
137734  -46.272  57.659  25.794 0.0000000000
111926  -46.352  57.310  26.056 0.0000000000
111927  -46.612  56.661  25.622 0.0000000000
111438  -47.065  55.941  25.309 0.0000000000
139242  -47.340  54.545  24.747 0.0000000000
109823  -49.857  52.861  23.870 0.0000000000
109824  -50.467  52.637  23.128 0.0000000000
109825  -50.911  52.407  22.271 0.0000000000
110925  -49.425  54.445  23.315 0.0000000000
110400  -50.603  53.003  22.355 0.0000000000
109185  -51.240  51.912  21.509 0.0000000000
109203  -51.100  51.986  20.470 0.0000000000
142469  -50.316  51.193  20.355 0.0000000000
111984  -47.815  57.277  20.740 0.0000000000
111985  -48.833  56.769  19.822 0.0000000000
101980  -43.562  39.732  31.813 0.0000000000
103188  -43.903  40.901  31.391 0.0000000000
102590  -44.093  40.201  31.482 0.0000000000
101981  -44.391  39.713  31.690 0.0000000000
101982  -45.234  39.380  31.781 0.0000000000
139761  -45.870  38.875  32.181 0.0000000000
101313  -46.869  38.813  32.239 0.0000000000
103814  -46.327  42.027  31.092 0.0000000000
103815  -47.517  42.133  31.203 0.0000000000
103190  -46.826  41.467  31.255 0.0000000000
102592  -47.067  40.819  31.311 0.0000000000
101326  -46.951  39.550  31.615 0.0000000000
101327  -47.906  39.258  31.892 0.0000000000
100581  -50.099  37.647  32.985 0.0000000000
136466  -50.646  38.465  32.532 0.0000000000
100582  -51.032  37.403  32.845 0.0000000000
100575  -52.165  36.506  33.185 0.0000000000
99872  -52.601  36.003  32.695 0.0000000000
110346  -48.524  54.040  31.953 0.0000000000
109722  -49.660  52.426  31.857 0.0000000000
108575  -50.105  51.585  31.751 0.0000000000
109155  -42.326  51.391  25.323 0.0000000000
108605  -42.362  50.010  26.663 0.0000000000
145319  -44.027  48.999  26.126 0.0000000000
108022  -42.926  49.430  26.723 0.0000000000
108021  -42.539  49.545  27.352 0.0000000000
108018  -42.512  49.492  28.087 0.0000000000
108016  -43.033  49.022  28.508 0.0000000000
108009  -44.350  49.432  29.531 0.0000000000
106318  -46.304  46.244  25.762 0.0000000000
106308  -45.754  46.220  26.424 0.0000000000
135889  -45.308  46.308  27.321 0.0000000000
105761  -45.748  45.897  27.647 0.0000000000
106298  -44.820  46.773  27.515 0.0000000000
106827  -44.867  47.845  28.903 0.0000000000
107416  -44.572  48.519  29.215 0.0000000000
108010  -45.466  49.913  29.894 0.0000000000
107999  -46.325  50.303  30.157 0.0000000000
108000  -47.349  50.435  30.118 0.0000000000
108001  -48.758  50.701  30.108 0.0000000000
108585  -49.389  51.481  30.622 0.0000000000
108586  -50.013  51.573  31.169 0.0000000000
107994  -50.283  50.272  31.452 0.0000000000
139519  -50.096  49.603  31.642 0.0000000000
132977  -50.091  48.322  31.201 0.0000000000
106270  -51.424  47.354  29.740 0.0000000000
142103  -51.210  47.302  30.145 0.0000000000
132881  -50.582  46.632  30.295 0.0000000000
136441  -50.481  44.740  30.154 0.0000000000
104516  -50.010  43.763  30.704 0.0000000000
103855  -50.703  43.527  27.956 0.0000000000
103847  -50.177  42.809  28.360 0.0000000000
103840  -50.347  42.558  29.423 0.0000000000
102610  -49.893  40.733  29.187 0.0000000000
103210  -50.414  41.678  29.841 0.0000000000
143289  -50.649  43.040  29.862 0.0000000000
103211  -50.626  42.277  30.446 0.0000000000
103203  -50.733  41.927  31.293 0.0000000000
146610  -50.968  41.393  31.551 0.0000000000
102604  -51.077  41.090  31.888 0.0000000000
102605  -51.454  40.291  31.726 0.0000000000
101341  -51.893  37.609  30.315 0.0000000000
136041  -52.206  37.951  31.337 0.0000000000
100598  -52.349  37.283  31.706 0.0000000000
99893  -52.663  36.113  31.679 0.0000000000
99166  -52.625  35.440  32.197 0.0000000000
99892  -51.642  35.210  31.645 0.0000000000
99917  -51.364  35.138  29.692 0.0000000000
125551  -49.392  36.400  31.008 0.0000000000
100610  -48.246  36.944  30.724 0.0000000000
99221  -50.791  34.589  26.534 0.0000000000
99939  -49.939  34.855  27.163 0.0000000000
99927  -49.031  35.731  27.919 0.0000000000
99926  -48.126  36.217  27.564 0.0000000000
100609  -47.331  37.333  30.134 0.0000000000
132698  -46.563  37.270  30.469 0.0000000000
100608  -45.952  37.238  30.458 0.0000000000
100594  -44.285  36.953  30.990 0.0000000000
100623  -44.576  37.481  29.282 0.0000000000
100605  -43.734  37.230  30.463 0.0000000000
101407  -47.810  37.377  21.135 0.0000000000
100706  -46.811  36.136  21.116 0.0000000000
100700  -46.568  36.040  21.931 0.0000000000
100699  -45.598  36.621  22.322 0.0000000000
100688  -46.298  36.430  23.061 0.0000000000
101385  -45.083  37.705  24.577 0.0000000000
101384  -44.386  38.233  25.420 0.0000000000
125789  -42.918  38.150  24.044 0.0000000000
101383  -43.333  38.538  25.327 0.0000000000
101369  -43.940  38.336  26.159 0.0000000000
146617  -43.077  38.171  27.481 0.0000000000
100636  -41.580  37.861  28.653 0.0000000000
101346  -41.171  38.079  27.911 0.0000000000
100635  -40.803  37.759  28.600 0.0000000000
128932  -41.197  37.652  29.173 0.0000000000
99179  -52.625  35.630  31.739 0.0000000000
99191  -52.536  35.695  31.328 0.0000000000
99201  -51.762  34.853  28.950 0.0000000000
99210  -50.959  34.571  27.571 0.0000000000
99232  -50.513  34.713  25.749 0.0000000000
99234  -51.927  34.802  26.822 0.0000000000
99239  -50.543  34.898  25.391 0.0000000000
99841  -49.229  36.781  37.620 0.0000000000
99848  -50.676  36.221  36.850 0.0000000000
99873  -52.661  35.790  32.043 0.0000000000
100566  -50.103  37.203  36.899 0.0000000000
100584  -52.250  36.737  32.659 0.0000000000
100595  -45.265  36.989  30.899 0.0000000000
100603  -41.514  37.192  30.431 0.0000000000
100707  -47.513  36.480  21.381 0.0000000000
100714  -43.655  37.503  20.771 0.0000000000
100715  -44.312  37.172  20.644 0.0000000000
101335  -52.043  38.222  30.963 0.0000000000
101415  -43.251  37.744  20.640 0.0000000000
102593  -48.160  40.729  31.588 0.0000000000
102675  -48.626  40.358  20.016 0.0000000000
103224  -49.268  41.499  27.565 0.0000000000
103264  -46.107  41.078  21.686 0.0000000000
103265  -50.595  41.470  22.738 0.0000000000
103266  -50.931  42.020  22.443 0.0000000000
103283  -50.414  42.379  20.524 0.0000000000
103848  -50.627  43.363  28.886 0.0000000000
103889  -45.609  42.035  22.960 0.0000000000
103918  -49.409  42.774  19.690 0.0000000000
103920  -50.679  43.041  20.422 0.0000000000
104517  -50.483  43.489  30.502 0.0000000000
104536  -50.258  43.418  27.674 0.0000000000
104574  -51.149  42.864  22.413 0.0000000000
104598  -50.485  43.642  19.985 0.0000000000
105198  -47.432  44.879  28.043 0.0000000000
105202  -51.304  44.775  28.370 0.0000000000
105210  -46.905  44.756  27.544 0.0000000000
105212  -49.010  44.033  27.596 0.0000000000
105252  -46.411  44.626  22.814 0.0000000000
105736  -51.454  46.164  28.693 0.0000000000
105750  -51.324  45.867  28.380 0.0000000000
105770  -45.626  45.925  26.963 0.0000000000
105771  -46.144  45.569  26.472 0.0000000000
105811  -50.744  45.446  22.300 0.0000000000
105823  -51.163  45.948  21.171 0.0000000000
105831  -50.748  46.020  20.372 0.0000000000
106274  -51.323  46.663  29.659 0.0000000000
106290  -51.428  47.049  29.035 0.0000000000
106299  -45.347  46.377  27.827 0.0000000000
106349  -51.039  46.937  21.568 0.0000000000
106358  -49.309  46.739  20.248 0.0000000000
106365  -49.894  46.771  19.943 0.0000000000
106823  -49.102  47.967  31.216 0.0000000000
106824  -51.364  48.048  30.223 0.0000000000
106825  -51.373  47.758  29.642 0.0000000000
106832  -50.842  48.161  29.281 0.0000000000
106842  -44.528  47.327  28.162 0.0000000000
106866  -44.614  47.251  26.908 0.0000000000
106876  -45.625  47.683  25.722 0.0000000000
106891  -49.323  47.911  23.710 0.0000000000
106921  -49.198  47.359  20.520 0.0000000000
106922  -50.789  47.549  21.044 0.0000000000
106932  -50.396  47.444  20.379 0.0000000000
107403  -50.428  49.188  31.339 0.0000000000
107411  -50.849  48.655  30.791 0.0000000000
107413  -51.402  48.364  30.019 0.0000000000
107415  -43.706  48.710  28.946 0.0000000000
107422  -51.290  48.567  29.906 0.0000000000
107429  -43.615  48.335  27.327 0.0000000000
107504  -50.216  48.647  20.422 0.0000000000
108004  -51.036  49.252  30.218 0.0000000000
108014  -50.834  49.484  30.061 0.0000000000
108065  -50.898  49.645  22.472 0.0000000000
108560  -49.911  51.982  31.877 0.0000000000
108574  -50.220  51.014  31.560 0.0000000000
108584  -48.093  51.218  30.357 0.0000000000
108611  -45.060  50.251  25.189 0.0000000000
108621  -45.151  50.976  24.917 0.0000000000
108622  -45.721  50.780  24.889 0.0000000000
108623  -46.439  50.772  24.741 0.0000000000
108663  -51.200  50.522  21.008 0.0000000000
108676  -50.952  50.638  20.301 0.0000000000
109110  -49.949  52.049  31.514 0.0000000000
109157  -43.966  51.026  25.110 0.0000000000
109162  -42.825  52.114  24.786 0.0000000000
109166  -46.639  51.668  24.622 0.0000000000
109202  -50.920  51.382  20.143 0.0000000000
109705  -48.531  53.469  32.588 0.0000000000
109738  -48.966  53.274  31.700 0.0000000000
109739  -49.477  52.595  31.593 0.0000000000
109760  -45.129  52.583  30.677 0.0000000000
109812  -40.454  52.542  25.791 0.0000000000
109813  -41.894  52.157  25.046 0.0000000000
109816  -42.283  52.753  24.749 0.0000000000
109822  -49.129  52.991  24.309 0.0000000000
109827  -51.003  52.491  21.348 0.0000000000
109834  -50.766  52.541  20.630 0.0000000000
110336  -49.197  53.350  32.036 0.0000000000
110367  -30.483  53.216  28.893 0.0000000000
110386  -39.523  53.638  25.989 0.0000000000
110393  -44.189  53.607  24.525 0.0000000000
110896  -34.952  54.537  28.590 0.0000000000
110903  -38.220  54.575  27.397 0.0000000000
110912  -42.773  55.282  25.301 0.0000000000
110916  -42.542  54.554  24.890 0.0000000000
110921  -47.958  55.259  24.561 0.0000000000
110924  -48.820  55.043  23.857 0.0000000000
111407  -32.782  55.557  27.918 0.0000000000
111413  -37.693  55.832  28.285 0.0000000000
111425  -40.073  55.746  26.188 0.0000000000
111427  -39.747  55.030  25.831 0.0000000000
111429  -41.544  55.553  25.619 0.0000000000
111432  -46.131  56.676  25.896 0.0000000000
111436  -45.629  55.698  25.340 0.0000000000
111457  -48.826  56.331  20.923 0.0000000000
111899  -34.781  57.023  28.204 0.0000000000
111910  -32.759  57.247  27.642 0.0000000000
111925  -45.638  57.688  26.670 0.0000000000
111946  -47.546  56.745  23.565 0.0000000000
111956  -47.936  56.692  22.790 0.0000000000
111983  -47.232  57.281  20.980 0.0000000000
112455  -33.884  58.428  27.800 0.0000000000
112456  -38.747  57.240  28.266 0.0000000000
112473  -45.289  58.831  27.189 0.0000000000
112511  -46.758  57.381  20.304 0.0000000000
112962  -43.639  60.153  28.955 0.0000000000
112967  -34.248  59.016  27.694 0.0000000000
112969  -42.035  58.977  28.916 0.0000000000
112970  -43.362  59.448  28.937 0.0000000000
112983  -43.468  59.788  27.515 0.0000000000
112989  -32.355  58.439  25.416 0.0000000000
113444  -42.104  61.344  30.232 0.0000000000
113451  -35.901  59.693  28.477 0.0000000000
113453  -37.640  60.329  29.251 0.0000000000
113455  -42.625  60.607  29.755 0.0000000000
113456  -43.009  60.502  29.303 0.0000000000
113468  -34.830  59.504  27.321 0.0000000000
113479  -34.504  59.156  26.153 0.0000000000
113887  -41.998  61.800  30.099 0.0000000000
113899  -41.898  61.866  29.839 0.0000000000
114362  -41.501  62.158  30.078 0.0000000000
123611  -46.439  56.956  23.694 0.0000000000
124948  -45.257  47.357  28.659 0.0000000000
125428  -49.541  50.344  32.000 0.0000000000
126106  -48.489  46.248  28.585 0.0000000000
130220  -50.696  50.262  30.770 0.0000000000
130752  -43.494  55.132  25.096 0.0000000000
131400  -41.232  37.460  29.775 0.0000000000
131506  -41.090  52.287  25.365 0.0000000000
131638  -36.959  58.259  28.815 0.0000000000
132131  -31.555  57.553  27.144 0.0000000000
132950  -46.471  49.699  29.902 0.0000000000
133207  -48.867  41.627  31.992 0.0000000000
134319  -47.982  54.609  24.608 0.0000000000
135220  -48.681  52.187  24.399 0.0000000000
135809  -38.965  53.917  26.444 0.0000000000
136005  -50.201  44.414  19.670 0.0000000000
136037  -49.667  49.971  24.014 0.0000000000
136278  -38.071  54.059  27.803 0.0000000000
136370  -32.057  55.672  27.841 0.0000000000
136947  -46.532  51.802  30.540 0.0000000000
137124  -45.425  48.413  29.333 0.0000000000
137955  -47.801  56.270  24.128 0.0000000000
138228  -49.727  54.599  20.857 0.0000000000
138854  -43.462  48.897  26.694 0.0000000000
138855  -43.793  56.035  22.521 0.0000000000
139375  -43.344  39.712  21.201 0.0000000000
140969  -45.866  51.267  30.432 0.0000000000
141565  -42.685  50.808  25.593 0.0000000000
143434  -49.455  44.319  19.637 0.0000000000
143924  -47.441  56.698  24.158 0.0000000000
144040  -50.988  36.777  34.183 0.0000000000
144873  -48.484  45.774  30.479 0.0000000000
144941  -41.703  37.451  29.929 0.0000000000
145370  -47.446  46.123  28.512 0.0000000000
145403  -48.960  54.155  24.151 0.0000000000
145511  -46.406  40.872  31.240 0.0000000000
145517  -33.687  57.913  27.892 0.0000000000
146288  -45.185  37.636  27.838 0.0000000000
