#!ascii label  , from subject sub-v2s4x29580_ses-1 vox2ras=TkReg
900
13973  28.934  -64.049  -11.126 0.3000000119
19027  30.935  -57.144  -7.296 0.6000000238
20865  28.874  -55.262  -10.652 0.6999999881
20853  28.099  -55.313  -10.120 0.6999999881
13993  29.090  -63.656  -12.042 0.4000000060
16637  30.484  -60.766  -8.648 0.4000000060
13971  30.896  -64.380  -11.569 0.5000000000
129114  30.212  -64.284  -10.964 0.5000000000
19026  31.633  -57.573  -7.982 0.6999999881
20834  30.146  -56.033  -8.159 0.6999999881
19944  30.608  -56.395  -7.778 0.5000000000
20851  29.587  -55.731  -10.591 0.6000000238
20852  28.919  -55.879  -9.822 0.6000000238
142022  29.560  -55.033  -11.026 0.6999999881
131883  28.923  -53.540  -10.687 0.6999999881
14840  29.677  -63.349  -12.314 0.5000000000
15747  31.530  -61.582  -9.874 0.4000000060
13992  30.088  -64.049  -12.151 0.6000000238
145727  30.938  -60.188  -8.126 0.4000000060
16616  31.698  -59.757  -8.161 0.5000000000
14006  31.390  -63.860  -12.336 0.6000000238
125237  31.638  -58.915  -7.836 0.6000000238
18175  31.892  -58.310  -7.958 0.6000000238
144865  31.434  -64.250  -11.993 0.6000000238
19042  32.410  -57.724  -9.415 0.6000000238
130105  30.610  -56.382  -9.833 0.6000000238
19957  30.386  -55.983  -10.462 0.6000000238
22668  31.278  -53.656  -10.758 0.6999999881
21733  30.861  -54.337  -11.089 0.6999999881
22669  30.478  -53.514  -10.895 0.6999999881
23650  29.434  -52.624  -10.480 0.6999999881
131304  30.772  -53.013  -10.429 0.6999999881
23639  30.982  -52.841  -9.823 0.6999999881
23640  30.257  -52.416  -10.101 0.6999999881
23629  31.104  -53.006  -8.788 0.6999999881
15765  29.268  -62.672  -11.887 0.5000000000
15749  29.613  -61.993  -10.657 0.5000000000
16636  31.526  -60.760  -8.753 0.4000000060
14839  30.783  -63.287  -12.232 0.5000000000
16635  32.638  -60.309  -8.776 0.5000000000
17462  32.422  -59.027  -8.329 0.6000000238
13989  33.481  -64.004  -12.002 0.6000000238
14855  32.384  -63.725  -12.210 0.5000000000
15779  34.410  -63.281  -12.261 0.5000000000
19048  31.797  -57.077  -9.907 0.6999999881
19956  31.208  -56.339  -10.281 0.6000000238
19951  31.202  -56.734  -9.360 0.6999999881
20864  31.395  -55.172  -10.992 0.6000000238
19964  31.545  -55.911  -10.752 0.6000000238
22656  32.219  -53.822  -10.481 0.6000000238
138155  30.351  -55.229  -11.035 0.6000000238
22646  32.410  -53.512  -9.660 0.6000000238
22657  31.616  -53.246  -10.172 0.6999999881
138904  29.769  -51.812  -9.747 0.6999999881
22634  32.558  -53.576  -8.637 0.6000000238
23618  30.544  -52.657  -8.237 0.6999999881
22647  31.761  -53.262  -9.240 0.6999999881
16651  32.306  -61.159  -9.371 0.4000000060
15764  30.200  -62.629  -11.739 0.5000000000
15748  30.577  -61.928  -10.401 0.4000000060
16634  33.496  -60.354  -9.521 0.5000000000
17482  33.136  -59.486  -8.909 0.6000000238
15763  31.432  -62.551  -11.369 0.4000000060
134465  32.934  -58.114  -9.910 0.6000000238
14838  31.957  -63.431  -12.111 0.4000000060
15745  33.408  -62.100  -10.993 0.4000000060
15761  33.882  -63.018  -12.011 0.4000000060
122942  34.235  -62.199  -11.571 0.4000000060
19047  32.541  -57.380  -10.263 0.6999999881
19053  32.107  -56.557  -10.546 0.6000000238
133431  32.217  -55.749  -10.831 0.6000000238
21718  33.042  -54.268  -10.407 0.6000000238
20863  32.321  -55.053  -10.903 0.6000000238
128706  32.923  -53.793  -9.972 0.6000000238
23619  29.985  -51.889  -8.895 0.6999999881
23616  32.040  -53.091  -7.362 0.6000000238
23617  31.257  -53.087  -7.679 0.6000000238
15746  32.458  -61.892  -10.452 0.4000000060
16650  33.092  -61.253  -9.728 0.4000000060
18196  33.301  -57.972  -10.428 0.6999999881
16661  34.768  -61.514  -11.460 0.4000000060
15760  35.018  -62.636  -12.198 0.5000000000
19963  32.829  -56.373  -10.784 0.6999999881
20862  33.126  -55.669  -10.855 0.6000000238
21717  34.005  -54.586  -10.458 0.5000000000
21730  33.231  -54.961  -10.772 0.6000000238
24635  29.415  -51.587  -8.307 0.6999999881
22632  34.341  -53.446  -7.914 0.6000000238
22633  33.482  -53.626  -8.160 0.6000000238
23605  30.700  -52.766  -7.053 0.8000000119
23606  29.946  -52.401  -7.582 0.8000000119
127309  33.758  -52.894  -7.292 0.6000000238
126378  32.714  -53.361  -7.664 0.6000000238
17490  34.256  -60.287  -10.546 0.5000000000
144515  33.613  -59.089  -9.778 0.6000000238
17497  35.168  -60.577  -11.307 0.5000000000
17500  36.752  -60.870  -11.828 0.6999999881
16660  35.568  -61.847  -11.967 0.4000000060
141447  33.294  -56.882  -10.776 0.6999999881
20868  33.828  -55.967  -10.879 0.6999999881
145105  33.912  -55.058  -10.787 0.6000000238
22654  34.766  -54.199  -9.733 0.6000000238
24623  29.280  -52.064  -6.911 0.6000000238
22644  34.336  -53.917  -8.756 0.6000000238
23593  30.939  -52.415  -6.123 0.6999999881
23594  30.051  -52.507  -6.390 0.6999999881
23603  32.714  -52.684  -6.888 0.6999999881
23604  31.708  -52.650  -6.675 0.6999999881
127473  35.063  -59.374  -10.945 0.5000000000
18200  34.247  -58.983  -10.662 0.6000000238
18203  37.130  -59.694  -11.441 0.6999999881
17496  35.820  -60.403  -11.466 0.6000000238
19051  33.635  -57.623  -10.682 0.6999999881
18202  38.257  -59.504  -11.440 0.6999999881
17499  37.756  -60.461  -11.788 0.6999999881
19059  33.879  -57.117  -10.809 0.6999999881
20867  34.450  -55.970  -10.923 0.6999999881
21716  35.003  -54.597  -10.325 0.5000000000
143370  34.717  -55.601  -10.884 0.6000000238
24625  27.825  -51.074  -6.057 0.5000000000
138046  36.019  -53.257  -8.534 0.6000000238
22653  36.009  -54.265  -9.750 0.6000000238
24613  28.918  -51.454  -5.056 0.6000000238
24614  28.068  -51.152  -5.245 0.5000000000
23628  35.191  -53.404  -8.208 0.6000000238
24621  31.233  -51.744  -5.539 0.6000000238
24612  29.854  -51.489  -4.965 0.5000000000
25639  29.884  -50.155  -3.938 0.5000000000
24646  35.464  -51.734  -7.609 0.6999999881
24631  34.549  -51.876  -7.052 0.6999999881
24632  33.561  -51.794  -6.552 0.6999999881
24633  32.474  -51.948  -6.237 0.6999999881
25664  31.909  -50.380  -5.396 0.5000000000
146366  34.326  -51.243  -6.689 0.6999999881
131039  33.133  -50.053  -5.988 0.6000000238
19050  34.382  -58.129  -10.796 0.6000000238
124801  36.275  -58.514  -11.005 0.6999999881
18204  35.354  -58.249  -10.925 0.6000000238
19055  38.144  -58.293  -11.098 0.6999999881
19969  34.917  -56.594  -10.944 0.6999999881
20860  35.524  -55.424  -10.783 0.6999999881
20866  35.332  -55.978  -10.927 0.6999999881
21728  35.791  -54.833  -10.484 0.6000000238
25654  27.776  -50.510  -4.609 0.4000000060
22652  36.961  -53.686  -9.716 0.5000000000
25640  29.018  -50.299  -3.779 0.4000000060
24657  36.333  -51.641  -8.229 0.6000000238
23627  35.797  -52.571  -8.113 0.6000000238
25650  31.263  -50.319  -4.814 0.5000000000
25651  30.339  -50.678  -4.504 0.5000000000
25663  32.502  -50.476  -5.733 0.5000000000
26684  31.826  -49.515  -5.206 0.4000000060
25673  35.104  -50.687  -7.092 0.6000000238
26690  34.567  -49.824  -6.720 0.6999999881
25674  33.957  -50.586  -6.414 0.6000000238
26692  33.108  -49.131  -5.856 0.5000000000
19966  37.817  -57.132  -10.903 0.6000000238
19056  36.753  -57.563  -10.932 0.6999999881
19057  35.529  -57.437  -10.906 0.6999999881
19959  39.687  -57.140  -10.626 0.6999999881
19960  38.693  -56.703  -10.793 0.6999999881
147972  35.980  -56.150  -10.894 0.6000000238
123558  36.578  -55.030  -10.678 0.6000000238
23638  37.343  -52.986  -9.406 0.6000000238
22651  37.619  -53.400  -10.040 0.5000000000
22642  36.531  -53.496  -9.102 0.6000000238
23626  36.756  -52.526  -8.731 0.6000000238
26673  31.383  -49.322  -4.614 0.4000000060
26674  30.761  -49.866  -4.172 0.5000000000
26662  30.332  -49.474  -3.544 0.4000000060
130476  35.999  -50.931  -7.800 0.6000000238
27638  31.438  -48.488  -4.433 0.4000000060
26691  33.851  -49.513  -6.304 0.5000000000
19961  37.536  -56.139  -10.833 0.6999999881
19967  36.659  -56.491  -10.879 0.6000000238
134147  40.026  -55.346  -10.511 0.6999999881
21726  38.321  -54.743  -10.738 0.6000000238
134416  37.416  -55.308  -10.760 0.6000000238
20849  40.783  -55.428  -10.141 0.6999999881
21727  37.423  -54.623  -10.632 0.5000000000
24669  37.600  -52.104  -9.299 0.6000000238
23637  37.989  -52.616  -9.834 0.6000000238
24656  37.143  -51.463  -8.795 0.5000000000
25695  36.650  -50.739  -8.411 0.6000000238
26699  35.195  -49.452  -7.357 0.6000000238
27654  34.445  -48.994  -6.855 0.5000000000
21724  40.299  -54.666  -10.490 0.6999999881
21725  39.351  -54.623  -10.676 0.6999999881
23649  38.312  -53.150  -10.290 0.6000000238
137652  38.663  -52.456  -10.084 0.5000000000
25704  38.389  -51.242  -9.510 0.6000000238
24668  38.274  -51.914  -9.637 0.6000000238
25694  37.318  -50.596  -8.914 0.6000000238
26705  36.463  -49.244  -8.733 0.6000000238
27664  34.952  -48.522  -7.596 0.5000000000
15743  36.405  -62.508  -11.233 0.5000000000
15758  36.656  -61.841  -12.059 0.5000000000
16648  36.862  -61.685  -10.660 0.5000000000
15742  36.959  -61.892  -11.609 0.5000000000
16657  37.959  -60.612  -11.728 0.6999999881
142016  38.466  -59.325  -10.160 0.6999999881
16646  38.199  -60.666  -11.335 0.5000000000
124537  38.032  -60.411  -10.614 0.5000000000
17494  38.811  -59.530  -11.303 0.6999999881
17487  38.973  -59.530  -11.145 0.6999999881
18201  39.032  -58.819  -11.222 0.6999999881
128239  28.463  -63.958  -9.929 0.3000000119
132378  29.223  -54.371  -10.960 0.6999999881
19953  29.886  -56.172  -9.822 0.6000000238
22658  30.100  -52.764  -10.520 0.6999999881
24658  29.155  -51.377  -9.789 0.6999999881
16666  35.846  -62.314  -12.322 0.6000000238
22655  33.697  -54.062  -9.807 0.6000000238
136262  29.467  -51.995  -5.734 0.6000000238
24634  31.702  -52.067  -5.981 0.6999999881
24622  30.362  -52.059  -5.537 0.6000000238
25675  32.945  -51.011  -6.087 0.6999999881
25652  29.405  -50.849  -4.411 0.5000000000
25653  28.552  -50.777  -4.445 0.5000000000
20857  39.283  -55.500  -10.684 0.6999999881
22666  37.871  -53.920  -10.520 0.5000000000
132758  36.792  -50.012  -8.661 0.6000000238
25685  36.085  -49.956  -7.974 0.6000000238
24655  37.819  -51.291  -9.246 0.6000000238
23648  39.071  -53.057  -10.483 0.5000000000
19039  38.012  -57.824  -9.077 0.6000000238
21699  36.439  -54.359  -6.704 0.6000000238
22624  36.603  -53.638  -6.559 0.4000000060
20831  37.838  -55.918  -8.189 0.5000000000
19046  38.877  -58.585  -9.918 0.6000000238
17450  29.709  -58.864  -6.456 0.5000000000
22616  36.324  -52.945  -6.130 0.4000000060
18176  31.189  -58.273  -7.369 0.5000000000
141792  30.160  -57.126  -6.388 0.5000000000
20832  36.880  -55.676  -7.572 0.5000000000
24618  36.328  -51.995  -5.809 0.4000000060
132691  30.577  -57.839  -6.774 0.5000000000
19936  29.892  -56.223  -6.551 0.5000000000
21705  36.992  -54.806  -7.251 0.6000000238
19935  30.443  -56.491  -6.994 0.5000000000
19949  38.264  -56.897  -8.696 0.5000000000
19045  39.519  -58.256  -10.582 0.6000000238
25662  35.721  -50.851  -5.002 0.4000000060
25649  34.976  -50.876  -4.350 0.4000000060
22623  37.199  -53.075  -6.771 0.4000000060
19924  27.689  -56.104  -5.253 0.5000000000
21704  37.817  -54.491  -7.653 0.5000000000
19937  29.044  -55.916  -6.256 0.5000000000
20813  27.177  -55.567  -5.982 0.5000000000
20844  38.848  -56.244  -8.642 0.6000000238
19948  39.689  -56.913  -9.422 0.6000000238
18197  39.255  -58.982  -11.072 0.6000000238
20845  29.623  -56.114  -8.957 0.5000000000
20826  27.490  -55.448  -6.924 0.5000000000
21713  38.626  -55.304  -8.301 0.5000000000
20843  39.838  -56.069  -8.946 0.6000000238
20842  40.655  -55.787  -9.395 0.6000000238
19954  40.336  -56.962  -10.153 0.6000000238
20850  40.639  -56.243  -10.020 0.6000000238
19958  40.207  -56.881  -10.299 0.6000000238
23602  36.990  -52.205  -6.385 0.4000000060
128462  36.307  -51.197  -5.561 0.4000000060
20847  27.227  -55.352  -9.039 0.5000000000
132203  26.897  -55.414  -7.663 0.5000000000
20815  25.329  -55.360  -5.938 0.4000000060
20846  28.071  -55.559  -9.159 0.6000000238
20814  26.222  -55.500  -5.963 0.4000000060
22629  38.853  -54.272  -8.124 0.6000000238
22641  39.872  -54.162  -8.389 0.6000000238
144512  40.724  -54.521  -8.679 0.6000000238
21710  41.629  -54.630  -9.382 0.6000000238
26671  35.567  -49.615  -4.385 0.4000000060
20855  26.758  -55.059  -9.238 0.5000000000
20839  25.568  -55.012  -8.001 0.4000000060
21702  24.237  -54.586  -6.317 0.4000000060
23601  37.718  -52.381  -6.869 0.6000000238
23613  39.360  -52.406  -7.667 0.6000000238
22630  38.011  -53.513  -7.444 0.6000000238
23624  41.673  -53.010  -8.427 0.6000000238
23612  40.286  -52.899  -8.130 0.5000000000
21715  41.427  -54.752  -9.824 0.6000000238
26659  35.079  -49.340  -3.804 0.4000000060
141337  36.776  -50.790  -5.802 0.4000000060
146976  27.091  -54.688  -9.636 0.6000000238
21721  25.845  -53.957  -8.802 0.5000000000
139733  24.647  -53.972  -7.991 0.5000000000
21698  23.694  -54.164  -5.764 0.5000000000
24629  37.672  -51.498  -6.588 0.4000000060
25672  37.328  -50.743  -6.177 0.4000000060
24628  38.459  -51.931  -7.165 0.5000000000
133415  40.788  -51.554  -7.763 0.5000000000
24643  42.064  -52.203  -8.299 0.5000000000
129045  41.938  -53.748  -8.740 0.6000000238
22639  42.207  -54.049  -9.158 0.6000000238
21723  41.089  -54.653  -10.206 0.6000000238
27645  36.811  -48.834  -5.259 0.4000000060
25647  35.983  -50.008  -4.918 0.4000000060
26670  36.209  -49.201  -4.757 0.4000000060
27637  35.720  -48.817  -4.130 0.4000000060
22659  28.657  -52.644  -10.324 0.6000000238
26681  37.250  -49.350  -5.793 0.4000000060
26682  36.585  -49.659  -5.347 0.4000000060
22661  26.927  -52.892  -9.479 0.6000000238
21714  25.008  -53.625  -8.445 0.5000000000
21708  23.892  -53.628  -7.791 0.4000000060
25671  38.063  -50.655  -6.602 0.4000000060
24645  39.470  -51.486  -7.480 0.5000000000
24654  42.919  -52.391  -8.900 0.6000000238
23645  42.014  -53.688  -9.836 0.6000000238
23646  41.189  -53.407  -10.258 0.6000000238
127448  36.958  -47.361  -4.898 0.4000000060
23643  28.374  -51.726  -10.002 0.6000000238
22662  26.075  -53.105  -8.970 0.5000000000
22638  22.680  -52.984  -8.008 0.5000000000
26689  38.107  -49.029  -6.292 0.4000000060
25684  38.912  -50.620  -7.103 0.4000000060
25682  41.735  -51.211  -7.888 0.5000000000
136427  42.600  -52.984  -9.105 0.5000000000
28648  36.412  -47.387  -4.099 0.4000000060
24670  28.695  -50.984  -9.809 0.6000000238
135213  26.341  -52.048  -9.219 0.5000000000
23631  25.178  -51.836  -8.880 0.5000000000
25683  40.131  -50.626  -7.495 0.5000000000
25681  42.798  -50.725  -8.223 0.4000000060
25693  43.567  -51.320  -8.959 0.4000000060
23634  41.944  -53.032  -9.778 0.4000000060
24665  41.193  -52.214  -9.920 0.6000000238
23636  39.448  -52.449  -10.293 0.4000000060
139439  36.704  -46.784  -4.364 0.4000000060
146466  37.047  -48.123  -5.204 0.4000000060
27653  38.162  -48.037  -6.062 0.4000000060
24636  28.744  -51.263  -7.645 0.5000000000
24671  28.053  -50.833  -9.824 0.5000000000
24673  26.131  -51.081  -9.238 0.5000000000
138534  24.258  -51.808  -8.599 0.4000000060
25706  27.761  -50.036  -9.815 0.4000000060
130068  41.254  -50.148  -7.572 0.5000000000
26695  42.064  -49.718  -7.689 0.5000000000
26694  43.201  -49.638  -8.162 0.6000000238
128152  43.111  -51.646  -9.070 0.4000000060
25701  41.861  -51.720  -9.609 0.4000000060
135017  39.402  -51.528  -9.837 0.4000000060
25691  43.965  -50.079  -9.406 0.5000000000
24649  28.492  -50.292  -8.469 0.5000000000
25686  28.402  -50.054  -9.439 0.6000000238
132299  28.103  -49.884  -7.809 0.4000000060
134312  40.938  -50.902  -9.712 0.5000000000
24667  38.961  -51.837  -9.868 0.5000000000
27671  44.314  -49.001  -9.250 0.5000000000
25692  43.913  -50.390  -9.183 0.5000000000
130136  42.695  -50.958  -9.614 0.5000000000
26713  41.632  -50.098  -9.740 0.5000000000
142511  38.070  -47.184  -6.012 0.4000000060
26704  37.192  -49.706  -9.131 0.5000000000
25703  38.877  -51.232  -9.689 0.4000000060
133802  39.427  -50.858  -9.714 0.5000000000
27680  42.310  -49.100  -9.825 0.5000000000
27679  43.557  -48.976  -9.842 0.5000000000
25676  27.651  -50.440  -6.535 0.4000000060
129353  37.296  -49.174  -9.424 0.4000000060
26716  37.960  -49.582  -9.530 0.4000000060
146334  37.743  -49.885  -9.339 0.5000000000
133955  38.414  -50.500  -9.480 0.5000000000
26714  40.008  -50.080  -9.601 0.5000000000
26715  38.804  -49.966  -9.587 0.5000000000
27681  40.622  -49.178  -9.521 0.5000000000
133801  39.346  -49.382  -9.533 0.4000000060
20836  28.700  -55.563  -8.039 0.5000000000
21719  27.649  -54.624  -10.081 0.6000000238
20823  30.115  -55.952  -7.394 0.6000000238
21736  28.083  -53.689  -10.295 0.6000000238
18166  30.362  -58.690  -6.865 0.5000000000
24624  28.526  -51.562  -6.187 0.5000000000
23647  40.028  -53.138  -10.548 0.6000000238
24666  39.878  -51.999  -10.069 0.4000000060
20812  28.102  -55.711  -6.089 0.5000000000
20824  29.375  -55.663  -7.182 0.5000000000
20825  28.431  -55.501  -7.062 0.5000000000
20838  26.175  -55.306  -7.860 0.4000000060
20829  24.826  -55.022  -6.684 0.4000000060
23614  38.382  -52.720  -7.371 0.6000000238
20848  26.033  -54.909  -8.700 0.6000000238
20840  25.025  -54.728  -7.606 0.4000000060
25660  36.980  -50.155  -5.815 0.4000000060
22660  27.808  -52.769  -9.980 0.6000000238
139490  26.531  -53.683  -9.241 0.6000000238
22620  23.126  -53.695  -6.221 0.5000000000
22609  23.043  -53.665  -5.185 0.5000000000
22637  23.322  -53.060  -8.241 0.5000000000
23644  27.481  -51.820  -9.761 0.5000000000
140550  24.570  -52.982  -8.586 0.5000000000
135787  25.274  -52.626  -8.807 0.5000000000
24642  42.894  -51.724  -8.540 0.5000000000
23632  24.282  -52.380  -8.604 0.5000000000
26696  40.014  -49.581  -7.319 0.5000000000
24648  29.012  -50.676  -9.014 0.6000000238
25702  40.344  -51.526  -9.862 0.3000000119
133897  38.417  -49.097  -9.600 0.4000000060
137732  33.979  -71.587  -10.454 0.3000000119
7997  33.896  -71.216  -11.563 0.3000000119
7984  34.210  -71.332  -11.060 0.3000000119
10228  34.116  -68.942  -11.742 0.3000000119
9440  34.375  -69.585  -11.687 0.3000000119
8704  34.893  -69.577  -11.218 0.3000000119
10229  33.711  -68.692  -11.920 0.3000000119
10204  34.130  -68.589  -11.462 0.3000000119
128467  36.874  -67.825  -9.023 0.3000000119
10186  35.219  -68.656  -10.497 0.3000000119
10170  34.525  -68.232  -9.904 0.3000000119
10187  33.903  -68.253  -10.672 0.3000000119
10970  35.828  -67.938  -8.877 0.3000000119
10953  36.124  -67.623  -8.065 0.3000000119
10971  34.780  -68.018  -8.815 0.4000000060
10972  33.773  -67.918  -8.749 0.4000000060
144748  32.942  -67.789  -8.703 0.4000000060
10172  32.468  -67.863  -9.251 0.3000000119
11660  34.619  -66.523  -5.829 0.3000000119
10938  34.334  -67.445  -7.127 0.4000000060
142546  33.558  -67.464  -7.188 0.4000000060
11684  35.521  -66.758  -6.295 0.3000000119
10973  32.144  -67.635  -8.255 0.4000000060
13108  35.598  -64.774  -4.277 0.4000000060
11648  35.175  -66.131  -5.336 0.4000000060
148451  31.713  -67.797  -8.952 0.4000000060
10957  31.487  -67.377  -7.505 0.3000000119
11685  34.526  -66.973  -6.439 0.3000000119
139069  33.671  -67.120  -6.545 0.4000000060
13109  34.732  -64.963  -4.144 0.4000000060
11687  32.209  -66.720  -6.162 0.5000000000
10939  32.786  -67.253  -6.791 0.4000000060
13970  31.814  -64.374  -11.123 0.5000000000
13083  35.062  -64.306  -3.733 0.4000000060
144678  32.244  -67.427  -7.394 0.4000000060
148168  28.111  -63.985  -9.016 0.3000000119
13954  30.257  -63.871  -9.564 0.4000000060
11690  29.393  -66.202  -6.364 0.3000000119
17464  29.746  -59.560  -7.089 0.4000000060
138488  29.110  -59.322  -6.381 0.4000000060
15778  35.330  -62.904  -12.396 0.4000000060
14823  35.758  -63.163  -11.760 0.4000000060
14004  33.956  -63.581  -12.156 0.4000000060
12371  34.434  -65.599  -4.694 0.4000000060
138185  33.871  -66.630  -5.904 0.3000000119
11686  33.058  -66.737  -6.037 0.5000000000
13967  34.591  -63.830  -11.633 0.4000000060
13969  32.913  -64.242  -11.304 0.4000000060
10940  31.825  -67.129  -6.785 0.4000000060
13953  31.634  -63.990  -9.935 0.5000000000
10941  30.939  -66.998  -6.861 0.5000000000
13944  30.239  -63.262  -8.097 0.4000000060
13955  28.593  -63.890  -8.632 0.4000000060
10942  29.992  -66.862  -6.912 0.3000000119
13946  28.842  -63.875  -7.456 0.4000000060
17433  29.277  -58.583  -5.873 0.4000000060
16665  36.415  -61.831  -12.157 0.4000000060
137117  33.820  -65.053  -4.170 0.4000000060
11661  33.307  -66.246  -5.417 0.4000000060
14825  34.273  -63.695  -10.661 0.4000000060
13951  33.371  -63.872  -10.347 0.5000000000
143281  33.061  -65.076  -4.307 0.4000000060
11662  32.543  -66.271  -5.566 0.4000000060
13952  32.413  -63.964  -10.118 0.5000000000
13085  33.078  -64.412  -3.769 0.4000000060
13110  32.342  -64.787  -4.229 0.4000000060
12387  32.135  -65.770  -5.120 0.4000000060
12388  31.325  -65.615  -5.159 0.5000000000
11664  30.878  -66.071  -5.675 0.5000000000
14814  34.668  -62.965  -9.891 0.4000000060
127726  32.877  -63.400  -9.069 0.5000000000
13871  32.578  -63.564  -3.346 0.4000000060
11665  30.061  -65.811  -5.817 0.5000000000
14816  31.872  -63.479  -8.803 0.4000000060
142575  29.876  -65.192  -5.522 0.4000000060
13148  28.845  -64.827  -6.256 0.4000000060
144323  28.598  -64.395  -6.772 0.4000000060
133486  29.451  -63.502  -7.371 0.4000000060
15744  35.555  -62.796  -10.586 0.4000000060
16632  36.205  -61.055  -9.641 0.3000000119
12373  31.796  -65.191  -4.664 0.4000000060
13111  31.511  -64.491  -4.305 0.4000000060
14815  33.788  -63.172  -9.399 0.4000000060
139493  23.890  -54.369  -4.619 0.4000000060
14735  32.140  -62.775  -3.100 0.4000000060
13086  32.051  -64.086  -3.803 0.4000000060
13112  30.755  -64.132  -4.554 0.5000000000
13133  30.167  -64.543  -5.152 0.5000000000
14802  33.280  -62.507  -8.301 0.5000000000
14803  32.390  -62.691  -7.982 0.4000000060
13872  31.730  -63.307  -3.601 0.4000000060
13134  29.449  -64.637  -5.728 0.4000000060
130256  31.091  -63.178  -8.148 0.4000000060
13929  29.866  -63.244  -6.552 0.4000000060
14805  30.699  -62.832  -7.147 0.4000000060
16631  37.004  -60.588  -9.957 0.4000000060
15730  34.989  -62.006  -9.283 0.3000000119
137918  31.294  -63.736  -4.096 0.4000000060
15715  34.390  -61.293  -8.206 0.3000000119
14736  31.423  -62.439  -3.716 0.4000000060
14748  30.906  -62.568  -4.500 0.4000000060
13888  30.745  -63.328  -4.511 0.4000000060
13911  30.250  -63.655  -5.029 0.5000000000
136554  31.485  -61.679  -3.635 0.4000000060
127232  31.247  -61.746  -4.429 0.4000000060
14786  30.459  -62.743  -6.015 0.4000000060
14785  31.184  -62.372  -6.499 0.4000000060
14804  31.531  -62.749  -7.583 0.4000000060
17489  37.530  -59.606  -9.693 0.4000000060
14749  30.464  -62.904  -5.127 0.4000000060
10233  28.564  -68.570  -12.077 0.3000000119
10952  37.384  -67.453  -8.433 0.3000000119
125411  36.588  -66.739  -6.599 0.3000000119
12369  36.216  -65.257  -4.833 0.4000000060
13869  34.580  -63.667  -3.384 0.4000000060
13084  34.153  -64.387  -3.679 0.4000000060
14733  34.094  -62.984  -2.952 0.4000000060
14724  32.569  -62.159  -2.690 0.4000000060
16633  35.287  -60.916  -8.788 0.3000000119
15651  31.855  -61.952  -3.090 0.4000000060
17479  36.544  -59.651  -9.080 0.4000000060
17481  35.214  -59.872  -8.085 0.4000000060
16568  31.563  -60.323  -4.171 0.4000000060
16585  31.515  -60.952  -4.719 0.4000000060
15680  31.388  -61.470  -5.230 0.4000000060
15696  31.571  -61.697  -6.035 0.4000000060
15694  33.115  -61.082  -6.987 0.3000000119
15716  33.619  -61.629  -7.742 0.4000000060
127969  31.003  -64.249  -10.385 0.4000000060
18189  37.745  -58.661  -9.332 0.4000000060
7998  33.502  -71.139  -11.964 0.3000000119
8697  34.572  -70.534  -11.323 0.3000000119
9441  33.836  -69.466  -12.123 0.3000000119
10256  28.489  -68.765  -12.814 0.3000000119
10232  29.515  -68.585  -12.244 0.3000000119
9426  34.641  -68.929  -11.233 0.3000000119
10169  35.576  -68.317  -9.665 0.4000000060
10171  33.410  -67.999  -9.569 0.4000000060
10954  35.040  -67.698  -7.943 0.3000000119
10937  35.300  -67.354  -7.112 0.3000000119
10955  34.059  -67.706  -7.899 0.4000000060
10956  33.050  -67.570  -7.834 0.4000000060
12385  36.759  -65.698  -5.633 0.3000000119
13886  35.860  -64.087  -3.931 0.4000000060
11663  31.730  -66.194  -5.634 0.4000000060
11689  30.425  -66.454  -6.284 0.5000000000
12400  28.681  -65.543  -6.475 0.3000000119
11688  31.331  -66.609  -6.227 0.5000000000
13870  33.583  -63.682  -3.298 0.4000000060
130712  30.107  -63.271  -5.620 0.4000000060
14784  31.976  -62.116  -6.985 0.4000000060
19932  35.609  -56.624  -7.190 0.4000000060
146335  36.204  -57.126  -7.676 0.4000000060
21701  34.891  -54.940  -6.061 0.4000000060
21700  35.681  -54.680  -6.415 0.3000000119
20833  36.078  -55.901  -7.209 0.5000000000
19950  37.020  -57.173  -8.282 0.4000000060
19040  37.091  -58.007  -8.649 0.4000000060
21624  33.262  -54.112  -0.514 0.3000000119
20732  32.888  -54.875  -0.811 0.3000000119
24598  33.105  -51.544  -2.365 0.3000000119
23571  33.992  -52.158  -3.924 0.3000000119
24611  34.682  -51.739  -4.400 0.3000000119
24619  35.732  -51.693  -5.297 0.3000000119
22567  32.463  -53.396  -1.500 0.3000000119
23534  32.743  -52.482  -1.180 0.3000000119
24582  32.856  -51.577  -1.486 0.3000000119
22550  33.959  -54.010  -0.158 0.3000000119
22551  33.596  -53.277  -0.164 0.3000000119
24606  34.230  -51.212  -3.690 0.3000000119
138223  34.585  -50.524  -3.783 0.3000000119
24563  33.021  -51.745  -0.570 0.3000000119
25615  33.255  -50.129  -1.361 0.3000000119
25638  33.672  -50.882  -2.813 0.3000000119
25588  33.625  -50.656  0.519 0.3000000119
137581  33.252  -51.121  -0.080 0.3000000119
27579  33.728  -48.484  -0.585 0.3000000119
26602  33.580  -49.724  0.311 0.3000000119
27565  33.883  -48.248  0.371 0.3000000119
24551  33.871  -51.406  0.561 0.3000000119
25629  33.582  -50.139  -2.253 0.3000000119
27611  34.563  -48.737  -2.701 0.3000000119
27625  35.146  -48.534  -3.406 0.3000000119
26589  34.410  -49.132  1.271 0.3000000119
26636  33.651  -49.431  -1.792 0.3000000119
28605  34.821  -47.462  -1.841 0.3000000119
27564  34.161  -48.491  1.073 0.3000000119
28590  34.094  -47.295  0.125 0.3000000119
28607  34.113  -47.970  -1.235 0.3000000119
29570  34.566  -46.434  -0.301 0.3000000119
28640  35.911  -47.296  -3.390 0.3000000119
27610  34.930  -48.002  -2.689 0.3000000119
29623  35.852  -46.649  -2.862 0.3000000119
29622  36.332  -46.570  -3.664 0.3000000119
28663  37.514  -46.837  -5.488 0.3000000119
30541  36.516  -45.263  -4.128 0.3000000119
29630  36.964  -45.593  -4.811 0.3000000119
29637  37.518  -45.885  -5.539 0.3000000119
22617  35.218  -54.123  -5.929 0.3000000119
20821  35.387  -55.657  -6.637 0.4000000060
24610  35.270  -51.473  -4.792 0.3000000119
27626  34.686  -49.198  -3.211 0.3000000119
19933  34.820  -56.520  -6.576 0.5000000000
22552  32.961  -53.354  -0.682 0.3000000119
24581  33.140  -50.832  -1.900 0.3000000119
24607  33.497  -51.752  -3.188 0.3000000119
23581  34.485  -52.555  -4.615 0.3000000119
23592  34.992  -52.911  -5.219 0.3000000119
25600  32.993  -50.922  -0.946 0.3000000119
24562  33.451  -51.770  0.153 0.3000000119
139911  34.064  -50.211  -2.868 0.3000000119
25599  33.297  -50.309  -0.367 0.3000000119
29557  34.485  -46.737  0.756 0.3000000119
30467  34.831  -46.068  0.509 0.3000000119
141158  34.376  -48.286  -2.035 0.3000000119
28562  34.928  -47.741  1.635 0.3000000119
29586  34.872  -46.612  -1.318 0.3000000119
16615  33.844  -60.738  -7.366 0.3000000119
16597  33.353  -60.302  -6.707 0.4000000060
17431  32.646  -58.932  -5.493 0.4000000060
17430  33.176  -59.140  -6.093 0.4000000060
17460  34.624  -59.562  -7.484 0.3000000119
18998  33.236  -57.784  -5.723 0.4000000060
143509  32.690  -57.281  -5.126 0.3000000119
17461  34.006  -59.812  -7.019 0.4000000060
18165  33.677  -58.380  -6.314 0.4000000060
19921  33.435  -56.942  -5.622 0.3000000119
18174  35.002  -58.151  -7.267 0.3000000119
19012  34.393  -57.883  -6.673 0.4000000060
19013  33.878  -57.456  -6.159 0.4000000060
19024  35.618  -57.559  -7.482 0.3000000119
19025  34.946  -57.294  -6.974 0.4000000060
20822  34.496  -55.803  -6.075 0.4000000060
18173  35.107  -59.006  -7.635 0.3000000119
18191  35.734  -58.408  -7.863 0.3000000119
18190  36.629  -58.737  -8.678 0.3000000119
17480  35.820  -59.277  -8.336 0.3000000119
130671  34.436  -57.154  -6.480 0.4000000060
17448  33.720  -59.159  -6.601 0.4000000060
13132  37.046  -64.957  -5.333 0.3000000119
15679  31.929  -60.910  -5.649 0.3000000119
13909  39.100  -63.467  -6.334 0.3000000119
13910  38.117  -63.840  -5.536 0.3000000119
13106  37.278  -64.202  -4.952 0.3000000119
13107  36.440  -64.516  -4.542 0.3000000119
17449  32.928  -59.878  -6.192 0.3000000119
143781  31.845  -60.226  -4.999 0.3000000119
15664  39.071  -61.621  -4.899 0.3000000119
13884  37.441  -63.382  -4.647 0.3000000119
14764  38.277  -63.058  -5.202 0.3000000119
13885  36.622  -63.744  -4.258 0.3000000119
137872  35.355  -63.679  -3.556 0.3000000119
16584  32.358  -60.103  -5.694 0.3000000119
16565  39.710  -60.330  -4.760 0.3000000119
146811  38.478  -61.208  -4.375 0.3000000119
16566  38.887  -60.724  -4.376 0.3000000119
14747  36.784  -62.967  -3.922 0.3000000119
14746  37.603  -62.445  -4.334 0.3000000119
14732  36.123  -62.591  -3.426 0.3000000119
16546  38.295  -60.104  -3.789 0.3000000119
16567  37.947  -60.881  -3.975 0.3000000119
14731  36.802  -62.207  -3.600 0.3000000119
15649  37.371  -61.585  -3.767 0.3000000119
14722  34.593  -62.229  -2.709 0.3000000119
14723  33.526  -62.262  -2.579 0.3000000119
15640  32.197  -61.349  -2.604 0.3000000119
17413  39.092  -59.832  -4.108 0.3000000119
139969  35.653  -62.008  -2.966 0.3000000119
15650  36.501  -61.491  -3.207 0.3000000119
15638  33.999  -61.570  -2.329 0.3000000119
17432  32.241  -59.524  -5.193 0.3000000119
17400  38.505  -59.285  -3.586 0.3000000119
16547  37.651  -60.293  -3.486 0.3000000119
125426  37.173  -60.817  -3.370 0.3000000119
15637  34.954  -61.465  -2.518 0.3000000119
15639  32.980  -61.509  -2.286 0.3000000119
16549  31.576  -60.436  -3.327 0.3000000119
17415  31.809  -59.597  -4.482 0.3000000119
17414  32.136  -58.796  -4.743 0.3000000119
15695  32.336  -61.366  -6.554 0.3000000119
16548  37.122  -60.054  -2.984 0.3000000119
15636  35.752  -61.144  -2.695 0.3000000119
16530  33.502  -60.890  -1.967 0.3000000119
16532  31.896  -60.577  -2.605 0.3000000119
14763  38.983  -62.815  -5.732 0.3000000119
8681  34.835  -71.021  -10.375 0.3000000119
8705  33.997  -70.429  -11.925 0.3000000119
10168  36.552  -68.226  -9.429 0.3000000119
11649  34.133  -66.161  -5.283 0.4000000060
11659  36.251  -66.306  -5.830 0.3000000119
11708  28.995  -66.767  -6.952 0.3000000119
12370  35.349  -65.458  -4.684 0.4000000060
12372  33.451  -65.660  -4.775 0.4000000060
12374  30.957  -64.923  -4.767 0.4000000060
12386  35.961  -65.822  -5.172 0.4000000060
12389  30.524  -65.388  -5.302 0.5000000000
12390  29.342  -65.403  -5.950 0.3000000119
13868  36.016  -63.355  -3.655 0.4000000060
13887  31.165  -63.067  -4.041 0.4000000060
13912  29.705  -63.844  -5.628 0.4000000060
13930  29.124  -63.981  -6.401 0.4000000060
13943  31.047  -63.745  -9.135 0.4000000060
13945  29.458  -63.649  -8.541 0.4000000060
13968  33.870  -64.013  -11.481 0.4000000060
13972  29.550  -64.137  -11.470 0.5000000000
13988  34.356  -63.814  -12.099 0.4000000060
13990  32.365  -64.135  -12.007 0.6000000238
13991  30.824  -64.049  -12.263 0.6000000238
14005  33.116  -63.716  -12.104 0.6000000238
14007  30.437  -63.640  -12.467 0.6000000238
14734  33.041  -62.966  -2.850 0.4000000060
14745  38.578  -62.343  -4.980 0.3000000119
14765  30.973  -62.194  -5.376 0.4000000060
14824  35.101  -63.542  -11.186 0.4000000060
14837  35.063  -63.559  -12.063 0.4000000060
14853  35.538  -63.036  -12.322 0.4000000060
14854  34.806  -63.393  -12.278 0.4000000060
15652  31.659  -61.194  -3.130 0.4000000060
15665  38.135  -61.661  -4.373 0.3000000119
15666  31.473  -61.061  -3.882 0.4000000060
15717  32.803  -61.886  -7.383 0.3000000119
15729  35.907  -61.859  -10.034 0.4000000060
15731  34.134  -62.257  -8.698 0.4000000060
15732  30.808  -61.285  -9.357 0.4000000060
15733  30.007  -61.357  -9.486 0.4000000060
15759  36.233  -62.509  -12.058 0.4000000060
15762  32.716  -62.866  -11.736 0.4000000060
15777  35.978  -62.402  -12.327 0.4000000060
16528  35.661  -60.372  -2.436 0.3000000119
16598  32.638  -60.589  -6.327 0.3000000119
16614  34.551  -60.351  -7.772 0.3000000119
16617  30.140  -60.229  -7.887 0.4000000060
16647  37.692  -61.298  -11.074 0.5000000000
16649  33.884  -61.311  -10.568 0.4000000060
16658  37.457  -61.244  -11.694 0.6999999881
16659  36.071  -61.507  -11.992 0.4000000060
16664  37.165  -61.196  -11.928 0.6999999881
17382  37.197  -59.222  -2.758 0.3000000119
17447  34.346  -58.840  -7.000 0.4000000060
17463  30.811  -59.376  -7.584 0.6000000238
17488  38.682  -59.934  -10.876 0.6999999881
17495  38.525  -60.032  -11.389 0.6999999881
17498  38.311  -60.058  -11.594 0.6999999881
18157  32.618  -58.179  -5.299 0.3000000119
18167  29.963  -58.086  -6.259 0.4000000060
18192  32.910  -58.566  -9.020 0.6000000238
18193  32.262  -58.044  -8.504 0.6000000238
18195  39.131  -59.171  -10.732 0.6000000238
18198  35.895  -59.404  -11.179 0.6999999881
18199  34.994  -58.494  -10.905 0.6000000238
18999  29.417  -56.728  -5.765 0.5000000000
19023  36.479  -56.469  -7.635 0.4000000060
19038  39.222  -57.733  -9.678 0.6000000238
19041  36.352  -57.818  -8.053 0.3000000119
19043  31.769  -57.330  -8.889 0.6999999881
19044  39.884  -57.465  -10.472 0.6000000238
19049  39.478  -58.154  -10.853 0.6999999881
19052  32.904  -57.089  -10.641 0.6999999881
19054  39.026  -57.770  -11.010 0.6999999881
19058  34.655  -57.458  -10.890 0.6999999881
19934  34.126  -56.643  -6.060 0.4000000060
19943  37.231  -56.391  -8.082 0.5000000000
19947  40.402  -56.464  -9.665 0.6000000238
19952  30.489  -56.396  -8.878 0.6000000238
19955  39.922  -57.505  -10.199 0.6000000238
19962  33.490  -56.401  -10.835 0.6999999881
19965  30.938  -55.754  -10.786 0.6000000238
19968  35.795  -56.617  -10.900 0.6000000238
19970  34.164  -56.534  -10.869 0.6999999881
20816  24.705  -55.098  -5.756 0.4000000060
20820  36.237  -55.178  -6.933 0.5000000000
20827  26.596  -55.424  -6.881 0.5000000000
20828  25.628  -55.259  -7.024 0.4000000060
20835  29.555  -55.748  -8.055 0.5000000000
20837  27.627  -55.454  -8.081 0.5000000000
20841  41.106  -55.343  -9.686 0.6000000238
20854  27.400  -55.164  -9.649 0.6000000238
20856  40.117  -56.239  -10.394 0.6999999881
20858  38.416  -55.745  -10.771 0.6999999881
20859  36.386  -55.768  -10.822 0.6000000238
20861  33.963  -55.464  -10.865 0.6000000238
21625  32.622  -54.160  -1.034 0.3000000119
21703  23.582  -53.989  -6.947 0.5000000000
21706  25.364  -54.386  -8.285 0.4000000060
21707  24.346  -54.374  -7.262 0.5000000000
21709  41.914  -54.285  -9.589 0.6000000238
21711  41.085  -55.034  -9.098 0.6000000238
21712  40.007  -55.084  -8.651 0.6000000238
21720  26.570  -54.431  -9.245 0.6000000238
21722  41.682  -54.178  -10.046 0.6000000238
21729  34.644  -55.092  -10.752 0.6000000238
21731  32.451  -54.509  -10.734 0.6000000238
21732  31.710  -54.407  -10.899 0.6000000238
21734  30.023  -54.300  -11.135 0.6999999881
21735  28.399  -54.527  -10.581 0.6999999881
22625  35.961  -53.847  -6.235 0.3000000119
22628  39.290  -53.339  -7.983 0.6000000238
22631  37.153  -53.977  -7.032 0.4000000060
22635  31.859  -53.356  -8.198 0.6000000238
22636  24.175  -53.255  -8.294 0.4000000060
22640  41.543  -54.349  -8.896 0.6000000238
22643  35.533  -53.891  -8.913 0.6000000238
22645  33.232  -53.809  -9.141 0.6000000238
22648  25.357  -53.285  -8.691 0.5000000000
22649  23.647  -52.707  -8.433 0.5000000000
22650  42.193  -53.993  -9.607 0.6000000238
22663  40.681  -53.970  -10.454 0.6999999881
22664  39.640  -53.826  -10.633 0.6999999881
22665  38.716  -53.814  -10.619 0.6000000238
22667  36.943  -54.248  -10.292 0.5000000000
22670  29.738  -53.458  -10.888 0.6999999881
23521  33.901  -52.351  0.299 0.3000000119
23533  33.236  -52.533  -0.238 0.3000000119
23563  32.905  -52.250  -2.694 0.3000000119
23572  33.238  -52.586  -3.464 0.3000000119
23580  35.152  -52.155  -4.970 0.3000000119
23615  34.874  -52.716  -7.623 0.6000000238
23620  22.860  -52.574  -8.248 0.5000000000
23623  42.510  -53.248  -8.930 0.6000000238
23625  40.789  -53.722  -8.462 0.6000000238
23630  30.427  -52.379  -9.405 0.6999999881
23633  42.341  -53.558  -9.334 0.6000000238
23635  40.562  -52.628  -10.296 0.6000000238
23641  29.642  -52.057  -10.116 0.6999999881
23642  29.074  -51.784  -10.105 0.6000000238
24620  32.052  -51.256  -5.706 0.6999999881
24630  36.881  -51.398  -6.067 0.4000000060
24637  28.083  -50.893  -7.062 0.5000000000
24644  40.597  -52.246  -7.921 0.5000000000
24647  29.351  -51.242  -9.410 0.6999999881
24659  28.759  -50.713  -9.572 0.6000000238
24660  28.302  -50.240  -9.635 0.5000000000
24661  25.131  -50.933  -8.889 0.4000000060
24664  42.477  -52.502  -9.261 0.5000000000
24672  27.147  -50.932  -9.716 0.5000000000
25576  33.928  -49.902  1.056 0.3000000119
25637  34.220  -50.551  -3.318 0.3000000119
25648  35.453  -50.287  -4.549 0.4000000060
25661  36.390  -50.444  -5.410 0.4000000060
25665  30.783  -51.285  -5.006 0.6000000238
25666  27.524  -50.593  -5.556 0.4000000060
25680  43.762  -50.547  -8.812 0.5000000000
25705  37.848  -50.531  -9.264 0.5000000000
26601  33.904  -49.106  0.820 0.3000000119
26618  33.450  -49.355  -0.755 0.3000000119
26647  34.176  -49.512  -2.623 0.3000000119
26660  34.534  -49.912  -3.406 0.3000000119
26672  35.008  -50.080  -4.075 0.4000000060
26711  44.051  -49.495  -9.538 0.5000000000
26712  43.389  -50.033  -9.801 0.5000000000
27548  34.551  -48.313  1.360 0.3000000119
27593  33.822  -48.707  -1.457 0.3000000119
27612  34.096  -48.923  -2.141 0.3000000119
27636  36.473  -48.256  -4.566 0.4000000060
27644  37.471  -48.500  -5.702 0.4000000060
27678  44.080  -48.783  -9.499 0.5000000000
28577  34.296  -47.661  1.089 0.3000000119
28591  33.946  -47.818  -0.447 0.3000000119
28606  34.305  -47.217  -0.867 0.3000000119
28649  35.856  -48.008  -3.812 0.4000000060
28655  37.527  -47.672  -5.569 0.4000000060
29631  36.657  -46.081  -4.271 0.3000000119
29638  37.043  -46.431  -4.916 0.3000000119
30466  35.308  -45.435  0.852 0.3000000119
124912  27.213  -53.865  -9.752 0.6000000238
125837  35.432  -47.336  -2.680 0.3000000119
125879  37.592  -55.224  -7.764 0.5000000000
126332  32.599  -65.413  -4.677 0.4000000060
126465  29.380  -63.955  -10.077 0.3000000119
126877  37.681  -49.970  -6.223 0.4000000060
127553  37.349  -58.740  -11.152 0.6999999881
128644  33.679  -48.977  0.055 0.3000000119
128805  35.963  -60.190  -8.937 0.4000000060
130820  28.935  -55.841  -8.835 0.5000000000
131395  31.477  -51.024  -5.238 0.5000000000
131650  30.021  -63.141  -12.325 0.5000000000
132222  31.731  -59.082  -4.047 0.3000000119
132972  32.671  -59.510  -5.740 0.3000000119
133064  27.184  -56.604  -4.619 0.5000000000
133800  39.516  -48.399  -9.418 0.4000000060
134087  43.622  -50.688  -9.264 0.5000000000
134338  23.216  -53.422  -7.747 0.5000000000
135810  38.460  -51.222  -6.990 0.5000000000
136974  35.440  -47.818  -3.222 0.3000000119
137207  34.573  -68.560  -10.894 0.3000000119
139761  44.165  -49.684  -9.291 0.5000000000
140535  33.224  -63.451  -12.169 0.5000000000
141571  44.070  -49.802  -8.909 0.5000000000
141659  31.173  -56.865  -8.315 0.6999999881
141700  32.809  -65.896  -5.086 0.4000000060
142303  33.085  -58.483  -5.784 0.4000000060
142423  26.707  -55.306  -8.519 0.5000000000
144087  39.329  -56.298  -10.656 0.6999999881
144139  35.151  -60.842  -2.392 0.3000000119
145477  42.524  -52.788  -8.701 0.5000000000
145526  32.691  -52.069  -1.985 0.3000000119
146176  35.213  -62.937  -3.206 0.3000000119
146231  37.777  -52.905  -7.109 0.6000000238
146748  38.212  -59.809  -10.373 0.6999999881
147478  36.277  -62.077  -3.288 0.3000000119
147768  33.556  -51.249  0.326 0.3000000119
148416  33.447  -59.662  -6.513 0.4000000060
