#!ascii label  , from subject sub-v2s4x29631_ses-1 vox2ras=TkReg
544
62138  18.081  -7.408  6.613 0.0000000000
68501  24.497  -0.519  5.304 0.0000000000
76811  23.603  9.987  5.702 0.0000000000
73563  18.245  5.785  3.846 0.0000000000
57440  20.329  -11.946  7.857 0.0000000000
59417  23.681  -10.111  6.468 0.0000000000
64874  21.177  -4.856  4.034 0.0000000000
69379  19.671  0.620  3.636 0.0000000000
72704  24.095  3.973  5.072 0.0000000000
76024  28.411  8.467  4.704 0.0000000000
81774  24.034  15.133  4.253 0.0000000000
59422  19.484  -10.182  6.932 0.0000000000
58459  21.754  -11.503  6.994 0.0000000000
60317  20.721  -9.394  5.562 0.0000000000
68503  17.881  -0.656  5.734 0.0000000000
128758  17.076  1.704  5.803 0.0000000000
75230  20.877  7.578  3.548 0.0000000000
124396  21.156  5.207  2.966 0.0000000000
74371  23.908  7.260  5.557 0.0000000000
73536  26.393  6.077  6.791 0.0000000000
76802  26.619  9.475  6.878 0.0000000000
82495  20.082  16.227  4.438 0.0000000000
81015  20.907  14.637  2.681 0.0000000000
83270  22.171  17.156  2.189 0.0000000000
66627  22.637  -2.839  3.738 0.0000000000
64030  23.844  -6.043  5.171 0.0000000000
65690  25.530  -3.948  5.235 0.0000000000
77651  21.741  10.212  4.062 0.0000000000
134969  27.455  0.591  6.036 0.0000000000
122633  17.638  -5.022  6.595 0.0000000000
128310  19.875  -6.231  5.275 0.0000000000
132537  18.656  -3.586  5.160 0.0000000000
114377  20.466  -2.081  3.235 0.0000000000
134143  22.592  -0.083  3.388 0.0000000000
71859  18.154  3.336  4.051 0.0000000000
71068  21.831  1.921  3.368 0.0000000000
71035  24.359  1.771  4.919 0.0000000000
71845  26.917  3.377  6.730 0.0000000000
79296  20.998  12.229  3.123 0.0000000000
80144  23.581  12.759  4.687 0.0000000000
84006  24.988  18.326  3.222 0.0000000000
81772  26.410  15.898  4.767 0.0000000000
129365  27.060  12.741  5.842 0.0000000000
78468  28.599  11.470  4.144 0.0000000000
62167  21.857  -7.188  4.884 0.0000000000
63109  17.617  -6.789  7.603 0.0000000000
62125  17.722  -8.166  7.695 0.0000000000
112129  18.809  -8.804  6.757 0.0000000000
60304  19.577  -9.524  6.501 0.0000000000
61213  19.419  -8.621  6.316 0.0000000000
128683  22.059  8.315  4.662 0.0000000000
75220  22.463  7.632  4.928 0.0000000000
76015  23.429  8.422  5.683 0.0000000000
75192  24.765  8.182  6.426 0.0000000000
125347  25.022  9.703  6.611 0.0000000000
83262  20.652  16.988  2.860 0.0000000000
82502  21.065  16.328  2.440 0.0000000000
84009  21.789  17.826  1.853 0.0000000000
128186  23.290  -1.530  4.457 0.0000000000
65706  23.967  -3.188  4.716 0.0000000000
122906  24.603  -2.156  5.365 0.0000000000
125843  20.079  9.142  3.408 0.0000000000
77664  19.807  10.127  3.890 0.0000000000
58435  18.777  -11.295  8.530 0.0000000000
57420  19.260  -12.650  9.258 0.0000000000
56501  20.793  -13.420  8.923 0.0000000000
57428  21.825  -12.751  8.251 0.0000000000
59407  22.575  -11.137  6.692 0.0000000000
58433  23.442  -11.703  7.827 0.0000000000
64859  17.961  -4.821  5.939 0.0000000000
123472  17.781  -3.012  6.301 0.0000000000
68502  18.427  -0.183  5.124 0.0000000000
67655  18.842  -1.538  3.907 0.0000000000
68518  19.283  -0.821  3.626 0.0000000000
68530  21.451  -0.955  2.955 0.0000000000
69378  20.769  0.337  3.028 0.0000000000
71847  17.159  3.406  5.223 0.0000000000
72720  18.013  4.821  3.979 0.0000000000
131276  22.741  4.716  4.162 0.0000000000
71872  20.952  3.620  2.848 0.0000000000
71858  23.117  3.310  4.230 0.0000000000
71067  23.206  1.572  3.981 0.0000000000
71856  24.438  3.270  5.401 0.0000000000
71022  25.414  2.464  6.243 0.0000000000
72682  25.103  3.548  6.335 0.0000000000
123238  27.962  7.168  6.464 0.0000000000
73547  27.588  5.782  6.546 0.0000000000
81014  21.790  14.747  3.152 0.0000000000
80153  20.728  13.772  2.770 0.0000000000
80151  22.588  13.409  4.018 0.0000000000
79295  22.606  12.519  4.010 0.0000000000
80150  23.596  13.664  4.590 0.0000000000
80998  26.501  14.350  5.393 0.0000000000
80149  28.130  14.103  4.807 0.0000000000
79285  28.129  12.200  5.355 0.0000000000
64045  20.299  -5.670  4.757 0.0000000000
62169  20.650  -7.157  4.825 0.0000000000
63156  21.568  -6.509  4.479 0.0000000000
63139  25.690  -6.273  5.137 0.0000000000
133108  24.747  -7.100  5.433 0.0000000000
59410  18.325  -9.872  8.041 0.0000000000
58448  19.787  -11.162  7.463 0.0000000000
58446  20.941  -11.478  7.213 0.0000000000
58461  20.442  -10.718  6.311 0.0000000000
59420  20.914  -10.589  5.952 0.0000000000
59433  21.987  -10.068  5.686 0.0000000000
67624  16.922  -0.823  6.887 0.0000000000
117408  17.686  0.297  5.698 0.0000000000
70206  17.838  1.180  5.285 0.0000000000
74397  19.408  6.823  3.218 0.0000000000
73575  19.152  5.870  3.322 0.0000000000
73573  20.552  6.038  2.893 0.0000000000
124927  21.984  6.119  4.009 0.0000000000
73559  23.560  5.826  5.253 0.0000000000
73548  25.335  5.566  6.632 0.0000000000
130860  24.745  6.423  6.225 0.0000000000
75190  26.002  8.156  6.891 0.0000000000
76001  27.976  8.772  6.292 0.0000000000
125650  19.733  15.091  5.057 0.0000000000
81777  20.559  15.509  3.336 0.0000000000
113657  21.295  15.164  2.737 0.0000000000
125926  23.446  16.152  3.344 0.0000000000
65709  21.860  -4.166  3.627 0.0000000000
64873  22.455  -4.795  3.949 0.0000000000
64872  23.196  -4.433  4.345 0.0000000000
64857  24.953  -4.648  5.221 0.0000000000
75222  18.157  7.775  4.266 0.0000000000
76036  19.981  8.464  3.265 0.0000000000
76035  20.539  8.888  3.495 0.0000000000
76820  22.306  9.793  4.707 0.0000000000
57438  22.200  -12.202  7.721 0.0000000000
69348  25.847  0.006  5.890 0.0000000000
67635  26.038  -1.663  5.713 0.0000000000
63123  17.759  -6.303  6.914 0.0000000000
62156  18.693  -6.925  5.912 0.0000000000
64032  18.389  -5.563  5.631 0.0000000000
64031  19.452  -5.222  5.244 0.0000000000
64876  19.658  -3.862  4.533 0.0000000000
66611  18.187  -2.414  5.750 0.0000000000
65711  19.596  -3.010  4.126 0.0000000000
65720  20.842  -3.267  3.584 0.0000000000
66637  21.717  -2.574  2.948 0.0000000000
67666  22.318  -1.489  3.288 0.0000000000
67654  23.266  -0.703  4.291 0.0000000000
133755  17.693  2.310  4.915 0.0000000000
70224  18.660  1.959  4.293 0.0000000000
114362  19.211  4.233  3.420 0.0000000000
124852  19.787  2.958  3.456 0.0000000000
70240  20.380  1.278  3.362 0.0000000000
70238  22.465  1.170  3.379 0.0000000000
122476  23.584  0.806  3.842 0.0000000000
69350  24.381  0.350  4.866 0.0000000000
69333  25.468  0.824  5.910 0.0000000000
70186  27.102  1.643  6.382 0.0000000000
117265  27.001  5.061  6.778 0.0000000000
78470  21.447  11.466  3.534 0.0000000000
78461  22.880  11.326  4.586 0.0000000000
78460  23.561  11.376  5.137 0.0000000000
83269  23.369  17.324  2.751 0.0000000000
82493  24.419  15.870  3.917 0.0000000000
83261  26.034  16.996  3.891 0.0000000000
81773  24.961  15.339  4.569 0.0000000000
80999  25.520  14.172  5.259 0.0000000000
124854  25.409  12.332  5.764 0.0000000000
78450  24.666  11.080  6.011 0.0000000000
77636  26.162  10.790  6.657 0.0000000000
77642  28.254  10.846  5.585 0.0000000000
113428  28.486  9.867  4.403 0.0000000000
62155  20.192  -7.649  5.512 0.0000000000
117366  21.107  -8.767  5.249 0.0000000000
61227  22.622  -8.740  5.458 0.0000000000
63141  23.383  -6.736  5.137 0.0000000000
127326  23.425  -8.296  5.467 0.0000000000
129368  17.802  -7.480  7.272 0.0000000000
62114  17.498  -7.402  8.164 0.0000000000
61215  18.244  -8.082  6.862 0.0000000000
61200  18.194  -8.784  7.400 0.0000000000
61214  18.802  -8.183  6.420 0.0000000000
76819  22.913  9.260  5.420 0.0000000000
76025  22.662  8.386  5.256 0.0000000000
76005  23.747  9.089  6.000 0.0000000000
76804  24.231  9.613  6.217 0.0000000000
83271  21.204  16.967  2.047 0.0000000000
67653  23.963  -1.234  4.959 0.0000000000
67636  24.916  -1.405  5.669 0.0000000000
58434  19.451  -11.647  8.170 0.0000000000
57431  19.008  -12.007  8.907 0.0000000000
57430  19.690  -12.422  8.627 0.0000000000
115786  20.287  -12.888  8.664 0.0000000000
56500  21.502  -13.313  8.769 0.0000000000
57429  20.985  -12.752  8.340 0.0000000000
59418  22.744  -10.367  6.170 0.0000000000
59406  23.348  -10.745  6.871 0.0000000000
65672  17.524  -3.559  6.681 0.0000000000
117326  17.338  -2.905  6.990 0.0000000000
69364  18.911  0.367  4.480 0.0000000000
68519  18.856  -0.590  4.286 0.0000000000
114824  19.357  -0.140  3.861 0.0000000000
68531  19.882  -0.338  3.256 0.0000000000
128154  17.572  4.715  4.444 0.0000000000
73564  17.640  5.539  4.397 0.0000000000
72705  23.407  4.211  4.551 0.0000000000
72706  22.639  4.068  3.915 0.0000000000
71857  23.858  3.293  4.633 0.0000000000
72694  24.596  4.155  5.862 0.0000000000
125976  28.383  7.994  5.332 0.0000000000
75205  28.383  7.233  5.494 0.0000000000
115188  22.816  14.953  3.956 0.0000000000
80152  21.754  13.979  3.013 0.0000000000
81013  22.645  14.269  4.075 0.0000000000
81012  23.774  14.428  4.490 0.0000000000
81010  27.844  14.867  4.849 0.0000000000
81022  28.614  14.431  3.628 0.0000000000
81009  28.520  13.869  4.121 0.0000000000
112019  20.756  -5.401  4.353 0.0000000000
64044  20.764  -5.984  4.474 0.0000000000
64043  21.311  -5.747  4.242 0.0000000000
63138  26.204  -6.701  5.250 0.0000000000
62149  25.405  -7.105  5.432 0.0000000000
60289  18.757  -9.546  7.247 0.0000000000
59409  18.935  -10.324  7.554 0.0000000000
58449  19.159  -10.955  7.849 0.0000000000
59408  19.477  -10.666  7.290 0.0000000000
58462  19.960  -10.686  6.826 0.0000000000
60303  20.289  -9.894  5.936 0.0000000000
128378  20.495  -10.392  5.975 0.0000000000
59435  20.844  -10.095  5.679 0.0000000000
59434  21.342  -10.243  5.719 0.0000000000
60316  21.420  -9.604  5.454 0.0000000000
70189  16.748  1.369  6.432 0.0000000000
69334  17.045  0.574  6.443 0.0000000000
112785  17.289  1.191  5.886 0.0000000000
75231  20.261  7.593  3.174 0.0000000000
74396  20.055  6.826  2.873 0.0000000000
74395  20.721  6.827  3.257 0.0000000000
127342  23.104  6.806  5.244 0.0000000000
74384  22.216  6.861  4.492 0.0000000000
116259  22.741  6.033  4.642 0.0000000000
74383  24.068  6.507  5.598 0.0000000000
74370  24.411  7.026  5.871 0.0000000000
76004  25.232  8.860  6.787 0.0000000000
75191  25.477  8.058  6.808 0.0000000000
76003  26.040  8.756  6.991 0.0000000000
76002  27.119  8.550  6.798 0.0000000000
76801  27.569  9.379  6.468 0.0000000000
82486  19.842  17.015  4.881 0.0000000000
81766  19.909  15.668  4.739 0.0000000000
82501  21.732  16.462  2.350 0.0000000000
82494  21.106  15.694  2.585 0.0000000000
130386  21.577  15.943  2.525 0.0000000000
81776  21.981  15.441  2.943 0.0000000000
119240  22.869  16.622  2.820 0.0000000000
65718  22.109  -3.170  3.289 0.0000000000
65708  22.553  -3.833  3.780 0.0000000000
65707  23.215  -3.511  4.312 0.0000000000
65691  24.724  -3.616  5.240 0.0000000000
64871  24.032  -4.072  4.775 0.0000000000
126883  25.831  -5.438  4.965 0.0000000000
76038  18.651  8.360  3.959 0.0000000000
75233  18.911  7.716  3.625 0.0000000000
76037  19.296  8.415  3.599 0.0000000000
76831  20.394  9.507  3.467 0.0000000000
76830  21.051  9.711  3.566 0.0000000000
76821  21.709  9.513  4.264 0.0000000000
57439  21.320  -12.139  7.686 0.0000000000
57427  23.711  -12.355  8.625 0.0000000000
112244  27.045  0.072  6.012 0.0000000000
64011  17.544  -5.496  7.111 0.0000000000
64033  17.836  -5.796  6.118 0.0000000000
65692  18.377  -4.138  5.531 0.0000000000
64858  18.602  -4.815  5.471 0.0000000000
64877  19.066  -4.209  5.095 0.0000000000
132918  19.624  -4.493  4.840 0.0000000000
113112  17.482  -1.120  6.414 0.0000000000
67638  18.068  -1.513  5.774 0.0000000000
66628  19.464  -2.182  3.623 0.0000000000
66629  18.881  -2.481  4.207 0.0000000000
66639  20.297  -2.773  3.684 0.0000000000
66638  21.048  -2.677  3.204 0.0000000000
123430  21.222  -2.132  2.902 0.0000000000
68529  22.149  -0.663  3.160 0.0000000000
67667  21.793  -1.738  2.846 0.0000000000
67665  22.741  -1.380  3.944 0.0000000000
125227  22.734  -0.475  3.681 0.0000000000
71846  17.623  3.341  4.563 0.0000000000
71036  17.454  2.729  5.025 0.0000000000
71052  17.947  2.604  4.451 0.0000000000
70225  17.969  1.877  4.812 0.0000000000
71071  18.515  2.734  3.992 0.0000000000
133909  20.361  5.343  2.735 0.0000000000
72718  19.737  4.980  2.913 0.0000000000
72717  20.628  4.534  2.773 0.0000000000
125058  21.321  2.737  3.218 0.0000000000
119704  20.589  2.882  3.228 0.0000000000
71069  20.087  2.191  3.492 0.0000000000
116308  21.026  1.905  3.311 0.0000000000
70239  21.193  1.066  3.127 0.0000000000
128322  21.716  1.317  3.133 0.0000000000
71049  24.001  1.759  4.004 0.0000000000
70222  23.798  1.180  3.837 0.0000000000
70205  24.085  1.207  4.175 0.0000000000
69363  23.832  0.535  4.182 0.0000000000
70204  24.599  1.030  5.275 0.0000000000
71836  26.255  2.813  6.648 0.0000000000
71021  26.236  2.043  6.395 0.0000000000
71034  27.099  2.504  6.550 0.0000000000
71844  27.779  3.094  6.291 0.0000000000
113669  26.138  5.043  6.942 0.0000000000
113121  20.026  14.179  3.293 0.0000000000
127974  20.567  13.017  3.004 0.0000000000
79297  19.892  12.506  3.638 0.0000000000
78471  20.404  11.537  3.566 0.0000000000
131673  22.605  11.851  4.111 0.0000000000
79289  23.238  11.964  4.595 0.0000000000
79288  23.983  11.979  5.174 0.0000000000
84007  23.798  18.147  2.807 0.0000000000
83268  24.524  17.511  3.205 0.0000000000
82500  24.187  16.683  3.323 0.0000000000
82499  25.161  17.022  3.521 0.0000000000
82490  27.475  16.733  4.157 0.0000000000
83260  26.904  17.275  4.022 0.0000000000
82491  26.718  16.584  4.383 0.0000000000
120810  25.508  15.858  4.493 0.0000000000
81765  25.849  15.148  5.118 0.0000000000
81011  24.812  14.694  4.828 0.0000000000
80141  27.021  13.493  5.605 0.0000000000
80142  26.110  13.617  5.527 0.0000000000
79287  26.263  12.829  5.791 0.0000000000
78458  24.721  11.809  5.698 0.0000000000
79279  26.132  12.096  6.153 0.0000000000
77637  25.271  10.597  6.515 0.0000000000
78448  26.524  11.501  6.399 0.0000000000
79294  28.474  12.196  4.689 0.0000000000
78457  27.941  11.559  5.732 0.0000000000
78456  28.422  11.509  5.089 0.0000000000
122162  28.390  10.043  5.351 0.0000000000
77662  28.498  10.523  3.844 0.0000000000
62170  19.540  -6.948  5.627 0.0000000000
61231  19.294  -7.736  6.074 0.0000000000
62168  21.151  -7.252  4.664 0.0000000000
62154  20.844  -7.928  5.047 0.0000000000
62153  21.480  -7.985  5.096 0.0000000000
61228  21.834  -8.786  5.320 0.0000000000
62152  22.435  -7.924  5.270 0.0000000000
64041  23.078  -5.367  4.568 0.0000000000
63155  22.871  -6.218  4.841 0.0000000000
62150  24.501  -7.737  5.499 0.0000000000
61211  24.180  -8.618  5.668 0.0000000000
60318  20.105  -9.087  5.979 0.0000000000
75221  21.566  7.753  4.233 0.0000000000
75219  23.213  7.710  5.461 0.0000000000
75208  24.330  7.632  5.961 0.0000000000
76014  24.093  8.328  6.051 0.0000000000
124420  24.491  8.961  6.399 0.0000000000
123902  25.762  9.401  6.946 0.0000000000
83256  20.229  17.296  4.161 0.0000000000
114380  20.524  16.393  3.465 0.0000000000
66626  22.921  -2.128  4.210 0.0000000000
113273  23.268  -2.782  4.370 0.0000000000
66625  23.807  -2.266  4.722 0.0000000000
66609  24.477  -2.845  5.174 0.0000000000
66608  25.307  -2.995  5.479 0.0000000000
77663  20.345  10.116  3.535 0.0000000000
58436  18.260  -10.895  8.909 0.0000000000
58421  17.738  -10.912  9.563 0.0000000000
58420  18.350  -11.546  9.266 0.0000000000
56490  21.289  -13.843  9.328 0.0000000000
117683  21.922  -13.682  9.204 0.0000000000
58445  22.676  -11.690  7.376 0.0000000000
115806  23.173  -11.293  7.236 0.0000000000
112210  17.357  -4.678  7.313 0.0000000000
64838  17.570  -4.296  6.651 0.0000000000
65693  17.902  -3.878  6.118 0.0000000000
131253  18.254  -3.300  5.654 0.0000000000
67637  18.457  -1.067  4.971 0.0000000000
132568  19.878  -1.296  3.291 0.0000000000
67668  20.927  -1.489  2.941 0.0000000000
113882  20.705  -0.641  2.971 0.0000000000
69377  21.601  -0.178  2.893 0.0000000000
72696  17.369  4.115  4.791 0.0000000000
72708  17.810  4.030  4.204 0.0000000000
72707  22.000  4.733  3.595 0.0000000000
120144  21.366  4.243  2.991 0.0000000000
72716  21.989  3.969  3.476 0.0000000000
71870  22.365  3.335  3.691 0.0000000000
123017  22.049  2.634  3.466 0.0000000000
129129  22.445  1.919  3.688 0.0000000000
71051  22.773  2.498  4.002 0.0000000000
71050  23.640  2.452  4.283 0.0000000000
119871  24.143  2.410  4.626 0.0000000000
122428  24.641  2.412  5.547 0.0000000000
129532  25.532  3.051  6.483 0.0000000000
71837  26.004  3.556  6.843 0.0000000000
74350  27.419  6.724  7.034 0.0000000000
74368  28.117  6.477  6.224 0.0000000000
121686  21.609  13.015  3.192 0.0000000000
79290  21.969  12.071  3.527 0.0000000000
123868  27.258  16.060  4.679 0.0000000000
81764  27.012  15.239  5.155 0.0000000000
80997  27.434  14.294  5.271 0.0000000000
80140  27.927  13.527  5.226 0.0000000000
79286  27.505  12.197  5.842 0.0000000000
80139  28.273  12.851  5.043 0.0000000000
121972  28.515  12.779  4.443 0.0000000000
134491  20.159  -6.908  5.181 0.0000000000
63158  20.471  -6.442  4.778 0.0000000000
63157  20.959  -6.552  4.463 0.0000000000
64028  24.842  -5.674  5.173 0.0000000000
126919  24.796  -6.538  5.318 0.0000000000
59397  17.875  -10.208  8.864 0.0000000000
59396  18.553  -10.590  8.278 0.0000000000
58447  20.398  -11.111  7.000 0.0000000000
58460  20.973  -11.027  6.494 0.0000000000
59421  20.047  -10.314  6.322 0.0000000000
59419  21.701  -10.713  6.171 0.0000000000
60302  22.689  -9.753  5.802 0.0000000000
68486  17.277  -0.291  6.401 0.0000000000
69351  18.298  0.533  5.112 0.0000000000
113024  18.444  1.172  4.724 0.0000000000
74398  18.531  6.821  3.713 0.0000000000
73574  19.863  5.982  2.744 0.0000000000
73562  21.270  6.087  3.397 0.0000000000
74385  21.456  6.873  3.790 0.0000000000
130945  21.771  5.508  3.607 0.0000000000
73561  22.434  5.395  4.092 0.0000000000
73560  23.125  5.173  4.710 0.0000000000
72695  23.949  4.843  5.403 0.0000000000
128695  24.712  4.910  6.168 0.0000000000
73549  24.384  5.671  5.879 0.0000000000
74369  25.286  6.598  6.621 0.0000000000
75207  24.980  7.262  6.480 0.0000000000
74352  25.704  7.068  6.736 0.0000000000
74351  26.612  7.289  6.785 0.0000000000
75189  27.212  7.635  6.740 0.0000000000
75206  28.118  7.973  6.270 0.0000000000
76013  28.321  8.629  5.620 0.0000000000
81016  20.291  14.896  4.031 0.0000000000
81775  23.198  15.587  3.589 0.0000000000
112395  21.831  -5.088  3.918 0.0000000000
64029  23.991  -5.028  4.951 0.0000000000
74386  17.760  6.696  4.424 0.0000000000
75232  19.689  7.657  3.225 0.0000000000
75241  20.433  8.156  3.410 0.0000000000
130428  20.921  8.242  3.686 0.0000000000
76027  21.387  8.785  4.093 0.0000000000
76026  22.164  9.015  4.762 0.0000000000
76812  22.858  10.091  5.156 0.0000000000
133074  22.954  -12.161  7.951 0.0000000000
68500  25.470  -0.757  5.812 0.0000000000
114159  17.869  -6.969  6.875 0.0000000000
62137  18.482  -7.530  6.309 0.0000000000
63122  18.038  -6.774  6.195 0.0000000000
63144  18.252  -6.283  5.778 0.0000000000
63143  19.012  -6.204  5.605 0.0000000000
64875  20.287  -4.653  4.424 0.0000000000
66590  17.589  -2.063  6.515 0.0000000000
120065  18.580  -2.855  5.010 0.0000000000
66610  18.489  -1.968  4.904 0.0000000000
65712  19.020  -3.326  4.621 0.0000000000
65710  20.283  -3.573  4.040 0.0000000000
64881  20.987  -3.995  3.763 0.0000000000
65719  21.489  -3.294  3.368 0.0000000000
66636  22.231  -2.365  3.010 0.0000000000
66635  22.527  -2.071  3.481 0.0000000000
68516  23.884  -0.188  4.533 0.0000000000
70208  16.655  2.035  5.984 0.0000000000
70207  17.347  1.980  5.434 0.0000000000
70223  19.101  1.141  4.285 0.0000000000
72719  18.782  4.949  3.526 0.0000000000
71874  18.434  4.095  3.751 0.0000000000
71873  19.007  3.363  3.616 0.0000000000
118811  20.029  3.814  3.178 0.0000000000
71070  19.233  2.476  3.763 0.0000000000
115037  19.529  1.616  3.820 0.0000000000
114166  21.906  0.623  2.896 0.0000000000
120247  22.675  0.565  3.351 0.0000000000
70237  23.274  0.808  3.721 0.0000000000
69375  22.976  0.340  3.654 0.0000000000
68517  23.356  0.215  3.989 0.0000000000
116935  24.897  -0.101  5.613 0.0000000000
134740  26.341  0.596  6.072 0.0000000000
70188  25.153  1.658  5.921 0.0000000000
70187  26.238  1.268  6.182 0.0000000000
72693  25.466  4.407  6.705 0.0000000000
72691  27.162  4.128  6.259 0.0000000000
80154  19.929  13.425  3.308 0.0000000000
77652  21.012  10.687  3.500 0.0000000000
78469  22.241  11.366  3.950 0.0000000000
125316  21.804  10.879  3.894 0.0000000000
77645  22.433  10.636  4.512 0.0000000000
77644  23.178  10.724  5.173 0.0000000000
77638  23.953  10.808  5.603 0.0000000000
84016  22.306  18.386  1.725 0.0000000000
84008  22.782  17.839  1.981 0.0000000000
83267  25.598  17.628  3.483 0.0000000000
82492  25.253  16.460  3.901 0.0000000000
81000  24.554  13.908  4.990 0.0000000000
80143  24.320  13.222  5.022 0.0000000000
119215  25.249  13.229  5.383 0.0000000000
122217  24.537  12.560  5.325 0.0000000000
78459  24.189  11.409  5.528 0.0000000000
124650  24.427  10.306  6.164 0.0000000000
76803  25.906  10.064  6.908 0.0000000000
122127  26.619  10.214  6.745 0.0000000000
78447  27.305  11.564  6.224 0.0000000000
77635  27.114  10.759  6.488 0.0000000000
123473  27.215  9.996  6.594 0.0000000000
76810  27.892  10.202  6.158 0.0000000000
114909  28.425  9.233  5.004 0.0000000000
78478  28.397  11.121  3.261 0.0000000000
123843  28.260  9.655  3.514 0.0000000000
124048  28.421  9.039  4.068 0.0000000000
61230  19.992  -8.318  6.013 0.0000000000
61229  20.532  -8.558  5.529 0.0000000000
60315  22.263  -9.388  5.536 0.0000000000
60301  23.315  -9.808  5.985 0.0000000000
64042  22.179  -5.759  4.276 0.0000000000
133401  22.197  -6.528  4.665 0.0000000000
63142  22.677  -7.001  5.020 0.0000000000
62151  23.432  -7.461  5.280 0.0000000000
61226  23.320  -9.153  5.703 0.0000000000
61212  24.056  -9.474  6.087 0.0000000000
130011  25.452  -2.185  5.649 0.0000000000
66607  26.403  -2.706  5.332 0.0000000000
63140  24.132  -6.951  5.319 0.0000000000
69332  27.020  0.863  6.231 0.0000000000
69349  24.902  0.407  5.633 0.0000000000
69376  22.373  0.120  3.148 0.0000000000
71023  24.922  2.937  6.063 0.0000000000
71871  21.629  3.429  3.239 0.0000000000
75209  23.850  7.837  5.707 0.0000000000
76809  28.201  9.375  5.897 0.0000000000
77643  27.755  10.991  6.092 0.0000000000
77650  28.521  10.715  4.749 0.0000000000
78449  25.544  11.486  6.261 0.0000000000
79278  26.821  12.193  6.167 0.0000000000
80148  28.379  13.386  4.621 0.0000000000
80158  28.665  13.106  3.926 0.0000000000
81783  22.433  16.023  2.911 0.0000000000
118802  27.697  12.853  5.501 0.0000000000
120723  26.006  16.376  4.344 0.0000000000
124869  28.544  11.864  3.410 0.0000000000
131788  24.121  1.818  4.287 0.0000000000
135132  28.320  14.515  4.333 0.0000000000
