#!ascii label  , from subject sub-v2s4x29631_ses-1 vox2ras=TkReg
234
111876  29.890  -57.817  22.751 0.0000000000
12775  31.483  -61.627  14.162 0.0000000000
12740  34.572  -62.101  19.889 0.0000000000
14522  29.502  -60.106  18.353 0.0000000000
114554  30.994  -66.491  17.804 0.0000000000
121003  33.081  -64.532  19.022 0.0000000000
8821  34.365  -67.072  17.634 0.0000000000
116361  29.638  -61.175  15.921 0.0000000000
16251  29.656  -57.123  16.656 0.0000000000
13600  32.160  -60.395  21.170 0.0000000000
118026  31.759  -61.526  19.419 0.0000000000
11121  30.141  -63.343  18.236 0.0000000000
10323  29.667  -64.571  15.847 0.0000000000
115217  29.562  -67.283  15.052 0.0000000000
116629  31.285  -54.966  24.713 0.0000000000
116617  32.986  -58.615  23.756 0.0000000000
13597  34.875  -60.623  21.745 0.0000000000
17905  28.857  -56.015  18.937 0.0000000000
8805  35.518  -66.299  17.920 0.0000000000
13644  30.801  -61.014  14.686 0.0000000000
14556  30.623  -59.464  14.746 0.0000000000
12735  33.085  -61.340  20.166 0.0000000000
11898  33.089  -62.460  19.429 0.0000000000
9542  32.024  -65.611  18.604 0.0000000000
128879  31.494  -63.910  18.762 0.0000000000
9544  30.616  -65.029  18.223 0.0000000000
10311  29.690  -64.519  17.453 0.0000000000
8825  29.697  -65.374  17.082 0.0000000000
9577  29.847  -65.885  13.902 0.0000000000
15355  34.730  -58.607  23.791 0.0000000000
14494  33.867  -59.773  22.787 0.0000000000
14492  35.718  -59.420  22.617 0.0000000000
15394  29.242  -59.323  18.983 0.0000000000
134522  28.770  -58.061  18.510 0.0000000000
17921  31.708  -55.248  17.431 0.0000000000
18733  31.122  -54.893  17.934 0.0000000000
121761  35.157  -63.725  19.170 0.0000000000
121760  34.010  -63.691  19.284 0.0000000000
9540  34.920  -65.039  18.737 0.0000000000
8806  33.764  -66.262  18.325 0.0000000000
8822  33.209  -67.072  17.826 0.0000000000
13630  29.406  -60.709  16.800 0.0000000000
111840  29.120  -59.018  17.187 0.0000000000
130015  29.785  -58.645  15.842 0.0000000000
17111  31.131  -56.597  15.624 0.0000000000
124503  33.074  -61.444  13.523 0.0000000000
14496  31.000  -59.410  21.971 0.0000000000
13616  30.577  -60.577  19.503 0.0000000000
13620  30.079  -60.754  18.834 0.0000000000
11905  32.551  -62.991  19.185 0.0000000000
11907  30.619  -62.470  18.566 0.0000000000
12747  29.564  -61.659  17.929 0.0000000000
11922  29.383  -62.315  16.722 0.0000000000
133698  29.928  -62.957  15.758 0.0000000000
11138  30.362  -63.376  15.298 0.0000000000
8113  30.048  -66.948  16.616 0.0000000000
133040  29.509  -65.980  15.810 0.0000000000
10327  30.325  -64.590  14.558 0.0000000000
11146  31.474  -63.179  14.229 0.0000000000
18688  29.683  -54.086  24.081 0.0000000000
16197  30.622  -56.805  23.929 0.0000000000
16190  31.561  -56.878  24.224 0.0000000000
15357  31.258  -58.228  23.415 0.0000000000
14495  32.441  -59.766  22.327 0.0000000000
13598  33.869  -60.622  21.575 0.0000000000
12733  35.030  -61.603  20.524 0.0000000000
12732  36.189  -61.588  20.571 0.0000000000
11895  36.226  -62.825  19.490 0.0000000000
17087  29.335  -56.674  17.426 0.0000000000
17045  29.084  -56.572  23.037 0.0000000000
17046  28.543  -55.880  22.801 0.0000000000
16202  29.303  -57.343  22.310 0.0000000000
12776  30.905  -62.098  14.759 0.0000000000
120708  30.993  -60.106  14.386 0.0000000000
12734  33.997  -61.512  20.374 0.0000000000
12741  33.574  -61.942  19.729 0.0000000000
8808  31.544  -66.115  18.255 0.0000000000
9543  31.289  -65.314  18.466 0.0000000000
8809  30.640  -65.741  17.992 0.0000000000
133583  30.098  -65.642  17.580 0.0000000000
8824  30.186  -66.241  17.311 0.0000000000
8853  29.868  -66.284  13.151 0.0000000000
14475  35.234  -59.043  23.196 0.0000000000
15401  29.104  -59.234  18.026 0.0000000000
17903  32.118  -54.889  18.070 0.0000000000
10300  35.172  -64.267  18.951 0.0000000000
124779  34.747  -66.496  17.922 0.0000000000
122079  34.720  -65.841  18.357 0.0000000000
12760  29.466  -61.599  16.483 0.0000000000
14540  29.431  -59.665  16.618 0.0000000000
13635  29.640  -60.240  15.951 0.0000000000
16267  30.978  -57.387  15.082 0.0000000000
16266  31.854  -56.810  15.030 0.0000000000
125086  31.989  -55.874  16.456 0.0000000000
14506  31.759  -59.842  21.696 0.0000000000
134684  31.025  -59.776  21.372 0.0000000000
14507  31.384  -60.202  20.982 0.0000000000
12743  30.906  -61.175  19.112 0.0000000000
11118  33.285  -63.723  19.226 0.0000000000
11119  32.352  -63.838  19.047 0.0000000000
122959  30.770  -63.873  18.466 0.0000000000
11120  31.040  -63.232  18.677 0.0000000000
11908  29.801  -62.448  18.146 0.0000000000
11914  29.407  -62.394  17.493 0.0000000000
11122  29.532  -63.171  17.671 0.0000000000
10317  29.532  -64.547  16.683 0.0000000000
11136  29.532  -63.762  16.524 0.0000000000
11139  29.808  -63.645  15.855 0.0000000000
11925  30.385  -62.564  15.323 0.0000000000
10328  30.106  -64.174  15.234 0.0000000000
121151  31.255  -69.074  15.191 0.0000000000
7429  30.338  -68.300  15.327 0.0000000000
8123  29.996  -67.556  15.945 0.0000000000
8835  29.617  -66.668  15.830 0.0000000000
125686  29.517  -66.306  15.219 0.0000000000
9576  30.484  -65.059  13.920 0.0000000000
9570  29.971  -65.272  14.439 0.0000000000
10338  30.986  -64.255  14.000 0.0000000000
11147  31.175  -63.590  14.311 0.0000000000
18677  30.385  -53.826  24.536 0.0000000000
131419  30.235  -54.740  24.381 0.0000000000
132862  29.769  -55.490  23.959 0.0000000000
124294  30.479  -55.727  24.248 0.0000000000
15342  33.466  -58.133  24.176 0.0000000000
122434  32.263  -57.009  24.362 0.0000000000
16196  31.820  -57.655  24.002 0.0000000000
114493  32.130  -58.424  23.661 0.0000000000
15366  31.682  -58.860  23.117 0.0000000000
14478  32.464  -59.198  23.096 0.0000000000
13583  34.330  -60.210  22.239 0.0000000000
13608  34.432  -61.108  21.106 0.0000000000
13607  35.523  -61.106  21.243 0.0000000000
12737  37.919  -62.145  19.782 0.0000000000
12738  36.795  -62.191  19.917 0.0000000000
16239  29.027  -57.519  17.341 0.0000000000
17904  30.160  -55.061  17.999 0.0000000000
12765  30.254  -61.627  15.337 0.0000000000
14546  30.105  -59.825  15.352 0.0000000000
13610  32.615  -60.828  20.658 0.0000000000
11899  32.156  -62.184  19.214 0.0000000000
122597  32.872  -65.472  18.734 0.0000000000
10302  31.991  -64.755  18.846 0.0000000000
10303  31.043  -64.540  18.520 0.0000000000
10310  30.231  -64.338  18.105 0.0000000000
133719  29.739  -63.838  17.748 0.0000000000
9551  30.071  -65.134  17.808 0.0000000000
127636  29.542  -65.336  16.182 0.0000000000
8848  29.513  -66.618  14.449 0.0000000000
15356  33.850  -58.703  23.809 0.0000000000
14477  33.416  -59.263  23.292 0.0000000000
14476  34.325  -59.237  23.308 0.0000000000
14493  34.816  -59.665  22.753 0.0000000000
13582  35.310  -60.051  22.234 0.0000000000
16217  28.689  -57.490  19.065 0.0000000000
17070  28.740  -56.774  18.733 0.0000000000
17929  30.781  -55.845  16.652 0.0000000000
17922  30.680  -55.426  17.275 0.0000000000
18721  31.545  -54.443  18.511 0.0000000000
11903  34.915  -63.285  19.321 0.0000000000
11897  34.173  -62.748  19.514 0.0000000000
131343  34.407  -63.432  19.327 0.0000000000
10301  34.156  -64.309  19.087 0.0000000000
9541  33.915  -65.239  18.752 0.0000000000
8807  32.541  -66.294  18.338 0.0000000000
13623  29.459  -60.507  17.657 0.0000000000
14529  29.355  -59.860  17.430 0.0000000000
15415  29.439  -58.814  16.446 0.0000000000
15414  29.647  -57.990  16.151 0.0000000000
121555  30.192  -58.963  15.300 0.0000000000
15425  30.239  -58.082  15.432 0.0000000000
17097  30.520  -56.425  16.278 0.0000000000
17096  31.301  -56.024  16.217 0.0000000000
17927  32.265  -55.645  17.026 0.0000000000
12791  32.238  -62.127  13.731 0.0000000000
130845  30.350  -58.324  22.658 0.0000000000
15367  29.769  -58.165  22.068 0.0000000000
14497  30.330  -58.850  22.020 0.0000000000
132410  31.797  -63.287  18.946 0.0000000000
11906  31.586  -62.602  18.936 0.0000000000
12745  31.229  -61.866  18.912 0.0000000000
12746  30.217  -61.563  18.515 0.0000000000
129544  29.675  -60.905  18.183 0.0000000000
133526  29.460  -61.055  17.545 0.0000000000
12751  29.354  -61.612  17.173 0.0000000000
11129  29.422  -63.820  17.184 0.0000000000
11926  29.556  -62.987  16.324 0.0000000000
12766  29.688  -62.178  15.936 0.0000000000
11934  30.984  -63.048  14.749 0.0000000000
8823  31.926  -66.993  17.781 0.0000000000
8122  30.924  -67.722  16.573 0.0000000000
8112  30.895  -67.094  17.274 0.0000000000
131860  29.638  -66.086  16.455 0.0000000000
116277  29.581  -65.502  15.445 0.0000000000
9571  29.635  -65.770  14.745 0.0000000000
114424  29.737  -64.974  15.016 0.0000000000
127768  30.678  -63.835  14.705 0.0000000000
11933  31.504  -62.545  14.264 0.0000000000
11949  31.988  -62.987  13.853 0.0000000000
117383  29.382  -53.497  23.618 0.0000000000
18689  29.029  -54.247  23.491 0.0000000000
17872  29.364  -54.905  23.832 0.0000000000
17040  29.770  -56.281  23.697 0.0000000000
16198  29.762  -57.198  23.276 0.0000000000
17036  33.036  -56.602  24.744 0.0000000000
17038  31.357  -56.012  24.501 0.0000000000
114370  31.131  -57.494  23.807 0.0000000000
131780  30.762  -58.306  23.037 0.0000000000
114648  30.974  -58.843  22.712 0.0000000000
115755  31.714  -59.353  22.477 0.0000000000
129932  32.498  -60.188  21.771 0.0000000000
120078  33.067  -59.695  22.761 0.0000000000
13584  33.258  -60.226  22.196 0.0000000000
13599  32.958  -60.575  21.389 0.0000000000
13609  33.471  -60.990  20.871 0.0000000000
12739  35.654  -62.174  19.959 0.0000000000
11896  35.189  -62.762  19.531 0.0000000000
15402  28.874  -58.306  17.781 0.0000000000
16228  28.814  -57.323  18.127 0.0000000000
17069  29.086  -56.336  18.177 0.0000000000
17923  29.748  -55.793  17.634 0.0000000000
113075  29.380  -55.478  18.413 0.0000000000
11117  34.599  -63.867  19.195 0.0000000000
11904  33.580  -63.175  19.343 0.0000000000
13634  30.133  -60.683  15.356 0.0000000000
14547  29.705  -59.360  15.911 0.0000000000
15343  32.738  -57.716  24.231 0.0000000000
15358  30.517  -57.775  23.297 0.0000000000
15395  28.897  -58.698  18.481 0.0000000000
16250  30.299  -57.219  15.824 0.0000000000
17086  30.096  -56.148  16.938 0.0000000000
17928  31.428  -55.615  16.811 0.0000000000
18722  30.587  -54.506  18.501 0.0000000000
111258  29.140  -58.140  16.891 0.0000000000
116533  29.300  -63.090  17.001 0.0000000000
