#!ascii label  , from subject sub-v2s4x29631_ses-1 vox2ras=TkReg
243
68501  24.497  -0.519  5.304 0.0000000000
59417  23.681  -10.111  6.468 0.0000000000
72704  24.095  3.973  5.072 0.0000000000
81774  24.034  15.133  4.253 0.0000000000
58459  21.754  -11.503  6.994 0.0000000000
73536  26.393  6.077  6.791 0.0000000000
76802  26.619  9.475  6.878 0.0000000000
66627  22.637  -2.839  3.738 0.0000000000
64030  23.844  -6.043  5.171 0.0000000000
65690  25.530  -3.948  5.235 0.0000000000
134969  27.455  0.591  6.036 0.0000000000
67652  28.237  -2.415  4.680 0.0000000000
71035  24.359  1.771  4.919 0.0000000000
71845  26.917  3.377  6.730 0.0000000000
80144  23.581  12.759  4.687 0.0000000000
129365  27.060  12.741  5.842 0.0000000000
62136  24.993  -8.334  5.765 0.0000000000
75192  24.765  8.182  6.426 0.0000000000
125347  25.022  9.703  6.611 0.0000000000
128186  23.290  -1.530  4.457 0.0000000000
65706  23.967  -3.188  4.716 0.0000000000
122906  24.603  -2.156  5.365 0.0000000000
59407  22.575  -11.137  6.692 0.0000000000
71856  24.438  3.270  5.401 0.0000000000
71022  25.414  2.464  6.243 0.0000000000
72682  25.103  3.548  6.335 0.0000000000
123238  27.962  7.168  6.464 0.0000000000
73547  27.588  5.782  6.546 0.0000000000
81014  21.790  14.747  3.152 0.0000000000
79295  22.606  12.519  4.010 0.0000000000
80150  23.596  13.664  4.590 0.0000000000
127540  27.639  17.484  3.617 0.0000000000
120512  27.705  15.525  4.670 0.0000000000
80998  26.501  14.350  5.393 0.0000000000
80149  28.130  14.103  4.807 0.0000000000
79285  28.129  12.200  5.355 0.0000000000
63139  25.690  -6.273  5.137 0.0000000000
133108  24.747  -7.100  5.433 0.0000000000
58446  20.941  -11.478  7.213 0.0000000000
73548  25.335  5.566  6.632 0.0000000000
130860  24.745  6.423  6.225 0.0000000000
75190  26.002  8.156  6.891 0.0000000000
76001  27.976  8.772  6.292 0.0000000000
64873  22.455  -4.795  3.949 0.0000000000
64872  23.196  -4.433  4.345 0.0000000000
64857  24.953  -4.648  5.221 0.0000000000
126883  25.831  -5.438  4.965 0.0000000000
69348  25.847  0.006  5.890 0.0000000000
67635  26.038  -1.663  5.713 0.0000000000
68498  27.784  -0.601  5.496 0.0000000000
67654  23.266  -0.703  4.291 0.0000000000
122476  23.584  0.806  3.842 0.0000000000
69350  24.381  0.350  4.866 0.0000000000
69333  25.468  0.824  5.910 0.0000000000
70186  27.102  1.643  6.382 0.0000000000
71843  28.488  3.204  5.404 0.0000000000
117265  27.001  5.061  6.778 0.0000000000
121531  28.083  4.878  5.992 0.0000000000
78460  23.561  11.376  5.137 0.0000000000
81773  24.961  15.339  4.569 0.0000000000
80999  25.520  14.172  5.259 0.0000000000
124854  25.409  12.332  5.764 0.0000000000
78450  24.666  11.080  6.011 0.0000000000
77636  26.162  10.790  6.657 0.0000000000
77642  28.254  10.846  5.585 0.0000000000
61227  22.622  -8.740  5.458 0.0000000000
63141  23.383  -6.736  5.137 0.0000000000
66607  26.403  -2.706  5.332 0.0000000000
64870  27.407  -4.555  4.373 0.0000000000
76005  23.747  9.089  6.000 0.0000000000
76804  24.231  9.613  6.217 0.0000000000
67653  23.963  -1.234  4.959 0.0000000000
67636  24.916  -1.405  5.669 0.0000000000
115786  20.287  -12.888  8.664 0.0000000000
57429  20.985  -12.752  8.340 0.0000000000
59418  22.744  -10.367  6.170 0.0000000000
71857  23.858  3.293  4.633 0.0000000000
72694  24.596  4.155  5.862 0.0000000000
125976  28.383  7.994  5.332 0.0000000000
75205  28.383  7.233  5.494 0.0000000000
115188  22.816  14.953  3.956 0.0000000000
80152  21.754  13.979  3.013 0.0000000000
80151  22.588  13.409  4.018 0.0000000000
81012  23.774  14.428  4.490 0.0000000000
81010  27.844  14.867  4.849 0.0000000000
81009  28.520  13.869  4.121 0.0000000000
63138  26.204  -6.701  5.250 0.0000000000
62149  25.405  -7.105  5.432 0.0000000000
59434  21.342  -10.243  5.719 0.0000000000
74370  24.411  7.026  5.871 0.0000000000
76004  25.232  8.860  6.787 0.0000000000
75191  25.477  8.058  6.808 0.0000000000
76003  26.040  8.756  6.991 0.0000000000
76002  27.119  8.550  6.798 0.0000000000
76801  27.569  9.379  6.468 0.0000000000
81776  21.981  15.441  2.943 0.0000000000
65708  22.553  -3.833  3.780 0.0000000000
65707  23.215  -3.511  4.312 0.0000000000
65691  24.724  -3.616  5.240 0.0000000000
64871  24.032  -4.072  4.775 0.0000000000
127436  25.912  -4.734  4.935 0.0000000000
57439  21.320  -12.139  7.686 0.0000000000
112244  27.045  0.072  6.012 0.0000000000
68499  26.755  -0.940  5.746 0.0000000000
67665  22.741  -1.380  3.944 0.0000000000
71049  24.001  1.759  4.004 0.0000000000
70205  24.085  1.207  4.175 0.0000000000
69363  23.832  0.535  4.182 0.0000000000
70204  24.599  1.030  5.275 0.0000000000
71836  26.255  2.813  6.648 0.0000000000
71021  26.236  2.043  6.395 0.0000000000
71034  27.099  2.504  6.550 0.0000000000
71844  27.779  3.094  6.291 0.0000000000
113669  26.138  5.043  6.942 0.0000000000
124154  28.170  4.009  5.854 0.0000000000
131673  22.605  11.851  4.111 0.0000000000
79289  23.238  11.964  4.595 0.0000000000
78461  22.880  11.326  4.586 0.0000000000
79288  23.983  11.979  5.174 0.0000000000
82490  27.475  16.733  4.157 0.0000000000
83260  26.904  17.275  4.022 0.0000000000
81765  25.849  15.148  5.118 0.0000000000
80141  27.021  13.493  5.605 0.0000000000
80142  26.110  13.617  5.527 0.0000000000
79287  26.263  12.829  5.791 0.0000000000
78458  24.721  11.809  5.698 0.0000000000
79279  26.132  12.096  6.153 0.0000000000
77637  25.271  10.597  6.515 0.0000000000
78448  26.524  11.501  6.399 0.0000000000
79294  28.474  12.196  4.689 0.0000000000
78457  27.941  11.559  5.732 0.0000000000
78456  28.422  11.509  5.089 0.0000000000
122162  28.390  10.043  5.351 0.0000000000
61228  21.834  -8.786  5.320 0.0000000000
64041  23.078  -5.367  4.568 0.0000000000
63155  22.871  -6.218  4.841 0.0000000000
62150  24.501  -7.737  5.499 0.0000000000
61211  24.180  -8.618  5.668 0.0000000000
67634  27.119  -2.012  5.315 0.0000000000
66606  27.417  -2.860  4.852 0.0000000000
75208  24.330  7.632  5.961 0.0000000000
76014  24.093  8.328  6.051 0.0000000000
124420  24.491  8.961  6.399 0.0000000000
123902  25.762  9.401  6.946 0.0000000000
66626  22.921  -2.128  4.210 0.0000000000
113273  23.268  -2.782  4.370 0.0000000000
66625  23.807  -2.266  4.722 0.0000000000
66609  24.477  -2.845  5.174 0.0000000000
66608  25.307  -2.995  5.479 0.0000000000
58445  22.676  -11.690  7.376 0.0000000000
115806  23.173  -11.293  7.236 0.0000000000
70203  27.801  1.131  6.093 0.0000000000
69347  27.968  0.295  5.690 0.0000000000
71050  23.640  2.452  4.283 0.0000000000
119871  24.143  2.410  4.626 0.0000000000
122428  24.641  2.412  5.547 0.0000000000
129532  25.532  3.051  6.483 0.0000000000
71837  26.004  3.556  6.843 0.0000000000
74350  27.419  6.724  7.034 0.0000000000
74368  28.117  6.477  6.224 0.0000000000
82489  27.971  16.093  4.226 0.0000000000
123868  27.258  16.060  4.679 0.0000000000
81764  27.012  15.239  5.155 0.0000000000
80997  27.434  14.294  5.271 0.0000000000
80140  27.927  13.527  5.226 0.0000000000
79286  27.505  12.197  5.842 0.0000000000
80139  28.273  12.851  5.043 0.0000000000
121972  28.515  12.779  4.443 0.0000000000
64028  24.842  -5.674  5.173 0.0000000000
126919  24.796  -6.538  5.318 0.0000000000
57440  20.329  -11.946  7.857 0.0000000000
58447  20.398  -11.111  7.000 0.0000000000
59419  21.701  -10.713  6.171 0.0000000000
59433  21.987  -10.068  5.686 0.0000000000
60302  22.689  -9.753  5.802 0.0000000000
72695  23.949  4.843  5.403 0.0000000000
128695  24.712  4.910  6.168 0.0000000000
73549  24.384  5.671  5.879 0.0000000000
74369  25.286  6.598  6.621 0.0000000000
75207  24.980  7.262  6.480 0.0000000000
74352  25.704  7.068  6.736 0.0000000000
74351  26.612  7.289  6.785 0.0000000000
75189  27.212  7.635  6.740 0.0000000000
75206  28.118  7.973  6.270 0.0000000000
76013  28.321  8.629  5.620 0.0000000000
81775  23.198  15.587  3.589 0.0000000000
64029  23.991  -5.028  4.951 0.0000000000
64027  26.561  -5.878  4.914 0.0000000000
68500  25.470  -0.757  5.812 0.0000000000
117884  27.730  -1.455  5.271 0.0000000000
67633  28.679  -1.260  4.888 0.0000000000
68516  23.884  -0.188  4.533 0.0000000000
68517  23.356  0.215  3.989 0.0000000000
116935  24.897  -0.101  5.613 0.0000000000
134740  26.341  0.596  6.072 0.0000000000
70188  25.153  1.658  5.921 0.0000000000
70187  26.238  1.268  6.182 0.0000000000
71033  27.853  2.078  6.272 0.0000000000
71032  28.303  2.510  5.775 0.0000000000
72693  25.466  4.407  6.705 0.0000000000
72692  26.539  4.242  6.905 0.0000000000
72691  27.162  4.128  6.259 0.0000000000
77638  23.953  10.808  5.603 0.0000000000
82493  24.419  15.870  3.917 0.0000000000
81011  24.812  14.694  4.828 0.0000000000
81000  24.554  13.908  4.990 0.0000000000
80143  24.320  13.222  5.022 0.0000000000
119215  25.249  13.229  5.383 0.0000000000
122217  24.537  12.560  5.325 0.0000000000
78459  24.189  11.409  5.528 0.0000000000
124650  24.427  10.306  6.164 0.0000000000
76803  25.906  10.064  6.908 0.0000000000
122127  26.619  10.214  6.745 0.0000000000
78447  27.305  11.564  6.224 0.0000000000
77635  27.114  10.759  6.488 0.0000000000
123473  27.215  9.996  6.594 0.0000000000
76810  27.892  10.202  6.158 0.0000000000
60315  22.263  -9.388  5.536 0.0000000000
60301  23.315  -9.808  5.985 0.0000000000
63142  22.677  -7.001  5.020 0.0000000000
62151  23.432  -7.461  5.280 0.0000000000
62152  22.435  -7.924  5.270 0.0000000000
127326  23.425  -8.296  5.467 0.0000000000
61226  23.320  -9.153  5.703 0.0000000000
130011  25.452  -2.185  5.649 0.0000000000
116498  26.181  -3.527  5.148 0.0000000000
65688  27.156  -3.685  4.656 0.0000000000
65689  26.490  -4.302  4.750 0.0000000000
64856  26.744  -5.147  4.582 0.0000000000
63140  24.132  -6.951  5.319 0.0000000000
69332  27.020  0.863  6.231 0.0000000000
69349  24.902  0.407  5.633 0.0000000000
71023  24.922  2.937  6.063 0.0000000000
74383  24.068  6.507  5.598 0.0000000000
76809  28.201  9.375  5.897 0.0000000000
77643  27.755  10.991  6.092 0.0000000000
77650  28.521  10.715  4.749 0.0000000000
78449  25.544  11.486  6.261 0.0000000000
79278  26.821  12.193  6.167 0.0000000000
80148  28.379  13.386  4.621 0.0000000000
80158  28.665  13.106  3.926 0.0000000000
118802  27.697  12.853  5.501 0.0000000000
131788  24.121  1.818  4.287 0.0000000000
